commitHash;abbreviatedCommitHash;authorName;authorEmail;authorDate;authorDateUnixTimestamp;committerName;committerEmail;committerDate;committerDateUnixTimestamp
77a562dfee04cfb4a76a84257cf33fd73ab6b696;77a562dfee;-;-;Thu Aug 12 19:58:50 2021 +0100;1628794730;-;-;Thu Aug 12 19:58:50 2021 +0100;1628794730
7b80f4feebd2fc2775a4214fac79c3c5037d0393;7b80f4feeb;-;-;Thu Aug 12 09:04:39 2021 +0200;1628751879;-;-;Thu Aug 12 09:04:39 2021 +0200;1628751879
98f69c51a14992824e1d9d8e0bea7ef282924066;98f69c51a1;-;-;Wed Aug 11 16:31:01 2021 +0200;1628692261;-;-;Wed Aug 11 16:31:01 2021 +0200;1628692261
451bcfc832dacbd601969e675dcd8e01fe92aa48;451bcfc832;-;-;Mon Aug 9 10:00:22 2021 +0200;1628496022;-;-;Mon Aug 9 10:00:22 2021 +0200;1628496022
d4cd9405dd5bf6eb75a3d8b106c96619fd999def;d4cd9405dd;-;-;Sun Aug 8 11:40:02 2021 +0200;1628415602;-;-;Sun Aug 8 11:40:02 2021 +0200;1628415602
ce6217be8536944201a1215679870a57c414381d;ce6217be85;-;-;Tue Aug 3 10:31:13 2021 +0100;1627983073;-;-;Wed Aug 4 10:32:16 2021 +0100;1628069536
e290ae285cfc8d8e48b0685ce580262bef1a2688;e290ae285c;-;-;Fri Jul 30 21:32:36 2021 +0200;1627673556;-;-;Wed Aug 4 09:21:43 2021 +0100;1628065303
8670b1c3f0f2ea5ffbb44be862ae0cfff8a6efb5;8670b1c3f0;-;-;Wed Aug 4 08:29:33 2021 +0200;1628058573;-;-;Wed Aug 4 08:29:33 2021 +0200;1628058573
ce94f69e525282b418f801e9d734070ad5cbfc45;ce94f69e52;-;-;Sat Jul 31 16:30:39 2021 +0200;1627741839;-;-;Sat Jul 31 16:30:39 2021 +0200;1627741839
01c8de0111806d8f9346f332b22ece9dd9fef618;01c8de0111;-;-;Sat Jul 31 16:27:43 2021 +0200;1627741663;-;-;Sat Jul 31 16:27:43 2021 +0200;1627741663
bd1f5bd9fcd04874fec2c791add3616e9a69b9ce;bd1f5bd9fc;-;-;Fri Jul 30 15:24:47 2021 +0200;1627651487;-;-;Fri Jul 30 15:24:47 2021 +0200;1627651487
4d115eef91bfb6518d42a5f6fc74d33fbc97bdfa;4d115eef91;-;-;Fri Jul 30 15:20:44 2021 +0200;1627651244;-;-;Fri Jul 30 15:20:44 2021 +0200;1627651244
0f421f9f86fc6a06d2b41fbe538ac6b97ed2470f;0f421f9f86;-;-;Fri Jul 30 14:42:45 2021 +0200;1627648965;-;-;Fri Jul 30 14:42:45 2021 +0200;1627648965
41fa199178d313bf0399873483d37bb5b298715f;41fa199178;-;-;Thu Jul 29 19:43:54 2021 +0200;1627580634;-;-;Thu Jul 29 19:43:54 2021 +0200;1627580634
881fa889fcdb1870e12beb7010408a316b30dc62;881fa889fc;-;-;Thu Jul 29 19:18:18 2021 +0200;1627579098;-;-;Thu Jul 29 19:18:18 2021 +0200;1627579098
e4b9b1fadb35c4e439acc8931910aaba6e1342e3;e4b9b1fadb;-;-;Thu Jul 29 15:38:51 2021 +0200;1627565931;-;-;Thu Jul 29 16:02:58 2021 +0200;1627567378
55e17ef30636b58052b8a53322394ec9d91df22e;55e17ef306;-;-;Wed Jul 28 14:44:48 2021 +0100;1627479888;-;-;Thu Jul 29 14:49:02 2021 +0100;1627566542
f2be4e93203d2949a8e46466f92a1715954b85b5;f2be4e9320;-;-;Fri Jul 23 10:00:23 2021 +0800;1627005623;-;-;Thu Jul 29 14:49:02 2021 +0100;1627566542
5b3f11c543cefabd4de3a1eb1f8b7ab38e394472;5b3f11c543;-;-;Thu Jul 29 14:47:31 2021 +0200;1627562851;-;-;Thu Jul 29 14:47:31 2021 +0200;1627562851
96ee8a3bc71815700c5e952d5eaac733415bfeda;96ee8a3bc7;-;-;Wed Jul 28 16:08:28 2021 +0200;1627481308;-;-;Thu Jul 29 14:40:01 2021 +0200;1627562401
915f1027a571f850c177a0a7da9263ead95599df;915f1027a5;-;-;Thu Jul 29 11:04:59 2021 +0200;1627549499;-;-;Thu Jul 29 11:04:59 2021 +0200;1627549499
f1b35f15931e1d0e74df3feb9d74ddecedc694f8;f1b35f1593;-;-;Thu Jul 29 11:03:26 2021 +0200;1627549406;-;-;Thu Jul 29 11:03:26 2021 +0200;1627549406
c2f91765b401c2976fd802358e6453d0fad0d2fd;c2f91765b4;-;-;Wed Jul 28 22:19:59 2021 +0900;1627478399;-;-;Wed Jul 28 15:19:59 2021 +0200;1627478399
403e04c0b4a79c68b4caf69aabcc9fd0c7bbbd3c;403e04c0b4;-;-;Wed Jul 28 10:47:36 2021 +0200;1627462056;-;-;Wed Jul 28 11:27:56 2021 +0200;1627464476
6c68419073b43fb29114a3af4e402c729084ed84;6c68419073;-;-;Tue Jul 27 17:41:30 2021 +0100;1627404090;-;-;Tue Jul 27 17:41:30 2021 +0100;1627404090
a747cc3e91ea3b16be3351edf2ed6d536524ee60;a747cc3e91;-;-;Tue Jul 27 11:46:24 2021 +0200;1627379184;-;-;Tue Jul 27 17:25:30 2021 +0100;1627403130
161c9dc3bd42f2391eaa9f538d4ccad828da1ab0;161c9dc3bd;-;-;Tue Jul 27 15:05:43 2021 +0200;1627391143;-;-;Tue Jul 27 15:05:43 2021 +0200;1627391143
42edef0bccb75a09523040b9567866281b574629;42edef0bcc;-;-;Sun Jul 25 19:00:52 2021 +0200;1627232452;-;-;Sun Jul 25 19:05:02 2021 +0200;1627232702
e94811f1b9a616db44ffbab7fbc816589332c6cc;e94811f1b9;-;-;Sat Jul 24 21:45:31 2021 +0300;1627152331;-;-;Sat Jul 24 21:45:31 2021 +0300;1627152331
d034a1f26d0ea3782f53b8ff7a2a0cea7c825b71;d034a1f26d;-;-;Fri Jul 23 17:01:28 2021 +0100;1627056088;-;-;Fri Jul 23 17:01:28 2021 +0100;1627056088
460947651ae4c58d31386a0a14396c273b287119;460947651a;-;-;Thu Jul 22 21:53:14 2021 +0100;1626987194;-;-;Fri Jul 23 16:53:54 2021 +0100;1627055634
af67764edbb90495f492124275dd67e3fe55a146;af67764edb;-;-;Fri Jul 23 12:20:10 2021 +0200;1627035610;-;-;Fri Jul 23 12:20:10 2021 +0200;1627035610
ba08006d52a1dace8c6af0b713f63eb75bc9d976;ba08006d52;-;-;Fri Jul 23 12:19:35 2021 +0200;1627035575;-;-;Fri Jul 23 12:19:35 2021 +0200;1627035575
2594f4e0584269a7dab0e2c37c1d871405548547;2594f4e058;-;-;Fri Jul 23 12:18:15 2021 +0200;1627035495;-;-;Fri Jul 23 12:18:15 2021 +0200;1627035495
9c0825629b715949b7082201bbcd90bfbf9d660b;9c0825629b;-;-;Sat Jul 17 17:53:43 2021 +0300;1626533623;-;-;Sat Jul 17 17:53:43 2021 +0300;1626533623
e0c0e7f878df0d0e0c5a8ebb615f22527390d72e;e0c0e7f878;-;-;Sat Jul 17 17:03:51 2021 +0300;1626530631;-;-;Sat Jul 17 17:03:51 2021 +0300;1626530631
0b1d14cdd95eb7582d19daa9f31c13b8f8bfb86d;0b1d14cdd9;-;-;Fri Jul 16 09:34:12 2021 +0100;1626424452;-;-;Fri Jul 16 09:34:12 2021 +0100;1626424452
ca262eaa1c21fa367783def51c33657abf78f99c;ca262eaa1c;-;-;Wed Jul 14 06:48:14 2021 +0000;1626245294;-;-;Wed Jul 14 06:48:14 2021 +0000;1626245294
bb816c123ca86c6f373ee2bd1632f43c117a8f15;bb816c123c;-;-;Tue Jul 13 19:38:24 2021 +0100;1626201504;-;-;Tue Jul 13 19:38:58 2021 +0100;1626201538
33f3aa9b8a182c97751c6914f612cfcfe2c6d8be;33f3aa9b8a;-;-;Tue Jul 13 18:29:34 2021 +0200;1626193774;-;-;Tue Jul 13 18:29:34 2021 +0200;1626193774
e1f51cbce768870aa2f1d8eaa72628f4797c457c;e1f51cbce7;-;-;Tue Jul 13 16:31:58 2021 +0100;1626190318;-;-;Tue Jul 13 16:32:12 2021 +0100;1626190332
6ec7cffc93f57740c946ed987a2e440743543515;6ec7cffc93;-;-;Tue Jul 13 14:55:25 2021 +0200;1626180925;-;-;Tue Jul 13 14:55:25 2021 +0200;1626180925
4bc6f40ce8da04fd042295da6f708e34eb36bb83;4bc6f40ce8;-;-;Tue Jul 13 14:29:59 2021 +0200;1626179399;-;-;Tue Jul 13 14:29:59 2021 +0200;1626179399
bf2790498bc6be08d16fc12f1fe02666e123b488;bf2790498b;-;-;Tue Jul 13 13:43:03 2021 +0200;1626176583;-;-;Tue Jul 13 13:45:03 2021 +0200;1626176703
95d7f883ae1cb3ad4554eb37c54e81d524015880;95d7f883ae;-;-;Tue Jul 13 12:11:20 2021 +0100;1626174680;-;-;Tue Jul 13 12:11:20 2021 +0100;1626174680
25131ebf6f572598d17f3391318c7fe55a16c7b3;25131ebf6f;-;-;Tue Jul 13 11:44:06 2021 +0100;1626173046;-;-;Tue Jul 13 11:44:06 2021 +0100;1626173046
0267b00a65f43c6b1858fd8c03f293b9c9072a50;0267b00a65;-;-;Tue Jul 13 07:01:31 2021 +0100;1626156091;-;-;Tue Jul 13 08:44:54 2021 +0100;1626162294
c6e644e5c3fa0652800cce978990a0c3a5d2985f;c6e644e5c3;-;-;Tue Jul 13 09:32:16 2021 +0200;1626161536;-;-;Tue Jul 13 09:38:37 2021 +0200;1626161917
62e916534f53b056ab836767f317a8999e46e480;62e916534f;-;-;Tue Jul 13 09:27:48 2021 +0200;1626161268;-;-;Tue Jul 13 09:27:48 2021 +0200;1626161268
e1c0f3b067016b1940003a63220eb0fa4a9cd1e4;e1c0f3b067;-;-;Mon Jul 12 23:19:08 2021 +0200;1626124748;-;-;Mon Jul 12 23:19:08 2021 +0200;1626124748
1ff8da36357829ed77a4011d90847e9f769e7ca4;1ff8da3635;-;-;Mon Jul 12 23:18:54 2021 +0200;1626124734;-;-;Mon Jul 12 23:18:54 2021 +0200;1626124734
ed27ea7aa0ca9091bce94744957b31e39b14d25c;ed27ea7aa0;-;-;Mon Jul 12 17:55:49 2021 +0200;1626105349;-;-;Mon Jul 12 17:55:49 2021 +0200;1626105349
128689e79b162a23250c8f1b5662aeade6355bca;128689e79b;-;-;Mon Jul 12 17:43:19 2021 +0200;1626104599;-;-;Mon Jul 12 17:43:19 2021 +0200;1626104599
475396b5167789868d80f48567ff909f1e4745a6;475396b516;-;-;Mon Jul 12 17:42:15 2021 +0200;1626104535;-;-;Mon Jul 12 17:42:15 2021 +0200;1626104535
f3f0bd22c5a3f7e97c5ca15b347400d592bf71e3;f3f0bd22c5;-;-;Tue Jun 15 21:13:29 2021 +0300;1623780809;-;-;Mon Jul 12 15:23:35 2021 +0100;1626099815
6d01d49b76dccd637ca634be4d7fcf9f2e0ffe31;6d01d49b76;-;-;Mon Jul 12 15:04:14 2021 +0100;1626098654;-;-;Mon Jul 12 15:04:14 2021 +0100;1626098654
a90ed957bedac668386b6f5769cd3ddd1f6fcbe6;a90ed957be;-;-;Mon Jul 12 14:05:30 2021 +0200;1626091530;-;-;Mon Jul 12 14:07:25 2021 +0200;1626091645
171b283e49ca995c457a2f31f3bd6add9cfa7443;171b283e49;-;-;Mon Jul 12 09:36:22 2021 +0200;1626075382;-;-;Mon Jul 12 09:36:50 2021 +0200;1626075410
71202d62ed3a30935e205c3749a4c700479eba6e;71202d62ed;-;-;Mon Jul 12 09:11:44 2021 +0200;1626073904;-;-;Mon Jul 12 09:11:44 2021 +0200;1626073904
ded9c4eb50024358e3ed5f03ce177f5e2a27f6a5;ded9c4eb50;-;-;Mon Jul 12 08:22:21 2021 +0200;1626070941;-;-;Mon Jul 12 08:22:21 2021 +0200;1626070941
75d44659083102efce2503944e2517b1d67f7408;75d4465908;-;-;Sun Jul 11 09:10:17 2021 +0200;1625987417;-;-;Sun Jul 11 09:10:17 2021 +0200;1625987417
f9167c3df59edbca2f8a99541750d87957d34a49;f9167c3df5;-;-;Fri Jul 9 20:34:22 2021 +0100;1625859262;-;-;Fri Jul 9 20:34:22 2021 +0100;1625859262
fbf4724d781a30347b3830567417eef0dd803c3b;fbf4724d78;-;-;Fri Jul 9 20:16:58 2021 +0100;1625858218;-;-;Fri Jul 9 20:16:58 2021 +0100;1625858218
39442143b70ad6e2b077ff171141f3cddbd0e5ef;39442143b7;-;-;Fri Jul 9 20:09:06 2021 +0100;1625857746;-;-;Fri Jul 9 20:09:06 2021 +0100;1625857746
d3b1c4f62b5605e2b4b2aca6d18c06c70df86152;d3b1c4f62b;-;-;Fri Jul 9 15:19:25 2021 +0200;1625836765;-;-;Fri Jul 9 15:19:25 2021 +0200;1625836765
531174258c123920a36e183ce63946f38d07e45a;531174258c;-;-;Thu Mar 18 16:25:34 2021 +0100;1616081134;-;-;Fri Jul 9 15:10:55 2021 +0200;1625836255
564c6f7f86467e1f831d107d571ec34501104b18;564c6f7f86;-;-;Fri Jun 25 21:58:37 2021 +0800;1624629517;-;-;Fri Jul 9 15:10:18 2021 +0200;1625836218
a07c7865a5ad1a625231f1fb8506178e7d76a927;a07c7865a5;-;-;Fri Jul 9 15:07:30 2021 +0200;1625836050;-;-;Fri Jul 9 15:07:30 2021 +0200;1625836050
8680fdb8bcae5486abaeb2b8b4f81e2d1f6f4c87;8680fdb8bc;-;-;Fri Jul 9 13:26:46 2021 +0200;1625830006;-;-;Fri Jul 9 13:26:46 2021 +0200;1625830006
4fe3ca1b82584ef93d83640d31ccc3b99c0b0d42;4fe3ca1b82;-;-;Fri Jul 9 13:26:39 2021 +0200;1625829999;-;-;Fri Jul 9 13:26:39 2021 +0200;1625829999
c45c46dad75825c000783144fa054403d20fbea4;c45c46dad7;-;-;Fri Jul 9 13:23:04 2021 +0200;1625829784;-;-;Fri Jul 9 13:23:04 2021 +0200;1625829784
74f91339e2e6b71b10fff993b0e354dcbf20ab3d;74f91339e2;-;-;Fri Jul 9 13:22:50 2021 +0200;1625829770;-;-;Fri Jul 9 13:22:50 2021 +0200;1625829770
acb2aec3dd326b10e15f56291d63cde602968f7a;acb2aec3dd;-;-;Fri Jul 9 13:22:34 2021 +0200;1625829754;-;-;Fri Jul 9 13:22:34 2021 +0200;1625829754
297880d93e6f2a0bed47c61d60bb53f052d707e2;297880d93e;-;-;Fri Jul 9 10:58:58 2021 +0200;1625821138;-;-;Fri Jul 9 10:58:58 2021 +0200;1625821138
9cbb5af622de80b13a69674bd236cecf1d98133a;9cbb5af622;-;-;Thu Jul 8 16:39:26 2021 +0200;1625755166;-;-;Thu Jul 8 16:39:35 2021 +0200;1625755175
fed1a426b6bcb78abeefdbef62077af75e52713c;fed1a426b6;-;-;Wed Jul 7 16:13:19 2021 +0200;1625667199;-;-;Wed Jul 7 16:13:19 2021 +0200;1625667199
cf78895ba0f2d5f0842b2568d426cfbd2bba5b4d;cf78895ba0;-;-;Wed Jul 7 16:11:48 2021 +0200;1625667108;-;-;Wed Jul 7 16:11:48 2021 +0200;1625667108
b9d65eef611ff86f4ad1343879bad48261b8f594;b9d65eef61;-;-;Wed Jul 7 13:54:07 2021 +0200;1625658847;-;-;Wed Jul 7 13:54:07 2021 +0200;1625658847
8d747298def268c00014c60e91e87b653962ed12;8d747298de;-;-;Wed Jul 7 13:49:10 2021 +0200;1625658550;-;-;Wed Jul 7 13:49:10 2021 +0200;1625658550
76b1c0f1fcf9b4720cbd2d3602289af24de3bf69;76b1c0f1fc;-;-;Wed Jul 7 10:56:07 2021 +0200;1625648167;-;-;Wed Jul 7 10:56:07 2021 +0200;1625648167
94f56a2684a3f23cc0b64d93ee6e24acdbfca91f;94f56a2684;-;-;Tue Jul 6 11:03:09 2021 +0200;1625562189;-;-;Tue Jul 6 11:04:06 2021 +0200;1625562246
cb251347c3cca8f1133ac1f243163f75c727cfb1;cb251347c3;-;-;Mon Jul 5 13:21:18 2021 +0200;1625484078;-;-;Tue Jul 6 11:04:06 2021 +0200;1625562246
048954dc1db887ff31fbff76ad46e3d3b2f6040e;048954dc1d;-;-;Fri Jul 2 08:12:29 2021 +0200;1625206349;-;-;Fri Jul 2 08:12:29 2021 +0200;1625206349
83bcd409fc8c62ba68537ca3730587f8b2647413;83bcd409fc;-;-;Fri Jul 2 08:09:37 2021 +0200;1625206177;-;-;Fri Jul 2 08:09:37 2021 +0200;1625206177
bde622880d7e30246444cdac796e7a5223431579;bde622880d;-;-;Wed Jun 30 20:28:52 2021 +0200;1625077732;-;-;Wed Jun 30 20:28:52 2021 +0200;1625077732
66848cfd59ae64d7e93ae35de8c5d946d74ddfac;66848cfd59;-;-;Wed Jun 30 11:37:38 2021 +0200;1625045858;-;-;Wed Jun 30 11:40:44 2021 +0200;1625046044
4863b5d4a8995ad1046e5b809ffd953b6641ddc7;4863b5d4a8;-;-;Wed Jun 30 11:00:32 2021 +0200;1625043632;-;-;Wed Jun 30 11:05:31 2021 +0200;1625043931
d6df4a65777338dd69ef3173d613cd261873db84;d6df4a6577;-;-;Wed Jun 30 10:26:22 2021 +0200;1625041582;-;-;Wed Jun 30 11:05:31 2021 +0200;1625043931
dee0108e79e11edbef9ad2592c78054736d2da1e;dee0108e79;-;-;Wed Jun 30 10:23:36 2021 +0200;1625041416;-;-;Wed Jun 30 11:05:31 2021 +0200;1625043931
3ccbf1edeb34259751fd3e5ce80d4cd4d3e029e2;3ccbf1edeb;-;-;Wed Jun 30 10:43:52 2021 +0200;1625042632;-;-;Wed Jun 30 10:43:52 2021 +0200;1625042632
7f6f184acbbb06bd3f6cef308ba54eb4cb48af0f;7f6f184acb;-;-;Tue Jun 29 19:28:16 2021 +0200;1624987696;-;-;Tue Jun 29 19:28:16 2021 +0200;1624987696
5d919dc094a25c07a4aecb70fbca88292f4b20fb;5d919dc094;-;-;Mon Jun 28 14:25:55 2021 +0200;1624883155;-;-;Mon Jun 28 14:25:55 2021 +0200;1624883155
a2ef6badc4c76790128910851fdde0df55ec15f9;a2ef6badc4;-;-;Thu Jun 24 18:53:51 2021 +0200;1624553631;-;-;Fri Jun 25 10:44:28 2021 +0200;1624610668
ddbb7c1b5b003018ee4ebd483ca4a22dd60a53c7;ddbb7c1b5b;-;-;Wed Jun 23 14:50:33 2021 +0200;1624452633;-;-;Thu Jun 24 16:41:28 2021 +0200;1624545688
2bc7a3aa0a60a8794c726b33793fb9b3d968755a;2bc7a3aa0a;-;-;Wed Jun 23 14:27:51 2021 +0200;1624451271;-;-;Thu Jun 24 16:41:28 2021 +0200;1624545688
882004fc9b46e3e0b18cfda240a79d217ccbf58c;882004fc9b;-;-;Wed Jun 23 14:22:14 2021 +0200;1624450934;-;-;Thu Jun 24 16:41:28 2021 +0200;1624545688
1bc236785c94aa57e278edcbfb7b79755fee222c;1bc236785c;-;-;Wed Jun 23 12:18:53 2021 +0200;1624443533;-;-;Thu Jun 24 15:47:24 2021 +0200;1624542444
300fed97c16a66dbbd746922b4c58681950951a0;300fed97c1;-;-;Wed Jun 23 15:33:57 2021 +0100;1624458837;-;-;Wed Jun 23 15:34:24 2021 +0100;1624458864
4f770ca860e0fc4aeb01e70c3409925889eb36ba;4f770ca860;-;-;Wed Jun 23 15:59:46 2021 +0200;1624456786;-;-;Wed Jun 23 15:59:46 2021 +0200;1624456786
d469f6215d9a70a99e091b38dbcf22825c5cbe01;d469f6215d;-;-;Tue Jun 22 19:54:05 2021 +0200;1624384445;-;-;Tue Jun 22 19:54:05 2021 +0200;1624384445
3214786757d34e9f7416057f836af2332e821152;3214786757;-;-;Tue Jun 22 18:39:33 2021 +0200;1624379973;-;-;Tue Jun 22 18:39:33 2021 +0200;1624379973
f69152c14ecfef3635dbfb2b1948f72a610a8a1c;f69152c14e;-;-;Tue Jun 22 15:27:19 2021 +0200;1624368439;-;-;Tue Jun 22 15:27:19 2021 +0200;1624368439
4bb88f3b1d119871edb62cbe564d66f649e3d301;4bb88f3b1d;-;-;Tue Jun 22 15:26:48 2021 +0200;1624368408;-;-;Tue Jun 22 15:26:48 2021 +0200;1624368408
edf0343cfe0f5ec8b563415410ff5c7120d3402b;edf0343cfe;-;-;Tue Jun 22 15:26:35 2021 +0200;1624368395;-;-;Tue Jun 22 15:26:35 2021 +0200;1624368395
eb964542b48909baf77fd2ed264fc95a5c960826;eb964542b4;-;-;Mon Jun 21 18:09:34 2021 +0100;1624295374;-;-;Mon Jun 21 18:09:53 2021 +0100;1624295393
4e8828dc101840b60a473e088d4cd461575976ae;4e8828dc10;-;-;Mon Jun 21 18:55:52 2021 +0200;1624294552;-;-;Mon Jun 21 18:55:52 2021 +0200;1624294552
a8102e6a41beb0ca7c68ae907baaff0723b6ca86;a8102e6a41;-;-;Mon Jun 21 18:31:43 2021 +0200;1624293103;-;-;Mon Jun 21 18:31:43 2021 +0200;1624293103
782d7169e4eba3678520e33a62667f530ca094d9;782d7169e4;-;-;Mon Jun 21 18:04:37 2021 +0200;1624291477;-;-;Mon Jun 21 18:04:37 2021 +0200;1624291477
71995a90876fd5b0aa39259df35476fcc3b0c5ef;71995a9087;-;-;Mon Jun 21 17:52:18 2021 +0200;1624290738;-;-;Mon Jun 21 17:52:18 2021 +0200;1624290738
f9bcb99040cda9383e1a31b6a8a4c4de5a4552c9;f9bcb99040;-;-;Mon Jun 21 16:18:16 2021 +0100;1624288696;-;-;Mon Jun 21 16:19:17 2021 +0100;1624288757
791134c53cfbed6092245dceb7f21678f1820679;791134c53c;-;-;Wed Jun 2 12:56:18 2021 -0500;1622656578;-;-;Mon Jun 21 16:19:08 2021 +0100;1624288748
df588e030f069dd31997ff747839f1d8d5d8d7c7;df588e030f;-;-;Tue Jun 15 17:30:41 2021 +0200;1623771041;-;-;Tue Jun 15 17:30:41 2021 +0200;1623771041
b67720615948f026edde05b8b1ce922cd4abe698;b677206159;-;-;Tue Jun 15 17:22:11 2021 +0200;1623770531;-;-;Tue Jun 15 17:22:11 2021 +0200;1623770531
e04ca3d6714e6ff7a81cfc2994f3588c8188dd95;e04ca3d671;-;-;Tue Jun 15 18:06:53 2021 +0300;1623769613;-;-;Tue Jun 15 17:06:53 2021 +0200;1623769613
2fc47d8752591da6d8533261c8ce858e0184a196;2fc47d8752;-;-;Tue Jun 15 18:04:18 2021 +0300;1623769458;-;-;Tue Jun 15 17:04:18 2021 +0200;1623769458
36760844729be163d557b1c3b0ef29e7d91374d9;3676084472;-;-;Tue Jun 15 15:11:57 2021 +0200;1623762717;-;-;Tue Jun 15 15:16:20 2021 +0200;1623762980
bcb058049255acecea7f48d9b2c41c0fdbbbf4fd;bcb0580492;-;-;Tue Jun 15 13:35:45 2021 +0200;1623756945;-;-;Tue Jun 15 13:35:45 2021 +0200;1623756945
3c8074b669e7a5b06755f5af241f1e2f003659e6;3c8074b669;-;-;Tue Jun 15 00:49:55 2021 +0800;1623689395;-;-;Mon Jun 14 18:49:55 2021 +0200;1623689395
4a13928a2721259f9f4cf06814a6cfee6667bbb5;4a13928a27;-;-;Fri Jun 11 13:38:42 2021 +0300;1623407922;-;-;Fri Jun 11 16:36:04 2021 +0100;1623425764
20d9a1e84430830edca6cc58680ba74e40a96ca2;20d9a1e844;-;-;Wed Jun 9 11:01:53 2021 +0100;1623232913;-;-;Wed Jun 9 11:01:53 2021 +0100;1623232913
8b1302bbe2f8d8e5ed7d1f29fc6f4c0ad17ea258;8b1302bbe2;-;-;Wed Jun 9 07:50:04 2021 +0000;1623225004;-;-;Wed Jun 9 07:50:04 2021 +0000;1623225004
c7c35aff428eecdaef31b37d5efb08cac6ac0cb3;c7c35aff42;-;-;Wed Jun 9 09:21:28 2021 +0200;1623223288;-;-;Wed Jun 9 09:21:28 2021 +0200;1623223288
000b6a7e9500b81986b21c42b72198aff89fe9ae;000b6a7e95;-;-;Tue Jun 8 18:47:04 2021 +0200;1623170824;-;-;Tue Jun 8 18:55:05 2021 +0200;1623171305
f3db6b996d514b1b325b63e3f5b79b75e8142ef9;f3db6b996d;-;-;Tue Jun 8 18:45:59 2021 +0200;1623170759;-;-;Tue Jun 8 18:55:05 2021 +0200;1623171305
a42540e64a0af41056c2a23ba57de524b442012d;a42540e64a;-;-;Tue Jun 8 17:40:06 2021 +0100;1623170406;-;-;Tue Jun 8 17:41:04 2021 +0100;1623170464
cc2b980e5c4255d0ddb6fd4900ec740c8acde14d;cc2b980e5c;-;-;Tue Jun 8 16:42:42 2021 +0100;1623166962;-;-;Tue Jun 8 17:41:04 2021 +0100;1623170464
aa2bfd4b62c7424346f7a798b66b489ac6ae63f4;aa2bfd4b62;-;-;Tue Jun 8 19:39:18 2021 +0300;1623170358;-;-;Tue Jun 8 18:39:18 2021 +0200;1623170358
29fa9c1728dbe95987a925fe149ca06fed2ea1cc;29fa9c1728;-;-;Tue Jun 8 17:52:07 2021 +0200;1623167527;-;-;Tue Jun 8 17:52:07 2021 +0200;1623167527
39660710f6f3bed92b6d284013330ae866281ede;39660710f6;-;-;Tue Jun 8 15:27:25 2021 +0800;1623137245;-;-;Tue Jun 8 17:47:47 2021 +0200;1623167267
e35fe33b72b2865ce22f1b6ab00b7fb821239c7c;e35fe33b72;-;-;Tue Jun 8 15:26:13 2021 +0200;1623158773;-;-;Tue Jun 8 15:26:13 2021 +0200;1623158773
23f396a2312c74be4168196f71317beaf1e53986;23f396a231;-;-;Tue Jun 8 14:23:06 2021 +0200;1623154986;-;-;Tue Jun 8 14:23:06 2021 +0200;1623154986
090e394fb55f6df80451934784ac61328da0b5f0;090e394fb5;-;-;Tue Jun 8 20:27:35 2021 +0900;1623151655;-;-;Tue Jun 8 13:47:00 2021 +0200;1623152820
708e61a7efbe727f91cc385c8d70a31f2fb0e972;708e61a7ef;-;-;Tue Jun 8 13:41:42 2021 +0300;1623148902;-;-;Tue Jun 8 12:50:22 2021 +0200;1623149422
e24b2e6b5d8a6028eda923a7aca55a3726b7b4f3;e24b2e6b5d;-;-;Thu Apr 8 14:39:53 2021 -0300;1617903593;-;-;Tue Jun 8 12:06:53 2021 +0200;1623146813
aff0d8efe74406279de0b3057c92c954cf70f8ca;aff0d8efe7;-;-;Tue Jun 8 11:40:17 2021 +0200;1623145217;-;-;Tue Jun 8 11:44:03 2021 +0200;1623145443
e3e4e493197840775f216aabd1b4d5b979b056a2;e3e4e49319;-;-;Tue Jun 8 11:39:53 2021 +0200;1623145193;-;-;Tue Jun 8 11:44:03 2021 +0200;1623145443
5420d7113bc16d76754ef21eaff7fac633963179;5420d7113b;-;-;Tue Jun 8 11:29:45 2021 +0200;1623144585;-;-;Tue Jun 8 11:44:03 2021 +0200;1623145443
6251222a23415d8b8788e79b9c208d3208988685;6251222a23;-;-;Tue Jun 8 11:27:31 2021 +0200;1623144451;-;-;Tue Jun 8 11:44:03 2021 +0200;1623145443
05eca05671e49c3ec1ca9470cad08d333ea9d996;05eca05671;-;-;Tue Jun 8 11:22:30 2021 +0200;1623144150;-;-;Tue Jun 8 11:22:30 2021 +0200;1623144150
3fa4e4168d4562f0b59a324ef6f06a7d32f4a196;3fa4e4168d;-;-;Tue Jun 8 12:47:21 2021 +0900;1623124041;-;-;Tue Jun 8 10:39:23 2021 +0200;1623141563
f0f450a18dec7639ce8b967ed26c78cf777d4f7e;f0f450a18d;-;-;Mon Jun 7 13:24:46 2021 +0200;1623065086;-;-;Mon Jun 7 13:24:46 2021 +0200;1623065086
f854803e1822d8751380f10b324b97031ec943f9;f854803e18;-;-;Mon Jun 7 12:28:38 2021 +0200;1623061718;-;-;Mon Jun 7 12:28:38 2021 +0200;1623061718
d29d4d45aa31dedb176370cad1ca05bfb83846a0;d29d4d45aa;-;-;Mon Jun 7 12:28:17 2021 +0200;1623061697;-;-;Mon Jun 7 12:28:17 2021 +0200;1623061697
432fdad7d06ff3de4d61cdb3003f728525473d69;432fdad7d0;-;-;Fri Jun 4 15:31:08 2021 +0200;1622813468;-;-;Fri Jun 4 15:32:29 2021 +0200;1622813549
345d8186d4a2153e20a2e13c21ea8686987a0031;345d8186d4;-;-;Wed May 26 23:16:51 2021 -0700;1622096211;-;-;Fri Jun 4 15:18:46 2021 +0200;1622812726
ad63a534cb19dfc45ddaa6af5c99b87b1745c2df;ad63a534cb;-;-;Fri Jun 4 15:14:42 2021 +0200;1622812482;-;-;Fri Jun 4 15:14:42 2021 +0200;1622812482
c9d341e9c09e362f7cce92f62869fd505480f7c2;c9d341e9c0;-;-;Fri Jun 4 12:49:59 2021 +0300;1622800199;-;-;Fri Jun 4 11:49:59 2021 +0200;1622800199
950b1837155e29f1a40060bee065dc31a0ded4b1;950b183715;-;-;Fri Jun 4 10:48:44 2021 +0200;1622796524;-;-;Fri Jun 4 10:48:44 2021 +0200;1622796524
821ecb4cfd0b3a782092fdda4dc05e1b161a7aa7;821ecb4cfd;-;-;Wed Jun 2 17:28:28 2021 +0100;1622651308;-;-;Wed Jun 2 17:28:28 2021 +0100;1622651308
1c17305d7b641c25b4eb85fdbe6de4fcd7e10d36;1c17305d7b;-;-;Tue Jun 1 20:58:14 2021 +0100;1622577494;-;-;Wed Jun 2 17:14:28 2021 +0100;1622650468
491d1c4c78d4dbb21a973e44fd68f8b91b210e26;491d1c4c78;-;-;Thu May 27 22:03:28 2021 -0500;1622171008;-;-;Wed Jun 2 12:51:37 2021 +0100;1622634697
7dbbf364f738db5b2d2a92a6c84e84b6949589ee;7dbbf364f7;-;-;Tue Jun 1 15:11:23 2021 +0200;1622553083;-;-;Tue Jun 1 15:11:23 2021 +0200;1622553083
5204d736f3a93ae274dd535c7dd17cc2e6532c7b;5204d736f3;-;-;Tue Jun 1 15:04:26 2021 +0200;1622552666;-;-;Tue Jun 1 15:06:19 2021 +0200;1622552779
e0690335fcfb91f12e4412d8aef0ea669b7b6104;e0690335fc;-;-;Mon May 31 16:24:09 2021 +0200;1622471049;-;-;Mon May 31 16:24:09 2021 +0200;1622471049
5cbbbed3777e315658954e3e8674434b146825cf;5cbbbed377;-;-;Mon May 31 15:17:12 2021 +0200;1622467032;-;-;Mon May 31 15:17:12 2021 +0200;1622467032
6f2fe5ddcbaf4563f52d474c002cddf2ae6371e6;6f2fe5ddcb;-;-;Mon May 31 14:28:55 2021 +0200;1622464135;-;-;Mon May 31 14:28:55 2021 +0200;1622464135
da9ee06e05bebe6143d5163f609ed361da565313;da9ee06e05;-;-;Sun May 30 17:10:01 2021 +0200;1622387401;-;-;Sun May 30 17:10:01 2021 +0200;1622387401
4c28266eb627c8726af12c4e7ac78118cbf9439b;4c28266eb6;-;-;Sun May 30 14:48:31 2021 +0300;1622375311;-;-;Sun May 30 13:48:31 2021 +0200;1622375311
b3dcb64ff1183f252e9d64e53260ea9e27521e26;b3dcb64ff1;-;-;Fri May 28 17:23:52 2021 +0200;1622215432;-;-;Fri May 28 17:23:52 2021 +0200;1622215432
b18f8771c895e56621b9f445a34471de8c42a256;b18f8771c8;-;-;Fri May 28 14:31:15 2021 +0200;1622205075;-;-;Fri May 28 14:31:15 2021 +0200;1622205075
93244e9f9d25ea068ab822dd7a0a287e84cf8282;93244e9f9d;-;-;Thu May 27 08:43:41 2021 +0200;1622097821;-;-;Thu May 27 08:43:41 2021 +0200;1622097821
4203e90655a3836fb564f32b6f5c978289e87d60;4203e90655;-;-;Wed May 26 16:45:52 2021 +0200;1622040352;-;-;Wed May 26 16:46:15 2021 +0200;1622040375
1e2e114e3c984429017ad5985516f38548b058c5;1e2e114e3c;-;-;Wed May 26 14:46:32 2021 +0200;1622033192;-;-;Wed May 26 14:46:32 2021 +0200;1622033192
0e732131444e2602845fd12dfdcb36d8a962fe81;0e73213144;-;-;Wed May 26 14:32:41 2021 +0200;1622032361;-;-;Wed May 26 14:32:41 2021 +0200;1622032361
1e1045ba427001c471bed10ac7ddc56f028a6301;1e1045ba42;-;-;Wed May 26 14:21:08 2021 +0200;1622031668;-;-;Wed May 26 14:21:08 2021 +0200;1622031668
8d17bcea5b06979cca48c9e3cd75420a75b7f267;8d17bcea5b;-;-;Tue May 25 21:24:54 2021 +0100;1621974294;-;-;Wed May 26 11:26:02 2021 +0100;1622024762
597b31b1fcccd2a84a12086ea009c9b398a1fb59;597b31b1fc;-;-;Wed May 26 08:50:38 2021 +0200;1622011838;-;-;Wed May 26 08:50:38 2021 +0200;1622011838
de1ba79c55ce95ce835d6655018e06bcf131a19a;de1ba79c55;-;-;Mon May 24 16:27:39 2021 +0100;1621870059;-;-;Mon May 24 16:27:56 2021 +0100;1621870076
ffbc5378351152dfc90daac65d7e7bada9deb65e;ffbc537835;-;-;Sun May 23 18:50:50 2021 +0200;1621788650;-;-;Sun May 23 18:50:50 2021 +0200;1621788650
9295bcc4a470fd23c844f5d8ed4607df51451818;9295bcc4a4;-;-;Sun May 23 13:40:36 2021 -0300;1621788036;-;-;Sun May 23 18:40:36 2021 +0200;1621788036
746b1b2fe16bec5d089e092c5eaf9db617bf4566;746b1b2fe1;-;-;Sun May 23 18:27:31 2021 +0200;1621787251;-;-;Sun May 23 18:27:31 2021 +0200;1621787251
ab2c78a9d58f38a5cc7f8e9ba27555b9ee2aa65a;ab2c78a9d5;-;-;Sat May 22 09:10:57 2021 +0900;1621642257;-;-;Sun May 23 18:09:34 2021 +0200;1621786174
ac0e71745b1de86e293382cce64e94f04e0ab6af;ac0e71745b;-;-;Fri May 21 11:54:06 2021 +0200;1621590846;-;-;Fri May 21 11:54:06 2021 +0200;1621590846
f65cbe09923801aeefb250806fbf2fc376161865;f65cbe0992;-;-;Tue May 18 10:44:04 2021 +0900;1621302244;-;-;Thu May 20 18:20:57 2021 +0100;1621531257
a2e5d9a14f1c13405280a9ee08859868b502bc14;a2e5d9a14f;-;-;Thu May 20 22:49:13 2021 +0900;1621518553;-;-;Thu May 20 15:49:13 2021 +0200;1621518553
360f555e77bcb46d740151db447ffba0c6a09b51;360f555e77;-;-;Tue May 18 15:19:02 2021 +0200;1621343942;-;-;Tue May 18 16:57:20 2021 +0200;1621349840
7c756027a0c375849e9e456bf38ca519937dc1f7;7c756027a0;-;-;Tue May 18 15:39:08 2021 +0200;1621345148;-;-;Tue May 18 15:43:54 2021 +0200;1621345434
4c642ccdcd2045bda2b3ce628768d63cb7e01486;4c642ccdcd;-;-;Tue May 18 14:52:19 2021 +0200;1621342339;-;-;Tue May 18 14:56:49 2021 +0200;1621342609
fab7b1cebe65e39820e5fec65fa9302fe28c660d;fab7b1cebe;-;-;Mon May 17 16:12:13 2021 +0200;1621260733;-;-;Tue May 18 14:29:18 2021 +0200;1621340958
101ed17b6f57e9feff220b03116f4c5049fb3800;101ed17b6f;-;-;Mon May 17 17:27:52 2021 +0100;1621268872;-;-;Mon May 17 17:28:16 2021 +0100;1621268896
66588bae929ba8881c22e4c5c350f4ba9f79cd83;66588bae92;-;-;Sun May 16 16:32:55 2021 +0100;1621179175;-;-;Mon May 17 17:28:16 2021 +0100;1621268896
d33545bdce80934b96a73d541d876bddcbb07439;d33545bdce;-;-;Mon May 17 13:15:44 2021 +0200;1621250144;-;-;Mon May 17 13:15:44 2021 +0200;1621250144
e8e157ebf8c45e661b05d95a50aaa8fd90b0e324;e8e157ebf8;-;-;Mon May 17 12:49:46 2021 +0200;1621248586;-;-;Mon May 17 12:49:46 2021 +0200;1621248586
7f5904c68bd20107e8117a5f2a99ec25988c6f67;7f5904c68b;-;-;Mon May 17 12:06:56 2021 +0200;1621246016;-;-;Mon May 17 12:15:30 2021 +0200;1621246530
66e488850be2169e94c9daf161fb682094132ac2;66e488850b;-;-;Mon May 17 11:58:54 2021 +0200;1621245534;-;-;Mon May 17 12:07:04 2021 +0200;1621246024
3dba3691a7cee4299241e1f12d1680788ea77731;3dba3691a7;-;-;Mon May 17 11:37:02 2021 +0200;1621244222;-;-;Mon May 17 11:37:02 2021 +0200;1621244222
c80c4e001ac9518764418f3fd65721eb211830d2;c80c4e001a;-;-;Sun May 16 17:18:56 2021 +0200;1621178336;-;-;Sun May 16 17:18:56 2021 +0200;1621178336
8da049b6133501d518a9b80ed1a45917498c944b;8da049b613;-;-;Sun May 16 15:22:37 2021 +0200;1621171357;-;-;Sun May 16 15:22:37 2021 +0200;1621171357
1acd832759f238bc9c7da9ffab611467359f764e;1acd832759;-;-;Sun May 16 15:08:33 2021 +0200;1621170513;-;-;Sun May 16 15:08:33 2021 +0200;1621170513
261927b72ad38df68b9dbbd70bf5a60fdc970e7f;261927b72a;-;-;Sun May 16 15:03:42 2021 +0200;1621170222;-;-;Sun May 16 15:03:42 2021 +0200;1621170222
24aa7f546b4aec8bdeb4da5049935702cc8a21ed;24aa7f546b;-;-;Sun May 16 15:00:45 2021 +0200;1621170045;-;-;Sun May 16 15:00:45 2021 +0200;1621170045
4cfad25468a3f728337406ab7ef4917adf2a3704;4cfad25468;-;-;Fri May 14 15:15:12 2021 +0200;1620998112;-;-;Fri May 14 15:15:12 2021 +0200;1620998112
569ce840cf720b6534e5ff670fc34eaa151b73cb;569ce840cf;-;-;Thu May 13 16:17:51 2021 +0200;1620915471;-;-;Fri May 14 14:23:27 2021 +0200;1620995007
fae484855b0d6429b7cbfc0929bfa4e19c3b0fec;fae484855b;-;-;Thu May 13 16:21:45 2021 +0200;1620915705;-;-;Thu May 13 16:21:45 2021 +0200;1620915705
cab20d120224cc3d54f98701ec69cf71e95984ac;cab20d1202;-;-;Thu May 13 21:30:58 2021 +0800;1620912658;-;-;Thu May 13 15:30:58 2021 +0200;1620912658
e2bf513563240bebd67addf16c781c8d64fc9770;e2bf513563;-;-;Wed May 12 13:43:36 2021 +0200;1620819816;-;-;Wed May 12 13:43:36 2021 +0200;1620819816
84e56bb5d907ee5022a2cf8c93f7d8ed3e96ec4a;84e56bb5d9;-;-;Wed May 12 12:54:35 2021 +0200;1620816875;-;-;Wed May 12 12:54:35 2021 +0200;1620816875
6f5e66f00c2cb5ad25407ed56a0e263cbd44d1de;6f5e66f00c;-;-;Wed May 12 12:23:54 2021 +0200;1620815034;-;-;Wed May 12 12:23:54 2021 +0200;1620815034
cda72e4a708bb9ae8b2e1c1708c6c1755a99b37a;cda72e4a70;-;-;Wed May 12 12:07:55 2021 +0200;1620814075;-;-;Wed May 12 12:07:55 2021 +0200;1620814075
e31a4c4c7748a466bd975a06243303c45b2e099f;e31a4c4c77;-;-;Wed May 12 11:31:15 2021 +0200;1620811875;-;-;Wed May 12 11:31:15 2021 +0200;1620811875
4809632f4456d3e321f9628a4144d8a7c58b0482;4809632f44;-;-;Wed May 12 05:50:28 2021 +0000;1620798628;-;-;Wed May 12 05:50:28 2021 +0000;1620798628
0d0d75e25322d8161002d861fff3ec04ba8be5ac;0d0d75e253;-;-;Mon May 10 17:31:42 2021 +0200;1620660702;-;-;Tue May 11 21:12:50 2021 +0200;1620760370
cce60c479c22101f24b2b4abebb6d79440b120d1;cce60c479c;-;-;Mon May 10 17:30:58 2021 +0200;1620660658;-;-;Tue May 11 21:12:50 2021 +0200;1620760370
1469bdbc70ac78b0c13b7bbaeb54a91dce6e8493;1469bdbc70;-;-;Tue May 11 16:50:19 2021 +0200;1620744619;-;-;Tue May 11 16:50:19 2021 +0200;1620744619
be52ec8bd584822114437067f659ea712cf89b21;be52ec8bd5;-;-;Tue May 11 16:49:25 2021 +0200;1620744565;-;-;Tue May 11 16:49:25 2021 +0200;1620744565
cd9cad31f9109f745a3996445bdc57a996bc06cd;cd9cad31f9;-;-;Tue May 11 16:16:18 2021 +0200;1620742578;-;-;Tue May 11 16:16:18 2021 +0200;1620742578
60c551a95b6d72b7b65da00076040b52a819a3d0;60c551a95b;-;-;Tue May 11 15:49:38 2021 +0200;1620740978;-;-;Tue May 11 15:49:38 2021 +0200;1620740978
4164fc63b1a6bb546e95659f6c8f0472121e363b;4164fc63b1;-;-;Tue May 11 15:49:15 2021 +0200;1620740955;-;-;Tue May 11 15:49:15 2021 +0200;1620740955
0865abef83fedd24a48812e96a336301fba9fbed;0865abef83;-;-;Tue May 11 15:47:15 2021 +0200;1620740835;-;-;Tue May 11 15:47:15 2021 +0200;1620740835
90af2d57948d235daadce325324a7b04aedb2b4e;90af2d5794;-;-;Tue May 11 15:46:41 2021 +0200;1620740801;-;-;Tue May 11 15:46:41 2021 +0200;1620740801
5f5cd8a7c442e6e641eb31e487cc622110c195c2;5f5cd8a7c4;-;-;Tue May 11 15:46:21 2021 +0200;1620740781;-;-;Tue May 11 15:46:21 2021 +0200;1620740781
46b7cd54a154df16d4c93d1e6c2e44bbc8c74399;46b7cd54a1;-;-;Tue May 11 15:45:36 2021 +0200;1620740736;-;-;Tue May 11 15:45:36 2021 +0200;1620740736
7f670bbe6869b272231ff3057e7004604d52f6ef;7f670bbe68;-;-;Tue May 11 15:45:05 2021 +0200;1620740705;-;-;Tue May 11 15:45:05 2021 +0200;1620740705
6aaf7596c0d2be73233c97f1b60a0e8a7e191a3c;6aaf7596c0;-;-;Tue May 11 15:34:41 2021 +0200;1620740081;-;-;Tue May 11 15:34:41 2021 +0200;1620740081
4f2c589fe649cc09cf3d03b440b3b0a2899a1d1c;4f2c589fe6;-;-;Tue May 11 00:19:43 2021 +0200;1620685183;-;-;Tue May 11 00:19:43 2021 +0200;1620685183
aa51ed19403129bd9f0b8f5373391ba6bc8baaaa;aa51ed1940;-;-;Mon May 10 14:15:16 2021 +0100;1620652516;-;-;Mon May 10 14:15:16 2021 +0100;1620652516
dc4e053d591eb819269b083fb8e435eb89ef7f96;dc4e053d59;-;-;Mon May 10 12:02:08 2021 +0100;1620644528;-;-;Mon May 10 13:30:02 2021 +0100;1620649802
07ba95739bf4451742e4ee6b4d4b2d0ee5f701bf;07ba95739b;-;-;Sat Apr 24 22:27:01 2021 +0900;1619270821;-;-;Mon May 10 09:35:56 2021 +0200;1620632156
0468ef46ac33e33a6791ae9d05788c07548f0453;0468ef46ac;-;-;Mon May 10 07:18:50 2021 +0100;1620627530;-;-;Mon May 10 07:19:17 2021 +0100;1620627557
eb03144e9dd9e1ba46d93b924d873bc8e0326191;eb03144e9d;-;-;Fri May 7 21:38:39 2021 +0100;1620419919;-;-;Mon May 10 07:19:17 2021 +0100;1620627557
29790d5bb132435752a582ea449776afe2808bb2;29790d5bb1;-;-;Fri May 7 21:30:24 2021 +0100;1620419424;-;-;Mon May 10 07:19:17 2021 +0100;1620627557
355d394d7fff72844445839a7d8d2b359aec0ced;355d394d7f;-;-;Sat May 8 19:37:21 2021 +0200;1620495441;-;-;Sat May 8 19:40:13 2021 +0200;1620495613
9ddab9e69b5a1e1e1c87c8542eaa6aac060cc8e9;9ddab9e69b;-;-;Sun Jun 7 00:11:34 2020 +0200;1591481494;-;-;Sat May 8 19:25:54 2021 +0200;1620494754
c20a43f72b31903d1f9a39d1abd998f67e56c4fb;c20a43f72b;-;-;Sat May 8 18:12:55 2021 +0200;1620490375;-;-;Sat May 8 18:12:55 2021 +0200;1620490375
e0fa58aa0f20e7dfa1242f05c662cee12e9049cf;e0fa58aa0f;-;-;Fri May 7 17:30:40 2021 +0100;1620405040;-;-;Fri May 7 17:30:40 2021 +0100;1620405040
65797d04f2b7e3469102aacc18ec642f7183a645;65797d04f2;-;-;Fri May 7 18:31:45 2021 +0900;1620379905;-;-;Fri May 7 17:15:16 2021 +0100;1620404116
5811212a9f83ffa121e09dfa3714da23dc0830aa;5811212a9f;-;-;Fri May 7 16:47:53 2021 +0100;1620402473;-;-;Fri May 7 16:48:15 2021 +0100;1620402495
d79e33b5a0182af51f4c236fa59a99884d5a5f71;d79e33b5a0;-;-;Fri May 7 15:46:42 2021 +0200;1620395202;-;-;Fri May 7 16:00:09 2021 +0200;1620396009
dddcc5e9adaad0a85ae40664317e501c0cdf46aa;dddcc5e9ad;-;-;Fri May 7 14:56:56 2021 +0100;1620395816;-;-;Fri May 7 14:56:56 2021 +0100;1620395816
582b94d50ec880d06fecd506305c412c2a89b933;582b94d50e;-;-;Thu May 6 16:58:42 2021 +0100;1620316722;-;-;Thu May 6 16:58:42 2021 +0100;1620316722
443c34cc903dad08f5d74e462cba0f761120a3a8;443c34cc90;-;-;Wed May 5 20:57:25 2021 +0100;1620244645;-;-;Wed May 5 21:02:25 2021 +0100;1620244945
959e6d17458dbef0bf3572b8c0fe33d714e7c2f0;959e6d1745;-;-;Wed May 5 18:07:23 2021 +0200;1620230843;-;-;Wed May 5 18:11:15 2021 +0200;1620231075
38b592444d463b09016b3fe3631bb2ab0a63270e;38b592444d;-;-;Wed May 5 15:19:27 2021 +0200;1620220767;-;-;Wed May 5 15:19:27 2021 +0200;1620220767
2c2464b1e7240ea3b2da65ea47a0da11e7578aa5;2c2464b1e7;-;-;Wed May 5 14:26:12 2021 +0200;1620217572;-;-;Wed May 5 14:26:12 2021 +0200;1620217572
3b247a9c194469cb12649efcff5678bc171bc724;3b247a9c19;-;-;Wed May 5 13:21:46 2021 +0300;1620210106;-;-;Wed May 5 12:21:46 2021 +0200;1620210106
d30432b6c07ab4d180f70222aabdfafe9359f026;d30432b6c0;-;-;Tue May 4 18:42:21 2021 +0200;1620146541;-;-;Tue May 4 18:42:21 2021 +0200;1620146541
c70aed58bffc532be72d161d0734f13475d4e906;c70aed58bf;-;-;Tue May 4 16:24:38 2021 +0100;1620141878;-;-;Tue May 4 16:25:00 2021 +0100;1620141900
2de7bf6e2bb8804b23b53c9ba094d6e73cdcf508;2de7bf6e2b;-;-;Tue May 4 15:20:38 2021 +0200;1620134438;-;-;Tue May 4 15:20:38 2021 +0200;1620134438
a28511cdbd91f71bad7ce4300e365db669286567;a28511cdbd;-;-;Tue May 4 13:46:31 2021 +0200;1620128791;-;-;Tue May 4 13:46:31 2021 +0200;1620128791
668b93883234d9ba2ee7f88be39277c2e3762a62;668b938832;-;-;Tue May 4 13:34:42 2021 +0200;1620128082;-;-;Tue May 4 13:34:42 2021 +0200;1620128082
091e7bb8913d1b2bfda707fcde20adda0d70b98f;091e7bb891;-;-;Tue May 4 13:19:04 2021 +0200;1620127144;-;-;Tue May 4 13:19:04 2021 +0200;1620127144
b76e0c482608c664d5d1d701b995dc4ceb0ed340;b76e0c4826;-;-;Mon May 3 21:06:16 2021 +0100;1620072376;-;-;Tue May 4 12:09:35 2021 +0100;1620126575
55faf6e3205d26a4ba693f40c1ea1cef179f31cb;55faf6e320;-;-;Sat Apr 24 08:58:56 2021 +0900;1619222336;-;-;Tue May 4 12:09:35 2021 +0100;1620126575
a522ed078849fae924ba5706beb30a6b3d85fc2c;a522ed0788;-;-;Tue May 4 11:48:17 2021 +0200;1620121697;-;-;Tue May 4 11:48:17 2021 +0200;1620121697
4152ebc2f34a5f32c6fece61033ce2b1500fc853;4152ebc2f3;-;-;Tue May 4 11:35:37 2021 +0200;1620120937;-;-;Tue May 4 11:36:21 2021 +0200;1620120981
21c90829df2e8f49a9da2b6756c0694625be0df8;21c90829df;-;-;Tue May 4 10:34:40 2021 +0100;1620120880;-;-;Tue May 4 10:34:56 2021 +0100;1620120896
5b96c9b87e0744ef4011cec403f5470ce017315e;5b96c9b87e;-;-;Tue May 4 10:59:49 2021 +0200;1620118789;-;-;Tue May 4 10:59:49 2021 +0200;1620118789
08855fee516c22b70313dc0dbf350207b2a7edbe;08855fee51;-;-;Mon May 3 17:45:26 2021 +0200;1620056726;-;-;Mon May 3 17:46:25 2021 +0200;1620056785
66cd979ce4bc5bbefc64e58f4c4c25530d32b411;66cd979ce4;-;-;Thu Apr 29 15:20:28 2021 +0200;1619702428;-;-;Mon May 3 15:22:43 2021 +0200;1620048163
5667d459a7ab4c95b6b702fababf0c5247da7955;5667d459a7;-;-;Fri Apr 30 15:35:13 2021 +0200;1619789713;-;-;Mon May 3 15:22:43 2021 +0200;1620048163
85eb589c2ed03dd22af1259e5b0161ea70f47488;85eb589c2e;-;-;Mon May 3 14:52:28 2021 +0200;1620046348;-;-;Mon May 3 15:02:09 2021 +0200;1620046929
b18cf3c873b5d99c2244a3d0597aed0ad5eba73d;b18cf3c873;-;-;Fri Apr 30 15:49:00 2021 +0200;1619790540;-;-;Fri Apr 30 15:49:00 2021 +0200;1619790540
399e7ebf22f537de6c68a3be84b13996f1f325a0;399e7ebf22;-;-;Fri Apr 30 15:15:30 2021 +0200;1619788530;-;-;Fri Apr 30 15:17:46 2021 +0200;1619788666
b5d6e53e50f1b39689d4ddaf8040fa46d74dfc91;b5d6e53e50;-;-;Tue Apr 27 14:56:38 2021 +0200;1619528198;-;-;Fri Apr 30 15:08:32 2021 +0200;1619788112
865969400baebe1e7ae1e68d7d61e4339a02d4ee;865969400b;-;-;Fri Apr 30 12:52:16 2021 +0200;1619779936;-;-;Fri Apr 30 12:52:36 2021 +0200;1619779956
6f4fb08bf8c1bf6f783e380f2c604f415fc0dfe6;6f4fb08bf8;-;-;Fri Apr 30 11:38:37 2021 +0200;1619775517;-;-;Fri Apr 30 11:43:40 2021 +0200;1619775820
4c7cc705def17db631cff7bced523a1165616ad3;4c7cc705de;-;-;Fri Apr 30 09:38:30 2021 +0200;1619768310;-;-;Fri Apr 30 09:38:30 2021 +0200;1619768310
f7fc36250e815ca4bd886eb366382b9983706ced;f7fc36250e;-;-;Thu Apr 29 22:09:03 2021 +0100;1619730543;-;-;Thu Apr 29 22:09:33 2021 +0100;1619730573
ae7d5200e534338684d9500155cfeaa9bcc10328;ae7d5200e5;-;-;Thu Apr 29 19:08:54 2021 +0300;1619712534;-;-;Thu Apr 29 18:08:54 2021 +0200;1619712534
ff9b68c1b6b668e9da90dfff126149a53a052979;ff9b68c1b6;-;-;Thu Apr 29 18:01:27 2021 +0200;1619712087;-;-;Thu Apr 29 18:01:27 2021 +0200;1619712087
36c829386b72ee730497b8b0833044bcd39be5db;36c829386b;-;-;Fri Apr 30 00:59:26 2021 +0900;1619711966;-;-;Thu Apr 29 17:59:26 2021 +0200;1619711966
7316dc726ab1fdc06b868cfe99ec55051e9fffd5;7316dc726a;-;-;Thu Apr 29 17:49:29 2021 +0200;1619711369;-;-;Thu Apr 29 17:49:29 2021 +0200;1619711369
118c7f969b726ddd6b89163a7a6436a06dc519fc;118c7f969b;-;-;Thu Apr 29 18:42:41 2021 +0300;1619710961;-;-;Thu Apr 29 17:42:41 2021 +0200;1619710961
26ed6d8bce01796106644b2ec4df5a0b812b9a90;26ed6d8bce;-;-;Fri Apr 30 00:34:04 2021 +0900;1619710444;-;-;Thu Apr 29 17:34:04 2021 +0200;1619710444
98770b15e7166e2332961425ad8d5d4f6e4d3ba9;98770b15e7;-;-;Thu Apr 29 23:53:53 2021 +0900;1619708033;-;-;Thu Apr 29 16:53:53 2021 +0200;1619708033
697108cc42a7dbcbeaa6c405f4224cd58304ac5f;697108cc42;-;-;Thu Apr 29 15:37:40 2021 +0200;1619703460;-;-;Thu Apr 29 15:37:40 2021 +0200;1619703460
607d918340c7a3a0282e1722354c689359dac201;607d918340;-;-;Thu Apr 29 08:48:34 2021 +0200;1619678914;-;-;Thu Apr 29 08:48:34 2021 +0200;1619678914
8456eaca8e5baa64d6fc807dc11eb9a9beb01a7b;8456eaca8e;-;-;Wed Apr 28 15:54:39 2021 +0200;1619618079;-;-;Wed Apr 28 15:54:39 2021 +0200;1619618079
59015344a7b6ff55cfddd63157c4438fe2a89166;59015344a7;-;-;Wed Apr 28 16:47:16 2021 +0300;1619617636;-;-;Wed Apr 28 15:47:16 2021 +0200;1619617636
c03162e616fb2c93cde70f7b0c96da89a0f6306f;c03162e616;-;-;Wed Apr 28 15:43:52 2021 +0200;1619617432;-;-;Wed Apr 28 15:43:52 2021 +0200;1619617432
1dde30a7fdb8013529900c638267a450aa1806d4;1dde30a7fd;-;-;Wed Apr 28 15:39:07 2021 +0200;1619617147;-;-;Wed Apr 28 15:39:21 2021 +0200;1619617161
35196d3c623199823c837bb08570202184ea0f25;35196d3c62;-;-;Wed Apr 28 16:37:59 2021 +0300;1619617079;-;-;Wed Apr 28 15:37:59 2021 +0200;1619617079
d7f67b3dc3bd989940ced850f3375474e57560f3;d7f67b3dc3;-;-;Wed Apr 28 12:16:35 2021 +0200;1619604995;-;-;Wed Apr 28 12:17:27 2021 +0200;1619605047
719e7394d6eeace4357fb2aae04600ed4c5b76cb;719e7394d6;-;-;Tue Apr 27 12:50:38 2021 +0300;1619517038;-;-;Wed Apr 28 11:04:01 2021 +0100;1619604241
e4a5d2aaa59266b294e155c4fd80b9ef3e852330;e4a5d2aaa5;-;-;Tue Apr 27 07:18:23 2021 +0200;1619500703;-;-;Tue Apr 27 07:18:23 2021 +0200;1619500703
ab6460742094c4b1a562e534060d537d33cf8c24;ab64607420;-;-;Tue Apr 27 07:09:41 2021 +0200;1619500181;-;-;Tue Apr 27 07:09:41 2021 +0200;1619500181
b595dc1dfad9db534ca7b9e8f46bb9926b88ab5a;b595dc1dfa;-;-;Thu Apr 22 18:29:07 2021 +0100;1619112547;-;-;Mon Apr 26 17:17:14 2021 +0100;1619453834
86123de8837d8650dd54182925ccddb33468ccc8;86123de883;-;-;Thu Apr 22 17:21:03 2021 +0100;1619108463;-;-;Mon Apr 26 17:16:33 2021 +0100;1619453793
7c3a18490be6e84efea8a47e30bf13e8e0f68af1;7c3a18490b;-;-;Mon Apr 26 16:23:21 2021 +0200;1619447001;-;-;Mon Apr 26 16:23:21 2021 +0200;1619447001
01e50fb60ad0d82f96fe4df6054ed6029e2f6a12;01e50fb60a;-;-;Thu Apr 22 18:55:40 2021 +0200;1619110540;-;-;Thu Apr 22 18:55:40 2021 +0200;1619110540
6c3a0a90266f15d449def9fe4c515575cdca97bb;6c3a0a9026;-;-;Thu Apr 22 18:53:31 2021 +0200;1619110411;-;-;Thu Apr 22 18:53:31 2021 +0200;1619110411
3bded7659af9f6ecf377ccb0f8a32b31f051b7d1;3bded7659a;-;-;Thu Apr 22 19:33:37 2021 +0300;1619109217;-;-;Thu Apr 22 18:33:37 2021 +0200;1619109217
7f1062159ee9926d5abed7cadc2b36b6b7fc242e;7f1062159e;-;-;Thu Apr 22 15:39:03 2021 +0200;1619098743;-;-;Thu Apr 22 15:39:03 2021 +0200;1619098743
e4c0ff569b8ed8db1996abc7d3f924083b607b8e;e4c0ff569b;-;-;Thu Apr 22 11:26:15 2021 +0200;1619083575;-;-;Thu Apr 22 11:26:15 2021 +0200;1619083575
d275a4e28de4efdff2b4d8dc9f1233b4542c2ab6;d275a4e28d;-;-;Wed Apr 21 17:37:06 2021 +0100;1619023026;-;-;Wed Apr 21 17:37:06 2021 +0100;1619023026
42a23098de6ad9166166c2124b1504df223e40ec;42a23098de;-;-;Wed Apr 21 17:28:14 2021 +0100;1619022494;-;-;Wed Apr 21 17:28:14 2021 +0100;1619022494
d25ae4b02c9ea4f20da4e816c2da662cc177eda5;d25ae4b02c;-;-;Wed Apr 21 17:04:10 2021 +0100;1619021050;-;-;Wed Apr 21 17:04:10 2021 +0100;1619021050
5740eaf33e25baaeab496b9dd9e91e2caaeab430;5740eaf33e;-;-;Wed Apr 21 14:15:27 2021 +0200;1619007327;-;-;Wed Apr 21 14:15:27 2021 +0200;1619007327
80d46ba80e8c813a32180196b87d2f81d50f0d14;80d46ba80e;-;-;Wed Apr 21 15:06:43 2021 +0300;1619006803;-;-;Wed Apr 21 14:06:43 2021 +0200;1619006803
db9a10bf3524923e8cd5be3f2b847002b8289f75;db9a10bf35;-;-;Wed Apr 21 14:56:38 2021 +0300;1619006198;-;-;Wed Apr 21 13:56:38 2021 +0200;1619006198
27bfcbbc823897169942ddc9a9ff9538486426c5;27bfcbbc82;-;-;Tue Apr 20 16:25:34 2021 +0200;1618928734;-;-;Wed Apr 21 12:04:21 2021 +0200;1618999461
b153b5e53b057c03d03fff1e590b78765b6ff3fb;b153b5e53b;-;-;Wed Apr 21 12:13:00 2021 +0300;1618996380;-;-;Wed Apr 21 11:13:00 2021 +0200;1618996380
1f477a5c1ce6c0ad987f95b5cba9fcf496b12fcf;1f477a5c1c;-;-;Tue Apr 20 19:27:56 2021 +0200;1618939676;-;-;Tue Apr 20 19:27:56 2021 +0200;1618939676
ceac2a5c3ccda3335241ef2eafdcbac9adde7e13;ceac2a5c3c;-;-;Tue Apr 20 19:22:57 2021 +0200;1618939377;-;-;Tue Apr 20 19:22:57 2021 +0200;1618939377
e03fdeaf8bbbe6d9ce28153de7ca738dbab4d13f;e03fdeaf8b;-;-;Tue Apr 20 20:08:27 2021 +0300;1618938507;-;-;Tue Apr 20 19:08:27 2021 +0200;1618938507
02865494667814b3671d8c7374a25d524d8ed5ad;0286549466;-;-;Tue Apr 20 19:59:50 2021 +0300;1618937990;-;-;Tue Apr 20 18:59:50 2021 +0200;1618937990
71158f4d96d8689c6a17b5b93a5a52bf72a83ea9;71158f4d96;-;-;Tue Apr 20 18:56:18 2021 +0200;1618937778;-;-;Tue Apr 20 18:56:18 2021 +0200;1618937778
730368036982c2a578c1bfca698d1581aedce60b;7303680369;-;-;Tue Apr 20 19:54:34 2021 +0300;1618937674;-;-;Tue Apr 20 18:54:34 2021 +0200;1618937674
906a1f561a404184404ceb9a9e4a8ff18798e715;906a1f561a;-;-;Tue Apr 20 12:18:01 2021 +0200;1618913881;-;-;Tue Apr 20 12:18:01 2021 +0200;1618913881
e489706f130c712f4a7f92ac6c893a6f0f7fa26c;e489706f13;-;-;Sun Apr 18 15:48:00 2021 +0200;1618753680;-;-;Sun Apr 18 15:48:00 2021 +0200;1618753680
69bbdce826bc3a23501a341b3b3e076e7409eeee;69bbdce826;-;-;Fri Apr 16 19:55:52 2021 +0100;1618599352;-;-;Fri Apr 16 19:56:03 2021 +0100;1618599363
0f31830ae2a75da60e839246cb80c4057f9ef5fc;0f31830ae2;-;-;Fri Apr 16 19:07:15 2021 +0200;1618592835;-;-;Fri Apr 16 19:14:41 2021 +0200;1618593281
5d297c6387b9e6c62dcb7e6ec3c5d04aad85310d;5d297c6387;-;-;Fri Apr 16 11:44:48 2021 +0200;1618566288;-;-;Fri Apr 16 11:44:48 2021 +0200;1618566288
320f5836b4ea4f8aaaef8577a3b0d35f0fba4887;320f5836b4;-;-;Fri Apr 16 12:39:45 2021 +0300;1618565985;-;-;Fri Apr 16 11:39:45 2021 +0200;1618565985
af06b80bdf316b25e2fdb4f536809922318ce62c;af06b80bdf;-;-;Thu Apr 15 19:45:13 2021 +0300;1618505113;-;-;Thu Apr 15 18:45:13 2021 +0200;1618505113
5b1ab31559798df83f1e8d54d2b754f12c69c14e;5b1ab31559;-;-;Thu Apr 15 11:17:04 2021 +0200;1618478224;-;-;Thu Apr 15 11:17:04 2021 +0200;1618478224
bf05da1f8c153264af07be59d680be39ffbfe48d;bf05da1f8c;-;-;Wed Apr 14 19:07:39 2021 +0300;1618416459;-;-;Thu Apr 15 11:10:15 2021 +0200;1618477815
63217e44f1333aea32a91dc2c4ef40365fa61dbf;63217e44f1;-;-;Thu Apr 15 09:56:15 2021 +0200;1618473375;-;-;Thu Apr 15 09:56:16 2021 +0200;1618473376
27c4e74e24c68fc93b422e150668e549d0a94142;27c4e74e24;-;-;Tue Apr 13 17:43:40 2021 +0100;1618332220;-;-;Tue Apr 13 17:43:40 2021 +0100;1618332220
b73eb51cb1a2588f456f25598bdf8447ff59bf18;b73eb51cb1;-;-;Tue Apr 13 11:15:32 2021 +0000;1618312532;-;-;Tue Apr 13 11:15:32 2021 +0000;1618312532
f31933e67e054a4df2fcd58684750aaf3efc7bbb;f31933e67e;-;-;Tue Apr 13 12:26:52 2021 +0200;1618309612;-;-;Tue Apr 13 12:26:52 2021 +0200;1618309612
c7989c78c80f0613b96df1650d646ad11b7e1ca4;c7989c78c8;-;-;Tue Apr 13 12:26:31 2021 +0200;1618309591;-;-;Tue Apr 13 12:26:31 2021 +0200;1618309591
f03ccd5cc98e94cf528c9b46cea687af8f59487a;f03ccd5cc9;-;-;Tue Apr 13 11:36:28 2021 +0200;1618306588;-;-;Tue Apr 13 11:36:28 2021 +0200;1618306588
bcc6171a72b0a7fa3e21919f2c2fc7b3daf36a30;bcc6171a72;-;-;Tue Apr 13 11:21:56 2021 +0200;1618305716;-;-;Tue Apr 13 11:21:56 2021 +0200;1618305716
a80c5fcfaf2786ab506d176e4a713ae983f9bfe5;a80c5fcfaf;-;-;Sat Apr 10 20:38:27 2021 +0300;1618076307;-;-;Tue Apr 13 11:17:09 2021 +0200;1618305429
04ce8e0ac470e341366d150f6e36b0a5e5786799;04ce8e0ac4;-;-;Tue Apr 13 09:52:23 2021 +0200;1618300343;-;-;Tue Apr 13 09:52:23 2021 +0200;1618300343
74f7eb11be33fcf4c987adbf6cffdd500f6bac43;74f7eb11be;-;-;Tue Apr 13 08:12:02 2021 +0200;1618294322;-;-;Tue Apr 13 08:12:02 2021 +0200;1618294322
e05b5846239fcd7a119a8ac884f5527b9bc24263;e05b584623;-;-;Mon Apr 12 23:46:27 2021 +0200;1618263987;-;-;Mon Apr 12 23:46:27 2021 +0200;1618263987
29955a2898264e5ced29b304b1e93fe2cd9eaf70;29955a2898;-;-;Mon Apr 12 22:41:00 2021 +0200;1618260060;-;-;Mon Apr 12 22:41:00 2021 +0200;1618260060
4b6b12bf2f226b6bba146d12c1c4dc8e7f94e182;4b6b12bf2f;-;-;Mon Apr 12 22:40:53 2021 +0200;1618260053;-;-;Mon Apr 12 22:40:53 2021 +0200;1618260053
ab0e8f0617321669ed413a85dbdfe62711a2e777;ab0e8f0617;-;-;Mon Apr 12 20:22:38 2021 +0100;1618255358;-;-;Mon Apr 12 20:22:38 2021 +0100;1618255358
0a6a6d48e2a0b5b6c08c065d542843ad8504b6cf;0a6a6d48e2;-;-;Mon Apr 12 20:14:48 2021 +0100;1618254888;-;-;Mon Apr 12 20:14:48 2021 +0100;1618254888
a08593b44bada4f53797f991d89a21582eee4217;a08593b44b;-;-;Mon Apr 12 19:53:08 2021 +0100;1618253588;-;-;Mon Apr 12 19:54:20 2021 +0100;1618253660
7954dc7a00f56a80b5e439c9c9238b9871afac36;7954dc7a00;-;-;Sat Mar 20 21:31:47 2021 +0900;1616243507;-;-;Mon Apr 12 20:11:14 2021 +0200;1618251074
22d9012081bc5e8da58589e5af8893db8c5361fd;22d9012081;-;-;Mon Apr 12 19:55:43 2021 +0200;1618250143;-;-;Mon Apr 12 19:55:43 2021 +0200;1618250143
327e761536eb23c9db90e93c18a549b6bccca2f8;327e761536;-;-;Mon Apr 12 16:26:53 2021 +0200;1618237613;-;-;Mon Apr 12 16:27:10 2021 +0200;1618237630
4e42b5dfbc266b19586de27621bbab2cff64f5e7;4e42b5dfbc;-;-;Mon Apr 12 14:15:45 2021 +0200;1618229745;-;-;Mon Apr 12 14:15:45 2021 +0200;1618229745
432c720dd0398b8995625cd286b20a0a8184778c;432c720dd0;-;-;Fri Apr 9 11:29:29 2021 -0400;1617982169;-;-;Fri Apr 9 17:29:29 2021 +0200;1617982169
f7606ba51b1ba8b2de012f316cab2091a49bfb90;f7606ba51b;-;-;Fri Apr 9 17:59:48 2021 +0300;1617980388;-;-;Fri Apr 9 16:59:48 2021 +0200;1617980388
0f54585f05734a21324600b0cd1ea07826acb66f;0f54585f05;-;-;Fri Apr 9 16:54:32 2021 +0200;1617980072;-;-;Fri Apr 9 16:54:49 2021 +0200;1617980089
d3d6e100da22d80c7601cb97b6246258d382168b;d3d6e100da;-;-;Fri Apr 9 16:47:04 2021 +0200;1617979624;-;-;Fri Apr 9 16:47:04 2021 +0200;1617979624
35ea33e13a452b7fd3b7e5fae3eeddc058ae4b00;35ea33e13a;-;-;Fri Apr 9 17:32:17 2021 +0300;1617978737;-;-;Fri Apr 9 16:32:17 2021 +0200;1617978737
a2d91a562de7ab3e0d4ccbe2b1dbadb8f5324156;a2d91a562d;-;-;Thu Apr 8 14:26:24 2021 +0200;1617884784;-;-;Thu Apr 8 14:46:59 2021 +0200;1617886019
97f3846971ec2e9338d8f3eccfe4ea30250e8647;97f3846971;-;-;Thu Apr 8 10:36:00 2021 +0200;1617870960;-;-;Thu Apr 8 14:43:49 2021 +0200;1617885829
44e1d6d1bf5ac559fe7e2367396e1be9abea435a;44e1d6d1bf;-;-;Thu Apr 8 14:24:39 2021 +0200;1617884679;-;-;Thu Apr 8 14:24:39 2021 +0200;1617884679
c5ac8e8ab62cf7a616d5316bc6ef6d5d5e461c10;c5ac8e8ab6;-;-;Wed Apr 7 12:49:41 2021 +0100;1617796181;-;-;Wed Apr 7 12:50:07 2021 +0100;1617796207
fa4c62cab22eac474b006de3ef7357667a936921;fa4c62cab2;-;-;Wed Apr 7 09:34:43 2021 +0200;1617780883;-;-;Wed Apr 7 09:34:43 2021 +0200;1617780883
8a1182a6785477a96e09ae9246a315174d9e767f;8a1182a678;-;-;Tue Apr 6 19:43:13 2021 +0100;1617734593;-;-;Tue Apr 6 19:43:13 2021 +0100;1617734593
01bea34569cd3dd00e8691a08ab1a2fc53d6c13e;01bea34569;-;-;Fri Apr 2 17:46:13 2021 +0200;1617378373;-;-;Fri Apr 2 17:46:13 2021 +0200;1617378373
58e40d1aa2c23f6d9c41d4289f5b5debc10868f6;58e40d1aa2;-;-;Thu Mar 25 22:34:40 2021 +0100;1616708080;-;-;Thu Apr 1 17:06:48 2021 +0200;1617289608
85dbd2a4c3765312847595e0064e2b352800ea85;85dbd2a4c3;-;-;Thu Apr 1 16:06:14 2021 +0200;1617285974;-;-;Thu Apr 1 16:06:14 2021 +0200;1617285974
eca87b87de8445feab00dd4e98a634ece6c80e20;eca87b87de;-;-;Thu Apr 1 15:00:23 2021 +0200;1617282023;-;-;Thu Apr 1 15:39:53 2021 +0200;1617284393
5e1e29a2dd6e94d7221aa90d21e052ffdc824a06;5e1e29a2dd;-;-;Wed Mar 31 12:25:39 2021 +0100;1617189939;-;-;Wed Mar 31 12:25:39 2021 +0100;1617189939
7dc3a5564873b0839d7b74b2d2eb5ed5de50ce4e;7dc3a55648;-;-;Wed Mar 31 11:46:58 2021 +0100;1617187618;-;-;Wed Mar 31 11:47:22 2021 +0100;1617187642
f982fd99d7d3bed6e879b00f7599cb8c587228cc;f982fd99d7;-;-;Tue Mar 30 16:37:26 2021 +0200;1617115046;-;-;Tue Mar 30 16:37:26 2021 +0200;1617115046
ab18ab60250e256da4b1502e1786b168c374a229;ab18ab6025;-;-;Tue Mar 30 15:20:11 2021 +0200;1617110411;-;-;Tue Mar 30 15:20:59 2021 +0200;1617110459
d83fb099149bd9178ee7d103c6da1ea52152c1cc;d83fb09914;-;-;Tue Mar 30 10:51:19 2021 +0200;1617094279;-;-;Tue Mar 30 10:51:19 2021 +0200;1617094279
b651c10e83e6876bffa54d057ec15bc2f630c017;b651c10e83;-;-;Mon Mar 29 18:30:49 2021 +0100;1617039049;-;-;Mon Mar 29 18:30:49 2021 +0100;1617039049
5651695fd17c182044186b2fee043e4d7bc683b8;5651695fd1;-;-;Mon Mar 29 17:59:19 2021 +0100;1617037159;-;-;Mon Mar 29 17:59:19 2021 +0100;1617037159
1a9556925def8a0ad6f8e9c257dd9112e3379872;1a9556925d;-;-;Thu Mar 25 21:30:39 2021 +0000;1616707839;-;-;Mon Mar 29 15:23:29 2021 +0100;1617027809
2dc203ffdce6955749c5105ef321c86677d52b73;2dc203ffdc;-;-;Fri Mar 26 11:45:43 2021 +0900;1616726743;-;-;Mon Mar 29 11:40:56 2021 +0100;1617014456
610de3ae786812f332b71a7453a67afd39834a03;610de3ae78;-;-;Tue Mar 23 13:59:53 2021 +0100;1616504393;-;-;Tue Mar 23 13:59:53 2021 +0100;1616504393
5b2ace57423148bc9fd6af864e4c7c1eb04d515b;5b2ace5742;-;-;Mon Mar 22 23:34:13 2021 +0100;1616452453;-;-;Mon Mar 22 23:34:13 2021 +0100;1616452453
5b227e5677d35b9c010c432ed9698d67a0cf7fe2;5b227e5677;-;-;Mon Mar 22 23:11:30 2021 +0100;1616451090;-;-;Mon Mar 22 23:11:30 2021 +0100;1616451090
41d5048280409f358365fc702753122557e0fbf1;41d5048280;-;-;Mon Mar 22 21:18:48 2021 +0000;1616447928;-;-;Mon Mar 22 21:18:48 2021 +0000;1616447928
a931ff12f6243afcbce5c8e4b97aea302d29a65f;a931ff12f6;-;-;Fri Mar 19 20:11:07 2021 +0000;1616184667;-;-;Mon Mar 22 07:12:10 2021 +0000;1616397130
e4f753e3e3237c1c7c6d0b57b7a30d6721923cba;e4f753e3e3;-;-;Thu Mar 18 13:51:32 2021 +0100;1616071892;-;-;Thu Mar 18 13:51:32 2021 +0100;1616071892
4982b5fcb9a2ca49edda697918557bdb76e3d282;4982b5fcb9;-;-;Tue Mar 16 17:55:34 2021 +0000;1615917334;-;-;Tue Mar 16 17:55:43 2021 +0000;1615917343
f7678cdcdda14e1575f435ad424af31451934c10;f7678cdcdd;-;-;Tue Mar 16 12:31:14 2021 +0100;1615894274;-;-;Tue Mar 16 13:09:36 2021 +0100;1615896576
3ab39eda087e8460d5053395ee2a5f588766437c;3ab39eda08;-;-;Tue Mar 16 13:03:29 2021 +0100;1615896209;-;-;Tue Mar 16 13:04:11 2021 +0100;1615896251
14a6909c4a9d737f57e114fdaa17d435f2549661;14a6909c4a;-;-;Tue Mar 16 11:14:29 2021 +0100;1615889669;-;-;Tue Mar 16 13:04:11 2021 +0100;1615896251
fd17738f76f0fd6015fc5b673b163fa2c75b0031;fd17738f76;-;-;Tue Mar 16 11:39:35 2021 +0900;1615862375;-;-;Tue Mar 16 12:15:00 2021 +0100;1615893300
f674652dd0b10c9c5923bf419187d865514b162a;f674652dd0;-;-;Tue Mar 16 08:12:35 2021 +0000;1615882355;-;-;Tue Mar 16 08:12:35 2021 +0000;1615882355
5476b2edffd7d5cb68972475d61bc7de1e29c5eb;5476b2edff;-;-;Tue Mar 16 07:19:07 2021 +0000;1615879147;-;-;Tue Mar 16 07:19:28 2021 +0000;1615879168
c0fee67c6dae586d66f17724dcef32b631d6eecf;c0fee67c6d;-;-;Tue Mar 16 06:59:41 2021 +0100;1615874381;-;-;Tue Mar 16 06:59:41 2021 +0100;1615874381
f229fa4b723ba85522c23d5ad85aae47323c59a4;f229fa4b72;-;-;Tue Mar 16 06:53:52 2021 +0100;1615874032;-;-;Tue Mar 16 06:53:52 2021 +0100;1615874032
684939d5f831362c46e523b0e2b6a0ebcd9817be;684939d5f8;-;-;Tue Mar 16 06:53:22 2021 +0100;1615874002;-;-;Tue Mar 16 06:53:22 2021 +0100;1615874002
b8d75c3139d6b8e89498742099bac7eac99e09bc;b8d75c3139;-;-;Mon Mar 15 18:07:13 2021 +0000;1615831633;-;-;Mon Mar 15 18:07:13 2021 +0000;1615831633
d92c74d923a43218cd0f49fdf28622a2aa6c9837;d92c74d923;-;-;Sun Mar 14 11:48:54 2021 +0300;1615711734;-;-;Mon Mar 15 17:36:47 2021 +0000;1615829807
4f14291e2fd6790f605ad34b499caa3696d71278;4f14291e2f;-;-;Mon Mar 15 18:00:54 2021 +0100;1615827654;-;-;Mon Mar 15 18:00:54 2021 +0100;1615827654
7d3f42b27bd0042f1461e3e2ef45bbd641b05fa3;7d3f42b27b;-;-;Mon Mar 15 17:58:43 2021 +0100;1615827523;-;-;Mon Mar 15 17:58:43 2021 +0100;1615827523
a8d553218c5e888c83a953cd653397520512053d;a8d553218c;-;-;Fri Mar 12 16:13:50 2021 +0100;1615562030;-;-;Mon Mar 15 14:33:41 2021 +0100;1615815221
7f422f206cbf051c1222d6536be697d54a0cd7c0;7f422f206c;-;-;Mon Mar 15 21:31:53 2021 +0900;1615811513;-;-;Mon Mar 15 13:47:13 2021 +0100;1615812433
70f0895f961bc3a2babcc8fe72f0804770e4dd5a;70f0895f96;-;-;Mon Mar 15 12:12:53 2021 +0100;1615806773;-;-;Mon Mar 15 12:12:53 2021 +0100;1615806773
2728a9b931ea52515f2d4f3c77ec102e904d69bb;2728a9b931;-;-;Mon Mar 15 20:02:40 2021 +0900;1615806160;-;-;Mon Mar 15 12:02:40 2021 +0100;1615806160
bc261fd9950aa34c4fabae77a9677fd6083be428;bc261fd995;-;-;Mon Mar 15 05:47:17 2021 -0500;1615805237;-;-;Mon Mar 15 11:47:17 2021 +0100;1615805237
0eaf6d12eb20ba98d65ac3982c2a9391f2a8a281;0eaf6d12eb;-;-;Mon Mar 15 11:26:15 2021 +0100;1615803975;-;-;Mon Mar 15 11:26:15 2021 +0100;1615803975
6e264f9bddf0948c20c9ac12c2c5c7c4a5c7839a;6e264f9bdd;-;-;Mon Mar 15 10:01:41 2021 +0000;1615802501;-;-;Mon Mar 15 10:01:41 2021 +0000;1615802501
6214ff153fd92e9fd37c5d7dee83f2cc9c9e89ce;6214ff153f;-;-;Fri Mar 12 18:58:04 2021 +0000;1615575484;-;-;Mon Mar 15 09:56:21 2021 +0000;1615802181
c6b271f1b6baef09395c810021cab1cf25d3cec0;c6b271f1b6;-;-;Mon Mar 15 09:56:17 2021 +0000;1615802177;-;-;Mon Mar 15 09:56:17 2021 +0000;1615802177
8bf16ee1f4aa827cb79ce72129a43c5ceb221287;8bf16ee1f4;-;-;Mon Mar 15 08:46:17 2021 +0100;1615794377;-;-;Mon Mar 15 08:46:17 2021 +0100;1615794377
9c030bacb83e833e64ef76599dfe6283b7c514cc;9c030bacb8;-;-;Sat Mar 13 18:03:34 2021 +0100;1615655014;-;-;Sat Mar 13 18:03:34 2021 +0100;1615655014
6670db9b58401bc9711da05410714d7b93592c7d;6670db9b58;-;-;Fri Mar 12 15:31:42 2021 +0100;1615559502;-;-;Fri Mar 12 15:31:42 2021 +0100;1615559502
7b6cac2c935bf277134d6caa17efb0d94ef5520e;7b6cac2c93;-;-;Fri Mar 12 15:17:54 2021 +0100;1615558674;-;-;Fri Mar 12 15:17:54 2021 +0100;1615558674
6ffeee3e6f31eab364d9a095b92c58305a959421;6ffeee3e6f;-;-;Fri Mar 12 15:17:41 2021 +0100;1615558661;-;-;Fri Mar 12 15:17:41 2021 +0100;1615558661
1b458aeafcc886d6461b6228855ec91bd17dd97d;1b458aeafc;-;-;Fri Mar 12 15:17:32 2021 +0100;1615558652;-;-;Fri Mar 12 15:17:32 2021 +0100;1615558652
0503cf29376bbe85011d6ae67698628180f4d6ba;0503cf2937;-;-;Fri Mar 12 11:56:53 2021 +0100;1615546613;-;-;Fri Mar 12 11:56:53 2021 +0100;1615546613
14c802f97980b27d3a3509064c92bfdab2c30c41;14c802f979;-;-;Mon Jan 25 22:14:16 2021 +0100;1611609256;-;-;Fri Mar 12 11:15:44 2021 +0100;1615544144
c1b1940dd2605dc3c91f4c76ec2a3566404d5f25;c1b1940dd2;-;-;Fri Mar 12 11:02:35 2021 +0100;1615543355;-;-;Fri Mar 12 11:02:35 2021 +0100;1615543355
97b3aa4b1324accec5b4757eb327efa4e7750178;97b3aa4b13;-;-;Fri Mar 12 00:14:04 2021 +0100;1615504444;-;-;Fri Mar 12 00:14:04 2021 +0100;1615504444
79b571038633721a804ffab8ddce6284790af8b6;79b5710386;-;-;Wed Mar 10 13:29:57 2021 +0100;1615379397;-;-;Thu Mar 11 15:57:32 2021 +0100;1615474652
b2bcb0f93ad04a6ddc729a487f9346defa6c39d6;b2bcb0f93a;-;-;Tue Mar 2 20:35:05 2021 +0100;1614713705;-;-;Thu Mar 11 11:30:30 2021 +0100;1615458630
5593e95e895006faee2fcd19816c98de987dae31;5593e95e89;-;-;Thu Mar 11 10:14:12 2021 +0100;1615454052;-;-;Thu Mar 11 10:14:39 2021 +0100;1615454079
6d4c0091b545e6dd4596b6856e957e90797365e5;6d4c0091b5;-;-;Wed Mar 10 17:32:41 2021 +0000;1615397561;-;-;Wed Mar 10 17:33:04 2021 +0000;1615397584
55aa8e914ed2e6808a7599842414152248cbe00c;55aa8e914e;-;-;Wed Mar 10 10:41:03 2021 +0000;1615372863;-;-;Wed Mar 10 17:33:04 2021 +0000;1615397584
2b017fe540130b77b10fe57aebb6745686a9863b;2b017fe540;-;-;Wed Mar 10 16:37:31 2021 +0100;1615390651;-;-;Wed Mar 10 16:37:31 2021 +0100;1615390651
61cdd647b6d140065a254c7924aa5177f3de4cf5;61cdd647b6;-;-;Wed Mar 10 14:17:37 2021 +0100;1615382257;-;-;Wed Mar 10 14:17:37 2021 +0100;1615382257
f6d3d9d6e6ea38599b98da907ecd536487d07565;f6d3d9d6e6;-;-;Wed Mar 10 13:59:30 2021 +0100;1615381170;-;-;Wed Mar 10 13:59:30 2021 +0100;1615381170
ed71fe04601d78f1730da780c0a93a48f87b5be6;ed71fe0460;-;-;Tue Mar 9 15:17:06 2021 +0100;1615299426;-;-;Tue Mar 9 15:30:06 2021 +0100;1615300206
89f70bdc46becb2629a9635eacb0365a83c67ab6;89f70bdc46;-;-;Tue Mar 9 13:45:31 2021 +0100;1615293931;-;-;Tue Mar 9 13:45:31 2021 +0100;1615293931
3c9bd3177e2dc3d3e6b6e581b3933e0f1c6bd969;3c9bd3177e;-;-;Tue Mar 9 12:30:52 2021 +0100;1615289452;-;-;Tue Mar 9 12:30:52 2021 +0100;1615289452
4b80ef21b631824851971071fde5867bec0be754;4b80ef21b6;-;-;Tue Mar 9 08:16:48 2021 +0100;1615274208;-;-;Tue Mar 9 08:16:48 2021 +0100;1615274208
70c0e104b5b3170dd7ea93b98ac83e97dbf9de67;70c0e104b5;-;-;Tue Mar 9 00:29:02 2021 +0100;1615246142;-;-;Tue Mar 9 00:29:02 2021 +0100;1615246142
01bf1c9021c1f5c20de5acf74f6b9a5bf3f61b96;01bf1c9021;-;-;Tue Mar 9 00:08:03 2021 +0100;1615244883;-;-;Tue Mar 9 00:08:03 2021 +0100;1615244883
530fb0808db3e60e68d3678e4e38843d070babd5;530fb0808d;-;-;Mon Mar 8 23:45:56 2021 +0100;1615243556;-;-;Mon Mar 8 23:45:56 2021 +0100;1615243556
48688b7b0455efc74b2998288242e01ba78f3f73;48688b7b04;-;-;Mon Mar 8 23:45:47 2021 +0100;1615243547;-;-;Mon Mar 8 23:45:47 2021 +0100;1615243547
1ef8cad7bc49ec90630c19076cfe764b8765d5aa;1ef8cad7bc;-;-;Mon Mar 8 21:06:15 2021 +0000;1615237575;-;-;Mon Mar 8 21:06:49 2021 +0000;1615237609
86902d27b222b2d5ed11856d7cbce5a0461c46cf;86902d27b2;-;-;Mon Mar 8 19:31:56 2021 +0100;1615228316;-;-;Mon Mar 8 19:31:56 2021 +0100;1615228316
9877a9e6b7d299dc32a447340bbbd0ee6a1076b5;9877a9e6b7;-;-;Thu Mar 4 16:27:02 2021 +0800;1614846422;-;-;Mon Mar 8 18:56:46 2021 +0100;1615226206
75b6540bd8163d93a07d6be63927a68e1bfc8af1;75b6540bd8;-;-;Thu Mar 4 19:09:45 2021 +0800;1614856185;-;-;Mon Mar 8 18:56:22 2021 +0100;1615226182
21d77dd7c7784aa45d2b3851d254fc1c8acdc02e;21d77dd7c7;-;-;Thu Mar 4 19:20:13 2021 +0200;1614878413;-;-;Fri Mar 5 14:07:23 2021 +0000;1614953243
8bdc53ac5c95a85212b3d03f634259e6b968f969;8bdc53ac5c;-;-;Thu Mar 4 22:13:52 2021 +0000;1614896032;-;-;Thu Mar 4 22:13:52 2021 +0000;1614896032
acb638f82880b6860ac3f336904f45b1d82c69fe;acb638f828;-;-;Thu Mar 4 20:57:51 2021 +0000;1614891471;-;-;Thu Mar 4 20:58:18 2021 +0000;1614891498
c7e8989f16920c7e0c8703b2abf232b18730234f;c7e8989f16;-;-;Thu Mar 4 16:54:04 2021 +0100;1614873244;-;-;Thu Mar 4 16:54:04 2021 +0100;1614873244
78f65c4ca9a2e939f86f3c45c76a29a16fa593c4;78f65c4ca9;-;-;Thu Mar 4 13:57:43 2021 +0000;1614866263;-;-;Thu Mar 4 13:58:21 2021 +0000;1614866301
42e4ca1e2d73ac5e80b6a458f8bb0d14fc897310;42e4ca1e2d;-;-;Thu Mar 4 13:42:29 2021 +0000;1614865349;-;-;Thu Mar 4 13:58:21 2021 +0000;1614866301
d23a108e769ac30dba2afd2baf6802050f2a9b4b;d23a108e76;-;-;Wed Mar 3 16:28:02 2021 +0000;1614788882;-;-;Thu Mar 4 13:58:21 2021 +0000;1614866301
b9a612b6374163a1cc891f4f16e61937c3fef0bc;b9a612b637;-;-;Wed Mar 3 22:44:40 2021 +0900;1614779080;-;-;Wed Mar 3 14:44:40 2021 +0100;1614779080
1ee9223348c81c903a1d53d3378032beb16c3cbe;1ee9223348;-;-;Wed Mar 3 11:42:35 2021 +0100;1614768155;-;-;Wed Mar 3 11:42:35 2021 +0100;1614768155
926c4aae5256f8a39f9be8774d67322eabdb4f08;926c4aae52;-;-;Wed Mar 3 11:36:09 2021 +0100;1614767769;-;-;Wed Mar 3 11:36:09 2021 +0100;1614767769
b61643b71a04fee5bb74d6bf1b35aae4125afb9e;b61643b71a;-;-;Tue Mar 2 14:45:09 2021 +0100;1614692709;-;-;Tue Mar 2 14:45:48 2021 +0100;1614692748
7efb4eade64b01cfcd27984a6fc4f358069fdd63;7efb4eade6;-;-;Tue Mar 2 14:10:40 2021 +0100;1614690640;-;-;Tue Mar 2 14:10:40 2021 +0100;1614690640
e89cc9934fd9fa25a6cbf73291a2c51784f5d564;e89cc9934f;-;-;Tue Mar 2 14:00:36 2021 +0100;1614690036;-;-;Tue Mar 2 14:00:36 2021 +0100;1614690036
010b7375fc99f2bc9adf1cc0d21c8a62d5139d07;010b7375fc;-;-;Tue Mar 2 14:00:21 2021 +0100;1614690021;-;-;Tue Mar 2 14:00:21 2021 +0100;1614690021
01c2e12fef43f422b897bbf57aeac95a95c90ce8;01c2e12fef;-;-;Tue Mar 2 13:54:01 2021 +0100;1614689641;-;-;Tue Mar 2 13:54:01 2021 +0100;1614689641
90de1ab6d1cb85fe9d84a0985f9e1762494ede7e;90de1ab6d1;-;-;Sat Feb 27 17:44:02 2021 +0800;1614419042;-;-;Tue Mar 2 13:21:35 2021 +0100;1614687695
5a11569790c35f81069abfb07dcbb07980fde8dc;5a11569790;-;-;Mon Mar 1 20:55:03 2021 +0100;1614628503;-;-;Mon Mar 1 20:55:03 2021 +0100;1614628503
0087578469dd7c7b3a638a37e8fda245de3b0506;0087578469;-;-;Mon Mar 1 21:22:58 2021 +0200;1614626578;-;-;Mon Mar 1 20:22:58 2021 +0100;1614626578
1a79c54b015bdd2aa253c7e3308562bc0019e405;1a79c54b01;-;-;Mon Mar 1 14:07:20 2021 +0100;1614604040;-;-;Mon Mar 1 14:07:20 2021 +0100;1614604040
4af7a6863b8c07e936cbf3db59dcffe4dbea4294;4af7a6863b;-;-;Fri Feb 26 17:49:10 2021 +0100;1614358150;-;-;Fri Feb 26 17:49:10 2021 +0100;1614358150
c084936870bbe47b4e6d403d8106265e89fbc7cc;c084936870;-;-;Fri Feb 26 17:31:30 2021 +0100;1614357090;-;-;Fri Feb 26 17:31:30 2021 +0100;1614357090
48bd81341ffdee0bd510f4d4673722093c31f7b4;48bd81341f;-;-;Fri Feb 26 17:31:14 2021 +0100;1614357074;-;-;Fri Feb 26 17:31:14 2021 +0100;1614357074
118d8133d3e8f2035a565379026eade82fedeb98;118d8133d3;-;-;Fri Feb 26 16:48:38 2021 +0100;1614354518;-;-;Fri Feb 26 17:00:32 2021 +0100;1614355232
c2137a0d2fb74127b799b37bd8d41ccff44a0b3f;c2137a0d2f;-;-;Fri Feb 26 14:28:07 2021 +0000;1614349687;-;-;Fri Feb 26 14:29:01 2021 +0000;1614349741
8c9c59eba0bf1d8efd01d4130e46f158c5bf9df0;8c9c59eba0;-;-;Thu Feb 25 18:33:35 2021 +0000;1614278015;-;-;Thu Feb 25 18:33:35 2021 +0000;1614278015
8ed7f4703bbe371aa54b7ae5d61cce92828d53b6;8ed7f4703b;-;-;Thu Feb 25 18:29:05 2021 +0000;1614277745;-;-;Thu Feb 25 18:29:05 2021 +0000;1614277745
e04269cadd5082fdb1b422cbeb9bcaad98510a41;e04269cadd;-;-;Thu Feb 25 18:20:34 2021 +0000;1614277234;-;-;Thu Feb 25 18:20:34 2021 +0000;1614277234
aa73f6733eff571a33824674c669861acb61dff8;aa73f6733e;-;-;Wed Feb 24 20:44:50 2021 +0000;1614199490;-;-;Thu Feb 25 17:58:32 2021 +0000;1614275912
b5147a034c05b85b9619b107584f0837aab86961;b5147a034c;-;-;Thu Feb 25 18:08:04 2021 +0100;1614272884;-;-;Thu Feb 25 18:08:04 2021 +0100;1614272884
ebf6fff31294f4a90de776da05fb9d4adbf6eab1;ebf6fff312;-;-;Sat Feb 20 01:05:13 2021 -0500;1613801113;-;-;Thu Feb 25 17:55:55 2021 +0100;1614272155
dee12db50ad689b8fbe3ffc2e2f8c27316478d90;dee12db50a;-;-;Sat Feb 20 00:28:03 2021 -0500;1613798883;-;-;Thu Feb 25 17:55:24 2021 +0100;1614272124
e53cce0778f01fcced645cd831399b876fc2579c;e53cce0778;-;-;Thu Feb 25 17:48:01 2021 +0100;1614271681;-;-;Thu Feb 25 17:48:01 2021 +0100;1614271681
8baf404893037951ac29393a41d40af4fa11775b;8baf404893;-;-;Thu Feb 25 11:21:06 2021 +0100;1614248466;-;-;Thu Feb 25 11:41:11 2021 +0100;1614249671
a33eac3ec05952424603d1fefc627b4a3ef36449;a33eac3ec0;-;-;Wed Feb 24 11:19:58 2021 +0800;1614136798;-;-;Thu Feb 25 11:25:54 2021 +0100;1614248754
eb68e6a62ae2dd5b01e790e9cd58363f2188eb91;eb68e6a62a;-;-;Thu Feb 25 10:50:34 2021 +0100;1614246634;-;-;Thu Feb 25 10:50:34 2021 +0100;1614246634
a9240e0bac4d71792bc22642093cbda86ed82f85;a9240e0bac;-;-;Wed Feb 24 17:18:04 2021 +0100;1614183484;-;-;Wed Feb 24 17:18:04 2021 +0100;1614183484
262b7d7c27bec01b653155ac12904567d860b14c;262b7d7c27;-;-;Wed Feb 24 17:14:10 2021 +0100;1614183250;-;-;Wed Feb 24 17:14:10 2021 +0100;1614183250
31d9f31806fec88b268e1ad97cfa2db428d3f734;31d9f31806;-;-;Wed Feb 24 11:38:07 2021 +0100;1614163087;-;-;Wed Feb 24 11:38:07 2021 +0100;1614163087
0fd774e69f6df53d929af32bd92b9da4c6964b9c;0fd774e69f;-;-;Tue Feb 23 18:03:18 2021 +0000;1614103398;-;-;Wed Feb 24 09:37:20 2021 +0000;1614159440
ec5774e748357ac969ae51f96bd0d41916bfafa0;ec5774e748;-;-;Tue Feb 23 17:25:38 2021 +0000;1614101138;-;-;Wed Feb 24 09:37:20 2021 +0000;1614159440
962ec38a61302e1ace6425a7ea89aae993357905;962ec38a61;-;-;Sat Feb 20 15:58:03 2021 +0800;1613807883;-;-;Wed Feb 24 09:37:20 2021 +0000;1614159440
3ec0452fed9675cac4676f05c8ca461f0d96dd30;3ec0452fed;-;-;Mon Feb 22 20:37:56 2021 +0000;1614026276;-;-;Wed Feb 24 09:36:43 2021 +0000;1614159403
cb3af52df2aeee0830a78589562cdec4f4ef318a;cb3af52df2;-;-;Wed Feb 24 00:43:39 2021 +0800;1614098619;-;-;Tue Feb 23 17:43:39 2021 +0100;1614098619
5b114b72084405961737b552a74c55088bbd4410;5b114b7208;-;-;Tue Feb 23 17:30:11 2021 +0100;1614097811;-;-;Tue Feb 23 17:30:11 2021 +0100;1614097811
f7cef2ab202f238ae94d90badd071313986af19f;f7cef2ab20;-;-;Tue Feb 23 16:21:07 2021 +0100;1614093667;-;-;Tue Feb 23 16:21:07 2021 +0100;1614093667
77a658f51bbb257c018888b76b7149dae34c769c;77a658f51b;-;-;Tue Feb 23 11:45:53 2021 +0100;1614077153;-;-;Tue Feb 23 11:45:53 2021 +0100;1614077153
cf4e77907f7056cbee60efb5842989d9266f091d;cf4e77907f;-;-;Tue Feb 23 18:43:38 2021 +0900;1614073418;-;-;Tue Feb 23 10:43:38 2021 +0100;1614073418
42a223b9cd97c67703b3791252395c1df1e3a528;42a223b9cd;-;-;Mon Feb 22 23:00:49 2021 +0100;1614031249;-;-;Mon Feb 22 23:00:49 2021 +0100;1614031249
6d2fec383b76a70b4ebc847cb555941f24e93b02;6d2fec383b;-;-;Mon Feb 22 18:41:50 2021 +0100;1614015710;-;-;Mon Feb 22 18:41:50 2021 +0100;1614015710
90ee22f2affdf6c34a640eef97839742576c2611;90ee22f2af;-;-;Sat Feb 20 18:17:46 2021 +0200;1613837866;-;-;Mon Feb 22 17:54:53 2021 +0100;1614012893
db5be44ff43e5921150fa3cfbc522963870d61fd;db5be44ff4;-;-;Mon Feb 22 17:02:17 2021 +0100;1614009737;-;-;Mon Feb 22 17:02:17 2021 +0100;1614009737
a78c12b8d3f5304665fa73a76cb01b8a7c744ca8;a78c12b8d3;-;-;Mon Feb 22 17:02:01 2021 +0100;1614009721;-;-;Mon Feb 22 17:02:01 2021 +0100;1614009721
dfc84069178cbba57425e85841c9c3257242db0b;dfc8406917;-;-;Mon Feb 22 19:05:25 2021 +0900;1613988325;-;-;Mon Feb 22 11:05:25 2021 +0100;1613988325
313e754a8433d5fb9323174ef17dd6fbe48227b3;313e754a84;-;-;Mon Feb 22 09:59:15 2021 +0100;1613984355;-;-;Mon Feb 22 09:59:22 2021 +0100;1613984362
207ee9e307eb51fff0270c287e8a167ce00f5f89;207ee9e307;-;-;Sun Feb 21 19:14:05 2021 +0100;1613931245;-;-;Sun Feb 21 19:14:05 2021 +0100;1613931245
3215880d08f70f621aff1d27a0a5881134221068;3215880d08;-;-;Sun Feb 21 19:13:02 2021 +0100;1613931182;-;-;Sun Feb 21 19:13:02 2021 +0100;1613931182
274db2f7a934c1558eee25809ceab3982ab73e1c;274db2f7a9;-;-;Fri Feb 19 12:07:05 2021 +0000;1613736425;-;-;Fri Feb 19 12:07:05 2021 +0000;1613736425
1dd7d53de0b32813564d7b7c0627ade4d7f47b2b;1dd7d53de0;-;-;Fri Feb 19 11:49:44 2021 +0000;1613735384;-;-;Fri Feb 19 11:49:44 2021 +0000;1613735384
8535193df394865903d31efcfccccd06b18db50d;8535193df3;-;-;Thu Feb 18 13:02:10 2021 +0100;1613649730;-;-;Thu Feb 18 13:02:10 2021 +0100;1613649730
a78701cc4b7cb66be91ebee4fa9764e753dacd68;a78701cc4b;-;-;Thu Feb 18 19:54:15 2021 +0800;1613649255;-;-;Thu Feb 18 12:54:15 2021 +0100;1613649255
947387b4cdb5bee3fcca839693c71108a7279988;947387b4cd;-;-;Wed Feb 17 22:04:39 2021 +0100;1613595879;-;-;Wed Feb 17 22:04:39 2021 +0100;1613595879
49ccd7ad9c917ba11b0f5713c65b1dcff5a0595b;49ccd7ad9c;-;-;Wed Feb 17 14:29:04 2021 +0100;1613568544;-;-;Wed Feb 17 14:32:39 2021 +0100;1613568759
5b97c47fc4b9a4248db9cd2472f25ae78242baf4;5b97c47fc4;-;-;Wed Feb 17 14:30:43 2021 +0100;1613568643;-;-;Wed Feb 17 14:32:39 2021 +0100;1613568759
40661d62c108ed3fa9474fbbae8f466ad6fbee9b;40661d62c1;-;-;Wed Feb 17 09:46:04 2021 +0100;1613551564;-;-;Wed Feb 17 14:32:39 2021 +0100;1613568759
e17ca9a4e907e045daf0a7ec8e4fa99a0948d248;e17ca9a4e9;-;-;Wed Feb 17 14:21:06 2021 +0100;1613568066;-;-;Wed Feb 17 14:32:38 2021 +0100;1613568758
87761397b0d5e723504eaff092967c3896624a78;87761397b0;-;-;Wed Feb 17 12:55:53 2021 +0100;1613562953;-;-;Wed Feb 17 12:55:53 2021 +0100;1613562953
ac58614be8db9e0b128d77fcd230e7e167674be1;ac58614be8;-;-;Tue Feb 16 18:56:17 2021 +0100;1613498177;-;-;Tue Feb 16 18:56:29 2021 +0100;1613498189
4ebd8d77b7e72b0a1339937793eacaead9dcd774;4ebd8d77b7;-;-;Tue Feb 16 18:28:19 2021 +0100;1613496499;-;-;Tue Feb 16 18:28:19 2021 +0100;1613496499
7ca47cfe6bee3916de4c90f6580a71b06296bd15;7ca47cfe6b;-;-;Wed Feb 17 02:21:59 2021 +0900;1613496119;-;-;Tue Feb 16 18:21:59 2021 +0100;1613496119
fd49c8f598a9ce33f7ce14ace31c86856819776b;fd49c8f598;-;-;Tue Feb 16 16:54:49 2021 +0100;1613490889;-;-;Tue Feb 16 16:54:49 2021 +0100;1613490889
ff234568d20330e79ba0d9f0149f00bee211c528;ff234568d2;-;-;Tue Feb 16 10:52:26 2021 +0000;1613472746;-;-;Tue Feb 16 10:52:26 2021 +0000;1613472746
efc335e19894bda8aa149840bb8dec053dbede4c;efc335e198;-;-;Tue Feb 16 11:16:14 2021 +0100;1613470574;-;-;Tue Feb 16 11:16:14 2021 +0100;1613470574
1e57e572dd1b9d8cac358ec810439f502741f27a;1e57e572dd;-;-;Tue Feb 16 10:29:41 2021 +0100;1613467781;-;-;Tue Feb 16 10:29:41 2021 +0100;1613467781
829000d5115de45cfc5dadebe509676ad37d2d14;829000d511;-;-;Tue Feb 16 10:24:24 2021 +0100;1613467464;-;-;Tue Feb 16 10:24:24 2021 +0100;1613467464
a315abfd328e8a607686a38d6b78d4279d0d3a1a;a315abfd32;-;-;Tue Feb 16 10:18:13 2021 +0100;1613467093;-;-;Tue Feb 16 10:18:13 2021 +0100;1613467093
36d133ce53c89832e3894673b1a813b9741e2d22;36d133ce53;-;-;Tue Feb 16 09:59:44 2021 +0100;1613465984;-;-;Tue Feb 16 09:59:44 2021 +0100;1613465984
9417975f66f28de514f4909bc25f037934ac23e6;9417975f66;-;-;Tue Feb 16 08:51:42 2021 +0100;1613461902;-;-;Tue Feb 16 08:51:42 2021 +0100;1613461902
ed9ec58caa100bb313d87cd72209c72bd25d0242;ed9ec58caa;-;-;Tue Feb 16 00:18:14 2021 +0100;1613431094;-;-;Tue Feb 16 00:18:14 2021 +0100;1613431094
f48c3d9b67f52bfcefa85e5e454582bbc1f1a06b;f48c3d9b67;-;-;Tue Feb 16 00:09:10 2021 +0100;1613430550;-;-;Tue Feb 16 00:09:10 2021 +0100;1613430550
6b705443a689f274c1ad9897a56b281b7fc4a8bc;6b705443a6;-;-;Mon Feb 15 22:09:03 2021 +0100;1613423343;-;-;Mon Feb 15 22:09:33 2021 +0100;1613423373
c26087e848be749e493b2e29a1a99689a835c716;c26087e848;-;-;Mon Feb 15 21:04:37 2021 +0100;1613419477;-;-;Mon Feb 15 21:04:37 2021 +0100;1613419477
7225238ad56254bb9b580682ddacba381e92e936;7225238ad5;-;-;Mon Feb 15 20:40:40 2021 +0100;1613418040;-;-;Mon Feb 15 20:40:40 2021 +0100;1613418040
ff437313479e03c932ff2363a880a2725f8eca43;ff43731347;-;-;Mon Feb 15 20:20:21 2021 +0100;1613416821;-;-;Mon Feb 15 20:20:21 2021 +0100;1613416821
29fb3f27bebc6e26c1854ce13ee60087f1739189;29fb3f27be;-;-;Tue Feb 16 03:40:45 2021 +0900;1613414445;-;-;Mon Feb 15 19:40:45 2021 +0100;1613414445
63db250ebe23e7e3339311414946f5af2e0db43b;63db250ebe;-;-;Mon Feb 15 17:25:38 2021 +0000;1613409938;-;-;Mon Feb 15 17:25:38 2021 +0000;1613409938
b00c7075a5e00dce706647054ffa5f0529622e34;b00c7075a5;-;-;Wed Feb 3 22:04:55 2021 +0100;1612386295;-;-;Mon Feb 15 17:46:18 2021 +0100;1613407578
3718c8d0e06a380476fcfa1cd25a75f267f81d88;3718c8d0e0;-;-;Mon Feb 15 17:25:14 2021 +0100;1613406314;-;-;Mon Feb 15 17:25:14 2021 +0100;1613406314
ca8261cbf87f3882d177f2ef82aa3e53f9c3e809;ca8261cbf8;-;-;Mon Feb 15 17:18:01 2021 +0100;1613405881;-;-;Mon Feb 15 17:18:01 2021 +0100;1613405881
8de10e91991629b414a32fb176513d822c2465b9;8de10e9199;-;-;Wed Dec 16 18:44:01 2020 +0100;1608140641;-;-;Mon Feb 15 17:15:58 2021 +0100;1613405758
7536b7f42a13db00a6ae3c83a95646d0bfd798b9;7536b7f42a;-;-;Mon Feb 15 16:57:49 2021 +0100;1613404669;-;-;Mon Feb 15 16:57:49 2021 +0100;1613404669
bc71cc1a765ab33b0c70487959cc1976fedde0c2;bc71cc1a76;-;-;Mon Feb 15 16:53:43 2021 +0100;1613404423;-;-;Mon Feb 15 16:53:43 2021 +0100;1613404423
3524401bf1654af20b5b77913cb4ebc0ee036a20;3524401bf1;-;-;Mon Feb 15 16:33:41 2021 +0100;1613403221;-;-;Mon Feb 15 16:36:23 2021 +0100;1613403383
86423c91f750580e81e6daed4caf8e40c9cff379;86423c91f7;-;-;Mon Feb 15 16:30:06 2021 +0100;1613403006;-;-;Mon Feb 15 16:30:06 2021 +0100;1613403006
9c6b1b645dd3b11c8161dcbd2f8946185bcd74f9;9c6b1b645d;-;-;Mon Feb 15 14:44:08 2021 +0100;1613396648;-;-;Mon Feb 15 14:44:54 2021 +0100;1613396694
0fc8bf654b6a8a287119ca7f21aa60b391417939;0fc8bf654b;-;-;Mon Feb 15 12:58:37 2021 +0000;1613393917;-;-;Mon Feb 15 12:59:03 2021 +0000;1613393943
729535d36cd98f5ea50ec0a32bd3d828c5d37303;729535d36c;-;-;Mon Feb 15 12:24:07 2021 +0000;1613391847;-;-;Mon Feb 15 12:24:07 2021 +0000;1613391847
634c7710f9517d02971b7b3e6beb593be061e391;634c7710f9;-;-;Mon Feb 15 11:34:38 2021 +0100;1613385278;-;-;Mon Feb 15 11:34:38 2021 +0100;1613385278
2fbfd8a5dbb32f74fee9c0a22dc4a402d3c6680f;2fbfd8a5db;-;-;Fri Jan 29 10:34:32 2021 +0800;1611887672;-;-;Mon Feb 15 11:15:37 2021 +0100;1613384137
42c15be8d3a545ce31f1ee48873b015803dd38ba;42c15be8d3;-;-;Mon Feb 15 10:47:27 2021 +0100;1613382447;-;-;Mon Feb 15 10:47:27 2021 +0100;1613382447
3baa44c5ef76da4f9f816497d09b8416365e66fa;3baa44c5ef;-;-;Sun Feb 14 18:53:53 2021 +0100;1613325233;-;-;Sun Feb 14 18:53:53 2021 +0100;1613325233
4b86a1a755bafae67499dec14ffa87453182e046;4b86a1a755;-;-;Sun Feb 14 17:58:03 2021 +0100;1613321883;-;-;Sun Feb 14 17:58:03 2021 +0100;1613321883
df977a2fd2d77ae6a07edd833ad4eeb3b173e064;df977a2fd2;-;-;Sun Feb 14 17:57:32 2021 +0100;1613321852;-;-;Sun Feb 14 17:57:32 2021 +0100;1613321852
99a1388bbd1de489e538b3bf309b7ccc13902ae5;99a1388bbd;-;-;Sun Feb 14 17:57:22 2021 +0100;1613321842;-;-;Sun Feb 14 17:57:22 2021 +0100;1613321842
809813dd5248a1036c49858db42dfcc23127719b;809813dd52;-;-;Sun Feb 14 17:57:05 2021 +0100;1613321825;-;-;Sun Feb 14 17:57:05 2021 +0100;1613321825
d5e5dcb7e1df31c2e82563713338c89cbe176f21;d5e5dcb7e1;-;-;Sun Feb 14 17:56:52 2021 +0100;1613321812;-;-;Sun Feb 14 17:56:52 2021 +0100;1613321812
defc2466b077fec9fdf4f5563aad8b23ae7bf69e;defc2466b0;-;-;Sun Feb 14 17:56:38 2021 +0100;1613321798;-;-;Sun Feb 14 17:56:38 2021 +0100;1613321798
a991c23db5e85f5c5f16ae45901d1f558f6b3f4a;a991c23db5;-;-;Thu Jan 21 12:45:54 2021 +0800;1611204354;-;-;Sun Feb 14 17:29:08 2021 +0100;1613320148
b928ed8f3751f76ce5ab476550b27b3b0d9bb1a5;b928ed8f37;-;-;Sat Feb 13 19:22:16 2021 +0100;1613240536;-;-;Sat Feb 13 19:27:09 2021 +0100;1613240829
5d70aaacef55185e92b0e465ffc7fbee5818bfaf;5d70aaacef;-;-;Fri Feb 12 12:02:37 2021 +0100;1613127757;-;-;Fri Feb 12 12:02:37 2021 +0100;1613127757
566ff5478297c0782189bec06f09585c62fdbeeb;566ff54782;-;-;Fri Feb 12 11:27:44 2021 +0100;1613125664;-;-;Fri Feb 12 11:29:00 2021 +0100;1613125740
77b7e49fb2531a405e3d098d3573348fc3706906;77b7e49fb2;-;-;Thu Feb 11 19:09:50 2021 +0200;1613063390;-;-;Fri Feb 12 10:54:55 2021 +0100;1613123695
1c6bab23ea0c5d8fa90b594f962d703575da93dd;1c6bab23ea;-;-;Thu Feb 11 21:26:37 2021 +0000;1613078797;-;-;Thu Feb 11 21:26:37 2021 +0000;1613078797
3e502d4739869b363a6fccf74e054c954aa24b46;3e502d4739;-;-;Thu Feb 11 20:57:03 2021 +0000;1613077023;-;-;Thu Feb 11 20:57:03 2021 +0000;1613077023
667256adf97fd08ae70d1eec87216eba2d441416;667256adf9;-;-;Thu Feb 11 18:18:57 2021 +0100;1613063937;-;-;Thu Feb 11 18:18:57 2021 +0100;1613063937
8791928f61964c67543a0bdff5b273f5e7bff604;8791928f61;-;-;Wed Feb 10 21:10:03 2021 +0000;1612991403;-;-;Thu Feb 11 08:34:06 2021 +0000;1613032446
c9147c42819654955ba97a167f2d31388fc78e5e;c9147c4281;-;-;Wed Feb 10 16:46:03 2021 +0000;1612975563;-;-;Thu Feb 11 08:31:20 2021 +0000;1613032280
d6f363c634342f3e3748acf0aac21f3b1c7eaebf;d6f363c634;-;-;Thu Feb 11 08:59:23 2021 +0100;1613030363;-;-;Thu Feb 11 08:59:24 2021 +0100;1613030364
c36b80bd752d62acbe0913111ab9471a482ca2f4;c36b80bd75;-;-;Wed Feb 10 17:56:22 2021 +0100;1612976182;-;-;Wed Feb 10 17:56:22 2021 +0100;1612976182
bc90512309e8ac5bfb5a9570cff092d3eba52b00;bc90512309;-;-;Wed Feb 10 14:03:33 2021 +0100;1612962213;-;-;Wed Feb 10 14:03:33 2021 +0100;1612962213
edd15646af23f7d80785840cd77222151fc1486e;edd15646af;-;-;Wed Feb 10 12:02:32 2021 +0100;1612954952;-;-;Wed Feb 10 12:02:32 2021 +0100;1612954952
53cafe728cf0fe1f333dc77e93f2674e54e597a2;53cafe728c;-;-;Tue Feb 9 18:39:46 2021 +0000;1612895986;-;-;Tue Feb 9 18:40:00 2021 +0000;1612896000
58e9b187fedf03da21c4e2270bb5335b941ccf61;58e9b187fe;-;-;Tue Feb 9 15:03:18 2021 +0100;1612879398;-;-;Tue Feb 9 15:05:53 2021 +0100;1612879553
9b0c2cca9562400f43e002e4ec86366696aeeb99;9b0c2cca95;-;-;Mon Feb 8 15:40:47 2021 +0100;1612795247;-;-;Tue Feb 9 14:31:49 2021 +0100;1612877509
26000ee29f22f3969e7f6ad60cf58e0bf5af1193;26000ee29f;-;-;Mon Feb 8 17:35:59 2021 +0000;1612805759;-;-;Mon Feb 8 17:35:59 2021 +0000;1612805759
0c2c66b38b14a250dcec75c0b3f45629ff1bc661;0c2c66b38b;-;-;Fri Feb 5 11:25:27 2021 +0100;1612520727;-;-;Mon Feb 8 15:47:21 2021 +0000;1612799241
bd8e682c51a6a383df559717d5352188032afb1b;bd8e682c51;-;-;Mon Feb 8 20:45:40 2021 +0800;1612788340;-;-;Mon Feb 8 13:45:40 2021 +0100;1612788340
f7c952cb3e182ae193c7459b833e3fc4f1bd8dfe;f7c952cb3e;-;-;Fri Feb 5 13:27:37 2021 +0000;1612531657;-;-;Fri Feb 5 13:28:19 2021 +0000;1612531699
6bc7e12bcd317cabdc5ec818976da6d98cddeacc;6bc7e12bcd;-;-;Fri Feb 5 13:10:55 2021 +0000;1612530655;-;-;Fri Feb 5 13:28:19 2021 +0000;1612531699
ab94c7c016dbba6a6990294770dd4dd4eba961f9;ab94c7c016;-;-;Fri Feb 5 13:04:33 2021 +0000;1612530273;-;-;Fri Feb 5 13:04:44 2021 +0000;1612530284
8fb9796d1d48eb909b3384b4dcf5968d308ab343;8fb9796d1d;-;-;Fri Feb 5 12:15:50 2021 +0000;1612527350;-;-;Fri Feb 5 12:16:59 2021 +0000;1612527419
a264013d7acaf3afee9493ec71cb1d007bf4b400;a264013d7a;-;-;Thu Jan 28 11:48:22 2021 +0900;1611802102;-;-;Fri Feb 5 12:16:59 2021 +0000;1612527419
cd80b6b4ac9394ee321cf1db8b3d9067616ea542;cd80b6b4ac;-;-;Fri Feb 5 11:45:56 2021 +0000;1612525556;-;-;Fri Feb 5 11:53:46 2021 +0000;1612526026
164b48e25f658b21242a2e8ae4414022bf594712;164b48e25f;-;-;Fri Feb 5 08:06:03 2021 +0000;1612512363;-;-;Fri Feb 5 11:53:46 2021 +0000;1612526026
eb7b206142aa486fa49c609305e59190247ecb09;eb7b206142;-;-;Thu Feb 4 18:57:31 2021 +0000;1612465051;-;-;Fri Feb 5 11:53:46 2021 +0000;1612526026
42061d27bdac076079a3b153b6d73dd10f82db5e;42061d27bd;-;-;Thu Feb 4 21:42:42 2021 +0100;1612471362;-;-;Thu Feb 4 21:47:21 2021 +0100;1612471641
0d16c9100afc492a6f2258dfc2dfc9c9515438c2;0d16c9100a;-;-;Thu Feb 4 15:25:43 2021 +0000;1612452343;-;-;Thu Feb 4 16:12:57 2021 +0000;1612455177
7cdaaa22bd3f3dc49390604932fb8fb7875f24fa;7cdaaa22bd;-;-;Wed Feb 3 17:07:11 2021 +0000;1612372031;-;-;Thu Feb 4 16:12:57 2021 +0000;1612455177
f4c9f6b860d51342899cde0b84b997b8948a40f8;f4c9f6b860;-;-;Thu Feb 4 16:10:35 2021 +0000;1612455035;-;-;Thu Feb 4 16:12:57 2021 +0000;1612455177
1721b0b8d7c5938c7cf4f01e698c092969a628d4;1721b0b8d7;-;-;Mon Feb 1 11:50:52 2021 +0000;1612180252;-;-;Thu Feb 4 16:12:57 2021 +0000;1612455177
836976d7328464bbe5939dd68c58b48678413207;836976d732;-;-;Thu Feb 4 13:41:47 2021 +0100;1612442507;-;-;Thu Feb 4 13:41:47 2021 +0100;1612442507
59818ceca9c13e7181a11f6985746c946d5ce34b;59818ceca9;-;-;Thu Feb 4 11:10:50 2021 +0100;1612433450;-;-;Thu Feb 4 11:10:50 2021 +0100;1612433450
08ce6baedfa982ed7e9283617e945d5f164fa36f;08ce6baedf;-;-;Thu Feb 4 11:08:25 2021 +0100;1612433305;-;-;Thu Feb 4 11:08:25 2021 +0100;1612433305
c52526ad42a6e29ef8353e5da6fa713bd38dbaba;c52526ad42;-;-;Wed Feb 3 21:55:29 2021 +0000;1612389329;-;-;Wed Feb 3 21:55:42 2021 +0000;1612389342
7a329eba5b274d807ccb39d46c318d69864ac8a1;7a329eba5b;-;-;Wed Feb 3 18:46:58 2021 +0100;1612374418;-;-;Wed Feb 3 18:47:19 2021 +0100;1612374439
91d542e406922379bb2b579b7cb23a26affe92e6;91d542e406;-;-;Wed Feb 3 16:27:28 2021 +0100;1612366048;-;-;Wed Feb 3 16:27:28 2021 +0100;1612366048
6fde28be98bde1cf46d3635e720ff8c4a79fc038;6fde28be98;-;-;Wed Feb 3 12:24:45 2021 +0000;1612355085;-;-;Wed Feb 3 12:24:45 2021 +0000;1612355085
1e481cd14c555f62bc0da3261be9a7912dbd8610;1e481cd14c;-;-;Wed Feb 3 12:12:52 2021 +0000;1612354372;-;-;Wed Feb 3 12:12:52 2021 +0000;1612354372
df4ba742cbc7f64a58390624d806e935b3c092af;df4ba742cb;-;-;Wed Feb 3 11:17:59 2021 +0000;1612351079;-;-;Wed Feb 3 11:17:59 2021 +0000;1612351079
996c86f448fcdb20473fbedeeb5b1ba39e44cf5c;996c86f448;-;-;Wed Feb 3 10:43:08 2021 +0000;1612348988;-;-;Wed Feb 3 10:43:08 2021 +0000;1612348988
0575e6637c0eeac46a9260e7f4144c9a9a93f5f8;0575e6637c;-;-;Mon Feb 1 22:45:58 2021 +0900;1612187158;-;-;Tue Feb 2 16:55:10 2021 +0000;1612284910
ad8775ef953641f1af3315e2291b3dd9fdca3dd3;ad8775ef95;-;-;Tue Feb 2 17:42:45 2021 +0100;1612284165;-;-;Tue Feb 2 17:42:45 2021 +0100;1612284165
8589804012efda8db2d70094e8efbd8f74d06dc5;8589804012;-;-;Tue Feb 2 15:20:41 2021 +0100;1612275641;-;-;Tue Feb 2 15:20:41 2021 +0100;1612275641
c649b74235d4662e2edf005e6abfb89fcc097be1;c649b74235;-;-;Tue Feb 2 14:01:51 2021 +0100;1612270911;-;-;Tue Feb 2 14:01:51 2021 +0100;1612270911
bef5d59e43243416bbf2acd654ee09f6452159c9;bef5d59e43;-;-;Tue Feb 2 13:48:11 2021 +0100;1612270091;-;-;Tue Feb 2 13:48:11 2021 +0100;1612270091
99bd8115dd304d6a8b2c4b487f2073218815d0e3;99bd8115dd;-;-;Tue Feb 2 11:37:30 2021 +0100;1612262250;-;-;Tue Feb 2 11:37:30 2021 +0100;1612262250
1a3ff83157d12755c967d5a8162212f0aa4922e1;1a3ff83157;-;-;Tue Feb 2 11:28:32 2021 +0100;1612261712;-;-;Tue Feb 2 11:28:32 2021 +0100;1612261712
c19b2851f190d192b97ce1131e2db49636811578;c19b2851f1;-;-;Tue Feb 2 11:13:10 2021 +0100;1612260790;-;-;Tue Feb 2 11:18:34 2021 +0100;1612261114
3b4a3431d4cda6049f70a5f7e95a4b994bb59c7e;3b4a3431d4;-;-;Tue Feb 2 11:05:06 2021 +0100;1612260306;-;-;Tue Feb 2 11:18:34 2021 +0100;1612261114
c82a4450949287c7d426aa53fe198de2968be312;c82a445094;-;-;Mon Feb 1 14:59:14 2021 +0800;1612162754;-;-;Mon Feb 1 08:27:40 2021 +0000;1612168060
95752ef1c924e38eab5c370b8cee81898c7e83e3;95752ef1c9;-;-;Fri Jan 29 22:10:03 2021 +0000;1611958203;-;-;Fri Jan 29 22:12:10 2021 +0000;1611958330
0ff50d6d9e8857063d36d590cf67bb9ccf69d5ec;0ff50d6d9e;-;-;Fri Jan 29 20:40:13 2021 +0000;1611952813;-;-;Fri Jan 29 20:40:13 2021 +0000;1611952813
30cdeb23fe1319bceafde2eef54251a65c54dbb1;30cdeb23fe;-;-;Fri Jan 29 20:30:55 2021 +0000;1611952255;-;-;Fri Jan 29 20:30:55 2021 +0000;1611952255
ecf5113e0e4e22ca57165f1ab6482d47df6d5c0c;ecf5113e0e;-;-;Thu Jan 28 20:45:09 2021 +0000;1611866709;-;-;Thu Jan 28 20:45:26 2021 +0000;1611866726
80c4e6bb956bc27e577c779bb3d673a88e7f6419;80c4e6bb95;-;-;Thu Jan 28 17:17:10 2021 +0200;1611847030;-;-;Thu Jan 28 17:53:38 2021 +0000;1611856418
5e5d8e4a2314b06e7318865016758774f36f2a1d;5e5d8e4a23;-;-;Thu Jan 28 17:03:08 2021 +0000;1611853388;-;-;Thu Jan 28 17:03:35 2021 +0000;1611853415
d7e05aa48f449af4bf0a34623a68e117f2c8cbc9;d7e05aa48f;-;-;Thu Jan 28 11:50:19 2021 +0100;1611831019;-;-;Thu Jan 28 11:50:19 2021 +0100;1611831019
cf522463192cebb60569fec618cf49b1a0b45b2e;cf52246319;-;-;Wed Jan 27 20:39:05 2021 +0000;1611779945;-;-;Wed Jan 27 20:39:44 2021 +0000;1611779984
c5284009a11e87f7001f4c137b7d5313ec1c842c;c5284009a1;-;-;Wed Jan 27 15:15:40 2021 +0100;1611756940;-;-;Wed Jan 27 15:16:15 2021 +0100;1611756975
2d29fcd0bbd645e2ab5c91fe41567da86677f656;2d29fcd0bb;-;-;Wed Jan 27 14:03:38 2021 +0100;1611752618;-;-;Wed Jan 27 14:03:38 2021 +0100;1611752618
5e561623944665f282f5549e3c21b5c1261d7359;5e56162394;-;-;Wed Jan 27 11:53:20 2021 +0100;1611744800;-;-;Wed Jan 27 11:53:20 2021 +0100;1611744800
45650f2b276542d666a8f207075286d3f8da5228;45650f2b27;-;-;Wed Jan 27 19:23:22 2021 +0900;1611743002;-;-;Wed Jan 27 11:23:22 2021 +0100;1611743002
3e1b1638ef51a19976b03532554b641355e5b470;3e1b1638ef;-;-;Tue Jan 26 21:39:29 2021 +0000;1611697169;-;-;Tue Jan 26 21:39:29 2021 +0000;1611697169
e80a23d6ad93eaab11a1869ef1407e729138e672;e80a23d6ad;-;-;Tue Jan 26 17:51:52 2021 +0000;1611683512;-;-;Tue Jan 26 17:51:52 2021 +0000;1611683512
8aeae49f40575d9933a9110d18fb7019ff4e46b4;8aeae49f40;-;-;Tue Jan 26 17:29:39 2021 +0000;1611682179;-;-;Tue Jan 26 17:30:16 2021 +0000;1611682216
f22e2ac578f6db8f988cbbee0af5f381a86fdd04;f22e2ac578;-;-;Tue Jan 26 16:55:22 2021 +0000;1611680122;-;-;Tue Jan 26 17:30:16 2021 +0000;1611682216
355aca7665cb524d2e8760194ef6c98620acbbe5;355aca7665;-;-;Tue Jan 26 23:58:06 2021 +0900;1611673086;-;-;Tue Jan 26 16:15:46 2021 +0000;1611677746
ec5f99f981b33e28cbc96f78b1fb560166fd9c1a;ec5f99f981;-;-;Tue Jan 26 11:43:53 2021 +0000;1611661433;-;-;Tue Jan 26 11:44:20 2021 +0000;1611661460
03f1b65084d2ca747e882429776be273c67ec508;03f1b65084;-;-;Tue Jan 26 12:20:28 2021 +0100;1611660028;-;-;Tue Jan 26 12:20:28 2021 +0100;1611660028
0de2833894c24c1e70bde991bad171435c6ecac2;0de2833894;-;-;Mon Jan 25 17:02:27 2021 +0100;1611590547;-;-;Mon Jan 25 17:02:27 2021 +0100;1611590547
cd9d562129c6bc965e1e4042628d66cd188b7ad3;cd9d562129;-;-;Mon Jan 25 11:02:36 2021 +0100;1611568956;-;-;Mon Jan 25 11:02:36 2021 +0100;1611568956
080ba5d4484eaa7b430a0352b355feef0f7eade5;080ba5d448;-;-;Mon Jan 25 10:51:47 2021 +0100;1611568307;-;-;Mon Jan 25 10:51:47 2021 +0100;1611568307
d96448fde94a98a1e59f24e7afa86a6a737292a6;d96448fde9;-;-;Sun Jan 24 22:38:33 2021 +0900;1611495513;-;-;Sun Jan 24 14:38:33 2021 +0100;1611495513
84eed00260460a69c95332ba813b31e063d820c1;84eed00260;-;-;Sun Jan 24 12:48:35 2021 +0100;1611488915;-;-;Sun Jan 24 12:48:35 2021 +0100;1611488915
cee51b248aeb132caa1fcf686acaed7dd1cf0317;cee51b248a;-;-;Sun Jan 24 12:11:17 2021 +0100;1611486677;-;-;Sun Jan 24 12:11:17 2021 +0100;1611486677
5a640bb635b1056873b6191db30ebf0d7a0ea561;5a640bb635;-;-;Fri Jan 22 17:30:45 2021 +0000;1611336645;-;-;Fri Jan 22 17:31:59 2021 +0000;1611336719
5c1cbb769ca4f98fe075b4e1f329aca119e3058f;5c1cbb769c;-;-;Fri Jan 22 17:10:48 2021 +0000;1611335448;-;-;Fri Jan 22 17:31:59 2021 +0000;1611336719
4a7a2258f9ad8771e9a8225f5a18db156372162a;4a7a2258f9;-;-;Fri Jan 22 18:22:00 2021 +0100;1611336120;-;-;Fri Jan 22 18:22:00 2021 +0100;1611336120
bad8954e65b5c27d40d19fe98a0e12f8986114d6;bad8954e65;-;-;Fri Jan 22 15:26:48 2021 +0000;1611329208;-;-;Fri Jan 22 15:26:48 2021 +0000;1611329208
e4566c11b8fb3fa5d755339d022dbbc95e910f9c;e4566c11b8;-;-;Fri Jan 22 15:22:51 2021 +0000;1611328971;-;-;Fri Jan 22 15:22:51 2021 +0000;1611328971
9d8910d869282195bcaf027ab55d523b7ea44189;9d8910d869;-;-;Fri Jan 22 13:34:29 2021 +0100;1611318869;-;-;Fri Jan 22 13:34:29 2021 +0100;1611318869
aa7584d2522face93a387d24c3fde24c23da3a77;aa7584d252;-;-;Thu Jan 21 20:16:21 2021 +0000;1611260181;-;-;Thu Jan 21 20:16:21 2021 +0000;1611260181
e537844a093d313595e20cc440506fe8b04bc7db;e537844a09;-;-;Thu Jan 21 16:24:59 2021 +0100;1611242699;-;-;Thu Jan 21 16:24:59 2021 +0100;1611242699
daa5465003030e0e4b3b5f7829825fb32ec6ae26;daa5465003;-;-;Thu Jan 21 15:55:28 2021 +0100;1611240928;-;-;Thu Jan 21 15:55:28 2021 +0100;1611240928
5a4a677fbd05373d4a63c9b161128cb61cbc9feb;5a4a677fbd;-;-;Thu Jan 21 10:09:49 2021 +0100;1611220189;-;-;Thu Jan 21 10:09:49 2021 +0100;1611220189
584dabbb3980dbed5272f79a61aa996d390e528c;584dabbb39;-;-;Tue Jan 19 20:49:28 2021 +0000;1611089368;-;-;Tue Jan 19 20:49:59 2021 +0000;1611089399
4779323d33e8a365d40a87275b3a635018b5d098;4779323d33;-;-;Tue Jan 19 11:47:19 2021 +0100;1611053239;-;-;Tue Jan 19 15:14:26 2021 +0100;1611065666
67112b211ab86a03dc9a18dd1072ae4fb58573dd;67112b211a;-;-;Tue Jan 19 13:58:45 2021 +0100;1611061125;-;-;Tue Jan 19 15:06:40 2021 +0100;1611065200
799885fd6de154d375b4817668e0d3822946b470;799885fd6d;-;-;Tue Jan 19 12:03:18 2021 +0100;1611054198;-;-;Tue Jan 19 12:03:18 2021 +0100;1611054198
3c959d3515ded1d021954b6b4ab1aba4e25077c3;3c959d3515;-;-;Mon Jan 18 11:26:29 2021 +0100;1610965589;-;-;Mon Jan 18 11:26:29 2021 +0100;1610965589
cfae40afb456c98b2a11be600096da89b8aacafd;cfae40afb4;-;-;Thu Jan 14 21:23:49 2021 +0000;1610659429;-;-;Thu Jan 14 21:23:49 2021 +0000;1610659429
1b1ae33efe8dac4c3d890b47193bd2a03ffb1525;1b1ae33efe;-;-;Thu Jan 14 18:14:46 2021 +0100;1610644486;-;-;Thu Jan 14 18:14:46 2021 +0100;1610644486
d80b08084e0babfb24883baf9c55dabb5f234d5b;d80b08084e;-;-;Thu Jan 14 16:18:22 2021 +0100;1610637502;-;-;Thu Jan 14 16:18:22 2021 +0100;1610637502
d1a7fed16caab93396103b055bb1b80d6f19cbd4;d1a7fed16c;-;-;Thu Jan 14 14:30:07 2021 +0100;1610631007;-;-;Thu Jan 14 14:30:07 2021 +0100;1610631007
469eb8146e3ac278b396a43c1b7cd8432e6f64e4;469eb8146e;-;-;Thu Jan 14 20:01:22 2021 +0900;1610622082;-;-;Thu Jan 14 12:01:04 2021 +0000;1610625664
35225e5794d9a144eae544b64ebad58120766815;35225e5794;-;-;Wed Jan 13 17:50:01 2021 +0000;1610560201;-;-;Wed Jan 13 17:50:01 2021 +0000;1610560201
a7413ea76bf41319d5a9eb24650addb78950900d;a7413ea76b;-;-;Tue Jan 12 17:28:44 2021 +0000;1610472524;-;-;Tue Jan 12 17:28:44 2021 +0000;1610472524
c3c36ab498688772269ff85642a501d3d2088f71;c3c36ab498;-;-;Tue Jan 12 14:36:10 2021 +0000;1610462170;-;-;Tue Jan 12 14:37:01 2021 +0000;1610462221
ea4fe7eaf7bd76afadabc0317a36edb767168ce0;ea4fe7eaf7;-;-;Tue Jan 12 13:28:04 2021 +0100;1610454484;-;-;Tue Jan 12 13:46:14 2021 +0100;1610455574
3112dc5f81d3c5fba3964a17cb73d2190a9db806;3112dc5f81;-;-;Tue Jan 12 12:27:04 2021 +0100;1610450824;-;-;Tue Jan 12 12:27:54 2021 +0100;1610450874
b07a6b32830b33763299a17a9e8f0f74e2e34ab3;b07a6b3283;-;-;Tue Jan 12 12:25:01 2021 +0100;1610450701;-;-;Tue Jan 12 12:27:54 2021 +0100;1610450874
6b9d5698cea4538617d79c8db2c1b21fb50bc4cd;6b9d5698ce;-;-;Tue Jan 12 12:25:56 2021 +0100;1610450756;-;-;Tue Jan 12 12:27:54 2021 +0100;1610450874
72a9d0ff4bc68f91495a6524fa7ec15cab8e9e48;72a9d0ff4b;-;-;Tue Jan 12 11:28:03 2021 +0100;1610447283;-;-;Tue Jan 12 11:28:03 2021 +0100;1610447283
872255a591e648f2340f6b523031c9718955b7ff;872255a591;-;-;Tue Jan 12 10:59:12 2021 +0100;1610445552;-;-;Tue Jan 12 10:59:57 2021 +0100;1610445597
671270dae2b4940ef13f4ad0f36810873b3bac54;671270dae2;-;-;Tue Jan 12 10:56:52 2021 +0100;1610445412;-;-;Tue Jan 12 10:56:52 2021 +0100;1610445412
6ea39fd12250e40e8b69da9dfea3d6599ea3fa27;6ea39fd122;-;-;Tue Jan 12 10:42:07 2021 +0100;1610444527;-;-;Tue Jan 12 10:42:07 2021 +0100;1610444527
dadef9f5bcc9d252ca83db761809025b5cff2826;dadef9f5bc;-;-;Tue Jan 12 06:34:25 2021 +0000;1610433265;-;-;Tue Jan 12 06:34:25 2021 +0000;1610433265
fceceb480fd5b7432b6606fc5fecc2a32dd03a60;fceceb480f;-;-;Mon Jan 11 20:54:27 2021 +0000;1610398467;-;-;Mon Jan 11 20:54:27 2021 +0000;1610398467
e5ab67bd71d4261c07a6f23c59aca089b37cb512;e5ab67bd71;-;-;Mon Jan 11 18:39:24 2021 +0000;1610390364;-;-;Mon Jan 11 18:40:01 2021 +0000;1610390401
2d53570f4cc148250378b852e671fcb0369f754b;2d53570f4c;-;-;Mon Jan 11 19:07:20 2021 +0100;1610388440;-;-;Mon Jan 11 19:07:59 2021 +0100;1610388479
be5eb7037fc1f5d106991170fc73bfbf367fd6b8;be5eb7037f;-;-;Mon Jan 11 19:04:12 2021 +0100;1610388252;-;-;Mon Jan 11 19:04:12 2021 +0100;1610388252
fff2291f2a0e3dc7af5a553137eb6c526a0ffc9d;fff2291f2a;-;-;Mon Jan 11 17:48:33 2021 +0100;1610383713;-;-;Mon Jan 11 17:48:33 2021 +0100;1610383713
917f3ad101cc75587457a52237c4015d7fb9e56c;917f3ad101;-;-;Mon Jan 11 16:41:03 2021 +0100;1610379663;-;-;Mon Jan 11 16:41:03 2021 +0100;1610379663
2fd6e6e87c675c9c450affb87221be31d251abce;2fd6e6e87c;-;-;Mon Jan 11 12:40:50 2021 +0100;1610365250;-;-;Mon Jan 11 12:58:19 2021 +0100;1610366299
570bdbd2535180b8ef164f6095bfdc0157a4d7bd;570bdbd253;-;-;Mon Jan 11 12:40:22 2021 +0100;1610365222;-;-;Mon Jan 11 12:58:19 2021 +0100;1610366299
b587a16d460ad10a98874796c389b933ff85e457;b587a16d46;-;-;Mon Jan 11 11:10:07 2021 +0100;1610359807;-;-;Mon Jan 11 11:10:07 2021 +0100;1610359807
dd8ea89bea9809e5733eff954a13ab12516f731f;dd8ea89bea;-;-;Mon Jan 11 09:30:47 2021 +0000;1610357447;-;-;Mon Jan 11 09:30:47 2021 +0000;1610357447
b0dea4d3f6b5766d8120f0c6680efd64d132866f;b0dea4d3f6;-;-;Mon Jan 11 09:45:14 2021 +0100;1610354714;-;-;Mon Jan 11 09:45:14 2021 +0100;1610354714
4ac27e4dab1cab0d983505c5d1696a33b030ee54;4ac27e4dab;-;-;Mon Jan 11 09:44:38 2021 +0100;1610354678;-;-;Mon Jan 11 09:44:38 2021 +0100;1610354678
b0abdee0125c29c0696ca038a3c8c268d6080c98;b0abdee012;-;-;Tue Jan 5 17:24:57 2021 +0100;1609863897;-;-;Mon Jan 11 09:40:00 2021 +0100;1610354400
e4dc863ad09ed942430c4775623eda2867d9800d;e4dc863ad0;-;-;Mon Jan 11 09:18:10 2021 +0100;1610353090;-;-;Mon Jan 11 09:18:10 2021 +0100;1610353090
689b5566bfc0f9765a6b52257e033e10bfd8128c;689b5566bf;-;-;Fri Jan 8 18:04:22 2021 +0000;1610129062;-;-;Fri Jan 8 19:25:11 2021 +0000;1610133911
234b4719c6551a0761eb3fae6d1a6e4806d7638b;234b4719c6;-;-;Fri Jan 8 14:32:49 2021 +0100;1610112769;-;-;Fri Jan 8 14:32:49 2021 +0100;1610112769
ce1ae2f1b21311fc62f8936c2fefc61cda295839;ce1ae2f1b2;-;-;Fri Jan 8 14:03:58 2021 +0100;1610111038;-;-;Fri Jan 8 14:03:58 2021 +0100;1610111038
69ce7d33b9fefbaf45248f3482926f62cacc1bb1;69ce7d33b9;-;-;Fri Jan 8 12:02:13 2021 +0100;1610103733;-;-;Fri Jan 8 12:02:13 2021 +0100;1610103733
e36d4162c254826d8cde048bd17691e312b4fcaa;e36d4162c2;-;-;Thu Jan 7 17:25:07 2021 +0000;1610040307;-;-;Thu Jan 7 17:26:00 2021 +0000;1610040360
d387d9ae1e8c7569c92f8e5d8571ebb901a6cfb9;d387d9ae1e;-;-;Thu Jan 7 14:22:14 2021 +0100;1610025734;-;-;Thu Jan 7 14:27:07 2021 +0100;1610026027
138f6bfd84d0a1d8aa13e8d1ea6832c5be1c8055;138f6bfd84;-;-;Thu Jan 7 11:26:00 2021 +0000;1610018760;-;-;Thu Jan 7 11:26:00 2021 +0000;1610018760
a1cf6bbc3762726be3e8eaeef679ee72fa7475fb;a1cf6bbc37;-;-;Wed Jan 6 21:55:50 2021 +0000;1609970150;-;-;Wed Jan 6 21:56:14 2021 +0000;1609970174
fb040479eba85b49ceba9b1db60478037f32c1f0;fb040479eb;-;-;Wed Jan 6 21:40:54 2021 +0000;1609969254;-;-;Wed Jan 6 21:56:14 2021 +0000;1609970174
d50375da8e399d5d84e0270e9a7692724d37794b;d50375da8e;-;-;Wed Jan 6 21:29:19 2021 +0000;1609968559;-;-;Wed Jan 6 21:56:14 2021 +0000;1609970174
fb2e53276c77363128983224e3bef513fb2bc28f;fb2e53276c;-;-;Wed Jan 6 21:20:23 2021 +0000;1609968023;-;-;Wed Jan 6 21:56:14 2021 +0000;1609970174
c040cd7b052c1dd0a0382e9214595e2477e7423b;c040cd7b05;-;-;Wed Jan 6 18:32:26 2021 +0000;1609957946;-;-;Wed Jan 6 21:56:14 2021 +0000;1609970174
dcc8dcdff81dd76cfcb7df8c6f1d61b4a3d4f207;dcc8dcdff8;-;-;Wed Jan 6 20:34:25 2021 +0100;1609961665;-;-;Wed Jan 6 20:38:45 2021 +0100;1609961925
efa360cff76655dafe1aabb88523dbe5ffa49584;efa360cff7;-;-;Mon Jan 4 13:27:37 2021 -0800;1609795657;-;-;Wed Jan 6 20:38:45 2021 +0100;1609961925
5804db64799682bf804a6a0254e392134c74b3e8;5804db6479;-;-;Tue Jan 5 19:33:01 2021 +0100;1609871581;-;-;Tue Jan 5 19:33:01 2021 +0100;1609871581
faa749934bc7d6ba401d0142e09f230826c35d2c;faa749934b;-;-;Tue Jan 5 17:12:59 2021 +0000;1609866779;-;-;Tue Jan 5 17:20:26 2021 +0000;1609867226
e1385090e4b008236219bbbf6f5e4d635b4a130b;e1385090e4;-;-;Tue Jan 5 16:46:44 2021 +0000;1609865204;-;-;Tue Jan 5 17:20:26 2021 +0000;1609867226
3113917c553197fc5e25282b02c6dcc504e46dca;3113917c55;-;-;Mon Jan 4 15:31:33 2021 +0100;1609770693;-;-;Tue Jan 5 09:17:34 2021 +0100;1609834654
994a35d6916791f9dfe98f35536dfbf089bc9950;994a35d691;-;-;Mon Jan 4 21:35:51 2021 +0000;1609796151;-;-;Mon Jan 4 21:40:25 2021 +0000;1609796425
8095ba4cd2a5602f938c5d1c8eeaf593fd1a6543;8095ba4cd2;-;-;Mon Jan 4 19:10:46 2021 +0100;1609783846;-;-;Mon Jan 4 19:10:46 2021 +0100;1609783846
bd2edf26dfbba7a0ed3b7f31af004ee071d3feb1;bd2edf26df;-;-;Mon Jan 4 16:00:51 2021 +0800;1609747251;-;-;Mon Jan 4 17:13:39 2021 +0100;1609776819
4f6d26b25c0479429cf8665f4c43ab3eab07ab5a;4f6d26b25c;-;-;Mon Jan 4 16:02:09 2021 +0100;1609772529;-;-;Mon Jan 4 16:02:28 2021 +0100;1609772548
6d85a8a0cc6972203337ca0bc14ddd08cc52e238;6d85a8a0cc;-;-;Mon Jan 4 14:48:49 2021 +0100;1609768129;-;-;Mon Jan 4 14:57:31 2021 +0100;1609768651
44b29b6ecfdf77aec59409601301ca8e21452f0e;44b29b6ecf;-;-;Sun Jan 3 17:43:24 2021 +0100;1609692204;-;-;Sun Jan 3 17:46:20 2021 +0100;1609692380
91a625418792e0e7699785d9fe8d8dbdfc1c89bf;91a6254187;-;-;Sat Jan 2 15:36:57 2021 +0100;1609598217;-;-;Sat Jan 2 16:21:53 2021 +0100;1609600913
c8ad762b40643927952dedd242a606b06202428d;c8ad762b40;-;-;Sat Jan 2 16:04:53 2021 +0100;1609599893;-;-;Sat Jan 2 16:21:53 2021 +0100;1609600913
5c1176786c9f0d02aa3db00ba9c5dba19a526ac2;5c1176786c;-;-;Wed Dec 30 14:38:58 2020 +0100;1609335538;-;-;Wed Dec 30 14:38:58 2020 +0100;1609335538
eab61f692f5c0b7bb464fcd762e00b57e66018a7;eab61f692f;-;-;Thu Aug 6 10:16:26 2020 +0800;1596680186;-;-;Mon Dec 28 20:49:36 2020 +0100;1609184976
ee41ebc1ab77f5e0b8d956b4891e219dd6cfecf6;ee41ebc1ab;-;-;Mon Dec 28 16:03:16 2020 +0100;1609167796;-;-;Mon Dec 28 16:03:16 2020 +0100;1609167796
885f6dbab94712fa76545276058a62216e17881e;885f6dbab9;-;-;Wed Dec 23 10:16:13 2020 +0100;1608714973;-;-;Wed Dec 23 10:16:13 2020 +0100;1608714973
b0f404722e2edaa82407236c33af412abc9455e6;b0f404722e;-;-;Mon Dec 21 19:33:33 2020 +0100;1608575613;-;-;Mon Dec 21 19:33:33 2020 +0100;1608575613
cd7b0b11f3d80b180c943d56200d220e326284c8;cd7b0b11f3;-;-;Mon Dec 21 19:10:17 2020 +0100;1608574217;-;-;Mon Dec 21 19:10:17 2020 +0100;1608574217
1565f4b83e7c48eeec9dc74f7eb042dce4dbb49a;1565f4b83e;-;-;Wed Aug 19 22:16:34 2020 +0200;1597868194;-;-;Sun Dec 20 23:46:19 2020 +0100;1608504379
65a395ef0e96c5e5ce28526d1fe975daaa566b0d;65a395ef0e;-;-;Sat Dec 19 15:29:40 2020 +0100;1608388180;-;-;Sat Dec 19 15:29:40 2020 +0100;1608388180
947255e3774fe6248c59d2cdd6a1b06b9f6b5d9b;947255e377;-;-;Fri Dec 18 11:55:20 2020 +0100;1608288920;-;-;Fri Dec 18 11:55:20 2020 +0100;1608288920
499be70a717b8d20c544bc2eac4fe5dacedc7f28;499be70a71;-;-;Thu Dec 17 17:31:44 2020 +0000;1608226304;-;-;Thu Dec 17 17:33:39 2020 +0000;1608226419
0cf5005a3d8bfe387ccc970c95953351fc83fbe5;0cf5005a3d;-;-;Thu Dec 17 17:18:38 2020 +0000;1608225518;-;-;Thu Dec 17 17:18:38 2020 +0000;1608225518
f07fc76cf30cbfb6ae71134b653f26af9649ea1b;f07fc76cf3;-;-;Thu Dec 17 14:49:57 2020 +0000;1608216597;-;-;Thu Dec 17 14:49:57 2020 +0000;1608216597
d3e1c54354ada0fb8955410469bd3bc20e27d76a;d3e1c54354;-;-;Thu Dec 17 10:46:13 2020 +0100;1608198373;-;-;Thu Dec 17 10:46:13 2020 +0100;1608198373
a109b4c31a29a9a6c147e3238e14be27d70527f9;a109b4c31a;-;-;Wed Dec 16 22:27:57 2020 +0100;1608154077;-;-;Wed Dec 16 22:27:57 2020 +0100;1608154077
00b56c026ac2ce955c6107099f9cf2daf63d37e0;00b56c026a;-;-;Wed Dec 16 22:27:41 2020 +0100;1608154061;-;-;Wed Dec 16 22:27:41 2020 +0100;1608154061
fbd2ffdd2343174bb119c2c996f8755957bad8c8;fbd2ffdd23;-;-;Wed Dec 16 22:27:33 2020 +0100;1608154053;-;-;Wed Dec 16 22:27:33 2020 +0100;1608154053
b3a47c76f8776d9abfdc70aa83c84c252da4426d;b3a47c76f8;-;-;Tue Dec 8 15:07:58 2020 +0100;1607436478;-;-;Tue Dec 15 22:48:33 2020 +0100;1608068913
1292947f7837c2716d6e0335698af450d4f12732;1292947f78;-;-;Tue Dec 15 22:40:23 2020 +0100;1608068423;-;-;Tue Dec 15 22:47:02 2020 +0100;1608068822
ef6a582c78b1e5a11dae64cc9e9c9b9572646bc8;ef6a582c78;-;-;Tue Dec 15 22:46:02 2020 +0100;1608068762;-;-;Tue Dec 15 22:47:02 2020 +0100;1608068822
a11d1c8510c34cdb0889a13af969c3cf424464f3;a11d1c8510;-;-;Tue Dec 15 21:33:50 2020 +0000;1608068030;-;-;Tue Dec 15 21:34:16 2020 +0000;1608068056
83c19cd60ee95dd315237c24f1fcfd358e58d53b;83c19cd60e;-;-;Tue Dec 15 13:23:53 2020 +0100;1608035033;-;-;Tue Dec 15 13:23:53 2020 +0100;1608035033
bcfbde984894ea198124ac60a3558ca341cfc495;bcfbde9848;-;-;Mon Dec 14 21:13:01 2020 +0000;1607980381;-;-;Mon Dec 14 21:13:29 2020 +0000;1607980409
17e6cf1cc1b57bd65bfae8da8cddc8314a89408d;17e6cf1cc1;-;-;Sat Dec 12 11:33:11 2020 +0900;1607740391;-;-;Sat Dec 12 10:40:05 2020 +0100;1607766005
ec33b4241adcfe98a565c5fb12603bd8b5cff725;ec33b4241a;-;-;Fri Dec 11 11:53:53 2020 +0100;1607684033;-;-;Fri Dec 11 11:53:53 2020 +0100;1607684033
657641ebaac4d6b01cd20918096f450a86ab28f7;657641ebaa;-;-;Fri Dec 11 11:08:33 2020 +0100;1607681313;-;-;Fri Dec 11 11:08:33 2020 +0100;1607681313
4597e9b5476770cb2dd301886b6c3b70d9963677;4597e9b547;-;-;Fri Dec 11 09:46:00 2020 +0100;1607676360;-;-;Fri Dec 11 09:46:00 2020 +0100;1607676360
721dacca5ae49afadf5f9801dbe673594bc99757;721dacca5a;-;-;Fri Dec 11 09:45:21 2020 +0100;1607676321;-;-;Fri Dec 11 09:45:21 2020 +0100;1607676321
9d124fffcbe1a4167a251b267bf2cc763bb2d3ec;9d124fffcb;-;-;Fri Dec 11 00:32:58 2020 +0800;1607617978;-;-;Thu Dec 10 17:32:58 2020 +0100;1607617978
2a47751fcd09f0db0a46fa00f1e089744073c966;2a47751fcd;-;-;Thu Dec 10 16:24:32 2020 +0100;1607613872;-;-;Thu Dec 10 16:24:32 2020 +0100;1607613872
06e352822abc1eb0f5858ca9e79e38f8958e3c63;06e352822a;-;-;Wed Dec 9 06:11:23 2020 +0000;1607494283;-;-;Wed Dec 9 06:11:23 2020 +0000;1607494283
25101fb034b1de3da5f602b55ccd57f7081d060e;25101fb034;-;-;Tue Dec 8 21:33:50 2020 +0000;1607463230;-;-;Tue Dec 8 21:33:50 2020 +0000;1607463230
cb44ae62e9c49809a85bd44d82e1a5047dfd5290;cb44ae62e9;-;-;Tue Dec 8 18:43:54 2020 +0000;1607453034;-;-;Tue Dec 8 18:43:54 2020 +0000;1607453034
01fb4dbeba297773f578d264700d6ecc3b56e06b;01fb4dbeba;-;-;Tue Dec 8 14:59:10 2020 +0100;1607435950;-;-;Tue Dec 8 14:59:10 2020 +0100;1607435950
07fadae27d87afc09c7e2a90ce7932c97686d1cb;07fadae27d;-;-;Mon Dec 7 14:45:40 2020 +0800;1607323540;-;-;Tue Dec 8 14:49:33 2020 +0100;1607435373
2b77c08e09d978d35cfc85584972ce8a0270fd45;2b77c08e09;-;-;Tue Dec 8 13:06:45 2020 +0100;1607429205;-;-;Tue Dec 8 13:06:45 2020 +0100;1607429205
cb2b141d317947f12a88bc47745160d2e9b7c2bc;cb2b141d31;-;-;Tue Dec 8 11:59:36 2020 +0100;1607425176;-;-;Tue Dec 8 12:08:56 2020 +0100;1607425736
3b92d4598425b34fd46223b5b9a0d986e95be6b9;3b92d45984;-;-;Tue Dec 8 11:38:39 2020 +0100;1607423919;-;-;Tue Dec 8 11:38:39 2020 +0100;1607423919
1195b3a0b0b7399d9fd2ea79e1d3c2031a4d8119;1195b3a0b0;-;-;Tue Dec 8 10:39:56 2020 +0100;1607420396;-;-;Tue Dec 8 10:39:56 2020 +0100;1607420396
56721669d180d1cc22fc6bd0344873fc19242360;56721669d1;-;-;Tue Dec 8 08:29:21 2020 +0100;1607412561;-;-;Tue Dec 8 08:29:21 2020 +0100;1607412561
e87e03c539b13a709a4019369a396949db3ac4e8;e87e03c539;-;-;Tue Dec 8 00:06:19 2020 +0100;1607382379;-;-;Tue Dec 8 00:12:02 2020 +0100;1607382722
194cebd7309764652202ce1b8b7fb8ba8953a235;194cebd730;-;-;Mon Dec 7 22:59:49 2020 +0000;1607381989;-;-;Mon Dec 7 22:59:49 2020 +0000;1607381989
7418c4b7b70a1af4acb15c82c1205de6d3227991;7418c4b7b7;-;-;Mon Dec 7 22:28:45 2020 +0000;1607380125;-;-;Mon Dec 7 22:52:08 2020 +0000;1607381528
ad420107852bafa141dcd68120be6d6a24153bf8;ad42010785;-;-;Mon Dec 7 20:02:44 2020 +0000;1607371364;-;-;Mon Dec 7 22:29:07 2020 +0000;1607380147
10f6a223152a561ff23f8af289f0d830f1536036;10f6a22315;-;-;Mon Dec 7 22:08:50 2020 +0100;1607375330;-;-;Mon Dec 7 22:08:50 2020 +0100;1607375330
c970c318f4ecf5f23e3f17aa3a22979a483f9dab;c970c318f4;-;-;Mon Dec 7 22:08:01 2020 +0100;1607375281;-;-;Mon Dec 7 22:08:01 2020 +0100;1607375281
834032df1f22de7251c5dfbfa77bad443ee176f8;834032df1f;-;-;Mon Dec 7 22:06:22 2020 +0100;1607375182;-;-;Mon Dec 7 22:06:22 2020 +0100;1607375182
5efa4ad4429f078c58789da8bdcd07ca139da4aa;5efa4ad442;-;-;Mon Dec 7 20:38:07 2020 +0100;1607369887;-;-;Mon Dec 7 20:38:07 2020 +0100;1607369887
7ef3257b031000b9f092d4014902bd676c607c9c;7ef3257b03;-;-;Mon Dec 7 17:44:22 2020 +0000;1607363062;-;-;Mon Dec 7 17:44:22 2020 +0000;1607363062
017242463502f451c6c71a823b9c5232276dd78e;0172424635;-;-;Mon Dec 7 09:57:26 2020 +0100;1607331446;-;-;Mon Dec 7 12:18:29 2020 +0100;1607339909
994ec708fc076792daa4012538f3e6a4609a1147;994ec708fc;-;-;Mon Dec 7 10:48:10 2020 +0100;1607334490;-;-;Mon Dec 7 10:49:12 2020 +0100;1607334552
da15fe4c9423e7e17f40838d9519385a47f23a16;da15fe4c94;-;-;Mon Dec 7 10:43:22 2020 +0100;1607334202;-;-;Mon Dec 7 10:43:22 2020 +0100;1607334202
a1d134b0867b52fd2defae706e4b7c4d82b60165;a1d134b086;-;-;Wed Nov 4 12:08:56 2020 +0300;1604480936;-;-;Mon Dec 7 10:34:39 2020 +0100;1607333679
3c85c263d2b088c9b84a701e9e711001b17305dd;3c85c263d2;-;-;Fri Dec 4 23:29:21 2020 +0100;1607120961;-;-;Fri Dec 4 23:29:21 2020 +0100;1607120961
7b3f53de506b1a022ded8f061cd2ae3f30c3c2f1;7b3f53de50;-;-;Fri Dec 4 14:05:30 2020 +0100;1607087130;-;-;Fri Dec 4 18:49:05 2020 +0100;1607104145
ec7425c1f4b5024a87d9af6de2a19eb29727cc24;ec7425c1f4;-;-;Wed Dec 2 15:04:57 2020 +0100;1606917897;-;-;Fri Dec 4 16:18:59 2020 +0000;1607098739
ef05eb37294ffd4ae628aca39bfc597f9b7c8158;ef05eb3729;-;-;Fri Dec 4 20:59:16 2020 +0800;1607086756;-;-;Fri Dec 4 13:59:16 2020 +0100;1607086756
8ac39a50feda71194e33a456c0f8207169a5a3a9;8ac39a50fe;-;-;Thu Dec 3 18:41:18 2020 +0000;1607020878;-;-;Thu Dec 3 18:41:18 2020 +0000;1607020878
d82cb15439c1c9d4100daabb275e0eb102a877bc;d82cb15439;-;-;Thu Dec 3 17:53:11 2020 +0000;1607017991;-;-;Thu Dec 3 17:53:26 2020 +0000;1607018006
8c1d06e0c42b0b6da30ea4f62b0c6988f360c43f;8c1d06e0c4;-;-;Thu Dec 3 17:15:18 2020 +0000;1607015718;-;-;Thu Dec 3 17:16:27 2020 +0000;1607015787
01892c6524c7d506b5531419233a5d29c6d84dff;01892c6524;-;-;Fri Oct 16 23:56:33 2020 +0300;1602881793;-;-;Thu Dec 3 17:16:27 2020 +0000;1607015787
9776929a9d0d0e9bed98df32bf465b756e15b056;9776929a9d;-;-;Thu Dec 3 15:33:37 2020 +0100;1607006017;-;-;Thu Dec 3 15:40:31 2020 +0100;1607006431
4337d8465cded29b43aa32946bf691af48f34043;4337d8465c;-;-;Thu Dec 3 14:41:23 2020 +0100;1607002883;-;-;Thu Dec 3 15:40:31 2020 +0100;1607006431
8f0ad73bfdb855467bf62f7c00e53868fe7b6e5a;8f0ad73bfd;-;-;Thu Dec 3 14:51:49 2020 +0100;1607003509;-;-;Thu Dec 3 14:51:49 2020 +0100;1607003509
227d85a6b41677d5b7b8af0e6e10eb982e3d5dda;227d85a6b4;-;-;Wed Dec 2 17:22:22 2020 +0100;1606926142;-;-;Wed Dec 2 17:22:22 2020 +0100;1606926142
a1320cd450089b88eb689686dbb67bed05bdf8c9;a1320cd450;-;-;Thu Nov 26 14:51:27 2020 +0100;1606398687;-;-;Wed Dec 2 15:14:47 2020 +0100;1606918487
c7f2f50c1581487589874eed702ee557fa4f84be;c7f2f50c15;-;-;Wed Dec 2 23:07:15 2020 +0900;1606918035;-;-;Wed Dec 2 15:07:15 2020 +0100;1606918035
396fb0cd513588863491929ddbfe22a49de05beb;396fb0cd51;-;-;Wed Dec 2 12:25:37 2020 +0100;1606908337;-;-;Wed Dec 2 12:25:37 2020 +0100;1606908337
5328184f3a22ed3d848f6004c50c721597e4d564;5328184f3a;-;-;Tue Dec 1 17:44:57 2020 +0000;1606844697;-;-;Tue Dec 1 17:46:12 2020 +0000;1606844772
1e19e51c9c7912c53726bbc250eb8efd3526aac4;1e19e51c9c;-;-;Tue Dec 1 16:44:20 2020 +0000;1606841060;-;-;Tue Dec 1 17:46:12 2020 +0000;1606844772
69aed83504c098027e5d878df0b0cf40439facb5;69aed83504;-;-;Tue Dec 1 11:24:45 2020 +0100;1606818285;-;-;Tue Dec 1 11:24:45 2020 +0100;1606818285
0978cc629abe80fbb0999b9408b15dca1349f3c3;0978cc629a;-;-;Tue Dec 1 11:19:10 2020 +0100;1606817950;-;-;Tue Dec 1 11:19:10 2020 +0100;1606817950
0c825621b8d4a23bc819a72e786d7801d98a46b4;0c825621b8;-;-;Mon Nov 30 17:30:45 2020 +0000;1606757445;-;-;Mon Nov 30 17:30:45 2020 +0000;1606757445
e7b0b65244213b9a6ec455176fc09082020bd024;e7b0b65244;-;-;Mon Nov 30 17:16:55 2020 +0000;1606756615;-;-;Mon Nov 30 17:16:55 2020 +0000;1606756615
e9caee1b6e613185220be6296e1ede55965962e3;e9caee1b6e;-;-;Mon Nov 30 07:21:51 2020 +0100;1606717311;-;-;Mon Nov 30 07:21:51 2020 +0100;1606717311
622d0831a3f354112a062eac49d78784ce3731ad;622d0831a3;-;-;Fri Nov 27 21:46:45 2020 +0100;1606510005;-;-;Fri Nov 27 21:46:45 2020 +0100;1606510005
56dbe06d9b885951922fcfe98aa514b355e031c5;56dbe06d9b;-;-;Fri Nov 27 17:00:16 2020 +0100;1606492816;-;-;Fri Nov 27 17:00:16 2020 +0100;1606492816
11f6c4e7ab6b63f363aca63230aef111f476484e;11f6c4e7ab;-;-;Thu Nov 26 21:51:25 2020 +0000;1606427485;-;-;Thu Nov 26 21:51:53 2020 +0000;1606427513
d46091565b0da437f6c9d501122e7f2ddaf1f79a;d46091565b;-;-;Thu Nov 26 16:14:39 2020 +0000;1606407279;-;-;Thu Nov 26 16:14:51 2020 +0000;1606407291
42216b77dfce376fd9c6843c63ad3be9a99f4b66;42216b77df;-;-;Thu Nov 26 16:16:26 2020 +0200;1606400186;-;-;Thu Nov 26 15:31:21 2020 +0100;1606401081
43faa439ab567c382e50ae670560024cebdf63d2;43faa439ab;-;-;Thu Nov 26 12:15:23 2020 +0100;1606389323;-;-;Thu Nov 26 12:36:35 2020 +0100;1606390595
1f701d9badb624c847d92de47c8cc17cce2a4977;1f701d9bad;-;-;Wed Nov 25 11:41:06 2020 +0100;1606300866;-;-;Wed Nov 25 11:41:06 2020 +0100;1606300866
73e1f24ac17eb39a361ba90f0490f3e7eafe38ba;73e1f24ac1;-;-;Wed Nov 25 11:36:12 2020 +0100;1606300572;-;-;Wed Nov 25 11:36:12 2020 +0100;1606300572
86f9716fef89a25462f5d55c9d430cf8cd62c82c;86f9716fef;-;-;Wed Nov 25 11:35:06 2020 +0100;1606300506;-;-;Wed Nov 25 11:35:06 2020 +0100;1606300506
80701082cd872a2526823dc26bc7f9271e52bd48;80701082cd;-;-;Tue Nov 24 17:30:02 2020 +0000;1606239002;-;-;Tue Nov 24 17:31:28 2020 +0000;1606239088
361299034403ee95baee3eaa1464ef1537552982;3612990344;-;-;Mon Nov 23 16:42:18 2020 +0100;1606146138;-;-;Tue Nov 24 14:41:39 2020 +0100;1606225299
dea2029e94108f09e8b932efec2160d62d6dadb5;dea2029e94;-;-;Mon Nov 23 16:43:41 2020 +0100;1606146221;-;-;Tue Nov 24 14:41:39 2020 +0100;1606225299
77d6f8bc000047b1607b4b6362cd07f063d71c30;77d6f8bc00;-;-;Mon Nov 23 17:51:51 2020 +0100;1606150311;-;-;Tue Nov 24 14:04:33 2020 +0100;1606223073
23006d417b854ad3c4596370917488a5044b00d4;23006d417b;-;-;Mon Nov 23 21:46:14 2020 +0000;1606167974;-;-;Mon Nov 23 21:46:14 2020 +0000;1606167974
d8dafbc49d66738a20e389336ed8359bb7ed2c95;d8dafbc49d;-;-;Mon Nov 23 17:21:35 2020 +0000;1606152095;-;-;Mon Nov 23 17:22:09 2020 +0000;1606152129
cc4a1af09182978dc32d333e44e0e8229a89bc3b;cc4a1af091;-;-;Mon Nov 23 09:56:02 2020 +0000;1606125362;-;-;Mon Nov 23 17:22:09 2020 +0000;1606152129
fd70a9e95d416f80175f7ec21705528af12ec8ad;fd70a9e95d;-;-;Mon Nov 23 17:42:49 2020 +0100;1606149769;-;-;Mon Nov 23 17:42:49 2020 +0100;1606149769
298cb22bfecdf8b2655403fac8c3cd60e1214b20;298cb22bfe;-;-;Mon Nov 23 17:24:57 2020 +0100;1606148697;-;-;Mon Nov 23 17:24:57 2020 +0100;1606148697
4ed645e7109f1bf9560761d9963f5716e6cfc378;4ed645e710;-;-;Mon Nov 23 14:49:43 2020 +0100;1606139383;-;-;Mon Nov 23 14:49:43 2020 +0100;1606139383
7c47f554c02a506a8f69af2f7d664794b0df3479;7c47f554c0;-;-;Mon Nov 23 13:32:52 2020 +0100;1606134772;-;-;Mon Nov 23 13:33:00 2020 +0100;1606134780
642d47ef8d078ebf457e83ae3922e9dbaf1c1af1;642d47ef8d;-;-;Mon Nov 23 11:24:37 2020 +0100;1606127077;-;-;Mon Nov 23 11:24:37 2020 +0100;1606127077
42e492ef2a810a33991be60b4cba7f8bbf2dc4cb;42e492ef2a;-;-;Fri Nov 20 19:00:06 2020 +0100;1605895206;-;-;Fri Nov 20 19:00:06 2020 +0100;1605895206
4fb5d59c644a03c094bd4ecba562eab750815722;4fb5d59c64;-;-;Fri Nov 20 18:40:10 2020 +0100;1605894010;-;-;Fri Nov 20 18:40:10 2020 +0100;1605894010
e6324bd578a2deb35cd4049dcffacf66b5ee3aef;e6324bd578;-;-;Thu Nov 19 13:36:49 2020 +0100;1605789409;-;-;Fri Nov 20 15:50:58 2020 +0100;1605883858
45a922704736beb7160bf7fdca5bd236caf9212d;45a9227047;-;-;Fri Nov 20 12:39:28 2020 +0100;1605872368;-;-;Fri Nov 20 12:39:28 2020 +0100;1605872368
f1af8a6ae956f2523cb7f2f63710164babac6ddf;f1af8a6ae9;-;-;Thu Nov 19 21:41:39 2020 +0000;1605822099;-;-;Thu Nov 19 21:41:39 2020 +0000;1605822099
c4d7e6ff46348a34c55e45b1d26726d3ef6cf259;c4d7e6ff46;-;-;Thu Nov 19 21:25:21 2020 +0000;1605821121;-;-;Thu Nov 19 21:25:21 2020 +0000;1605821121
922d5d271a33d3b7356bb855b14b008ccd31b727;922d5d271a;-;-;Wed Nov 18 10:50:57 2020 -0500;1605714657;-;-;Thu Nov 19 21:12:56 2020 +0000;1605820376
05e3f271b62ffbecb2f1f0defe96d4959334843f;05e3f271b6;-;-;Thu Nov 19 21:11:23 2020 +0000;1605820283;-;-;Thu Nov 19 21:11:37 2020 +0000;1605820297
a7cce64e5d949477ab118b4c2c30a4c59b84bcaf;a7cce64e5d;-;-;Thu Nov 19 21:05:24 2020 +0100;1605816324;-;-;Thu Nov 19 21:05:24 2020 +0100;1605816324
a0544e78ea2b4736122ff0dffaf6fe0c729b32a1;a0544e78ea;-;-;Thu Nov 19 18:47:31 2020 +0100;1605808051;-;-;Thu Nov 19 18:47:31 2020 +0100;1605808051
c92dccea1bab99b89375d5b6c0991b544c42a4da;c92dccea1b;-;-;Thu Nov 19 17:29:16 2020 +0200;1605799756;-;-;Thu Nov 19 18:32:05 2020 +0100;1605807125
9ec96f6141a35f6615c5bc68bceac3facd44e8ae;9ec96f6141;-;-;Thu Nov 19 17:36:29 2020 +0200;1605800189;-;-;Thu Nov 19 18:31:39 2020 +0100;1605807099
135682e073d307b0bc35d235f6e1ba2fe60b039d;135682e073;-;-;Thu Nov 19 16:02:23 2020 +0100;1605798143;-;-;Thu Nov 19 16:02:23 2020 +0100;1605798143
6a0377b1a257a10ddc5735472094e649c14e2572;6a0377b1a2;-;-;Thu Nov 19 15:09:30 2020 +0100;1605794970;-;-;Thu Nov 19 15:09:30 2020 +0100;1605794970
8c3a05bbcf210aa38a375b1668a9cba56db2d7e4;8c3a05bbcf;-;-;Thu Nov 19 09:20:55 2020 +0000;1605777655;-;-;Thu Nov 19 09:20:55 2020 +0000;1605777655
684e695b08a25124ed6632101bc1f6d8ba1777f4;684e695b08;-;-;Wed Nov 18 21:20:38 2020 +0000;1605734438;-;-;Wed Nov 18 21:20:38 2020 +0000;1605734438
8130bf505fa69a00e0d566db36e543a9cf030683;8130bf505f;-;-;Wed Nov 18 20:57:49 2020 +0000;1605733069;-;-;Wed Nov 18 20:57:49 2020 +0000;1605733069
9beca064047bdb4b55e24414f07a3190524bc801;9beca06404;-;-;Wed Nov 18 20:25:39 2020 +0000;1605731139;-;-;Wed Nov 18 20:25:39 2020 +0000;1605731139
ae75db265704103eab8bad8ca388d2d1cd9ed846;ae75db2657;-;-;Wed Nov 18 18:41:59 2020 +0100;1605721319;-;-;Wed Nov 18 19:41:32 2020 +0000;1605728492
4cc831238c825c6d361d35ebf2563603da5eccae;4cc831238c;-;-;Wed Nov 18 15:30:20 2020 +0100;1605709820;-;-;Wed Nov 18 15:30:20 2020 +0100;1605709820
41835ba5a4d66c23347bc40859598e9bb14d40ca;41835ba5a4;-;-;Tue Nov 17 15:04:33 2020 +0100;1605621873;-;-;Tue Nov 17 15:58:53 2020 +0100;1605625133
de0b5bc5a1916737b116ae5c645898a08ac4f07e;de0b5bc5a1;-;-;Tue Nov 17 15:21:10 2020 +0100;1605622870;-;-;Tue Nov 17 15:21:10 2020 +0100;1605622870
b29723623b33f1ce8fbffec19e4c4dec91bf2da7;b29723623b;-;-;Tue Nov 17 14:45:45 2020 +0100;1605620745;-;-;Tue Nov 17 14:45:45 2020 +0100;1605620745
2ee231dee24a90b36041f898fb544af07f66ee48;2ee231dee2;-;-;Tue Nov 17 14:43:17 2020 +0100;1605620597;-;-;Tue Nov 17 14:43:17 2020 +0100;1605620597
b56dbd2aa8b5c521be85c799f934b70bac545fb2;b56dbd2aa8;-;-;Tue Nov 17 14:42:41 2020 +0100;1605620561;-;-;Tue Nov 17 14:42:41 2020 +0100;1605620561
c9b27af64f41cc4fd06ee41a0faaca867e3cba4e;c9b27af64f;-;-;Tue Nov 17 11:52:58 2020 +0100;1605610378;-;-;Tue Nov 17 11:57:09 2020 +0100;1605610629
9139cb85bd23d93fe72571d5cc23431860449f7e;9139cb85bd;-;-;Sat Oct 3 18:50:09 2020 +0200;1601743809;-;-;Tue Nov 17 11:49:01 2020 +0100;1605610141
367fbbb981844575267b021defb75dd498a1a07b;367fbbb981;-;-;Tue Nov 17 07:55:38 2020 +0100;1605596138;-;-;Tue Nov 17 07:55:38 2020 +0100;1605596138
041bff4e56fc60f9c1bf7af8def87c1d663d4d26;041bff4e56;-;-;Mon Nov 16 20:36:29 2020 +0100;1605555389;-;-;Mon Nov 16 20:36:29 2020 +0100;1605555389
bc5a10c70d48b69395eb121cbbce13ac2bd05ffb;bc5a10c70d;-;-;Mon Nov 16 19:51:50 2020 +0100;1605552710;-;-;Mon Nov 16 19:51:50 2020 +0100;1605552710
3d31750acc14e1172fe83075bd1bb08b3e6db0e9;3d31750acc;-;-;Mon Nov 16 18:20:19 2020 +0100;1605547219;-;-;Mon Nov 16 18:20:19 2020 +0100;1605547219
c22a483c3d93d55df36a9c00f177faa86dcef431;c22a483c3d;-;-;Mon Nov 16 17:01:35 2020 +0000;1605546095;-;-;Mon Nov 16 17:01:57 2020 +0000;1605546117
238354a081e6fdfe3af370d566bd750263b6e274;238354a081;-;-;Mon Nov 16 17:42:22 2020 +0100;1605544942;-;-;Mon Nov 16 17:42:22 2020 +0100;1605544942
51b1306d7051164716e69c78df01ba330ce0e211;51b1306d70;-;-;Mon Nov 16 17:41:09 2020 +0100;1605544869;-;-;Mon Nov 16 17:41:09 2020 +0100;1605544869
7206a23d33132a0c0fa1ef6ad00cbf980165f4d9;7206a23d33;-;-;Mon Nov 16 17:40:39 2020 +0100;1605544839;-;-;Mon Nov 16 17:40:39 2020 +0100;1605544839
83996b12cc0597896722cd4e4c08ed117600f75e;83996b12cc;-;-;Mon Nov 16 15:51:08 2020 +0200;1605534668;-;-;Mon Nov 16 16:11:31 2020 +0100;1605539491
0fd6c100a608d66c150985a906eddbb529ee50bd;0fd6c100a6;-;-;Mon Nov 16 14:33:21 2020 +0100;1605533601;-;-;Mon Nov 16 14:33:21 2020 +0100;1605533601
0819a9fcc9a1168521995e0bac7de5633a819780;0819a9fcc9;-;-;Sun Nov 15 20:59:15 2020 +0100;1605470355;-;-;Sun Nov 15 20:59:15 2020 +0100;1605470355
0b580d194d2390c4cb860f337e146b90ba16c6f2;0b580d194d;-;-;Fri Nov 13 17:52:51 2020 +0100;1605286371;-;-;Fri Nov 13 17:52:51 2020 +0100;1605286371
500b54b86f6f38808360fd56a17388bd6011c5bf;500b54b86f;-;-;Fri Nov 13 17:50:51 2020 +0100;1605286251;-;-;Fri Nov 13 17:50:51 2020 +0100;1605286251
942400ae476550443a041544f5b685096731fd16;942400ae47;-;-;Fri Nov 13 11:35:34 2020 +0100;1605263734;-;-;Fri Nov 13 11:35:34 2020 +0100;1605263734
b92d249f450920e48e640af6bbd0bd509e7d707d;b92d249f45;-;-;Thu Nov 12 22:00:47 2020 +0000;1605218447;-;-;Thu Nov 12 22:00:47 2020 +0000;1605218447
204a7fe91f202c364c9ed0a81932c2c873dcf99c;204a7fe91f;-;-;Thu Nov 12 21:28:18 2020 +0000;1605216498;-;-;Thu Nov 12 21:28:18 2020 +0000;1605216498
42d3bc47c9c8a86e9702604afb1a46775a1a3f14;42d3bc47c9;-;-;Thu Nov 12 18:42:21 2020 +0000;1605206541;-;-;Thu Nov 12 18:43:36 2020 +0000;1605206616
94fcb37d30b140ded9e93231606696d47ba32dcc;94fcb37d30;-;-;Thu Nov 12 18:16:58 2020 +0000;1605205018;-;-;Thu Nov 12 18:43:36 2020 +0000;1605206616
ba9325446ce6a7f5863883e9ce344041c7d40168;ba9325446c;-;-;Thu Nov 12 18:36:31 2020 +0000;1605206191;-;-;Thu Nov 12 18:43:36 2020 +0000;1605206616
5338d8b5e90acf43a919b8b1eb1803748a3f81c7;5338d8b5e9;-;-;Wed Nov 11 14:02:08 2020 +0100;1605099728;-;-;Thu Nov 12 15:57:14 2020 +0100;1605193034
1b0be5862daf5c8380378c9d68a65a6f234757d4;1b0be5862d;-;-;Thu Nov 12 15:32:41 2020 +0100;1605191561;-;-;Thu Nov 12 15:32:41 2020 +0100;1605191561
48af36c6fa7408e917cc837734499293ea2f96ad;48af36c6fa;-;-;Thu Nov 12 15:11:54 2020 +0100;1605190314;-;-;Thu Nov 12 15:11:54 2020 +0100;1605190314
bd4e915abfdfc43e37e719d079db06144303be81;bd4e915abf;-;-;Thu Nov 12 14:57:05 2020 +0100;1605189425;-;-;Thu Nov 12 14:57:05 2020 +0100;1605189425
c419ea7ba76596beb5d548f5cc922947ab524b9b;c419ea7ba7;-;-;Thu Nov 12 14:35:28 2020 +0100;1605188128;-;-;Thu Nov 12 14:35:28 2020 +0100;1605188128
66292cd7a1697a8d99b3dd3eaff4706e4beab558;66292cd7a1;-;-;Thu Nov 12 14:05:31 2020 +0100;1605186331;-;-;Thu Nov 12 14:05:31 2020 +0100;1605186331
6eec1acdac84f60ef235fba2653c3a107ebd2aa3;6eec1acdac;-;-;Thu Nov 12 12:23:24 2020 +0800;1605155004;-;-;Thu Nov 12 13:50:30 2020 +0100;1605185430
bc32d513d96a3c5f1882d98bde09ab8106a4d514;bc32d513d9;-;-;Thu Nov 12 08:21:19 2020 +0900;1605136879;-;-;Thu Nov 12 13:50:00 2020 +0100;1605185400
3851b291da0aaa293fa62c5eeeafd51bcc4a1d4f;3851b291da;-;-;Wed Nov 11 11:11:34 2020 +0100;1605089494;-;-;Wed Nov 11 11:11:34 2020 +0100;1605089494
2b1f229998422249eaee488777a9a9b8b04c05bd;2b1f229998;-;-;Tue Nov 10 19:59:36 2020 +0000;1605038376;-;-;Tue Nov 10 19:59:36 2020 +0000;1605038376
fc5e3c335f2b7901d2bdfa2d783dec4352dde906;fc5e3c335f;-;-;Tue Nov 10 16:31:31 2020 +0100;1605022291;-;-;Tue Nov 10 18:00:24 2020 +0100;1605027624
daf9a82e8ce3e6e8e795fcb46309cd8bc4a62e52;daf9a82e8c;-;-;Tue Nov 10 16:25:54 2020 +0200;1605018354;-;-;Tue Nov 10 17:30:00 2020 +0100;1605025800
b019f30a152560c36f589f1e584dd81706ac0ba8;b019f30a15;-;-;Tue Nov 10 15:28:34 2020 +0100;1605018514;-;-;Tue Nov 10 15:28:34 2020 +0100;1605018514
d5b5e894c95d3b90a665178b03b3fa60dd4a53b3;d5b5e894c9;-;-;Tue Nov 10 09:02:35 2020 +0000;1604998955;-;-;Tue Nov 10 09:02:35 2020 +0000;1604998955
2899652d8ea1b68b92f94ba1f13e028f76c251cb;2899652d8e;-;-;Mon Nov 9 22:30:35 2020 +0000;1604961035;-;-;Mon Nov 9 22:30:35 2020 +0000;1604961035
560a504a83cd72b3f3283810a6664040fc905215;560a504a83;-;-;Mon Nov 9 22:07:15 2020 +0000;1604959635;-;-;Mon Nov 9 22:07:31 2020 +0000;1604959651
79f79e9306bd7122f26f79f2dc6c956a801af18d;79f79e9306;-;-;Mon Nov 9 22:04:57 2020 +0000;1604959497;-;-;Mon Nov 9 22:07:31 2020 +0000;1604959651
bd2640a9d67ef1f8cffb8a8ed0c4a6539d5b4712;bd2640a9d6;-;-;Mon Nov 9 21:33:32 2020 +0100;1604954012;-;-;Mon Nov 9 21:33:32 2020 +0100;1604954012
6825287360e7d881066b7fbd16ab7e970985c225;6825287360;-;-;Mon Nov 9 18:18:33 2020 +0100;1604942313;-;-;Mon Nov 9 18:18:33 2020 +0100;1604942313
737d77a739ecd586235eb983cdeba21c8a8e9bf0;737d77a739;-;-;Mon Nov 9 17:43:21 2020 +0100;1604940201;-;-;Mon Nov 9 17:45:28 2020 +0100;1604940328
1f13516528a5884a1182649566a33f6dd0cc4e68;1f13516528;-;-;Mon Nov 9 15:50:12 2020 +0100;1604933412;-;-;Mon Nov 9 17:43:31 2020 +0100;1604940211
6bb3ad793eedd2f5eda98d5897ab207f081c87ec;6bb3ad793e;-;-;Mon Nov 9 14:06:18 2020 +0000;1604930778;-;-;Mon Nov 9 14:06:43 2020 +0000;1604930803
c73cff8bad0094c2683da9e9bbf39ec2c2307e38;c73cff8bad;-;-;Mon Nov 9 14:49:08 2020 +0100;1604929748;-;-;Mon Nov 9 14:49:45 2020 +0100;1604929785
e592634290a00cc2922ce90914971443fba5e445;e592634290;-;-;Mon Nov 9 13:32:41 2020 +0100;1604925161;-;-;Mon Nov 9 13:32:41 2020 +0100;1604925161
b25637e8adcde375c129bf383b8fa0b497fab658;b25637e8ad;-;-;Mon Nov 9 13:32:34 2020 +0100;1604925154;-;-;Mon Nov 9 13:32:34 2020 +0100;1604925154
0c347769a25c1bbf4687a1a09c3727f8064758cc;0c347769a2;-;-;Mon Nov 9 20:56:23 2020 +0900;1604922983;-;-;Mon Nov 9 13:08:44 2020 +0100;1604923724
2497d4285f0ef9fd7b1c1236aba4dd8efaedf974;2497d4285f;-;-;Mon Nov 9 12:39:09 2020 +0100;1604921949;-;-;Mon Nov 9 12:39:09 2020 +0100;1604921949
32238cc99624ac0f25a1347c7cd63e675e821830;32238cc996;-;-;Mon Nov 9 10:11:57 2020 +0100;1604913117;-;-;Mon Nov 9 10:19:24 2020 +0100;1604913564
d80dd50c9d3591a5dff8651745ee6fff9def0e15;d80dd50c9d;-;-;Mon Nov 9 10:11:39 2020 +0100;1604913099;-;-;Mon Nov 9 10:11:39 2020 +0100;1604913099
bdf120f1efcafe4312bdb2e638073549c01d2084;bdf120f1ef;-;-;Mon Nov 9 10:10:25 2020 +0100;1604913025;-;-;Mon Nov 9 10:10:25 2020 +0100;1604913025
e781d21097d4536c918b6d74387faf9c2648a6db;e781d21097;-;-;Mon Nov 9 10:09:26 2020 +0100;1604912966;-;-;Mon Nov 9 10:10:13 2020 +0100;1604913013
8cef13cc30eef69a54817cbf2931f352c7e127f1;8cef13cc30;-;-;Mon Nov 9 09:34:46 2020 +0100;1604910886;-;-;Mon Nov 9 09:34:46 2020 +0100;1604910886
2214ff8ce04ae298c01e5f6d3b7be45d7ebb209c;2214ff8ce0;-;-;Mon Nov 2 18:15:18 2020 +0100;1604337318;-;-;Sun Nov 8 15:43:30 2020 +0100;1604846610
411539ffef01ab5559cf43db0f8118b7e4d10060;411539ffef;-;-;Sun Nov 8 15:41:31 2020 +0100;1604846491;-;-;Sun Nov 8 15:41:31 2020 +0100;1604846491
11aa901634c7e312ceddf95e645da7c832139965;11aa901634;-;-;Sun Nov 8 22:40:01 2020 +0800;1604846401;-;-;Sun Nov 8 15:40:01 2020 +0100;1604846401
6e51370490bfda56d4ce68b1acaffb858df7af46;6e51370490;-;-;Fri Nov 6 20:46:35 2020 +0000;1604695595;-;-;Fri Nov 6 20:46:35 2020 +0000;1604695595
bcd2b9a8a7d4e0b8b6615787122d5f2a2d3eb70c;bcd2b9a8a7;-;-;Thu Nov 5 21:50:12 2020 +0000;1604613012;-;-;Thu Nov 5 21:50:12 2020 +0000;1604613012
17dd7785f6ae763136d1ce73e442661648be05a5;17dd7785f6;-;-;Thu Nov 5 21:34:56 2020 +0000;1604612096;-;-;Thu Nov 5 21:34:56 2020 +0000;1604612096
21f9d05bd92179306a74b731297fe94a19adb499;21f9d05bd9;-;-;Thu Nov 5 19:21:54 2020 +0100;1604600514;-;-;Thu Nov 5 19:21:54 2020 +0100;1604600514
19911af30ac3d688317ebdec83bca28f13d3c615;19911af30a;-;-;Thu Nov 5 19:09:58 2020 +0100;1604599798;-;-;Thu Nov 5 19:09:58 2020 +0100;1604599798
6acb091c4e32e170eda8a0a80d8c9d1d4fd5c02a;6acb091c4e;-;-;Thu Nov 5 17:44:40 2020 +0100;1604594680;-;-;Thu Nov 5 17:44:40 2020 +0100;1604594680
99ed01e3f7c14d3227898beceddfdd08ff2871ec;99ed01e3f7;-;-;Thu Nov 5 13:11:16 2020 +0100;1604578276;-;-;Thu Nov 5 13:11:16 2020 +0100;1604578276
26577575666412b10063ee52acdf954a099c28f4;2657757566;-;-;Thu Nov 5 13:10:45 2020 +0100;1604578245;-;-;Thu Nov 5 13:10:45 2020 +0100;1604578245
e1f51b4bf80c7284f7c6ad918385a24b680b6549;e1f51b4bf8;-;-;Fri Oct 9 16:11:00 2020 +0300;1602249060;-;-;Thu Nov 5 12:25:24 2020 +0100;1604575524
f2f84bfa7aaf822894bb20fa4699ddf5179b8629;f2f84bfa7a;-;-;Thu Nov 5 00:04:33 2020 +0100;1604531073;-;-;Thu Nov 5 00:04:33 2020 +0100;1604531073
6d67bdf04f2c2c2ab7af8b354ae1811a42c7607a;6d67bdf04f;-;-;Wed Nov 4 23:43:43 2020 +0100;1604529823;-;-;Wed Nov 4 23:43:43 2020 +0100;1604529823
97c8628bd6d8e86c0dd7557d79e7e40cbc9c97a9;97c8628bd6;-;-;Wed Nov 4 23:42:37 2020 +0100;1604529757;-;-;Wed Nov 4 23:42:37 2020 +0100;1604529757
990a9c74b93b3124dae554e6246b9b75504a5d23;990a9c74b9;-;-;Wed Nov 4 23:42:28 2020 +0100;1604529748;-;-;Wed Nov 4 23:42:28 2020 +0100;1604529748
b815accca99e120419d29d450f692a013221611b;b815accca9;-;-;Wed Nov 4 16:52:40 2020 +0100;1604505160;-;-;Wed Nov 4 16:52:40 2020 +0100;1604505160
4e8d6bea4dfe0aa1d7e845b5120ce7f16496071f;4e8d6bea4d;-;-;Wed Nov 4 16:52:11 2020 +0100;1604505131;-;-;Wed Nov 4 16:52:11 2020 +0100;1604505131
079ca80854ac7b98c124b9bebfcc54307a32888e;079ca80854;-;-;Wed Nov 4 16:51:54 2020 +0100;1604505114;-;-;Wed Nov 4 16:51:54 2020 +0100;1604505114
412aa06d861d5c891326827190af517c3feae603;412aa06d86;-;-;Wed Nov 4 16:48:54 2020 +0100;1604504934;-;-;Wed Nov 4 16:48:54 2020 +0100;1604504934
d5b3e65718a980b751ba603bdcba41c98e2c9992;d5b3e65718;-;-;Wed Nov 4 16:46:44 2020 +0100;1604504804;-;-;Wed Nov 4 16:46:44 2020 +0100;1604504804
a4679b87b993f69d998e8add54a98bf85c86aa02;a4679b87b9;-;-;Wed Nov 4 16:43:31 2020 +0100;1604504611;-;-;Wed Nov 4 16:43:31 2020 +0100;1604504611
fbf8e37f9451f9ba56b7afaf232570b2e886a7de;fbf8e37f94;-;-;Tue Nov 3 17:59:35 2020 +0100;1604422775;-;-;Wed Nov 4 16:29:31 2020 +0100;1604503771
8c3cab7eadcb07be11ed725bc82277f046a4fe7c;8c3cab7ead;-;-;Mon Nov 2 09:51:38 2020 +0200;1604303498;-;-;Wed Nov 4 16:29:09 2020 +0100;1604503749
0015fd67347b523411a7f34a119b3ffdcbbb9d1e;0015fd6734;-;-;Mon Nov 2 12:49:00 2020 +0200;1604314140;-;-;Wed Nov 4 16:28:51 2020 +0100;1604503731
b077e4cd85830efdd5679795e1baba13c903abe8;b077e4cd85;-;-;Wed Nov 4 14:42:19 2020 +0100;1604497339;-;-;Wed Nov 4 14:42:19 2020 +0100;1604497339
0a0299693bc7d3dad05ca4c8fcb2c3459ca2e131;0a0299693b;-;-;Wed Nov 4 14:19:58 2020 +0100;1604495998;-;-;Wed Nov 4 14:19:58 2020 +0100;1604495998
41bdde5d6b8c04d145061b481e398fe45d4effa1;41bdde5d6b;-;-;Tue Nov 3 19:30:22 2020 +0000;1604431822;-;-;Tue Nov 3 19:31:02 2020 +0000;1604431862
2e2d6621586304749372b3cd9888c6955bdf3b53;2e2d662158;-;-;Tue Nov 3 19:05:46 2020 +0000;1604430346;-;-;Tue Nov 3 19:31:02 2020 +0000;1604431862
68934f1b793ab8c6f01cfb091815374be2d95180;68934f1b79;-;-;Tue Nov 3 15:59:03 2020 +0100;1604415543;-;-;Tue Nov 3 16:17:15 2020 +0100;1604416635
f781c459b43eeac60188cf6a71508ff0cc8c9229;f781c459b4;-;-;Tue Nov 3 14:02:44 2020 +0800;1604383364;-;-;Tue Nov 3 14:52:23 2020 +0100;1604411543
5628c8cd63b64e7620f01dbc1269f5984906289a;5628c8cd63;-;-;Tue Nov 3 14:46:17 2020 +0100;1604411177;-;-;Tue Nov 3 14:46:17 2020 +0100;1604411177
0f6038af70434a20fc4112a79c00c411ab88e519;0f6038af70;-;-;Mon Nov 2 17:25:39 2020 +0000;1604337939;-;-;Mon Nov 2 17:25:57 2020 +0000;1604337957
3eb2c5e22f3a114b8f8c989bd7ef079590b24c4a;3eb2c5e22f;-;-;Mon Nov 2 16:48:58 2020 +0000;1604335738;-;-;Mon Nov 2 17:25:57 2020 +0000;1604337957
3f722a9c7f7f9852ba9c655f5aa8e5b6d82ec741;3f722a9c7f;-;-;Mon Nov 2 17:17:02 2020 +0100;1604333822;-;-;Mon Nov 2 17:17:02 2020 +0100;1604333822
acbbf61be878f7924e29d71fe95fe001a8d29183;acbbf61be8;-;-;Mon Nov 2 16:32:07 2020 +0100;1604331127;-;-;Mon Nov 2 16:39:59 2020 +0100;1604331599
154f0c71c985385e915785b0867678bd23e88004;154f0c71c9;-;-;Mon Nov 2 15:47:15 2020 +0100;1604328435;-;-;Mon Nov 2 15:47:15 2020 +0100;1604328435
7be7e5beb4e7d808761f06e386b359d45a0890d8;7be7e5beb4;-;-;Fri Oct 30 18:31:02 2020 +0000;1604082662;-;-;Fri Oct 30 18:31:30 2020 +0000;1604082690
37504e75e95537bd740bb576e266e73077997bc3;37504e75e9;-;-;Fri Oct 30 09:33:00 2020 +0100;1604046780;-;-;Fri Oct 30 09:33:00 2020 +0100;1604046780
141c79bc8f2f8cadafb90f8e1f5c3fe44ea2381c;141c79bc8f;-;-;Thu Oct 29 21:29:03 2020 +0000;1604006943;-;-;Thu Oct 29 21:29:35 2020 +0000;1604006975
885a5048c1bac3a8753e1419e8cefbfbb89d426a;885a5048c1;-;-;Thu Oct 29 12:51:47 2020 +0100;1603972307;-;-;Thu Oct 29 13:37:25 2020 +0100;1603975045
e981bf34b3863cb801af75911e0102c08c7ab783;e981bf34b3;-;-;Mon Oct 26 16:40:34 2020 +0100;1603726834;-;-;Thu Oct 29 13:37:25 2020 +0100;1603975045
44239b2d7b6026012da176339153df29aa13f305;44239b2d7b;-;-;Thu Oct 29 15:35:10 2020 +0530;1603965910;-;-;Thu Oct 29 12:32:20 2020 +0000;1603974740
a00c483927dbbdcb39f94d0f3c818fde05405aef;a00c483927;-;-;Tue Oct 27 16:56:22 2020 +0100;1603814182;-;-;Tue Oct 27 16:56:22 2020 +0100;1603814182
96ffa14141971104a2c01c886b8c4402c5798c71;96ffa14141;-;-;Tue Oct 27 14:52:47 2020 +0000;1603810367;-;-;Tue Oct 27 14:52:47 2020 +0000;1603810367
9f632cf0c1727e1b371e056aedc926d1b08e155c;9f632cf0c1;-;-;Tue Oct 27 14:05:05 2020 +0000;1603807505;-;-;Tue Oct 27 14:05:05 2020 +0000;1603807505
9c2fd0bd05f9a5903326320fcc2858bfafaefca1;9c2fd0bd05;-;-;Tue Oct 27 14:26:40 2020 +0100;1603805200;-;-;Tue Oct 27 14:26:40 2020 +0100;1603805200
6e936a408195f95d41f3463bb93e255218493664;6e936a4081;-;-;Sat Oct 17 13:03:56 2020 -0400;1602954236;-;-;Tue Oct 27 12:54:18 2020 +0000;1603803258
b2d337c52703bc8822ecd7e241d0a8b58b339f25;b2d337c527;-;-;Tue Oct 27 12:48:29 2020 +0100;1603799309;-;-;Tue Oct 27 12:48:29 2020 +0100;1603799309
24cef146833a2912152ee95ccff9212dfc08e77d;24cef14683;-;-;Tue Oct 27 11:21:41 2020 +0000;1603797701;-;-;Tue Oct 27 11:21:41 2020 +0000;1603797701
b01adadf6005867216858d7e2404d416f25faa63;b01adadf60;-;-;Tue Oct 27 11:48:03 2020 +0100;1603795683;-;-;Tue Oct 27 11:48:44 2020 +0100;1603795724
9c11887fe8d119efb91403975c17a3bb231735b4;9c11887fe8;-;-;Thu Aug 6 09:21:40 2020 +0800;1596676900;-;-;Tue Oct 27 11:48:44 2020 +0100;1603795724
45032602822f4bd943e53d66578a843c7cc810c4;4503260282;-;-;Tue Oct 27 11:21:44 2020 +0100;1603794104;-;-;Tue Oct 27 11:21:55 2020 +0100;1603794115
d1e6883d5d25c834d0312cf8f046f8bbf0a259e6;d1e6883d5d;-;-;Tue Oct 27 11:05:31 2020 +0100;1603793131;-;-;Tue Oct 27 11:05:31 2020 +0100;1603793131
5170f3f5942b440b0f17de936f3a09b0910daf53;5170f3f594;-;-;Tue Oct 27 09:41:59 2020 +0100;1603788119;-;-;Tue Oct 27 09:41:59 2020 +0100;1603788119
a4d546a9d6977da682eaf5a92ada208747583c13;a4d546a9d6;-;-;Tue Oct 27 03:08:54 2020 +0100;1603764534;-;-;Tue Oct 27 03:08:54 2020 +0100;1603764534
fc9650a9a658cb3636400531afe6a87440f02f99;fc9650a9a6;-;-;Tue Oct 27 00:18:01 2020 +0100;1603754281;-;-;Tue Oct 27 00:22:03 2020 +0100;1603754523
82fa3f3fc10c578a396ed3f97a1445f640f0b2ba;82fa3f3fc1;-;-;Mon Oct 26 17:34:28 2020 +0100;1603730068;-;-;Tue Oct 27 00:18:25 2020 +0100;1603754305
1fb33fbd3c7e6cde178dc56848f1204bdfc6ea64;1fb33fbd3c;-;-;Mon Oct 26 23:23:59 2020 +0100;1603751039;-;-;Mon Oct 26 23:23:59 2020 +0100;1603751039
a3cd8e11b04434c9257c065d6d82d49be7cf05ac;a3cd8e11b0;-;-;Mon Oct 26 21:49:14 2020 +0000;1603748954;-;-;Mon Oct 26 21:49:14 2020 +0000;1603748954
0aa3205e3865c34ee98a5d14eeca03abf8f871d4;0aa3205e38;-;-;Mon Oct 26 22:19:26 2020 +0100;1603747166;-;-;Mon Oct 26 22:19:26 2020 +0100;1603747166
5b910a87c38386e870eba1f3f8154db2de4df026;5b910a87c3;-;-;Mon Oct 26 20:09:51 2020 +0100;1603739391;-;-;Mon Oct 26 20:10:54 2020 +0100;1603739454
9ebd3ee1fef103a51f70d56f388bb4ee2d27d66c;9ebd3ee1fe;-;-;Mon Oct 26 20:07:50 2020 +0100;1603739270;-;-;Mon Oct 26 20:10:54 2020 +0100;1603739454
3f01af6f7c7738c0148d1022ac6dbb189f13c7dd;3f01af6f7c;-;-;Mon Oct 26 20:06:07 2020 +0100;1603739167;-;-;Mon Oct 26 20:10:54 2020 +0100;1603739454
f3297486570035ca3ee4d9ae9a824f7520cd9160;f329748657;-;-;Mon Oct 26 18:32:16 2020 +0100;1603733536;-;-;Mon Oct 26 18:32:16 2020 +0100;1603733536
d04c5f8b2cb274b8f44c47b3783e5d29f3e21b43;d04c5f8b2c;-;-;Mon Oct 26 18:13:39 2020 +0100;1603732419;-;-;Mon Oct 26 18:13:55 2020 +0100;1603732435
41247d49baf355e80352fae450f9165d14b17bfd;41247d49ba;-;-;Mon Oct 26 17:47:20 2020 +0100;1603730840;-;-;Mon Oct 26 17:47:20 2020 +0100;1603730840
16c8676e5b0d4980bd8d41b2facc3751f00c4ec6;16c8676e5b;-;-;Mon Oct 26 17:37:20 2020 +0100;1603730240;-;-;Mon Oct 26 17:37:20 2020 +0100;1603730240
d7f1813cd797d363393497c7a73212b466d78f75;d7f1813cd7;-;-;Mon Oct 26 17:33:00 2020 +0100;1603729980;-;-;Mon Oct 26 17:33:00 2020 +0100;1603729980
ada255d5849ab4a286946b0a82a6ed22ce5da352;ada255d584;-;-;Sat Oct 24 17:47:56 2020 +0200;1603554476;-;-;Mon Oct 26 17:17:53 2020 +0100;1603729073
7aef0c78a02684ff5be7e5e658410e1f26fbf86b;7aef0c78a0;-;-;Mon Oct 26 17:02:11 2020 +0100;1603728131;-;-;Mon Oct 26 17:02:11 2020 +0100;1603728131
705cf09ad714af82bcee32cb36c03d93d86b5408;705cf09ad7;-;-;Mon Oct 26 15:05:35 2020 +0100;1603721135;-;-;Mon Oct 26 15:05:35 2020 +0100;1603721135
b1fef925afe382d0064cd6742b21425cae40c80d;b1fef925af;-;-;Mon Oct 26 13:58:45 2020 +0100;1603717125;-;-;Mon Oct 26 13:58:45 2020 +0100;1603717125
9287c155834c51acf35a4e7dcbc238621c346954;9287c15583;-;-;Mon Oct 26 13:53:23 2020 +0100;1603716803;-;-;Mon Oct 26 13:53:23 2020 +0100;1603716803
9a4a593c7fd6c148396a4635ad9b2a4629011da1;9a4a593c7f;-;-;Mon Oct 26 12:53:53 2020 +0100;1603713233;-;-;Mon Oct 26 12:53:53 2020 +0100;1603713233
3924947773bd826811c4d47097ae0c0e533a1ffb;3924947773;-;-;Mon Oct 26 11:27:05 2020 +0100;1603708025;-;-;Mon Oct 26 11:27:05 2020 +0100;1603708025
a3f3a136c445764d5486f759b37b780697884d64;a3f3a136c4;-;-;Mon Oct 26 10:41:59 2020 +0100;1603705319;-;-;Mon Oct 26 10:41:59 2020 +0100;1603705319
a2ff03074f37b66ff328b7fc40956fc0b571c0d5;a2ff03074f;-;-;Mon Oct 26 09:52:03 2020 +0100;1603702323;-;-;Mon Oct 26 09:57:30 2020 +0100;1603702650
a3fcfc5d2aeb1bf6b52618c861d22c944e882fa9;a3fcfc5d2a;-;-;Mon Oct 26 09:49:28 2020 +0100;1603702168;-;-;Mon Oct 26 09:57:30 2020 +0100;1603702650
1247e4a0e8f85d1d69cb7fcb71b025e2fb417996;1247e4a0e8;-;-;Mon Oct 26 09:48:33 2020 +0100;1603702113;-;-;Mon Oct 26 09:48:33 2020 +0100;1603702113
1676470729c21050bafe1319e5c42ee7a3881880;1676470729;-;-;Mon Oct 26 07:49:51 2020 +0000;1603698591;-;-;Mon Oct 26 07:49:51 2020 +0000;1603698591
efe933ad8359f931cb9915dd3677bebb2b9243c7;efe933ad83;-;-;Sun Oct 25 18:33:57 2020 +0100;1603647237;-;-;Sun Oct 25 18:33:57 2020 +0100;1603647237
5429c7afebaa3255ea80197224023c29c7d552ec;5429c7afeb;-;-;Mon Oct 5 11:30:53 2020 +0200;1601890253;-;-;Sun Oct 25 18:33:42 2020 +0100;1603647222
73eefeac5f0facb69ba9f5d6ba38152e65e6842a;73eefeac5f;-;-;Sat Oct 24 23:48:13 2020 +0200;1603576093;-;-;Sat Oct 24 23:48:13 2020 +0200;1603576093
1a50732daa5e23aa3e0ebb8a56ef0117bdbf6c9e;1a50732daa;-;-;Sat Oct 24 23:27:18 2020 +0200;1603574838;-;-;Sat Oct 24 23:27:18 2020 +0200;1603574838
1c82ba425bcdb38d3e5c8078e0d470a76e8d0c6c;1c82ba425b;-;-;Sat Oct 24 22:45:17 2020 +0200;1603572317;-;-;Sat Oct 24 22:45:17 2020 +0200;1603572317
946e5c9bbf81e23adbe1f18e914817b325d15610;946e5c9bbf;-;-;Sat Oct 24 22:29:38 2020 +0200;1603571378;-;-;Sat Oct 24 22:29:38 2020 +0200;1603571378
af4d68b1a5a92b05e69ffca43bc99e401aa5399b;af4d68b1a5;-;-;Sat Oct 24 22:26:29 2020 +0200;1603571189;-;-;Sat Oct 24 22:26:29 2020 +0200;1603571189
a40cc8bbe09e2d21f2abea522d1a9fc09b83c21d;a40cc8bbe0;-;-;Fri Oct 23 18:27:49 2020 +0100;1603474069;-;-;Fri Oct 23 18:27:49 2020 +0100;1603474069
6e640c806f90b1d116f8613c5aa7ddb7c5af8f39;6e640c806f;-;-;Wed Aug 26 00:55:24 2020 -0700;1598428524;-;-;Fri Oct 23 18:16:05 2020 +0100;1603473365
e66e34766e94fe4ab99af7b178ae2eb3bbff5a48;e66e34766e;-;-;Fri Oct 23 18:08:54 2020 +0100;1603472934;-;-;Fri Oct 23 18:09:22 2020 +0100;1603472962
5644a7aebbb7cea8fdd16e873f6b2a3229ac96e9;5644a7aebb;-;-;Fri Oct 23 17:43:17 2020 +0100;1603471397;-;-;Fri Oct 23 17:43:17 2020 +0100;1603471397
7af726480f8da22f533b37d6ad01781aafeefa35;7af726480f;-;-;Wed Oct 21 19:18:11 2020 +0100;1603304291;-;-;Fri Oct 23 17:07:39 2020 +0100;1603469259
51fb49be344524abd4a92098a8a62c83d62ecb9a;51fb49be34;-;-;Fri Oct 23 17:04:44 2020 +0100;1603469084;-;-;Fri Oct 23 17:05:00 2020 +0100;1603469100
c5248497743e2a6388026f0ac0699e881874e0fd;c524849774;-;-;Fri Oct 23 17:06:26 2020 +0200;1603465586;-;-;Fri Oct 23 17:06:26 2020 +0200;1603465586
f2eb67373ac48e5b33e75fe0b6336504925c1dc4;f2eb67373a;-;-;Fri Oct 23 17:00:39 2020 +0200;1603465239;-;-;Fri Oct 23 17:00:39 2020 +0200;1603465239
cf988f81b5fb3f810aa3e1b44a199ec8f0866f15;cf988f81b5;-;-;Fri Oct 23 15:14:05 2020 +0100;1603462445;-;-;Fri Oct 23 15:14:05 2020 +0100;1603462445
417e7e03d4fbe381e083bc2be09d94a10c473dfd;417e7e03d4;-;-;Thu Oct 15 15:52:58 2020 +0200;1602769978;-;-;Fri Oct 23 14:58:49 2020 +0200;1603457929
8d86d61f9f0c08cd345ef05a05f2630c5616fad1;8d86d61f9f;-;-;Fri Oct 23 14:24:33 2020 +0200;1603455873;-;-;Fri Oct 23 14:24:33 2020 +0200;1603455873
1ec6843913d0286ea79edf4193e0d71424d5145a;1ec6843913;-;-;Fri Oct 23 11:47:03 2020 +0200;1603446423;-;-;Fri Oct 23 11:47:03 2020 +0200;1603446423
cff57ca1fe822ff5d5d71a5c265f130b40de349e;cff57ca1fe;-;-;Fri Oct 23 09:30:43 2020 +0200;1603438243;-;-;Fri Oct 23 09:30:43 2020 +0200;1603438243
784d72cc56a95a11ed8058dec5a703e4dc8fbbe2;784d72cc56;-;-;Fri Oct 23 08:22:23 2020 +0100;1603437743;-;-;Fri Oct 23 08:22:23 2020 +0100;1603437743
448026943286edd7e88a6a0ad20feb50dd2d6f02;4480269432;-;-;Thu Oct 22 21:55:44 2020 +0100;1603400144;-;-;Thu Oct 22 21:55:44 2020 +0100;1603400144
9a1323aad5a843e7136ae0275d14eda5fd1c15b6;9a1323aad5;-;-;Thu Oct 22 21:50:27 2020 +0100;1603399827;-;-;Thu Oct 22 21:50:27 2020 +0100;1603399827
eec6ec8f4497403ae23df90328c1e562fcf832e5;eec6ec8f44;-;-;Thu Oct 22 21:48:45 2020 +0100;1603399725;-;-;Thu Oct 22 21:48:45 2020 +0100;1603399725
aaa2d2105811adf170322784b248f37e3b2a2327;aaa2d21058;-;-;Thu Oct 22 17:31:59 2020 +0200;1603380719;-;-;Thu Oct 22 17:31:59 2020 +0200;1603380719
b8b854db8c116feca5a1ae2323e72ed2e0dc7fc9;b8b854db8c;-;-;Thu Oct 22 17:01:32 2020 +0200;1603378892;-;-;Thu Oct 22 17:08:10 2020 +0200;1603379290
95110d825715a70dbc7fadc0e3ebd42f44e6bdfb;95110d8257;-;-;Thu Oct 22 15:19:32 2020 +0200;1603372772;-;-;Thu Oct 22 15:19:32 2020 +0200;1603372772
cfc3522641e000946876ecca61d2d3ffe88d7c62;cfc3522641;-;-;Wed Oct 21 22:06:27 2020 +0100;1603314387;-;-;Wed Oct 21 22:06:55 2020 +0100;1603314415
621295dbd8e53dd66901348e6f23fbdfd78b8b22;621295dbd8;-;-;Wed Oct 21 16:09:26 2020 +0200;1603289366;-;-;Wed Oct 21 16:09:26 2020 +0200;1603289366
07769ddcc6c3f67f26245d2b23204d2b33bd6b9d;07769ddcc6;-;-;Wed Oct 21 14:21:49 2020 +0200;1603282909;-;-;Wed Oct 21 14:21:49 2020 +0200;1603282909
c74887085300532dcb2deda826b09bd2de3963ed;c748870853;-;-;Wed Oct 21 14:20:58 2020 +0200;1603282858;-;-;Wed Oct 21 14:20:58 2020 +0200;1603282858
bd91dc70d5b0d40dff1bf034d827c86b12ecae0c;bd91dc70d5;-;-;Tue Oct 20 15:40:51 2020 +0200;1603201251;-;-;Tue Oct 20 15:41:02 2020 +0200;1603201262
dff9924a0ca68e02ce8d888f0e084fefcdb9d240;dff9924a0c;-;-;Tue Oct 20 12:19:45 2020 +0200;1603189185;-;-;Tue Oct 20 12:52:46 2020 +0100;1603194766
bfb2ce6e2ac3b8b4b4aef282b0778016f597fd17;bfb2ce6e2a;-;-;Mon Oct 19 21:39:48 2020 +0100;1603139988;-;-;Mon Oct 19 21:40:09 2020 +0100;1603140009
76eb5e6e2c7ae668646b5c6b73ca8cacc8247643;76eb5e6e2c;-;-;Mon Oct 19 21:30:52 2020 +0100;1603139452;-;-;Mon Oct 19 21:40:09 2020 +0100;1603140009
43f595f80e1a195738e4ecbd50f7778c18c56a85;43f595f80e;-;-;Mon Oct 19 20:39:32 2020 +0900;1603107572;-;-;Mon Oct 19 14:17:23 2020 +0100;1603113443
6f131ba1c45a27aefffafe70a89496001cd555d4;6f131ba1c4;-;-;Mon Oct 19 13:10:56 2020 +0100;1603109456;-;-;Mon Oct 19 13:10:56 2020 +0100;1603109456
d18fbab7a87a1cd0dac168a31e1497cf53de9529;d18fbab7a8;-;-;Mon Oct 19 13:06:17 2020 +0100;1603109177;-;-;Mon Oct 19 13:06:30 2020 +0100;1603109190
a4d0af802a591b4156e48f4c39cbe1ae00d977cb;a4d0af802a;-;-;Fri Oct 16 19:16:11 2020 +0100;1602872171;-;-;Fri Oct 16 19:16:11 2020 +0100;1602872171
702a05e9264ea2cf67c4028927dfbf55a82ee57b;702a05e926;-;-;Fri Oct 16 15:33:37 2020 +0200;1602855217;-;-;Fri Oct 16 15:33:37 2020 +0200;1602855217
0df6d60fea416f1d5fda06995d5e3ca5ab6aba28;0df6d60fea;-;-;Fri Oct 16 15:29:50 2020 +0200;1602854990;-;-;Fri Oct 16 15:29:50 2020 +0200;1602854990
6d4b286b1adfad25391526057a8616b1c58ccb5a;6d4b286b1a;-;-;Fri Oct 16 14:50:04 2020 +0200;1602852604;-;-;Fri Oct 16 14:51:44 2020 +0200;1602852704
970afbc6140f0dd382eeaee29a2a02bc7c2005f2;970afbc614;-;-;Fri Oct 16 09:06:52 2020 +0200;1602832012;-;-;Fri Oct 16 14:51:44 2020 +0200;1602852704
f13c43bafe2f5acd45b73c3b2417e579819ab180;f13c43bafe;-;-;Fri Oct 16 12:22:04 2020 +0200;1602843724;-;-;Fri Oct 16 12:22:04 2020 +0200;1602843724
23211c784e451ebdcbd31f38fe9c4fdef32023ba;23211c784e;-;-;Fri Oct 16 12:20:15 2020 +0200;1602843615;-;-;Fri Oct 16 12:20:15 2020 +0200;1602843615
a2ff139edde051513e54686d35357ad7667262cf;a2ff139edd;-;-;Thu Oct 15 22:08:32 2020 +0100;1602796112;-;-;Thu Oct 15 22:08:32 2020 +0100;1602796112
424e28bc35fd03fb80cd324d1cd4221eebbcfb77;424e28bc35;-;-;Thu Oct 15 17:18:33 2020 +0100;1602778713;-;-;Thu Oct 15 17:18:33 2020 +0100;1602778713
4952336419c44ca58f9b688497ecfb6f3dc5a35a;4952336419;-;-;Thu Oct 15 10:14:01 2020 +0100;1602753241;-;-;Thu Oct 15 17:14:27 2020 +0100;1602778467
babcbd0d2b5f7a515223b23a889909df2668d951;babcbd0d2b;-;-;Sat Oct 3 23:08:12 2020 +0200;1601759292;-;-;Thu Oct 15 17:14:27 2020 +0100;1602778467
b7d1bbb991e7d8f8c666925662a7d7b704c83c04;b7d1bbb991;-;-;Thu Oct 15 18:03:29 2020 +0200;1602777809;-;-;Thu Oct 15 18:06:37 2020 +0200;1602777997
603a1dd319165167eb9dbf68860e85a2a258c29c;603a1dd319;-;-;Thu Oct 15 18:02:32 2020 +0200;1602777752;-;-;Thu Oct 15 18:02:32 2020 +0200;1602777752
6b978cb5dc40add849f1fdf4ef6c40651cfced18;6b978cb5dc;-;-;Thu Oct 15 18:02:00 2020 +0200;1602777720;-;-;Thu Oct 15 18:02:00 2020 +0200;1602777720
b79548d12eeb062e66fa0aa7a5aae30f1d6fce91;b79548d12e;-;-;Thu Oct 15 16:23:29 2020 +0200;1602771809;-;-;Thu Oct 15 16:23:29 2020 +0200;1602771809
f9e11593a6164a98b3108c14edba80c3d731d931;f9e11593a6;-;-;Thu Oct 15 16:04:59 2020 +0200;1602770699;-;-;Thu Oct 15 16:04:59 2020 +0200;1602770699
57ac32b808247881b8e976bd9f380e6a44fcc524;57ac32b808;-;-;Thu Oct 15 13:48:50 2020 +0200;1602762530;-;-;Thu Oct 15 13:48:50 2020 +0200;1602762530
2eee56d0e21b8b7a2b0f094d7203f5c380496fa3;2eee56d0e2;-;-;Wed Oct 14 15:03:22 2020 +0200;1602680602;-;-;Wed Oct 14 15:03:22 2020 +0200;1602680602
a271a0a2bf37ad2073badfa28cbc0d0389418360;a271a0a2bf;-;-;Wed Oct 14 14:11:10 2020 +0200;1602677470;-;-;Wed Oct 14 14:21:25 2020 +0200;1602678085
69af56c4e94bd22d0c105336488905ad92d519f9;69af56c4e9;-;-;Wed Oct 14 11:16:57 2020 +0200;1602667017;-;-;Wed Oct 14 14:21:13 2020 +0200;1602678073
a924677b49fcf3933f33f04c8d7ff57e9ca24904;a924677b49;-;-;Tue Oct 13 19:03:56 2020 +0200;1602608636;-;-;Wed Oct 14 11:04:46 2020 +0200;1602666286
7e647ab1d831170b912ea29add4e79839535ec93;7e647ab1d8;-;-;Tue Oct 13 23:45:51 2020 +0100;1602629151;-;-;Tue Oct 13 23:45:51 2020 +0100;1602629151
abd79d43afc60c295f3947ee18e0e9046a0d7b2c;abd79d43af;-;-;Tue Oct 13 23:42:43 2020 +0100;1602628963;-;-;Tue Oct 13 23:42:43 2020 +0100;1602628963
e5ae2cb0fe13297c6f6cddfd9a92eb4583db8e2d;e5ae2cb0fe;-;-;Tue Oct 13 14:52:47 2020 +0200;1602593567;-;-;Tue Oct 13 18:30:50 2020 +0200;1602606650
33fcba55d17ecebf82981049616ccf30f75314e1;33fcba55d1;-;-;Tue Oct 13 16:18:05 2020 +0200;1602598685;-;-;Tue Oct 13 16:19:01 2020 +0200;1602598741
3ed8813bbfc1678de73529a882ce535e2636519c;3ed8813bbf;-;-;Tue Oct 13 15:23:38 2020 +0200;1602595418;-;-;Tue Oct 13 15:26:39 2020 +0200;1602595599
cd835b3124df094c3c4730270e9cb835738a315d;cd835b3124;-;-;Tue Oct 13 11:35:36 2020 +0200;1602581736;-;-;Tue Oct 13 11:35:36 2020 +0200;1602581736
a6e48811c0fdcdbddded2d11c7171babb735d43e;a6e48811c0;-;-;Tue Oct 13 11:04:55 2020 +0200;1602579895;-;-;Tue Oct 13 11:04:55 2020 +0200;1602579895
4a608e97dcadbe2a8f2767abb6a32eca5c051352;4a608e97dc;-;-;Tue Oct 13 10:35:51 2020 +0200;1602578151;-;-;Tue Oct 13 10:35:51 2020 +0200;1602578151
74c2df43cc4c56dca18cc0da6eb7c308122389ec;74c2df43cc;-;-;Tue Oct 13 09:58:07 2020 +0200;1602575887;-;-;Tue Oct 13 09:58:07 2020 +0200;1602575887
2934a823edf67e61dfe6656f23b4bb546afd1f3f;2934a823ed;-;-;Tue Oct 13 09:44:42 2020 +0200;1602575082;-;-;Tue Oct 13 09:44:42 2020 +0200;1602575082
379d9167d979b5f29b6d442a792045dd5cbaa49d;379d9167d9;-;-;Tue Oct 13 01:41:48 2020 +0200;1602546108;-;-;Tue Oct 13 01:41:48 2020 +0200;1602546108
e9cd37a4ee8d733aa4f0c46b0ffd0106a59be3d0;e9cd37a4ee;-;-;Tue Oct 13 00:25:04 2020 +0200;1602541504;-;-;Tue Oct 13 00:25:04 2020 +0200;1602541504
0af09e076b61d7f63dde9df8a033599648d22248;0af09e076b;-;-;Tue Oct 13 00:09:49 2020 +0200;1602540589;-;-;Tue Oct 13 00:12:52 2020 +0200;1602540772
7f365942a5ef02ca2fb364ded480ed51d54582e8;7f365942a5;-;-;Tue Oct 13 00:08:15 2020 +0200;1602540495;-;-;Tue Oct 13 00:08:15 2020 +0200;1602540495
1b63c31722b6f7b9acec39292cbde893a41d1ea6;1b63c31722;-;-;Tue Oct 13 00:06:38 2020 +0200;1602540398;-;-;Tue Oct 13 00:06:38 2020 +0200;1602540398
37e35b37d411c214ab99359528666219107bdfdf;37e35b37d4;-;-;Mon Oct 12 20:06:59 2020 +0100;1602529619;-;-;Mon Oct 12 20:06:59 2020 +0100;1602529619
a9d458f5fc15660af7092f6918c50387d624ed14;a9d458f5fc;-;-;Mon Oct 12 19:54:21 2020 +0200;1602525261;-;-;Mon Oct 12 19:54:21 2020 +0200;1602525261
9dc64f5f5f772eb19f2837344849bb6e3654ccda;9dc64f5f5f;-;-;Mon Oct 12 18:37:36 2020 +0200;1602520656;-;-;Mon Oct 12 18:37:36 2020 +0200;1602520656
ca2b41290509b153f69fbb1f7c7dd0180f66789d;ca2b412905;-;-;Mon Oct 12 18:36:35 2020 +0200;1602520595;-;-;Mon Oct 12 18:36:35 2020 +0200;1602520595
fbb3c5cce73f07679afebbb39980fb971efb9f4f;fbb3c5cce7;-;-;Mon Oct 12 18:33:20 2020 +0200;1602520400;-;-;Mon Oct 12 18:33:20 2020 +0200;1602520400
8c47c7c7970f683ee11a41709c6482c6b21301b5;8c47c7c797;-;-;Mon Oct 12 18:06:07 2020 +0200;1602518767;-;-;Mon Oct 12 18:07:17 2020 +0200;1602518837
21f2863d8ee25dfaa21d7ad393183607502f9661;21f2863d8e;-;-;Mon Oct 12 18:03:39 2020 +0200;1602518619;-;-;Mon Oct 12 18:07:17 2020 +0200;1602518837
83bfee92011575acc35812cc51f5f07bb544372b;83bfee9201;-;-;Mon Oct 12 17:59:48 2020 +0200;1602518388;-;-;Mon Oct 12 18:07:17 2020 +0200;1602518837
50b954240291d7e4302a679694b83db7096ff254;50b9542402;-;-;Mon Oct 12 17:57:43 2020 +0200;1602518263;-;-;Mon Oct 12 18:07:17 2020 +0200;1602518837
2a34c0ea702a1fa0a6dc66a7cedd112aa4c284da;2a34c0ea70;-;-;Mon Oct 12 17:54:53 2020 +0200;1602518093;-;-;Mon Oct 12 18:07:17 2020 +0200;1602518837
fec89af23946c21d40fae5a5d890ec2a8a17ee92;fec89af239;-;-;Mon Oct 12 17:51:24 2020 +0200;1602517884;-;-;Mon Oct 12 17:51:24 2020 +0200;1602517884
6641dbc852dddd46276820501cda0cac5e519eaa;6641dbc852;-;-;Mon May 20 18:59:07 2019 +0200;1558371547;-;-;Mon Oct 12 17:34:47 2020 +0200;1602516887
b9f7b0d955cefb0d9ff31a41fe87733e165ddee1;b9f7b0d955;-;-;Mon Oct 12 14:26:51 2020 +0100;1602509211;-;-;Mon Oct 12 14:26:51 2020 +0100;1602509211
809851c0fe18cea1f57f0c03b4b85b1a642e7c68;809851c0fe;-;-;Mon Oct 12 11:54:40 2020 +0100;1602500080;-;-;Mon Oct 12 11:55:20 2020 +0100;1602500120
5b1b20c8c0f3d763a7fc7ea934d6b261ee8f82ae;5b1b20c8c0;-;-;Mon Oct 12 11:32:48 2020 +0100;1602498768;-;-;Mon Oct 12 11:55:20 2020 +0100;1602500120
66138f0dcedfa6b0d856fc7b131e90b7044aa0d9;66138f0dce;-;-;Sat Oct 10 22:35:56 2020 +0800;1602340556;-;-;Sat Oct 10 16:35:56 2020 +0200;1602340556
e73e489fd8a0fd5cc398916b95e2b86c9c8f86be;e73e489fd8;-;-;Fri Oct 9 20:45:27 2020 +0100;1602272727;-;-;Fri Oct 9 20:46:21 2020 +0100;1602272781
cdd48ddd7f18f4cebd2586e34e10dea1629d1eed;cdd48ddd7f;-;-;Fri Oct 9 12:51:08 2020 +0200;1602240668;-;-;Fri Oct 9 12:51:08 2020 +0200;1602240668
c4de44582222d55a109f0364581bae388060c2d6;c4de445822;-;-;Fri Oct 9 12:41:52 2020 +0200;1602240112;-;-;Fri Oct 9 12:41:52 2020 +0200;1602240112
94a42a30861a3010dfe4790ebb8823f37985889a;94a42a3086;-;-;Fri Oct 9 12:22:15 2020 +0200;1602238935;-;-;Fri Oct 9 12:25:32 2020 +0200;1602239132
fad72437339579f2d14e4ce12c6ace7a56398cb5;fad7243733;-;-;Fri Oct 9 09:21:46 2020 +0200;1602228106;-;-;Fri Oct 9 09:21:46 2020 +0200;1602228106
d49a7a105d0b4a19abce778d128f35d3452e558d;d49a7a105d;-;-;Thu Oct 8 18:38:05 2020 +0100;1602178685;-;-;Thu Oct 8 18:38:05 2020 +0100;1602178685
24bd0148d5e569d8f995c422496ef325e6aa8379;24bd0148d5;-;-;Thu Oct 8 14:59:36 2020 +0100;1602165576;-;-;Thu Oct 8 14:59:36 2020 +0100;1602165576
fee8abfa5f54b9fa45f6f5a491bbbec1ac53b0a0;fee8abfa5f;-;-;Wed Oct 7 16:44:11 2020 +0100;1602085451;-;-;Wed Oct 7 16:44:58 2020 +0100;1602085498
d05803aa04383a3b4b2dc1db2591f9fec1a156a2;d05803aa04;-;-;Wed Oct 7 15:51:30 2020 +0200;1602078690;-;-;Wed Oct 7 15:51:30 2020 +0200;1602078690
d55c5b30d705fba917c6f99ca7affc68cbf06cc0;d55c5b30d7;-;-;Wed Oct 7 15:34:57 2020 +0200;1602077697;-;-;Wed Oct 7 15:34:57 2020 +0200;1602077697
1c1bc41e247a957ba749cef4bff1b773adf5f415;1c1bc41e24;-;-;Wed Oct 7 12:45:51 2020 +0100;1602071151;-;-;Wed Oct 7 12:45:51 2020 +0100;1602071151
7d7ed887392c26f702032dcbb5f17c8b83079b8b;7d7ed88739;-;-;Wed Oct 7 10:58:57 2020 +0200;1602061137;-;-;Wed Oct 7 11:09:12 2020 +0200;1602061752
e8993974382587fc20083a7dd79a79b911fed74e;e899397438;-;-;Wed Oct 7 10:55:18 2020 +0200;1602060918;-;-;Wed Oct 7 11:06:43 2020 +0200;1602061603
b2d8180f825e3193464c4bc7bdf67a0ba8bf7867;b2d8180f82;-;-;Wed Oct 7 10:29:36 2020 +0200;1602059376;-;-;Wed Oct 7 10:30:02 2020 +0200;1602059402
9990bd2ea84560c64b44900754ddfd35d77de763;9990bd2ea8;-;-;Tue Oct 6 23:13:38 2020 +0200;1602018818;-;-;Tue Oct 6 23:13:38 2020 +0200;1602018818
92b2c452811feec49ecd7ad411b090b863b20ac8;92b2c45281;-;-;Tue Oct 6 23:02:14 2020 +0200;1602018134;-;-;Tue Oct 6 23:02:33 2020 +0200;1602018153
1cd8871d7f18e850593d44b88c5c2ccb54b11d9d;1cd8871d7f;-;-;Tue Oct 6 18:28:39 2020 +0100;1602005319;-;-;Tue Oct 6 18:28:39 2020 +0100;1602005319
1c5b95db0b049998d4a0e61d1e23879695eb4061;1c5b95db0b;-;-;Tue Oct 6 18:18:26 2020 +0100;1602004706;-;-;Tue Oct 6 18:18:26 2020 +0100;1602004706
30c79404834ff7862c24c4a464c58f681f994f81;30c7940483;-;-;Tue Oct 6 17:04:31 2020 +0100;1602000271;-;-;Tue Oct 6 17:04:48 2020 +0100;1602000288
e78aa6b8f8a18a94de05dac5a04e38e2fefb6007;e78aa6b8f8;-;-;Tue Oct 6 16:55:58 2020 +0200;1601996158;-;-;Tue Oct 6 16:55:58 2020 +0200;1601996158
f5d9babfd23c68779e685aade2ff129f2225cfe3;f5d9babfd2;-;-;Tue Oct 6 16:55:42 2020 +0200;1601996142;-;-;Tue Oct 6 16:55:42 2020 +0200;1601996142
a0af552d0f59365bf30c44fa3e0ed899521a60fa;a0af552d0f;-;-;Tue Oct 6 16:23:51 2020 +0200;1601994231;-;-;Tue Oct 6 16:30:35 2020 +0200;1601994635
cf61545f41ef1d46eec1677442ba51529dc8445e;cf61545f41;-;-;Fri Oct 2 18:32:06 2020 +0200;1601656326;-;-;Tue Oct 6 15:45:49 2020 +0200;1601991949
8a04910bddbb31707447b20812e2f7c554e8c055;8a04910bdd;-;-;Wed Sep 30 22:57:04 2020 +0300;1601495824;-;-;Tue Oct 6 15:45:12 2020 +0200;1601991912
b7e1553c9dfb07407f2e12b69a418f9e17848ad7;b7e1553c9d;-;-;Tue Oct 6 15:37:54 2020 +0200;1601991474;-;-;Tue Oct 6 15:37:54 2020 +0200;1601991474
392895e256c530eac0a5554e93d831f99e919092;392895e256;-;-;Tue Sep 15 15:43:25 2020 +0200;1600177405;-;-;Tue Oct 6 15:32:22 2020 +0200;1601991142
200b33b26a9a0c363d04422747d246870f28d89c;200b33b26a;-;-;Tue Oct 6 11:00:17 2020 +0200;1601974817;-;-;Tue Oct 6 11:00:17 2020 +0200;1601974817
d3087537d59556cb150d29fe055008f2cb8e10be;d3087537d5;-;-;Fri Oct 2 14:39:27 2020 +0100;1601645967;-;-;Fri Oct 2 14:39:27 2020 +0100;1601645967
444c8185b62f11f69f933c45b4e2d649982b64c4;444c8185b6;-;-;Fri Oct 2 15:04:25 2020 +0200;1601643865;-;-;Fri Oct 2 15:04:25 2020 +0200;1601643865
3303a68436c23fa4928c402bbec52d2da88818b0;3303a68436;-;-;Fri Oct 2 11:39:31 2020 +0200;1601631571;-;-;Fri Oct 2 11:39:31 2020 +0200;1601631571
4e76a4780c4e0f5d496c9c0b75e1f9dab2d0b57c;4e76a4780c;-;-;Tue Sep 29 16:59:23 2020 +0200;1601391563;-;-;Fri Oct 2 10:36:16 2020 +0200;1601627776
c083b95ce15b3c2351cea5c1680526ba3e10666c;c083b95ce1;-;-;Thu Oct 1 15:42:06 2020 +0200;1601559726;-;-;Thu Oct 1 15:42:06 2020 +0200;1601559726
92cc006b2c22acdd6d10e4f28f526f510acf85f9;92cc006b2c;-;-;Thu Oct 1 15:14:55 2020 +0200;1601558095;-;-;Thu Oct 1 15:14:55 2020 +0200;1601558095
dfb7ca733ad309b35040e0027fb7a2f10f3a196a;dfb7ca733a;-;-;Wed Sep 30 22:10:42 2020 +0100;1601500242;-;-;Wed Sep 30 22:10:42 2020 +0100;1601500242
a6bede22c113e69206c13735dbf820c7cb043e2e;a6bede22c1;-;-;Tue Sep 29 14:04:40 2020 +0200;1601381080;-;-;Tue Sep 29 14:25:04 2020 +0200;1601382304
a0c00362c3ba279494fec86ed6e403d829e10bee;a0c00362c3;-;-;Mon Jul 29 07:07:57 2019 -0600;1564405677;-;-;Tue Sep 29 14:04:57 2020 +0200;1601381097
8057fb38b22c5a285e6e0dd5b9f27061cf3349ae;8057fb38b2;-;-;Mon Sep 28 10:19:49 2020 +0200;1601281189;-;-;Mon Sep 28 10:19:49 2020 +0200;1601281189
ba94a1216cc16a53c71ed0efb734fa7b84d34d5a;ba94a1216c;-;-;Sat Sep 26 16:06:31 2020 +0200;1601129191;-;-;Sat Sep 26 16:06:31 2020 +0200;1601129191
97cc89630dce6e65dbe3f80e3d777f897c944667;97cc89630d;-;-;Wed Feb 6 21:05:56 2019 +0100;1549483556;-;-;Sat Sep 26 15:04:15 2020 +0200;1601125455
b34778d220db02e5fe271220910b058ee0994771;b34778d220;-;-;Sat Sep 26 15:02:15 2020 +0200;1601125335;-;-;Sat Sep 26 15:02:15 2020 +0200;1601125335
c45be0bf270d7ca1f94c6d3db690542bd1aedf46;c45be0bf27;-;-;Fri Sep 25 21:53:20 2020 +0100;1601067200;-;-;Fri Sep 25 21:53:20 2020 +0100;1601067200
10eb5bde59a17fa6c04c5bd7c308597951a31bc6;10eb5bde59;-;-;Tue Sep 22 17:11:55 2020 +0200;1600787515;-;-;Fri Sep 25 21:47:35 2020 +0100;1601066855
52084ed954241039c7cd72896478a0b31001bd37;52084ed954;-;-;Fri Sep 25 21:44:35 2020 +0100;1601066675;-;-;Fri Sep 25 21:44:35 2020 +0100;1601066675
b9ef5416b9af95b8739e0b977e55310ef9eaed11;b9ef5416b9;-;-;Fri Sep 25 21:36:18 2020 +0100;1601066178;-;-;Fri Sep 25 21:36:18 2020 +0100;1601066178
852e904b08bb071ae17beb41e876596603ab0d7e;852e904b08;-;-;Fri Sep 25 21:31:44 2020 +0100;1601065904;-;-;Fri Sep 25 21:31:44 2020 +0100;1601065904
bedf2de6141ad2e667ca4f8805f495330d5ff9a6;bedf2de614;-;-;Fri Sep 25 21:17:25 2020 +0100;1601065045;-;-;Fri Sep 25 21:17:25 2020 +0100;1601065045
3e4ce9a348902d5b6379b37fb9dc6f9dc213f610;3e4ce9a348;-;-;Fri Sep 25 20:49:40 2020 +0200;1601059780;-;-;Fri Sep 25 20:49:40 2020 +0200;1601059780
7116e5f755cbdb00ab9d658d5b60982d3225e4a2;7116e5f755;-;-;Fri Sep 25 20:40:54 2020 +0200;1601059254;-;-;Fri Sep 25 20:40:54 2020 +0200;1601059254
2dbceb9053cdba3938918eafc42f2c617f2288a1;2dbceb9053;-;-;Fri Sep 25 19:59:56 2020 +0200;1601056796;-;-;Fri Sep 25 20:04:34 2020 +0200;1601057074
84b1efa4b86594423f80dcd84cf90fe4794b21dd;84b1efa4b8;-;-;Fri Sep 25 15:23:31 2020 +0200;1601040211;-;-;Fri Sep 25 15:23:31 2020 +0200;1601040211
6aa522b3c1d74f1ce3c07f030b576ad0be07f581;6aa522b3c1;-;-;Fri Sep 25 14:25:16 2020 +0200;1601036716;-;-;Fri Sep 25 14:25:16 2020 +0200;1601036716
e33e7d7681dc73560071bca4e9e62208cb9a1f27;e33e7d7681;-;-;Fri Sep 25 13:42:11 2020 +0200;1601034131;-;-;Fri Sep 25 13:43:38 2020 +0200;1601034218
61d893257ed02ed041ea1bc03e9f1ab3ec163015;61d893257e;-;-;Fri Sep 25 13:41:10 2020 +0200;1601034070;-;-;Fri Sep 25 13:43:38 2020 +0200;1601034218
e02d3f32b4a17effd3bf56006feb476405f4c4d5;e02d3f32b4;-;-;Fri Sep 25 13:13:51 2020 +0200;1601032431;-;-;Fri Sep 25 13:43:38 2020 +0200;1601034218
f89bd471881557bdcb7bbb84d6b7d2683a1e3ea9;f89bd47188;-;-;Fri Sep 25 12:52:56 2020 +0200;1601031176;-;-;Fri Sep 25 12:52:56 2020 +0200;1601031176
6c631e3d5cb14a401befcc9f5ba6971153477d38;6c631e3d5c;-;-;Fri Sep 25 11:36:18 2020 +0200;1601026578;-;-;Fri Sep 25 11:36:18 2020 +0200;1601026578
9ad5a8ead0f573d8442d570209414d5a1da1f8f9;9ad5a8ead0;-;-;Fri Apr 24 22:28:22 2020 +0100;1587763702;-;-;Fri Sep 25 11:32:20 2020 +0200;1601026340
00651a3e38991e60f1a36ba925dd773dc80f8cc0;00651a3e38;-;-;Fri Sep 25 11:21:28 2020 +0200;1601025688;-;-;Fri Sep 25 11:22:29 2020 +0200;1601025749
d7fab85f5184534a1fc7cec851ca2e42f761891d;d7fab85f51;-;-;Fri Sep 25 11:17:24 2020 +0200;1601025444;-;-;Fri Sep 25 11:17:24 2020 +0200;1601025444
9795883d9190b9618d4b9fe79acd000e875e7bbf;9795883d91;-;-;Fri Sep 25 10:51:08 2020 +0200;1601023868;-;-;Fri Sep 25 10:51:08 2020 +0200;1601023868
214bc407b49f5a6e1351d0ac9295afe99c61ea59;214bc407b4;-;-;Fri Sep 25 10:48:25 2020 +0200;1601023705;-;-;Fri Sep 25 10:48:25 2020 +0200;1601023705
ad5072a43c4a3306de69f847b2ce0fad97b63396;ad5072a43c;-;-;Wed Sep 23 22:53:41 2020 +0300;1600890821;-;-;Fri Sep 25 10:44:02 2020 +0200;1601023442
687c3985d55d6322c388f285f8fade3adb4d603f;687c3985d5;-;-;Thu Sep 24 18:48:43 2020 +0200;1600966123;-;-;Thu Sep 24 19:54:04 2020 +0200;1600970044
6f04c7b60e19fd3f21aaa7dae0cfc596e2fc9ae1;6f04c7b60e;-;-;Thu Sep 24 18:11:32 2020 +0200;1600963892;-;-;Thu Sep 24 18:11:32 2020 +0200;1600963892
6e7be762788fe6d87b759e78ff045e76e9db11ac;6e7be76278;-;-;Wed Sep 23 10:06:13 2020 +0200;1600848373;-;-;Wed Sep 23 10:06:13 2020 +0200;1600848373
1061bcdba2d2953df0a7b07ca177354babfcb645;1061bcdba2;-;-;Tue Sep 22 07:33:03 2020 +0100;1600756383;-;-;Tue Sep 22 07:36:29 2020 +0100;1600756589
87399aedf72e9880a8021d69792d5f8775baf314;87399aedf7;-;-;Sat Sep 19 14:54:27 2020 +0200;1600520067;-;-;Sat Sep 19 14:54:27 2020 +0200;1600520067
2a74f20c99e7a56c09c3c1b1494c8486bb19494c;2a74f20c99;-;-;Fri Sep 18 19:14:57 2020 +0200;1600449297;-;-;Fri Sep 18 19:14:57 2020 +0200;1600449297
bbe74635ebbd67bca51a0b33d98d9566cdbfb3eb;bbe74635eb;-;-;Fri Sep 18 18:16:33 2020 +0200;1600445793;-;-;Fri Sep 18 18:16:33 2020 +0200;1600445793
4179ea6f22cbf216a08238a028181e31fde4ffe7;4179ea6f22;-;-;Fri Sep 18 17:58:25 2020 +0200;1600444705;-;-;Fri Sep 18 18:10:28 2020 +0200;1600445428
e58e33606a4fc7e22fe678a4a05fa07727bd653a;e58e33606a;-;-;Fri Sep 18 15:33:54 2020 +0200;1600436034;-;-;Fri Sep 18 15:33:54 2020 +0200;1600436034
1eef0beda1d59f472fae9ace16205224e31fe7df;1eef0beda1;-;-;Fri Sep 18 10:23:54 2020 +0200;1600417434;-;-;Fri Sep 18 10:23:54 2020 +0200;1600417434
ec225b07fa8adaa382439b614b2619f32243ef6c;ec225b07fa;-;-;Fri Sep 18 10:22:53 2020 +0200;1600417373;-;-;Fri Sep 18 10:22:53 2020 +0200;1600417373
051de3f1794fa43cb32c596a50dbd50646cef493;051de3f179;-;-;Fri Sep 18 10:21:48 2020 +0200;1600417308;-;-;Fri Sep 18 10:21:48 2020 +0200;1600417308
5f587faffae7e18faa49056981a395cc38335642;5f587faffa;-;-;Thu Sep 17 13:22:41 2020 +0200;1600341761;-;-;Thu Sep 17 13:22:41 2020 +0200;1600341761
ec97089dffd6468401203c33be54ad1eb44dc885;ec97089dff;-;-;Wed Sep 16 14:11:45 2020 +0200;1600258305;-;-;Wed Sep 16 14:11:45 2020 +0200;1600258305
9c8a8d82b9cb452d15f60d928ceee80f7462affb;9c8a8d82b9;-;-;Tue Sep 15 17:18:39 2020 +0200;1600183119;-;-;Tue Sep 15 17:18:39 2020 +0200;1600183119
e9065402f2868e36353042acbc7d52abd7ea2cd9;e9065402f2;-;-;Tue Sep 15 15:32:51 2020 +0200;1600176771;-;-;Tue Sep 15 15:32:51 2020 +0200;1600176771
fe9f29f03148ee0a28019a7f3322a126d2bced30;fe9f29f031;-;-;Tue Sep 15 14:34:41 2020 +0200;1600173281;-;-;Tue Sep 15 14:34:41 2020 +0200;1600173281
0556fdecaa3b228880e7322529a385c5ebbfe5c1;0556fdecaa;-;-;Tue Sep 15 14:25:33 2020 +0200;1600172733;-;-;Tue Sep 15 14:25:33 2020 +0200;1600172733
e4a3d5bf66adc755ab3cf117a762a31876eb564d;e4a3d5bf66;-;-;Tue Sep 15 13:22:34 2020 +0200;1600168954;-;-;Tue Sep 15 13:22:34 2020 +0200;1600168954
09080bcbf5a3fb8fbf518a080c222ad07c485dfc;09080bcbf5;-;-;Tue Sep 15 11:45:22 2020 +0100;1600166722;-;-;Tue Sep 15 11:45:22 2020 +0100;1600166722
8b8b59bf80249061b74afa1afb488aaca3843f2b;8b8b59bf80;-;-;Tue Sep 15 11:37:00 2020 +0100;1600166220;-;-;Tue Sep 15 11:37:00 2020 +0100;1600166220
c27419f74d9a2022ba4644159cfb7a45d3685016;c27419f74d;-;-;Tue Sep 15 10:51:03 2020 +0200;1600159863;-;-;Tue Sep 15 10:51:03 2020 +0200;1600159863
d5fed346428006b583b942cb4682bb26823e52e1;d5fed34642;-;-;Tue Sep 15 10:09:18 2020 +0200;1600157358;-;-;Tue Sep 15 10:09:18 2020 +0200;1600157358
f4bdc0284ebd3b2c0338253f66e5114bda604e5e;f4bdc0284e;-;-;Tue Sep 15 09:56:53 2020 +0200;1600156613;-;-;Tue Sep 15 09:56:53 2020 +0200;1600156613
801c8ed8ac7640ef733db0274d7352693ea73757;801c8ed8ac;-;-;Tue Sep 15 09:41:14 2020 +0200;1600155674;-;-;Tue Sep 15 09:41:14 2020 +0200;1600155674
cd6085a31009e830b63461b71ae69e39afeac27c;cd6085a310;-;-;Mon Jan 27 13:59:16 2020 +0100;1580129956;-;-;Mon Sep 14 23:25:16 2020 +0200;1600118716
b8c12a3aa116e976dccd421ba642c5614b37bbe5;b8c12a3aa1;-;-;Mon Sep 14 22:59:46 2020 +0200;1600117186;-;-;Mon Sep 14 22:59:46 2020 +0200;1600117186
6e3ed6038b6538b91d3094ab6bfd428c45538007;6e3ed6038b;-;-;Mon Sep 14 22:31:05 2020 +0200;1600115465;-;-;Mon Sep 14 22:31:05 2020 +0200;1600115465
07b3e92baea558a044e5c98d36653634eea89db1;07b3e92bae;-;-;Mon Sep 14 22:22:02 2020 +0200;1600114922;-;-;Mon Sep 14 22:22:02 2020 +0200;1600114922
29885e2b9f18646fd8b0971daa51ff7ce2401935;29885e2b9f;-;-;Mon Sep 14 20:11:27 2020 +0100;1600110687;-;-;Mon Sep 14 20:12:04 2020 +0100;1600110724
3b0f14fd2e1964dfd9a23cbb19d6eb240e7e511e;3b0f14fd2e;-;-;Mon Sep 14 22:01:13 2020 +0300;1600110073;-;-;Mon Sep 14 21:01:13 2020 +0200;1600110073
bd277819fd2889b8e5fd11fddf3072493eded88c;bd277819fd;-;-;Mon Sep 14 15:43:38 2020 +0100;1600094618;-;-;Mon Sep 14 15:43:38 2020 +0100;1600094618
74f64c4e3b97cb419829cedcc6f703a78f9d0a5c;74f64c4e3b;-;-;Mon Nov 18 11:10:33 2019 +0100;1574071833;-;-;Mon Sep 14 15:06:46 2020 +0200;1600088806
4dfecde69426aa3e644441250a1be5a68ced2250;4dfecde694;-;-;Sun Sep 13 21:33:36 2020 +0800;1600004016;-;-;Mon Sep 14 10:20:31 2020 +0100;1600075231
dc26968224bbc1a6590be26ae78bb8d56c641d8f;dc26968224;-;-;Sun Sep 13 23:34:44 2020 +0200;1600032884;-;-;Sun Sep 13 23:34:44 2020 +0200;1600032884
ef10ac6b2954ad4e05f90bebd51476b5d73e0748;ef10ac6b29;-;-;Sun Sep 13 21:53:51 2020 +0100;1600030431;-;-;Sun Sep 13 21:53:51 2020 +0100;1600030431
3295034839645a3b4aa396ef7be8a2a664971bb4;3295034839;-;-;Sun Sep 13 21:30:02 2020 +0100;1600029002;-;-;Sun Sep 13 21:30:02 2020 +0100;1600029002
b50ad1b9aab82f0220982b497b1867cfe1ea7a46;b50ad1b9aa;-;-;Sun Sep 13 21:07:25 2020 +0100;1600027645;-;-;Sun Sep 13 21:21:07 2020 +0100;1600028467
0db3f2b4de4bdd723b65e718c67635fdce8d13fd;0db3f2b4de;-;-;Sat Sep 12 18:12:36 2020 +0200;1599927156;-;-;Sat Sep 12 18:14:36 2020 +0200;1599927276
f37e0c6a1b005bafa780c309a11ab1c242588727;f37e0c6a1b;-;-;Sat Sep 12 19:57:11 2020 +0800;1599911831;-;-;Sat Sep 12 13:57:11 2020 +0200;1599911831
31316a11fdb7fa407063e9024259750bfd5c612e;31316a11fd;-;-;Fri Sep 11 16:36:55 2020 +0200;1599835015;-;-;Fri Sep 11 16:37:11 2020 +0200;1599835031
b2a0978c129856804e0ae82e676f65616a2ea5ef;b2a0978c12;-;-;Fri Sep 11 16:34:31 2020 +0200;1599834871;-;-;Fri Sep 11 16:34:31 2020 +0200;1599834871
af3dc5d44051e44e1a7c7327d20860448702877d;af3dc5d440;-;-;Fri Sep 11 16:18:47 2020 +0200;1599833927;-;-;Fri Sep 11 16:18:47 2020 +0200;1599833927
8473f71a42a61811b2830068f1025127d5df0526;8473f71a42;-;-;Fri Sep 11 13:45:46 2020 +0200;1599824746;-;-;Fri Sep 11 13:45:46 2020 +0200;1599824746
b61d0584a9f3d2fdf63f6d0684867fdf72225da9;b61d0584a9;-;-;Fri Sep 11 13:45:22 2020 +0200;1599824722;-;-;Fri Sep 11 13:45:22 2020 +0200;1599824722
3bd96a665f715e308a9b76ffcfa5291381919cca;3bd96a665f;-;-;Thu Sep 10 11:34:44 2020 +0200;1599730484;-;-;Thu Sep 10 11:34:44 2020 +0200;1599730484
fe6962051e39bf4f6c61c9874d0671fe94927140;fe6962051e;-;-;Tue Sep 8 17:17:20 2020 +0200;1599578240;-;-;Tue Sep 8 17:17:20 2020 +0200;1599578240
a958633b7a42c217ec0bc57f9fcc931e0abab152;a958633b7a;-;-;Tue Sep 8 17:09:58 2020 +0200;1599577798;-;-;Tue Sep 8 17:09:58 2020 +0200;1599577798
f7a014d7dc577ad5327a11c71169f3be122d5ae7;f7a014d7dc;-;-;Tue Sep 8 14:39:21 2020 +0200;1599568761;-;-;Tue Sep 8 14:46:48 2020 +0200;1599569208
93f201a41484e8443fc4df73e7cd434248f3325f;93f201a414;-;-;Tue Sep 8 13:41:04 2020 +0200;1599565264;-;-;Tue Sep 8 14:46:48 2020 +0200;1599569208
078543ce67e79c2ea582acd32682b856d62442ab;078543ce67;-;-;Tue Sep 8 13:12:53 2020 +0200;1599563573;-;-;Tue Sep 8 14:46:48 2020 +0200;1599569208
7dbb40ffa064d9fa4369eaa32fcf9152dfbbb75b;7dbb40ffa0;-;-;Tue Sep 8 12:24:18 2020 +0200;1599560658;-;-;Tue Sep 8 12:24:18 2020 +0200;1599560658
91b609817e111dea9bb9ee4507fe9853d8662e30;91b609817e;-;-;Tue Sep 8 10:05:54 2020 +0200;1599552354;-;-;Tue Sep 8 10:11:32 2020 +0200;1599552692
dd011c991ce801660ec2be7979f3fc6462f29289;dd011c991c;-;-;Mon Sep 7 21:41:30 2020 +0100;1599511290;-;-;Mon Sep 7 21:41:30 2020 +0100;1599511290
59ecedea464040b84974c452b92c40ccc42ad334;59ecedea46;-;-;Mon Sep 7 20:05:19 2020 +0200;1599501919;-;-;Mon Sep 7 20:05:19 2020 +0200;1599501919
0d699840ad46ec87b1193393a1787ea5d66fa0e2;0d699840ad;-;-;Mon Sep 7 19:36:00 2020 +0200;1599500160;-;-;Mon Sep 7 19:36:00 2020 +0200;1599500160
3cc0db5fc392a0ed3d9adf3871b55eb2070d3387;3cc0db5fc3;-;-;Mon Sep 7 19:27:25 2020 +0200;1599499645;-;-;Mon Sep 7 19:27:25 2020 +0200;1599499645
a93af329fc84845c26cdde8ae9388c85ee01d390;a93af329fc;-;-;Mon Sep 7 17:55:41 2020 +0200;1599494141;-;-;Mon Sep 7 17:55:41 2020 +0200;1599494141
75f394ca853c3fc243d4baac266bebd3908cf57a;75f394ca85;-;-;Mon Sep 7 17:54:51 2020 +0200;1599494091;-;-;Mon Sep 7 17:54:51 2020 +0200;1599494091
30d556b9efe4588a4cbf2143d2e8df8697e13631;30d556b9ef;-;-;Mon Sep 7 16:31:12 2020 +0100;1599492672;-;-;Mon Sep 7 16:31:12 2020 +0100;1599492672
71ecca744316d8091fa44187b0b10b2fc03ecc0d;71ecca7443;-;-;Mon Sep 7 13:48:27 2020 +0100;1599482907;-;-;Mon Sep 7 13:48:27 2020 +0100;1599482907
8c2852607d9f06a69b062693c0b5bbde975c72cb;8c2852607d;-;-;Mon Sep 7 13:30:28 2020 +0100;1599481828;-;-;Mon Sep 7 13:30:28 2020 +0100;1599481828
c5694506aedcd01390fdd2c99ddb0dcffb231d71;c5694506ae;-;-;Mon Sep 7 10:47:18 2020 +0200;1599468438;-;-;Mon Sep 7 10:48:59 2020 +0200;1599468539
3fd89c3ac1e3f8b6c98aae89a3f43afb4f36e976;3fd89c3ac1;-;-;Sat Sep 5 13:12:19 2020 +0200;1599304339;-;-;Sat Sep 5 13:12:19 2020 +0200;1599304339
9d7849c5399afd197fa8a6902136d4234df6af12;9d7849c539;-;-;Sat Sep 5 13:02:01 2020 +0200;1599303721;-;-;Sat Sep 5 13:02:01 2020 +0200;1599303721
a404bf5a94a6b4bba3a09394a867aefb219e692b;a404bf5a94;-;-;Fri Sep 4 22:19:17 2020 -0700;1599283157;-;-;Fri Sep 4 22:23:13 2020 -0700;1599283393
4044f4c30ff9b04b3860a1661695a750c650912e;4044f4c30f;-;-;Thu Sep 3 23:56:36 2020 +0200;1599170196;-;-;Thu Sep 3 23:56:36 2020 +0200;1599170196
a2bb59f1b8adbad8fb637e8c07316d80cebddd63;a2bb59f1b8;-;-;Thu Sep 3 15:09:30 2020 +0800;1599116970;-;-;Thu Sep 3 22:40:51 2020 +0200;1599165651
33195da64fc9f0c664254dbc2b8a57295399f9f9;33195da64f;-;-;Thu Sep 3 19:34:54 2020 +0200;1599154494;-;-;Thu Sep 3 19:34:54 2020 +0200;1599154494
3aae0fc91bf7ebcf08497b77ca01bb15dfab2163;3aae0fc91b;-;-;Thu Sep 3 19:21:44 2020 +0200;1599153704;-;-;Thu Sep 3 19:21:44 2020 +0200;1599153704
d550d344d55e0b410f517069bb7d6e4cd816617e;d550d344d5;-;-;Thu Sep 3 15:10:36 2020 +0200;1599138636;-;-;Thu Sep 3 15:10:56 2020 +0200;1599138656
88249b2d9a9a33f1124899df2b9f68555a1c92ef;88249b2d9a;-;-;Wed Sep 2 17:57:38 2020 +0200;1599062258;-;-;Wed Sep 2 17:57:38 2020 +0200;1599062258
f55b48f4b4b27db812c8293235c08ffee75c40a6;f55b48f4b4;-;-;Wed Sep 2 14:44:22 2020 +0200;1599050662;-;-;Wed Sep 2 14:44:22 2020 +0200;1599050662
a06deac5dba8cbc6d20ff9717f994845d09d3412;a06deac5db;-;-;Wed Sep 2 11:29:25 2020 +0200;1599038965;-;-;Wed Sep 2 11:29:25 2020 +0200;1599038965
e02ccc93740f33c35aaa78adaea992c4040a8c4d;e02ccc9374;-;-;Wed Sep 2 10:05:58 2020 +0100;1599037558;-;-;Wed Sep 2 10:05:58 2020 +0100;1599037558
689adb4bd0dd4af339856d219e4d7c9fa2171400;689adb4bd0;-;-;Tue Sep 1 23:46:11 2020 +0200;1598996771;-;-;Tue Sep 1 23:46:11 2020 +0200;1598996771
e20bff9c64a8738be9e2ab8a012a15f7bf1ddf17;e20bff9c64;-;-;Tue Sep 1 19:10:32 2020 +0200;1598980232;-;-;Tue Sep 1 19:10:32 2020 +0200;1598980232
278c6d5cdb68a45df163c9da19734b22b5f5c2d2;278c6d5cdb;-;-;Tue Sep 1 11:12:06 2020 +0200;1598951526;-;-;Tue Sep 1 11:12:06 2020 +0200;1598951526
25165f552d01927a3acfc114d24c2430351c2cd4;25165f552d;-;-;Tue Sep 1 09:42:24 2020 +0100;1598949744;-;-;Tue Sep 1 09:42:38 2020 +0100;1598949758
e365e0221aac50f8daa3fc990137cfb5e47560a9;e365e0221a;-;-;Tue Sep 1 10:30:59 2020 +0200;1598949059;-;-;Tue Sep 1 10:30:59 2020 +0200;1598949059
61311248bf4b1610792fc32965bf3e8babeb3b63;61311248bf;-;-;Tue Sep 1 01:16:06 2020 +0800;1598894166;-;-;Tue Sep 1 10:10:08 2020 +0200;1598947808
603d7e93b9ec78d202d643a7c3c53b1e8fa06354;603d7e93b9;-;-;Fri Aug 28 18:28:45 2020 +0900;1598606925;-;-;Tue Sep 1 10:09:34 2020 +0200;1598947774
e34c8004676d6ed3caddd1ef8eef8608518175a9;e34c800467;-;-;Tue Sep 1 08:56:57 2020 +0100;1598947017;-;-;Tue Sep 1 08:56:57 2020 +0100;1598947017
c6b87b3ef4a9296131a9c6c478b4ce480ea4c5bd;c6b87b3ef4;-;-;Mon Aug 31 21:14:45 2020 +0100;1598904885;-;-;Mon Aug 31 21:15:17 2020 +0100;1598904917
9b6476c0a13f1666bc030f03afa4f49ad43a14e1;9b6476c0a1;-;-;Mon Aug 31 21:13:54 2020 +0100;1598904834;-;-;Mon Aug 31 21:15:17 2020 +0100;1598904917
591ab8a00ab293a03b7c80e290b83885abba55f4;591ab8a00a;-;-;Mon Aug 31 04:27:37 2020 +0100;1598844457;-;-;Mon Aug 31 21:15:17 2020 +0100;1598904917
8f369ffed55dad6021624105b961884c2e42d605;8f369ffed5;-;-;Mon Aug 31 18:07:04 2020 +0200;1598890024;-;-;Mon Aug 31 18:07:04 2020 +0200;1598890024
1f3e52d9328ed4b8f8628069c6dd1de70336d7d0;1f3e52d932;-;-;Mon Aug 31 12:35:00 2020 +0300;1598866500;-;-;Mon Aug 31 14:33:14 2020 +0200;1598877194
79cf6b43534a88f58b058294b976cf8f56423104;79cf6b4353;-;-;Sun Aug 30 12:18:49 2020 +0200;1598782729;-;-;Sun Aug 30 12:18:49 2020 +0200;1598782729
a0336604251a93c48b24246a9713e6c6d37a9009;a033660425;-;-;Fri Aug 28 23:25:41 2020 +0300;1598646341;-;-;Sun Aug 30 11:40:08 2020 +0200;1598780408
7bc803598967ab9d5bf1eb378bd7b7c4bf212f15;7bc8035989;-;-;Fri Aug 28 22:30:57 2020 +0100;1598650257;-;-;Fri Aug 28 22:30:57 2020 +0100;1598650257
42aeb6cd939759f9f188048dc21da9c5980ea063;42aeb6cd93;-;-;Fri Aug 28 22:19:01 2020 +0100;1598649541;-;-;Fri Aug 28 22:19:01 2020 +0100;1598649541
c4e1e4ee1e65f89392bdf7d83712852bd7ed819a;c4e1e4ee1e;-;-;Fri Aug 28 21:56:28 2020 +0100;1598648188;-;-;Fri Aug 28 21:56:28 2020 +0100;1598648188
a8d953afa49f7aa94e7f6a549455c70770fd02d3;a8d953afa4;-;-;Fri Aug 28 20:43:12 2020 +0100;1598643792;-;-;Fri Aug 28 20:43:45 2020 +0100;1598643825
bb941b61808afb4ed684d1769f381481fc2c646d;bb941b6180;-;-;Fri Aug 28 20:40:15 2020 +0100;1598643615;-;-;Fri Aug 28 20:40:55 2020 +0100;1598643655
c4f4fbc00393636235e280a1ebdc60137cf442b3;c4f4fbc003;-;-;Fri Aug 28 20:14:24 2020 +0200;1598638464;-;-;Fri Aug 28 20:14:24 2020 +0200;1598638464
00c5dbf11a05884d0b7770d50005ec127b586540;00c5dbf11a;-;-;Fri Aug 28 20:01:17 2020 +0200;1598637677;-;-;Fri Aug 28 20:01:17 2020 +0200;1598637677
d37eaa5941f2346b5bbbdaae1aee1867cd6633f6;d37eaa5941;-;-;Fri Aug 28 18:52:35 2020 +0200;1598633555;-;-;Fri Aug 28 18:52:35 2020 +0200;1598633555
d4192b9d355a2d4b0be959e076c255d8b5f01bcf;d4192b9d35;-;-;Fri Aug 28 18:51:27 2020 +0200;1598633487;-;-;Fri Aug 28 18:51:27 2020 +0200;1598633487
1fe2ea5a878e9913ba4910b6962f48c192374823;1fe2ea5a87;-;-;Wed Aug 26 16:34:08 2020 +0300;1598448848;-;-;Fri Aug 28 10:53:07 2020 +0100;1598608387
f4f1abb27a60d96c63bf49e507c6fb9eef0fca88;f4f1abb27a;-;-;Fri Aug 28 09:43:51 2020 +0100;1598604231;-;-;Fri Aug 28 09:43:51 2020 +0100;1598604231
f98719902b37144d0cf6348b2c66f8b72d293de8;f98719902b;-;-;Fri Aug 28 09:43:01 2020 +0100;1598604181;-;-;Fri Aug 28 09:43:01 2020 +0100;1598604181
7288ae1c1613a73710eda53e8108d3c375f3b618;7288ae1c16;-;-;Thu Aug 27 17:49:14 2020 +0200;1598543354;-;-;Thu Aug 27 17:49:14 2020 +0200;1598543354
0f2cc53be70dcc92973122f409e443f6110a1d07;0f2cc53be7;-;-;Thu Aug 27 17:32:20 2020 +0200;1598542340;-;-;Thu Aug 27 17:32:20 2020 +0200;1598542340
2080878d821b93bf6e6ba27a3261afae851f4fc8;2080878d82;-;-;Thu Aug 27 14:40:54 2020 +0200;1598532054;-;-;Thu Aug 27 14:40:54 2020 +0200;1598532054
d014d88937356d21db3b10d3c2dc0650c7f168b5;d014d88937;-;-;Thu Aug 27 13:07:46 2020 +0100;1598530066;-;-;Thu Aug 27 13:08:41 2020 +0100;1598530121
f5c287a6e66a76c12359ccfeb8a89f7495e7c18b;f5c287a6e6;-;-;Thu Aug 27 10:50:05 2020 +0100;1598521805;-;-;Thu Aug 27 13:08:41 2020 +0100;1598530121
568b44eb9d295be443d72a9d0d601b4f82fae751;568b44eb9d;-;-;Wed Aug 26 11:28:00 2020 +0100;1598437680;-;-;Thu Aug 27 10:50:30 2020 +0100;1598521830
21d25b23d95d0b6ccb582cae0d53691b651d9a8e;21d25b23d9;-;-;Wed Aug 26 10:57:46 2020 +0100;1598435866;-;-;Thu Aug 27 10:50:30 2020 +0100;1598521830
9c7b4ff9bac7986f9c94d4c881aab3124a7d186d;9c7b4ff9ba;-;-;Wed Aug 26 08:21:30 2020 +0100;1598426490;-;-;Thu Aug 27 10:50:30 2020 +0100;1598521830
874574513c47287d86fb8a3e943a81910b587395;874574513c;-;-;Wed Aug 26 18:32:08 2020 +0200;1598459528;-;-;Wed Aug 26 18:32:08 2020 +0200;1598459528
d198c4426f50b4ce78bfc26f4b609d6283a05036;d198c4426f;-;-;Wed Aug 26 14:35:01 2020 +0200;1598445301;-;-;Wed Aug 26 14:35:01 2020 +0200;1598445301
6884a3ac56074672d6649148c99f0beb73a4d260;6884a3ac56;-;-;Wed Aug 26 01:27:06 2020 -0700;1598430426;-;-;Wed Aug 26 11:33:27 2020 +0100;1598438007
2b47e779acb86c4372b5799ecfe31a603dbcdb9e;2b47e779ac;-;-;Wed Aug 26 11:48:50 2020 +0200;1598435330;-;-;Wed Aug 26 11:48:50 2020 +0200;1598435330
ff11467a0c62986cc26eca7b94c3d58ae7bc0e3d;ff11467a0c;-;-;Tue Aug 25 19:26:18 2020 +0200;1598376378;-;-;Tue Aug 25 19:26:18 2020 +0200;1598376378
241afeb1b74be954ddb43b8faba70b956c6c021d;241afeb1b7;-;-;Tue Aug 25 16:26:57 2020 +0200;1598365617;-;-;Tue Aug 25 16:26:57 2020 +0200;1598365617
5d96a2dc9e78070eb338842f0e3304e8460a3f5d;5d96a2dc9e;-;-;Tue Aug 25 16:26:23 2020 +0200;1598365583;-;-;Tue Aug 25 16:26:23 2020 +0200;1598365583
7324140d20cee81665522a546b2959120ac75f35;7324140d20;-;-;Tue Aug 25 16:21:00 2020 +0200;1598365260;-;-;Tue Aug 25 16:21:00 2020 +0200;1598365260
74a014743ad5dccef92eddb5255c75b66c538279;74a014743a;-;-;Mon Aug 10 12:27:27 2020 +0200;1597055247;-;-;Mon Aug 24 09:48:54 2020 +0200;1598255334
7adeb461e0464b0d07c2e8fbe36ce0a22f0a7b5e;7adeb461e0;-;-;Sat Aug 22 16:13:06 2020 +0100;1598109186;-;-;Mon Aug 24 07:58:35 2020 +0100;1598252315
0f7ad1b5bf39dad9578324ac0a97bcfed0be4211;0f7ad1b5bf;-;-;Sat Aug 22 23:50:28 2020 +0200;1598133028;-;-;Sat Aug 22 23:50:28 2020 +0200;1598133028
7205edac859c5195de46a0f506be9baf65588e8e;7205edac85;-;-;Sat Aug 22 23:56:36 2020 +0300;1598129796;-;-;Sat Aug 22 22:56:36 2020 +0200;1598129796
8047a0bb784087ae9699680017ebb5a43d77a5b7;8047a0bb78;-;-;Thu Aug 20 11:12:22 2020 +0200;1597914742;-;-;Thu Aug 20 11:12:22 2020 +0200;1597914742
ccb719eae3102f31cf44aa52e61325b36317f422;ccb719eae3;-;-;Wed Aug 19 21:16:04 2020 +0100;1597868164;-;-;Wed Aug 19 21:16:04 2020 +0100;1597868164
443e9ee61853a87b4e47dfead0b2258a9eeec2b6;443e9ee618;-;-;Wed Aug 19 09:01:12 2020 +0100;1597824072;-;-;Wed Aug 19 09:06:20 2020 +0100;1597824380
50b20c2bb7b4c1a3542847a2aeb70f12aa10569d;50b20c2bb7;-;-;Mon Aug 17 16:01:32 2020 +0200;1597672892;-;-;Mon Aug 17 16:01:32 2020 +0200;1597672892
1891f8af7086546ccbb5ac6dd0c8b48be08c04a8;1891f8af70;-;-;Sun Aug 16 20:04:24 2020 +0200;1597601064;-;-;Sun Aug 16 20:04:24 2020 +0200;1597601064
7758ba3c7e4f21435ed927417eb3a13c37af5551;7758ba3c7e;-;-;Fri Aug 14 10:16:20 2020 +0100;1597396580;-;-;Fri Aug 14 15:18:39 2020 +0100;1597414719
a7f71f4d9b0751b7559eba2a50ec29f282bdb414;a7f71f4d9b;-;-;Fri Aug 14 08:15:49 2020 +0100;1597389349;-;-;Fri Aug 14 15:18:39 2020 +0100;1597414719
36553264ceb10f651579d0d95aa3173e9fe7a32a;36553264ce;-;-;Fri Aug 14 09:56:58 2020 +0800;1597370218;-;-;Fri Aug 14 11:04:27 2020 +0100;1597399467
13183c89ce1eb178793e542753cd78f3d9908164;13183c89ce;-;-;Wed Aug 12 13:46:32 2020 +0200;1597232792;-;-;Wed Aug 12 13:46:32 2020 +0200;1597232792
4d3dd9b9f6fafca0af4d17051b7c211465fe1f2e;4d3dd9b9f6;-;-;Tue Aug 11 17:10:52 2020 +0200;1597158652;-;-;Tue Aug 11 17:20:27 2020 +0200;1597159227
c558391e2c4ecef66697d70be417d9944c1153b5;c558391e2c;-;-;Tue Aug 11 17:01:03 2020 +0200;1597158063;-;-;Tue Aug 11 17:01:03 2020 +0200;1597158063
596936f18ce11fce0d40cca0442c872776448e9d;596936f18c;-;-;Tue Aug 11 16:42:18 2020 +0200;1597156938;-;-;Tue Aug 11 16:42:18 2020 +0200;1597156938
6a2939a4d4105ce963524c6475184f48324e0034;6a2939a4d4;-;-;Tue Aug 11 12:12:01 2020 +0200;1597140721;-;-;Tue Aug 11 12:12:01 2020 +0200;1597140721
45491f0756fe7b36d2c2c7c4c371f5003389fe7d;45491f0756;-;-;Tue Aug 11 12:10:35 2020 +0200;1597140635;-;-;Tue Aug 11 12:10:35 2020 +0200;1597140635
2c757399b2e26e3973b6d7f05bb20302abef5adb;2c757399b2;-;-;Tue Aug 11 11:56:03 2020 +0200;1597139763;-;-;Tue Aug 11 11:58:49 2020 +0200;1597139929
63a4873edbc0ab0a70943d1bdfad881fa4864bac;63a4873edb;-;-;Mon Aug 10 20:39:44 2020 +0100;1597088384;-;-;Mon Aug 10 20:39:44 2020 +0100;1597088384
7d41c5fa2e3d5eaad53ca495642a689ee50c0ed4;7d41c5fa2e;-;-;Mon Aug 10 18:50:18 2020 +0100;1597081818;-;-;Mon Aug 10 18:50:18 2020 +0100;1597081818
9d92fa79d3cb6b592a8b95209e4af1f7f577c84b;9d92fa79d3;-;-;Mon Aug 10 19:05:59 2020 +0200;1597079159;-;-;Mon Aug 10 19:05:59 2020 +0200;1597079159
890f29e832316b356ff338468c9901e7f73ea938;890f29e832;-;-;Mon Nov 25 10:26:11 2019 +0300;1574666771;-;-;Mon Aug 10 16:52:45 2020 +0200;1597071165
79dfda73693b094ce38c7d674a2468c605d919fb;79dfda7369;-;-;Mon Aug 10 08:17:53 2020 +0200;1597040273;-;-;Mon Aug 10 16:49:00 2020 +0200;1597070940
5de549d7d4324c7e30ac607e15ebac444f8c3f28;5de549d7d4;-;-;Mon Aug 10 16:05:18 2020 +0200;1597068318;-;-;Mon Aug 10 16:05:18 2020 +0200;1597068318
c5bb5d6c034348df0c9abdd32a409220c66200da;c5bb5d6c03;-;-;Mon Aug 10 15:31:51 2020 +0200;1597066311;-;-;Mon Aug 10 15:31:51 2020 +0200;1597066311
c2122551c817f2113847fb32ffbff51cb8803a9b;c2122551c8;-;-;Fri Jul 17 12:15:48 2020 +0300;1594977348;-;-;Mon Aug 10 14:47:20 2020 +0200;1597063640
7b6e1c957f3d4c07438819b2eb90b7a1d6e9e6a6;7b6e1c957f;-;-;Mon Aug 10 14:44:22 2020 +0200;1597063462;-;-;Mon Aug 10 14:44:22 2020 +0200;1597063462
1f35cc5cae5027a4cc78a2e5e30ce89f8418b607;1f35cc5cae;-;-;Mon Aug 10 14:17:04 2020 +0200;1597061824;-;-;Mon Aug 10 14:17:04 2020 +0200;1597061824
af8ab2e3a855089913c7f37d6837dc8d5755f940;af8ab2e3a8;-;-;Sun Aug 2 10:38:40 2020 +0800;1596335920;-;-;Mon Aug 10 14:08:14 2020 +0200;1597061294
1dcaa0422462aa07003419e26a500a23bb1b6da6;1dcaa04224;-;-;Mon Aug 10 12:22:06 2020 +0200;1597054926;-;-;Mon Aug 10 12:22:06 2020 +0200;1597054926
2c274cf0aaa02ec7d4dd23dac61537a018587d78;2c274cf0aa;-;-;Fri Aug 7 07:25:05 2020 +0800;1596756305;-;-;Mon Aug 10 12:11:03 2020 +0200;1597054263
e0d79f5dbbb26ccb766d65c5538bbfe699956bfb;e0d79f5dbb;-;-;Mon Aug 10 11:36:19 2020 +0200;1597052179;-;-;Mon Aug 10 11:36:19 2020 +0200;1597052179
88ccab8f13f57b9daeb5f4301b9cfd8eaa46a451;88ccab8f13;-;-;Sat Aug 8 16:39:56 2020 +0200;1596897596;-;-;Sat Aug 8 16:39:56 2020 +0200;1596897596
d0cf90bb8e686899727d63f455063561cb2fe2c6;d0cf90bb8e;-;-;Sat Aug 8 12:35:34 2020 +0200;1596882934;-;-;Sat Aug 8 12:40:23 2020 +0200;1596883223
01b79514dae160a97457e2ae2b158a8bb62feda6;01b79514da;-;-;Sat Aug 8 12:33:26 2020 +0200;1596882806;-;-;Sat Aug 8 12:33:26 2020 +0200;1596882806
17acc3554c0c5f245518831c698c2ee772d869c8;17acc3554c;-;-;Sat Aug 8 12:31:50 2020 +0200;1596882710;-;-;Sat Aug 8 12:31:50 2020 +0200;1596882710
0b57368d5f7d69f3488c0bc28935c05cbe2792c7;0b57368d5f;-;-;Sat Aug 8 12:23:45 2020 +0200;1596882225;-;-;Sat Aug 8 12:23:45 2020 +0200;1596882225
3c832f0ec89ec0fa38d51ac7fa41697357d1302c;3c832f0ec8;-;-;Sat Aug 8 11:44:16 2020 +0200;1596879856;-;-;Sat Aug 8 11:44:16 2020 +0200;1596879856
e87a49c61c3e74cc25740ff932379863f8ef0709;e87a49c61c;-;-;Fri Aug 7 21:43:33 2020 +0200;1596829413;-;-;Fri Aug 7 21:43:33 2020 +0200;1596829413
617ec359bdef9db99e485db8943d35821ff53ff0;617ec359bd;-;-;Fri Aug 7 18:59:21 2020 +0200;1596819561;-;-;Fri Aug 7 18:59:21 2020 +0200;1596819561
922f9452f29bf727ba8765456aa08d6200a74791;922f9452f2;-;-;Fri Aug 7 16:05:14 2020 +0200;1596809114;-;-;Fri Aug 7 16:05:14 2020 +0200;1596809114
a6af1def5702228f987e27076c9d15789df66436;a6af1def57;-;-;Fri Aug 7 13:31:21 2020 +0200;1596799881;-;-;Fri Aug 7 13:31:21 2020 +0200;1596799881
f4c0ceb1cc0cda53e29c91df6352fa3630cf5f13;f4c0ceb1cc;-;-;Fri Aug 7 13:15:36 2020 +0200;1596798936;-;-;Fri Aug 7 13:15:36 2020 +0200;1596798936
14839b1f4ab765228a3e739ba0dfc06b189f19e0;14839b1f4a;-;-;Fri Aug 7 12:08:03 2020 +0200;1596794883;-;-;Fri Aug 7 12:08:03 2020 +0200;1596794883
b3450194153f4125e6505b368cfd6d38dd047a58;b345019415;-;-;Fri Aug 7 12:07:13 2020 +0200;1596794833;-;-;Fri Aug 7 12:07:13 2020 +0200;1596794833
392f51cdd67c482dfb6b8ada35488c4a0339187d;392f51cdd6;-;-;Fri Aug 7 11:06:21 2020 +0200;1596791181;-;-;Fri Aug 7 11:06:21 2020 +0200;1596791181
83df467b3b4323dd9c28798ba6a055041fe3ba97;83df467b3b;-;-;Thu Aug 6 17:05:20 2020 -0700;1596758720;-;-;Fri Aug 7 10:51:02 2020 +0200;1596790262
4d446f96599a6f3570cb0e61c52cb367e4cb115d;4d446f9659;-;-;Fri Aug 7 10:40:00 2020 +0200;1596789600;-;-;Fri Aug 7 10:40:00 2020 +0200;1596789600
f3cedf268b3ef0c3ef14766db4e02d17346f8b24;f3cedf268b;-;-;Fri Aug 7 10:38:27 2020 +0200;1596789507;-;-;Fri Aug 7 10:38:27 2020 +0200;1596789507
b6ef3cfad5761b00487eb4ce4cbcf140c56b6511;b6ef3cfad5;-;-;Fri Aug 7 00:32:52 2020 +0200;1596753172;-;-;Fri Aug 7 00:32:52 2020 +0200;1596753172
d61c0ee57d11f563e0cbaf78053eb029d05f296a;d61c0ee57d;-;-;Thu Aug 6 18:28:09 2020 +0200;1596731289;-;-;Thu Aug 6 18:28:09 2020 +0200;1596731289
5bdbbdfcfb1e0200664e8a2ddcec644928a6d26d;5bdbbdfcfb;-;-;Thu Aug 6 14:44:14 2020 +0200;1596717854;-;-;Thu Aug 6 14:45:38 2020 +0200;1596717938
2087f3586c062374bda59e9ed416910659d4adf3;2087f3586c;-;-;Thu Aug 6 14:26:21 2020 +0200;1596716781;-;-;Thu Aug 6 14:26:21 2020 +0200;1596716781
c99c3142ad75c6565378435276a970cf44a3cff9;c99c3142ad;-;-;Thu Aug 6 12:00:20 2020 +0200;1596708020;-;-;Thu Aug 6 12:00:20 2020 +0200;1596708020
df98d0c6610f901c9552cda282e2622d683b924d;df98d0c661;-;-;Thu Aug 6 10:17:19 2020 +0200;1596701839;-;-;Thu Aug 6 10:17:19 2020 +0200;1596701839
38690bdc7cebbbca1563f536a46754a73532e493;38690bdc7c;-;-;Thu Aug 6 10:05:13 2020 +0200;1596701113;-;-;Thu Aug 6 10:05:13 2020 +0200;1596701113
6d164b1445deaac1cd75076c84e91f1c43730f52;6d164b1445;-;-;Thu Aug 6 09:30:17 2020 +0200;1596699017;-;-;Thu Aug 6 09:30:17 2020 +0200;1596699017
c7b74c4358cc5e7af961434bb984bca428c654a1;c7b74c4358;-;-;Thu Aug 6 09:10:42 2020 +0200;1596697842;-;-;Thu Aug 6 09:10:42 2020 +0200;1596697842
dded51fa80023faac7b03b66a5fc9c79e4a98867;dded51fa80;-;-;Wed Aug 5 17:47:44 2020 +0200;1596642464;-;-;Wed Aug 5 17:47:44 2020 +0200;1596642464
ba65cef52bbb28e8286faf6d36b5a7ed2b253fa5;ba65cef52b;-;-;Wed Aug 5 14:14:31 2020 +0200;1596629671;-;-;Wed Aug 5 14:14:31 2020 +0200;1596629671
b6d2a2980d74d033b9b14d40a3e3627d49e673c6;b6d2a2980d;-;-;Wed Aug 5 13:31:39 2020 +0200;1596627099;-;-;Wed Aug 5 13:31:39 2020 +0200;1596627099
b0d273e047871a50709535a8af8823a2b892a9ad;b0d273e047;-;-;Wed Aug 5 11:26:25 2020 +0200;1596619585;-;-;Wed Aug 5 11:26:25 2020 +0200;1596619585
4d670ee25d8a1e615883dfb4468919c2b43c33b0;4d670ee25d;-;-;Wed Aug 5 09:42:18 2020 +0200;1596613338;-;-;Wed Aug 5 09:42:18 2020 +0200;1596613338
762cf0ffe862fcfd52933657d494d9cb2c0757da;762cf0ffe8;-;-;Tue Aug 4 16:05:47 2020 +0200;1596549947;-;-;Tue Aug 4 16:34:02 2020 +0200;1596551642
3dc4f438525ef917bf94b2d450865eb2e32bc1ae;3dc4f43852;-;-;Tue Aug 4 15:13:35 2020 +0200;1596546815;-;-;Tue Aug 4 15:13:35 2020 +0200;1596546815
1dcd7f418f2e5a81d5a022f89f83d0f553aea4fb;1dcd7f418f;-;-;Tue Aug 4 11:45:32 2020 +0200;1596534332;-;-;Tue Aug 4 11:47:34 2020 +0200;1596534454
673f83e388e5ee992340a623de5a248e95b94c34;673f83e388;-;-;Tue Aug 4 11:41:30 2020 +0200;1596534090;-;-;Tue Aug 4 11:41:30 2020 +0200;1596534090
93b53dae2966ee5ab8ca7c0a00f56673f939a18a;93b53dae29;-;-;Sat Jul 25 15:15:07 2020 +0200;1595682907;-;-;Tue Aug 4 08:41:18 2020 +0200;1596523278
1a8906bdc3a9e78e5036ef4874345a742fb151f7;1a8906bdc3;-;-;Fri Jul 24 11:29:49 2020 +0200;1595582989;-;-;Tue Aug 4 07:51:32 2020 +0200;1596520292
ea52627c38664b99ced5a883c4c4ff988b618ee3;ea52627c38;-;-;Mon Aug 3 20:25:19 2020 +0200;1596479119;-;-;Mon Aug 3 20:25:19 2020 +0200;1596479119
dbec16d566ed7ac8a946e0d832d2a52d2d559f91;dbec16d566;-;-;Fri Jul 24 12:24:59 2020 +0200;1595586299;-;-;Mon Aug 3 16:55:55 2020 +0200;1596466555
72895f081026df7e0b34807729d9cdea6c7ff4ec;72895f0810;-;-;Fri Jul 24 12:37:17 2020 +0200;1595587037;-;-;Mon Aug 3 16:49:21 2020 +0200;1596466161
87c3bb579739aa4892f3b647f8eef7e2dc16a7f5;87c3bb5797;-;-;Wed Jul 15 12:23:26 2020 +0200;1594808606;-;-;Mon Aug 3 16:37:31 2020 +0200;1596465451
c17f2047f62af92ac41ab419b2c3e027fd8ade25;c17f2047f6;-;-;Mon Aug 3 13:44:39 2020 +0200;1596455079;-;-;Mon Aug 3 13:44:39 2020 +0200;1596455079
d646e602d957ea31ea82b8d4b25bee91818402ca;d646e602d9;-;-;Mon Aug 3 12:19:49 2020 +0200;1596449989;-;-;Mon Aug 3 12:19:49 2020 +0200;1596449989
d8554c498c1917b924c4574670f4267f862d2319;d8554c498c;-;-;Sat Aug 1 16:42:31 2020 +0200;1596292951;-;-;Sat Aug 1 16:42:31 2020 +0200;1596292951
58412affaa14d5a5afd1ecfedac777f06ed86edd;58412affaa;-;-;Sat Aug 1 14:02:22 2020 +0200;1596283342;-;-;Sat Aug 1 14:02:22 2020 +0200;1596283342
6f716e69655b59b2bda5b8abdb75e64ee48643fd;6f716e6965;-;-;Sat Aug 1 12:29:41 2020 +0200;1596277781;-;-;Sat Aug 1 12:29:41 2020 +0200;1596277781
9aae5ed3fa53b18d27af9a9b35f3df3f3a4c9f1a;9aae5ed3fa;-;-;Sat Aug 1 11:49:15 2020 +0200;1596275355;-;-;Sat Aug 1 11:49:15 2020 +0200;1596275355
c1b2e2302987c1caeb6f5791a53b69048ee4d126;c1b2e23029;-;-;Thu Jul 30 16:51:47 2020 +0100;1596124307;-;-;Thu Jul 30 18:27:27 2020 +0200;1596126447
f28918e91de38f2e2cfa14dfb63d42e8aabbc458;f28918e91d;-;-;Thu Jul 30 13:38:32 2020 +0200;1596109112;-;-;Thu Jul 30 13:38:32 2020 +0200;1596109112
2d08c76ab55cdcb673b0bbf83f91612213f9407d;2d08c76ab5;-;-;Thu Jul 30 10:57:53 2020 +0200;1596099473;-;-;Thu Jul 30 10:57:53 2020 +0200;1596099473
5c456db3cc24f6a1d944040a4ad224224f3b889c;5c456db3cc;-;-;Thu Jul 30 10:18:27 2020 +0200;1596097107;-;-;Thu Jul 30 10:18:33 2020 +0200;1596097113
83e3c332a5a633d75c375306a44581b9c555cfef;83e3c332a5;-;-;Thu Jul 30 09:13:12 2020 +0200;1596093192;-;-;Thu Jul 30 09:13:12 2020 +0200;1596093192
16eebf2911ed7b923df1860da2e56c5f82a96fc6;16eebf2911;-;-;Wed Jul 29 18:32:49 2020 +0200;1596040369;-;-;Wed Jul 29 18:32:49 2020 +0200;1596040369
683cc2eb7f7ce19720cac33e57d72277396bbc19;683cc2eb7f;-;-;Tue Jul 28 17:53:12 2020 +0300;1595947992;-;-;Tue Jul 28 17:53:37 2020 +0300;1595948017
354635ede06d76902e9918f13473482b10d4fb0f;354635ede0;-;-;Tue Jul 28 12:30:02 2020 +0300;1595928602;-;-;Tue Jul 28 17:53:37 2020 +0300;1595948017
f19afe0c76de5eaf93f49a1ba88d006d2c063747;f19afe0c76;-;-;Tue Jul 28 14:56:12 2020 +0200;1595940972;-;-;Tue Jul 28 14:56:12 2020 +0200;1595940972
be801fc5fcecf7230fbeb7755ea84d433e3131da;be801fc5fc;-;-;Tue Jul 28 14:37:19 2020 +0200;1595939839;-;-;Tue Jul 28 14:48:25 2020 +0200;1595940505
77137719d8438c4abe4e6bd0fa1659f132bc76ce;77137719d8;-;-;Tue Jul 28 11:29:57 2020 +0200;1595928597;-;-;Tue Jul 28 11:29:57 2020 +0200;1595928597
a1a9bb3e7f7185709eecaf7d7af2f9f1413dca93;a1a9bb3e7f;-;-;Tue Jul 28 11:28:34 2020 +0200;1595928514;-;-;Tue Jul 28 11:28:34 2020 +0200;1595928514
adce6593af32063406cf6c850a528750cc3dd95b;adce6593af;-;-;Tue Jul 28 11:28:10 2020 +0200;1595928490;-;-;Tue Jul 28 11:28:10 2020 +0200;1595928490
9f211de113a9462ede4e8eef543f35be7730d427;9f211de113;-;-;Tue Jul 28 11:08:04 2020 +0200;1595927284;-;-;Tue Jul 28 11:08:04 2020 +0200;1595927284
8a394c2b070b47034f4e86f10c3e0ea1055d338b;8a394c2b07;-;-;Tue Jul 28 10:00:21 2020 +0200;1595923221;-;-;Tue Jul 28 10:00:21 2020 +0200;1595923221
87c5b5a66485aa3d8071e96ec36c032092c8c3c7;87c5b5a664;-;-;Mon Jul 27 22:59:08 2020 +0200;1595883548;-;-;Mon Jul 27 22:59:08 2020 +0200;1595883548
9301d7a29451c9458a070bdfa7b0f466859282ac;9301d7a294;-;-;Mon Jul 27 15:08:01 2020 +0200;1595855281;-;-;Mon Jul 27 22:37:14 2020 +0200;1595882234
4252b7fd7d10c8f7e141a200204bb1126c1b8e22;4252b7fd7d;-;-;Mon Jul 27 21:20:35 2020 +0300;1595874035;-;-;Mon Jul 27 21:20:50 2020 +0300;1595874050
a4c157fc09d3169f44901ee8969f3dacc73aaccb;a4c157fc09;-;-;Mon Jul 27 09:22:03 2020 +0300;1595830923;-;-;Mon Jul 27 21:20:50 2020 +0300;1595874050
86c52a842f5670bf79943797d53b33721b77c4f1;86c52a842f;-;-;Mon Jul 27 17:46:02 2020 +0200;1595864762;-;-;Mon Jul 27 17:47:46 2020 +0200;1595864866
d2db43a900b739fcae84d23daa4e2b46078f9dce;d2db43a900;-;-;Mon Jul 27 14:38:24 2020 +0200;1595853504;-;-;Mon Jul 27 14:38:24 2020 +0200;1595853504
27e0febacfeb409511ed5f49e4223f25ea02d044;27e0febacf;-;-;Sun Jul 26 09:57:25 2020 +0200;1595750245;-;-;Sun Jul 26 09:57:25 2020 +0200;1595750245
a03f894a14eb2b025709e37b2fc6cc95478545f8;a03f894a14;-;-;Sat Jul 25 15:48:53 2020 +0200;1595684933;-;-;Sat Jul 25 15:48:53 2020 +0200;1595684933
cf8c36adf34e4faacf69415c6e04e8f418da2074;cf8c36adf3;-;-;Thu Jul 23 17:43:20 2020 +0200;1595519000;-;-;Thu Jul 23 17:43:20 2020 +0200;1595519000
05683fed7a3f9b51c4a251363504b0aef12826d3;05683fed7a;-;-;Thu Jul 23 12:09:49 2020 +0200;1595498989;-;-;Thu Jul 23 12:13:20 2020 +0200;1595499200
718d46adacd4a0d5ee43fc5a82a18b61af40d2fb;718d46adac;-;-;Wed Jul 22 18:42:53 2020 +0200;1595436173;-;-;Wed Jul 22 18:42:53 2020 +0200;1595436173
32b35e9a23f24b55fd56e52a39a055053f3f1e7d;32b35e9a23;-;-;Wed Jul 22 17:28:57 2020 +0200;1595431737;-;-;Wed Jul 22 17:28:57 2020 +0200;1595431737
a8901e3cf8f748561c3c84033f6f1f68a2cb94ab;a8901e3cf8;-;-;Wed Jul 22 16:36:14 2020 +0200;1595428574;-;-;Wed Jul 22 16:36:14 2020 +0200;1595428574
edfc6c0293fc45096876d9821670892aba2ea2ec;edfc6c0293;-;-;Tue Jul 21 23:09:43 2020 +0800;1595344183;-;-;Wed Jul 22 16:28:58 2020 +0200;1595428138
cdc234d7db97189e7255323921bdf84897795f17;cdc234d7db;-;-;Wed Jul 22 14:05:00 2020 +0200;1595419500;-;-;Wed Jul 22 14:06:29 2020 +0200;1595419589
c547809e89bb7da739519203551832f8e7ce35fc;c547809e89;-;-;Tue Jul 21 23:00:43 2020 +0800;1595343643;-;-;Wed Jul 22 14:06:29 2020 +0200;1595419589
9fe1feea9a91c5826c07be8fa2f00edb6b5c5107;9fe1feea9a;-;-;Wed Jul 22 14:57:33 2020 +0300;1595419053;-;-;Wed Jul 22 14:57:33 2020 +0300;1595419053
f9ba58eab9857a7c7f768b629fb935186196317b;f9ba58eab9;-;-;Wed Jul 22 13:22:29 2020 +0300;1595413349;-;-;Wed Jul 22 13:22:29 2020 +0300;1595413349
471577a11b786d1518abc2de13cfeb88eba1442b;471577a11b;-;-;Wed Jul 22 11:35:31 2020 +0200;1595410531;-;-;Wed Jul 22 11:35:31 2020 +0200;1595410531
523d2f88be9f2087b058f45f7830f8f2b8d5707e;523d2f88be;-;-;Tue Jul 21 19:35:22 2020 +0800;1595331322;-;-;Wed Jul 22 11:32:50 2020 +0200;1595410370
ae5913f3b62ed44ae584cf2a817bc4ebf4fd20e5;ae5913f3b6;-;-;Wed Jul 22 11:09:52 2020 +0200;1595408992;-;-;Wed Jul 22 11:09:52 2020 +0200;1595408992
cd12583e1328d7accb445456df507dbc771bbb92;cd12583e13;-;-;Wed Jul 22 16:54:32 2020 +0800;1595408072;-;-;Wed Jul 22 10:54:32 2020 +0200;1595408072
24f9b1d966c9eb0af683ef8382c0ff8a23d526bd;24f9b1d966;-;-;Wed Jul 22 10:40:59 2020 +0200;1595407259;-;-;Wed Jul 22 10:40:59 2020 +0200;1595407259
e4a139e70e78bd674e986b730416b3fa44902d54;e4a139e70e;-;-;Wed Jul 22 16:39:27 2020 +0800;1595407167;-;-;Wed Jul 22 10:39:27 2020 +0200;1595407167
3b12beb1b8eb996ed43f73a10092bedc181b9ea4;3b12beb1b8;-;-;Wed Jul 22 16:34:27 2020 +0800;1595406867;-;-;Wed Jul 22 10:34:27 2020 +0200;1595406867
c7f44ff671fe13e8474316ebe074fdde8d413326;c7f44ff671;-;-;Wed Jul 22 16:24:55 2020 +0800;1595406295;-;-;Wed Jul 22 10:24:55 2020 +0200;1595406295
fa0a1446f0286688f2b64a919a9ee95f02b0b2b4;fa0a1446f0;-;-;Wed Jul 22 16:21:06 2020 +0800;1595406066;-;-;Wed Jul 22 10:21:06 2020 +0200;1595406066
2522fe029208b857e7b50c6621c12bfad1fd3dd0;2522fe0292;-;-;Wed Jul 22 17:18:36 2020 +0900;1595405916;-;-;Wed Jul 22 10:18:36 2020 +0200;1595405916
2719dcb29b871ec24d6f10028dce76e440691d20;2719dcb29b;-;-;Wed Jul 22 10:14:08 2020 +0200;1595405648;-;-;Wed Jul 22 10:14:08 2020 +0200;1595405648
b6c463676afac813d078681a6b5ab48cf24b8c39;b6c463676a;-;-;Wed Jul 22 02:44:54 2020 +0800;1595357094;-;-;Tue Jul 21 20:44:54 2020 +0200;1595357094
e71f702bb906abeebd0213a047e9f9ecf6088c5f;e71f702bb9;-;-;Wed Jul 22 00:26:28 2020 +0800;1595348788;-;-;Tue Jul 21 18:26:28 2020 +0200;1595348788
05ef630f4f4ab5fc033ca09f7aae3e3434dda38d;05ef630f4f;-;-;Tue Jul 21 11:05:32 2020 +0200;1595322332;-;-;Tue Jul 21 11:05:32 2020 +0200;1595322332
674bad0c5959758ab50cc8fb6c4eac3018691449;674bad0c59;-;-;Wed Jun 24 12:40:05 2020 -0500;1593020405;-;-;Mon Jul 20 20:08:54 2020 +0200;1595268534
3d64f8162cda9e56843d42670aa9aaf9db24445e;3d64f8162c;-;-;Mon Jul 20 18:38:32 2020 +0200;1595263112;-;-;Mon Jul 20 18:38:32 2020 +0200;1595263112
6b6e8be313ff9c7adba53acb737950f4a5d1785d;6b6e8be313;-;-;Mon Jul 20 17:07:23 2020 +0200;1595257643;-;-;Mon Jul 20 17:07:23 2020 +0200;1595257643
7ce4d150ce48045b9a24457f634df13e76f744d2;7ce4d150ce;-;-;Mon Jul 20 18:02:22 2020 +0300;1595257342;-;-;Mon Jul 20 18:02:22 2020 +0300;1595257342
74d3044641ff41e665d34d4c4da03c40e7343cc5;74d3044641;-;-;Mon Jul 20 11:11:14 2020 +0200;1595236274;-;-;Mon Jul 20 11:11:14 2020 +0200;1595236274
88394bff66a28371b15d6fb71ef7316b3d5b0b5e;88394bff66;-;-;Mon Jul 20 07:21:36 2020 +0200;1595222496;-;-;Mon Jul 20 07:21:36 2020 +0200;1595222496
e4e54b3c4a947229f0e0d4559b6853e0dc8a5b6e;e4e54b3c4a;-;-;Sun Jul 19 20:01:21 2020 +0200;1595181681;-;-;Sun Jul 19 20:01:21 2020 +0200;1595181681
4f2aaa49a9c016eaf2dc532f6b10d69212968a88;4f2aaa49a9;-;-;Sun Jul 19 18:59:26 2020 +0200;1595177966;-;-;Sun Jul 19 18:59:26 2020 +0200;1595177966
6317bc2262bfe2a906689fa9fbc9289f17441736;6317bc2262;-;-;Fri Jul 17 19:33:32 2020 +0200;1595007212;-;-;Fri Jul 17 19:33:32 2020 +0200;1595007212
e0d05153aa1c1a862865874a1fc3342412b918bc;e0d05153aa;-;-;Fri Jul 17 19:30:03 2020 +0200;1595007003;-;-;Fri Jul 17 19:30:03 2020 +0200;1595007003
198d64d5396346d1ce33ca9a80df34fafb2c851f;198d64d539;-;-;Fri Jul 17 17:52:08 2020 +0200;1595001128;-;-;Fri Jul 17 17:52:08 2020 +0200;1595001128
111899aa63e3c90c4023b5f98969281282536ac9;111899aa63;-;-;Thu Jul 16 17:32:16 2020 +0200;1594913536;-;-;Thu Jul 16 17:32:16 2020 +0200;1594913536
b451379c2f6da834a24d230bc9f1355660da3e7c;b451379c2f;-;-;Thu Jul 16 17:23:24 2020 +0300;1594909404;-;-;Thu Jul 16 17:28:32 2020 +0300;1594909712
44f1f94f9785f86dbd40fd49012aab42261739aa;44f1f94f97;-;-;Wed Jul 15 22:44:12 2020 +0300;1594842252;-;-;Thu Jul 16 17:28:32 2020 +0300;1594909712
524ca1a6767a8912e1a4c58c797e5099794b442b;524ca1a676;-;-;Thu Jul 9 00:04:09 2020 +0200;1594245849;-;-;Thu Jul 16 17:28:32 2020 +0300;1594909712
b0570cd3a65d73ccf29558fa994975260a8651d3;b0570cd3a6;-;-;Thu Jul 16 15:39:36 2020 +0200;1594906776;-;-;Thu Jul 16 15:56:17 2020 +0200;1594907777
35c0ae7b0c304599b26769378873856e398d0d38;35c0ae7b0c;-;-;Tue Jul 7 14:47:48 2020 +0200;1594126068;-;-;Thu Jul 16 15:31:33 2020 +0200;1594906293
d2e1150c7999b347d159ffc8247b123a406bf382;d2e1150c79;-;-;Thu Jul 16 14:41:39 2020 +0800;1594881699;-;-;Thu Jul 16 08:41:39 2020 +0200;1594881699
4578e49213c42ec32c99613e6c616ed90ca456fb;4578e49213;-;-;Wed Jul 15 19:04:05 2020 +0200;1594832645;-;-;Wed Jul 15 19:04:05 2020 +0200;1594832645
7c982511426eebea3d34730ab128bb39a55a9de6;7c98251142;-;-;Tue Jul 14 12:07:59 2020 +0300;1594717679;-;-;Tue Jul 14 12:07:59 2020 +0300;1594717679
e4a3c1570dafb835d072664895c47a2d63dbbfdc;e4a3c1570d;-;-;Fri Jul 10 06:34:12 2020 +0300;1594352052;-;-;Mon Jul 13 17:02:05 2020 +0300;1594648925
b54853484e6f77a659aa416bc93e106d6f246790;b54853484e;-;-;Mon Jul 13 16:59:32 2020 +0300;1594648772;-;-;Mon Jul 13 16:59:32 2020 +0300;1594648772
1dec4f3d0f28c19708727d09931bddb90348d41b;1dec4f3d0f;-;-;Fri Jul 10 05:48:07 2020 +0300;1594349287;-;-;Mon Jul 13 13:16:49 2020 +0300;1594635409
490bdd11a562b665f1b8695d4b8f61f6bb7949a1;490bdd11a5;-;-;Sun Jul 12 17:09:15 2020 +0800;1594544955;-;-;Mon Jul 13 11:53:30 2020 +0200;1594634010
abe16eeb6e7ba49e1cf042cf15d7cf3af3301c2b;abe16eeb6e;-;-;Sat Jul 11 16:55:11 2020 +0200;1594479311;-;-;Sat Jul 11 17:01:54 2020 +0200;1594479714
54d9dfa84f2724f0cfe0af7e1f28b1c0317dfd01;54d9dfa84f;-;-;Fri Jul 10 15:40:43 2020 +0200;1594388443;-;-;Fri Jul 10 15:40:43 2020 +0200;1594388443
d9ccd618ea9cbf339eb5639d24d5a5fabe8157b5;d9ccd618ea;-;-;Fri Jul 10 12:04:24 2020 +0200;1594375464;-;-;Fri Jul 10 12:04:24 2020 +0200;1594375464
92cdf526fbd30f865f6451d36663bf63377013d3;92cdf526fb;-;-;Thu Jul 9 21:54:12 2020 +0200;1594324452;-;-;Thu Jul 9 21:54:12 2020 +0200;1594324452
313a7836b091d20dbb9763b3677d559fea32d13d;313a7836b0;-;-;Thu Jul 9 15:42:28 2020 +0300;1594298548;-;-;Thu Jul 9 15:42:28 2020 +0300;1594298548
37366e0c911b6b8e7f8b47c3e291404df2e53ff6;37366e0c91;-;-;Thu Jul 9 15:06:33 2020 +0300;1594296393;-;-;Thu Jul 9 15:06:33 2020 +0300;1594296393
4d7418841cb593661cb30e4c4a969b14d4d33628;4d7418841c;-;-;Thu Jul 9 12:11:15 2020 +0300;1594285875;-;-;Thu Jul 9 12:11:15 2020 +0300;1594285875
0584c289abaf850993bb69501772823296ea2f54;0584c289ab;-;-;Thu Jul 9 11:26:04 2020 +0300;1594283164;-;-;Thu Jul 9 11:26:04 2020 +0300;1594283164
47a3a5c97011a4e147db9a4cab3e85c8486fcec7;47a3a5c970;-;-;Wed Jul 8 19:52:50 2020 +0300;1594227170;-;-;Wed Jul 8 19:52:50 2020 +0300;1594227170
c972d861edee89c0ca97ddfe455d803f3d046ab9;c972d861ed;-;-;Wed Jul 8 15:25:46 2020 +0200;1594214746;-;-;Wed Jul 8 15:25:46 2020 +0200;1594214746
90467ba5689dae73e92f6a616d362fc76c93fe72;90467ba568;-;-;Wed Jul 8 22:05:24 2020 +0900;1594213524;-;-;Wed Jul 8 15:05:24 2020 +0200;1594213524
0e4e25d227dedd1a3ecddc4e40c263f190ca1c2b;0e4e25d227;-;-;Wed Jul 8 13:18:11 2020 +0300;1594203491;-;-;Wed Jul 8 13:18:46 2020 +0300;1594203526
1181bb1852634a69e1cf34d1ed46f4bd44a2aca7;1181bb1852;-;-;Tue Jul 7 17:43:06 2020 +0300;1594132986;-;-;Wed Jul 8 13:18:46 2020 +0300;1594203526
8632118e8d39230ccee42a882b463dd6232d547c;8632118e8d;-;-;Mon May 4 09:55:30 2020 +0100;1588582530;-;-;Wed Jul 8 13:18:46 2020 +0300;1594203526
a1bab141408cec6020e63ed8ffec7ed50b8842e2;a1bab14140;-;-;Tue Jul 7 16:17:58 2020 +0200;1594131478;-;-;Tue Jul 7 16:17:58 2020 +0200;1594131478
8e02d2706e7f45478c6b5ef7d040ad8008a2c48a;8e02d2706e;-;-;Tue Jul 7 14:18:56 2020 +0200;1594124336;-;-;Tue Jul 7 14:18:56 2020 +0200;1594124336
882668c1bc1453c784fb8ff49c8c281bf87c9d33;882668c1bc;-;-;Mon Jul 6 16:33:01 2020 +0200;1594045981;-;-;Mon Jul 6 16:33:01 2020 +0200;1594045981
364939b2a3c91adabfe532c6567b031ec367665b;364939b2a3;-;-;Mon Jul 6 22:31:18 2020 +0900;1594042278;-;-;Mon Jul 6 15:31:18 2020 +0200;1594042278
33643593e2fb121b486e5e20d515a2b1c8a2bff9;33643593e2;-;-;Mon Jul 6 14:51:15 2020 +0200;1594039875;-;-;Mon Jul 6 14:51:15 2020 +0200;1594039875
34607d96f1f40efae1dc83274c8b4d8eb632b790;34607d96f1;-;-;Mon Jul 6 15:31:12 2020 +0300;1594038672;-;-;Mon Jul 6 15:31:35 2020 +0300;1594038695
32ab596e94ef15b15174218229c8ba216aece138;32ab596e94;-;-;Mon Jul 6 11:32:07 2020 +0200;1594027927;-;-;Mon Jul 6 11:32:07 2020 +0200;1594027927
4ae98958142f8cce21d54f5a21a536766900f608;4ae9895814;-;-;Sat Jul 4 15:00:38 2020 +0200;1593867638;-;-;Sat Jul 4 15:00:38 2020 +0200;1593867638
362e228142287f3f1042fa8a71c2ef4773f84e55;362e228142;-;-;Fri Jul 3 12:04:34 2020 +0200;1593770674;-;-;Fri Jul 3 12:04:34 2020 +0200;1593770674
72e92211ce3db15d87551737bb41aba987c47c39;72e92211ce;-;-;Wed Jul 1 19:01:16 2020 +0900;1593597676;-;-;Thu Jul 2 16:58:32 2020 +0200;1593701912
85a46882ce7a0dce7179b68f9e724b465da639ef;85a46882ce;-;-;Thu Jul 2 15:29:32 2020 +0200;1593696572;-;-;Thu Jul 2 15:29:32 2020 +0200;1593696572
f13ab6d18c78e593d5c41cd6355b2e6710b27b01;f13ab6d18c;-;-;Wed Jul 1 13:29:15 2020 +0200;1593602955;-;-;Wed Jul 1 13:29:15 2020 +0200;1593602955
5e1b6e3386cf6b62d77840294bd726681bc2d6bd;5e1b6e3386;-;-;Wed Jul 1 08:07:56 2020 +0100;1593587276;-;-;Wed Jul 1 08:07:56 2020 +0100;1593587276
3aaff40e2ea3719eaaa98689e058c3edcc0a6e8a;3aaff40e2e;-;-;Thu Jun 25 08:30:47 2020 +0100;1593070247;-;-;Wed Jul 1 08:07:50 2020 +0100;1593587270
9d37794ebcc403e33f343e41ec121ddb83e30328;9d37794ebc;-;-;Tue Jun 30 11:50:26 2020 +0200;1593510626;-;-;Tue Jun 30 15:52:50 2020 +0200;1593525170
e251075d6c8487ac8dfea7b9b261e70f83432a8c;e251075d6c;-;-;Tue Jun 30 15:49:19 2020 +0200;1593524959;-;-;Tue Jun 30 15:49:19 2020 +0200;1593524959
20254f02d2ed962753bbd00e0c6d9455dd246713;20254f02d2;-;-;Mon Jun 29 15:42:34 2020 +0200;1593438154;-;-;Tue Jun 30 11:33:12 2020 +0200;1593509592
e9d9de5f998b0112d472cadf9bed0d6c0bba87a4;e9d9de5f99;-;-;Fri May 1 14:00:16 2020 +0200;1588334416;-;-;Tue Jun 30 11:33:12 2020 +0200;1593509592
671d4519b203d8ec2049333f63e789ff49598dc1;671d4519b2;-;-;Tue Jun 30 07:58:05 2020 +0200;1593496685;-;-;Tue Jun 30 07:58:05 2020 +0200;1593496685
02b539c5f50b59d9f5605c21e42d53f0c8e23ae1;02b539c5f5;-;-;Tue Jun 30 07:34:26 2020 +0200;1593495266;-;-;Tue Jun 30 07:38:30 2020 +0200;1593495510
06b364fefebe7776e63d2362780804bd9812f99d;06b364fefe;-;-;Mon Jun 29 20:35:44 2020 +0200;1593455744;-;-;Tue Jun 30 07:34:50 2020 +0200;1593495290
a92441186c76e97a96f53fb8c4f46fa04e6b23b6;a92441186c;-;-;Mon Jun 29 18:36:21 2020 +0200;1593448581;-;-;Mon Jun 29 18:36:21 2020 +0200;1593448581
622ccc57672ffed758220b33a08f8215334cdb2d;622ccc5767;-;-;Sat Jun 27 14:34:18 2020 +0200;1593261258;-;-;Sat Jun 27 14:34:18 2020 +0200;1593261258
d599ec906a3cc3e2bd22ea657dda6cb5b5244651;d599ec906a;-;-;Sat Jun 27 14:27:58 2020 +0200;1593260878;-;-;Sat Jun 27 14:27:58 2020 +0200;1593260878
df673e65e8da47c8303b635a7d3a7a57671ab4f6;df673e65e8;-;-;Fri Jun 26 19:20:54 2020 +0200;1593192054;-;-;Fri Jun 26 19:20:54 2020 +0200;1593192054
43df06b905d999a01e249712b1927ebafe1535e0;43df06b905;-;-;Sat Jun 27 00:47:38 2020 +0800;1593190058;-;-;Fri Jun 26 18:47:38 2020 +0200;1593190058
ba5f4f5414e076875dcb73342dd665be30f0a4c1;ba5f4f5414;-;-;Fri Jun 26 18:31:07 2020 +0200;1593189067;-;-;Fri Jun 26 18:31:07 2020 +0200;1593189067
115ea253f6d884fe4b965dbf6a21d02cf1334c35;115ea253f6;-;-;Wed Jun 24 16:29:47 2020 +0100;1593012587;-;-;Wed Jun 24 16:29:47 2020 +0100;1593012587
b16f6fa4564658615363f9206edf726a492b6083;b16f6fa456;-;-;Wed Jun 24 16:12:34 2020 +0100;1593011554;-;-;Wed Jun 24 16:12:56 2020 +0100;1593011576
3a06622270e3724240bdf8a5f1831a0c4707f432;3a06622270;-;-;Wed Jun 24 16:08:21 2020 +0200;1593007701;-;-;Wed Jun 24 16:08:21 2020 +0200;1593007701
049f5250fe87a8b29e101e0a4b207f970619312f;049f5250fe;-;-;Wed Jun 24 15:38:03 2020 +0200;1593005883;-;-;Wed Jun 24 15:38:39 2020 +0200;1593005919
a142d21700a51c95656115bb2cdbd242cff62cb7;a142d21700;-;-;Wed Jun 24 12:48:32 2020 +0200;1592995712;-;-;Wed Jun 24 15:38:21 2020 +0200;1593005901
b33d2fe683967081527c8114351f2b1493e90d3c;b33d2fe683;-;-;Wed Jun 24 14:31:57 2020 +0200;1593001917;-;-;Wed Jun 24 15:02:24 2020 +0200;1593003744
bc9b9bc477316162a5ffbfd580f66953f5397d74;bc9b9bc477;-;-;Wed Jun 24 19:54:17 2020 +0800;1592999657;-;-;Wed Jun 24 13:54:17 2020 +0200;1592999657
751739442bf59b5ee90d4e57a9be52b53f931e25;751739442b;-;-;Tue Jun 23 18:37:24 2020 +0200;1592930244;-;-;Wed Jun 24 13:49:33 2020 +0200;1592999373
51cc719c004da241c5a29f63d81c1203c2d00d26;51cc719c00;-;-;Thu May 28 16:04:43 2020 +0200;1590674683;-;-;Wed Jun 24 10:31:48 2020 +0200;1592987508
973ee9b8522790cc6c6da7190daca85f750f520f;973ee9b852;-;-;Thu May 28 16:22:09 2020 +0200;1590675729;-;-;Wed Jun 24 10:31:48 2020 +0200;1592987508
57f868fcbd4a7d087b3d10a400058a5607a8cb02;57f868fcbd;-;-;Wed Jun 24 08:07:01 2020 +0100;1592982421;-;-;Wed Jun 24 08:07:40 2020 +0100;1592982460
7e71749e346f23e9ed03b7809fd4dc152b15e3f8;7e71749e34;-;-;Tue Jun 23 23:26:52 2020 +0200;1592947612;-;-;Tue Jun 23 23:26:52 2020 +0200;1592947612
19fb0f113b9402cba462b424a5bb8bc2928028e4;19fb0f113b;-;-;Tue Jun 23 20:47:49 2020 +0100;1592941669;-;-;Tue Jun 23 20:47:49 2020 +0100;1592941669
4716e48241352927f920849e2e02b719c05be73a;4716e48241;-;-;Tue Jun 23 20:38:18 2020 +0100;1592941098;-;-;Tue Jun 23 20:38:18 2020 +0100;1592941098
22bf62def11c990335b2d604c147b524105bf32e;22bf62def1;-;-;Tue Jun 23 20:29:35 2020 +0100;1592940575;-;-;Tue Jun 23 20:29:35 2020 +0100;1592940575
0e83aaa756859be23ecdd9d16602e07d0b6a8064;0e83aaa756;-;-;Tue Jun 23 18:08:24 2020 +0200;1592928504;-;-;Tue Jun 23 18:08:24 2020 +0200;1592928504
1edc08fb8413c84bd08a9d9913c917f882cf7c29;1edc08fb84;-;-;Tue Jun 23 17:45:23 2020 +0200;1592927123;-;-;Tue Jun 23 17:45:23 2020 +0200;1592927123
f9331d921ff61573780a24e1ee2de7d1fa5b7f56;f9331d921f;-;-;Tue Jun 23 17:10:33 2020 +0200;1592925033;-;-;Tue Jun 23 17:10:33 2020 +0200;1592925033
d0209e5f1f4d25da1dcf089d7feec242b1d451ad;d0209e5f1f;-;-;Tue Jun 23 16:55:09 2020 +0200;1592924109;-;-;Tue Jun 23 16:55:09 2020 +0200;1592924109
56c661829b625e662dd9f80164d83aafc9cde331;56c661829b;-;-;Tue Jun 23 16:54:55 2020 +0200;1592924095;-;-;Tue Jun 23 16:54:55 2020 +0200;1592924095
8eedd9d5cc6357a71663232b9601410e0c1a9793;8eedd9d5cc;-;-;Tue Jun 23 14:23:39 2020 +0200;1592915019;-;-;Tue Jun 23 16:50:57 2020 +0200;1592923857
eee0b76ef3c468767ec938b4998a1dc96a5d877e;eee0b76ef3;-;-;Tue Jun 23 15:19:03 2020 +0100;1592921943;-;-;Tue Jun 23 15:19:03 2020 +0100;1592921943
837dfe285a1be47a16336a6fb5a6030070e637fb;837dfe285a;-;-;Tue Jun 23 15:18:25 2020 +0100;1592921905;-;-;Tue Jun 23 15:18:25 2020 +0100;1592921905
734f4a4706f2e27c5974ef5332d682f87d1c9d70;734f4a4706;-;-;Mon Jun 22 12:06:27 2020 +0100;1592823987;-;-;Tue Jun 23 14:25:16 2020 +0100;1592918716
97efacc9a40cb3fd9851953b9dab76020fdc21a3;97efacc9a4;-;-;Tue Jun 23 12:01:24 2020 +0200;1592906484;-;-;Tue Jun 23 12:01:24 2020 +0200;1592906484
b67de25d679771e666a0850dcf3dd33f782b2483;b67de25d67;-;-;Thu Jun 18 20:16:10 2020 +0800;1592482570;-;-;Tue Jun 23 10:29:03 2020 +0200;1592900943
41b76863786d02a7592044aeeda1f71a1c7d4c80;41b7686378;-;-;Tue Jun 23 10:27:50 2020 +0200;1592900870;-;-;Tue Jun 23 10:27:50 2020 +0200;1592900870
a678db38883c6fca289f8ed1a7d6a723b43094f4;a678db3888;-;-;Sat Oct 3 15:27:25 2015 +0900;1443853645;-;-;Tue Jun 23 09:51:45 2020 +0200;1592898705
23aeba0e46ad03be261be3239cad27a0a4b60ec2;23aeba0e46;-;-;Thu Apr 14 17:16:15 2016 +0200;1460646975;-;-;Tue Jun 23 09:45:07 2020 +0200;1592898307
6316a353bb074b118ab71ad89fe60553c4d073c9;6316a353bb;-;-;Tue Jun 23 08:14:52 2020 +0200;1592892892;-;-;Tue Jun 23 08:53:41 2020 +0200;1592895221
1f78cede72055d182a82ce96ebb8f4ab6f30ff64;1f78cede72;-;-;Mon Jun 22 19:21:32 2020 +0200;1592846492;-;-;Mon Jun 22 19:21:32 2020 +0200;1592846492
eeb6c10fb7fcb0b308f7b562606dfac3f1e72535;eeb6c10fb7;-;-;Mon Jun 22 14:03:06 2020 +0200;1592827386;-;-;Mon Jun 22 14:03:06 2020 +0200;1592827386
b733474c647089e0deb73e51b61b70d17909fa28;b733474c64;-;-;Mon Jun 22 13:17:21 2020 +0200;1592824641;-;-;Mon Jun 22 13:23:40 2020 +0200;1592825020
53df8ca1f5b48c26484e620920a6f515518c8a9b;53df8ca1f5;-;-;Sat Jun 20 14:54:05 2020 +0200;1592657645;-;-;Mon Jun 22 13:12:37 2020 +0200;1592824357
bf5033281b28f86808836257bccfc81a2e6522db;bf5033281b;-;-;Mon Jun 22 11:38:50 2020 +0200;1592818730;-;-;Mon Jun 22 11:38:50 2020 +0200;1592818730
ed648b793bb59f021297e0032237465953b9b25e;ed648b793b;-;-;Mon Jun 22 09:50:04 2020 +0200;1592812204;-;-;Mon Jun 22 09:50:04 2020 +0200;1592812204
7cf1ccc41540752a16e370b5dd353b94108ebf22;7cf1ccc415;-;-;Sun Jun 21 21:18:20 2020 +0100;1592770700;-;-;Mon Jun 22 05:46:25 2020 +0100;1592801185
96bbec7ab2de85f26850127619623ef689e39400;96bbec7ab2;-;-;Sun Jun 21 21:11:34 2020 +0100;1592770294;-;-;Mon Jun 22 05:45:41 2020 +0100;1592801141
d627f6049e9d1c48b9b3d7979f58357b2611b983;d627f6049e;-;-;Sat Jun 20 10:47:02 2020 +0100;1592646422;-;-;Mon Jun 22 05:40:13 2020 +0100;1592800813
883ad098f927760e6bd52af531d0938e0c6ab5dc;883ad098f9;-;-;Fri Sep 6 15:13:34 2019 +0300;1567772014;-;-;Mon Jun 22 05:40:13 2020 +0100;1592800813
ff9daa93775961ea3c6561c760d40f43103fdbba;ff9daa9377;-;-;Sat Jun 20 08:33:26 2020 +0100;1592638406;-;-;Mon Jun 22 05:40:13 2020 +0100;1592800813
01fa923e96820c6ce58e6c377d63674b67f59346;01fa923e96;-;-;Sun Jun 21 19:42:43 2020 +0200;1592761363;-;-;Sun Jun 21 19:42:43 2020 +0200;1592761363
c6e2d1d405d34b9787bf8952e831866009fc22b2;c6e2d1d405;-;-;Sun Jun 21 19:33:51 2020 +0200;1592760831;-;-;Sun Jun 21 19:33:51 2020 +0200;1592760831
ab0e6515479f58d2f12b759ee56cc3218f71d2aa;ab0e651547;-;-;Sat Jun 20 18:17:03 2020 +0200;1592669823;-;-;Sat Jun 20 18:17:03 2020 +0200;1592669823
9d5881e0adbd9d6e13121f3d38efa8d35df66690;9d5881e0ad;-;-;Sat Jun 20 16:42:36 2020 +0200;1592664156;-;-;Sat Jun 20 17:15:35 2020 +0200;1592666135
2f0970b18401426846b38388927f182b3327bb98;2f0970b184;-;-;Sat Jun 20 16:40:28 2020 +0200;1592664028;-;-;Sat Jun 20 17:05:13 2020 +0200;1592665513
63dff520e6470db52ef372e74421575c3d46936a;63dff520e6;-;-;Fri Jun 19 10:15:28 2020 +0200;1592554528;-;-;Sat Jun 20 17:05:13 2020 +0200;1592665513
2d8b2fed8bbb9d41e1773992f7175814606386cd;2d8b2fed8b;-;-;Sat Jun 20 15:56:35 2020 +0100;1592664995;-;-;Sat Jun 20 15:56:35 2020 +0100;1592664995
78d1591e2ddfe01f05b9d09e68a00e7ad54c885a;78d1591e2d;-;-;Fri Jun 19 22:09:43 2020 +0100;1592600983;-;-;Fri Jun 19 22:09:43 2020 +0100;1592600983
b1da89344f3870829ad5317ce9dfbe1e1bef2d3d;b1da89344f;-;-;Fri Jun 19 22:01:51 2020 +0100;1592600511;-;-;Fri Jun 19 22:01:51 2020 +0100;1592600511
7391f9b3923dc01b5c92194dd40f39a1f9eaf779;7391f9b392;-;-;Fri Jun 19 22:13:15 2020 +0200;1592597595;-;-;Fri Jun 19 22:13:15 2020 +0200;1592597595
34cb4895c42dea5d6182d42e180fe88f16273100;34cb4895c4;-;-;Fri Jun 19 21:50:18 2020 +0200;1592596218;-;-;Fri Jun 19 21:50:18 2020 +0200;1592596218
3a653bd35fa70c96aa9cf4cc52bfe928bbed7ff2;3a653bd35f;-;-;Fri Jun 19 19:19:14 2020 +0200;1592587154;-;-;Fri Jun 19 19:19:14 2020 +0200;1592587154
e0e1c1240208d4e3083fe4ad81084ff7c6163b4d;e0e1c12402;-;-;Fri Jun 19 16:45:35 2020 +0200;1592577935;-;-;Fri Jun 19 16:45:35 2020 +0200;1592577935
c418cef68f51e1ee7e74706a7d8914bdeb1be0cf;c418cef68f;-;-;Fri Jun 19 14:42:50 2020 +0200;1592570570;-;-;Fri Jun 19 14:42:50 2020 +0200;1592570570
1e501f2583efd7521fe457453e5f866bcb8c509a;1e501f2583;-;-;Fri Jun 19 08:54:21 2020 +0200;1592549661;-;-;Fri Jun 19 09:42:12 2020 +0200;1592552532
ce728a6c4bdd80674ffcab306c10fcc3af717a8c;ce728a6c4b;-;-;Thu Jun 18 21:16:21 2020 +0100;1592511381;-;-;Thu Jun 18 21:16:43 2020 +0100;1592511403
2d5f9723fa9ba54480cffb650158f6a8e956e6c8;2d5f9723fa;-;-;Thu Jun 18 17:47:27 2020 +0200;1592495247;-;-;Thu Jun 18 17:47:27 2020 +0200;1592495247
1c75f95be092cf0b65e19ab71173f9473c1edc82;1c75f95be0;-;-;Thu Jun 18 15:57:58 2020 +0200;1592488678;-;-;Thu Jun 18 17:08:15 2020 +0200;1592492895
dc3801043f59cfce0f17224d7937def91f21171a;dc3801043f;-;-;Thu Jun 18 14:55:02 2020 +0200;1592484902;-;-;Thu Jun 18 14:55:02 2020 +0200;1592484902
96b03c587f7293fec075362024784cb075762511;96b03c587f;-;-;Thu Jun 18 14:14:42 2020 +0200;1592482482;-;-;Thu Jun 18 14:14:42 2020 +0200;1592482482
6b355df903e50d5bc7001bfb54c9612f226d8bd0;6b355df903;-;-;Thu Jun 18 14:05:46 2020 +0200;1592481946;-;-;Thu Jun 18 14:06:39 2020 +0200;1592481999
6615e9c5efec3c72056e9c2ad02e217e08db51a5;6615e9c5ef;-;-;Thu Jun 18 13:12:07 2020 +0200;1592478727;-;-;Thu Jun 18 13:18:02 2020 +0200;1592479082
bad81cef8a3a64bfc39ec23f336fa7fb9ebc814d;bad81cef8a;-;-;Wed Jun 17 08:56:38 2020 +0200;1592376998;-;-;Thu Jun 18 12:30:49 2020 +0200;1592476249
edf25ce98ad513bbbc51693fb8a460005ee9f640;edf25ce98a;-;-;Thu Jun 18 11:47:29 2020 +0200;1592473649;-;-;Thu Jun 18 11:49:44 2020 +0200;1592473784
d60c55c2960ca6c86ce4cfb219e6bba4cf723815;d60c55c296;-;-;Thu May 14 11:22:07 2020 +0800;1589426527;-;-;Thu Jun 18 11:07:24 2020 +0200;1592471244
30263137c48da22767ba7b773d8c256c0c67bdc6;30263137c4;-;-;Thu Jun 18 10:55:44 2020 +0200;1592470544;-;-;Thu Jun 18 10:55:44 2020 +0200;1592470544
533608b0a17d61bd4431cba92e86755623892c67;533608b0a1;-;-;Thu Jun 18 07:50:30 2020 +0100;1592463030;-;-;Thu Jun 18 07:50:30 2020 +0100;1592463030
aff601edf10ff2eee8c8ce862d9905751b9449ac;aff601edf1;-;-;Wed May 13 15:54:25 2020 +0200;1589378065;-;-;Wed Jun 17 19:29:48 2020 +0200;1592414988
7f79a373c3319e4e38cd463aae9b90a9ffd8bebd;7f79a373c3;-;-;Wed Jun 17 15:42:18 2020 +0200;1592401338;-;-;Wed Jun 17 15:42:18 2020 +0200;1592401338
217b6e37a64b2df7f7265cfff1adf52361872469;217b6e37a6;-;-;Tue Jun 16 11:00:58 2020 +0200;1592298058;-;-;Wed Jun 17 15:04:54 2020 +0200;1592399094
8853f4b883822e0ccb13e3ef6c6aba01f280f77a;8853f4b883;-;-;Wed Jun 17 14:47:53 2020 +0200;1592398073;-;-;Wed Jun 17 14:47:53 2020 +0200;1592398073
775d99ac7855b86ee359d71eafa9f2f976e4ed92;775d99ac78;-;-;Wed Jun 17 14:23:27 2020 +0200;1592396607;-;-;Wed Jun 17 14:23:27 2020 +0200;1592396607
9984a335cac40ee58e1442950876789613d9c1dd;9984a335ca;-;-;Wed Jun 17 14:01:36 2020 +0200;1592395296;-;-;Wed Jun 17 14:01:36 2020 +0200;1592395296
77dd05853cc4193755d7a9278ed0420ae8a1de8f;77dd05853c;-;-;Wed Jun 17 13:35:14 2020 +0200;1592393714;-;-;Wed Jun 17 13:35:14 2020 +0200;1592393714
17cab9660ce6970cb3b9bb95ced1226fa46da567;17cab9660c;-;-;Wed Jun 17 11:02:31 2020 +0200;1592384551;-;-;Wed Jun 17 11:02:31 2020 +0200;1592384551
d36407d5852b7a90eae28b1025f142f739a9c9bb;d36407d585;-;-;Wed Jun 17 10:59:55 2020 +0200;1592384395;-;-;Wed Jun 17 10:59:55 2020 +0200;1592384395
6ea7ff1c6d506901e4d8b5f2e550e5e437725567;6ea7ff1c6d;-;-;Wed Jun 17 10:56:40 2020 +0200;1592384200;-;-;Wed Jun 17 10:56:40 2020 +0200;1592384200
7949937655b09929fcd497507231c438c22c7fd4;7949937655;-;-;Wed Jun 17 10:48:00 2020 +0300;1592380080;-;-;Wed Jun 17 10:50:51 2020 +0200;1592383851
8099fc8178d73375c709e795370ad1767f3f5b01;8099fc8178;-;-;Tue Jun 16 22:57:45 2020 +0200;1592341065;-;-;Tue Jun 16 22:57:45 2020 +0200;1592341065
456d2c46e391cae87e84f8f81a11f47e9cfa721b;456d2c46e3;-;-;Tue Jun 16 17:43:40 2020 +0200;1592322220;-;-;Tue Jun 16 17:43:40 2020 +0200;1592322220
50391ad3d7a2f16de7466e1cd60b8ac49929fd06;50391ad3d7;-;-;Tue Jun 16 17:37:11 2020 +0200;1592321831;-;-;Tue Jun 16 17:37:11 2020 +0200;1592321831
e2944c37e4097eafddd61a20038bff1a6e9c4097;e2944c37e4;-;-;Tue Jun 16 15:55:41 2020 +0200;1592315741;-;-;Tue Jun 16 17:25:05 2020 +0200;1592321105
2a74eff10f04a7a915cf31ed064f9149d14ae192;2a74eff10f;-;-;Tue Jun 16 15:07:13 2020 +0200;1592312833;-;-;Tue Jun 16 15:21:57 2020 +0200;1592313717
97aba77cc1b52331fe6df5a5ec3d8d0dbf4346ee;97aba77cc1;-;-;Tue Jun 16 14:30:43 2020 +0200;1592310643;-;-;Tue Jun 16 14:30:43 2020 +0200;1592310643
cc301011b2edd6c6a02bfe5236482038c4b6473a;cc301011b2;-;-;Tue Jun 16 14:17:43 2020 +0200;1592309863;-;-;Tue Jun 16 14:17:43 2020 +0200;1592309863
b50cf9dad24bd798e28e6fe9293b25910c25bcb4;b50cf9dad2;-;-;Tue Jun 16 08:40:59 2020 +0200;1592289659;-;-;Tue Jun 16 12:04:09 2020 +0200;1592301849
b572f7618f01897b611a47376c538b88be4dff80;b572f7618f;-;-;Mon Jun 15 15:53:24 2020 +0100;1592232804;-;-;Mon Jun 15 15:53:40 2020 +0100;1592232820
bb7e5f01726b7baf71cbb5486e59963e1a2021a3;bb7e5f0172;-;-;Mon Jun 15 14:59:30 2020 +0200;1592225970;-;-;Mon Jun 15 14:59:30 2020 +0200;1592225970
5225a5741197a7e2123437709c2468e4537b0469;5225a57411;-;-;Mon Jun 15 11:20:32 2020 +0100;1592216432;-;-;Mon Jun 15 11:25:35 2020 +0100;1592216735
a0f4d81db76cb100b8f0da3a3cc8a945a012a2c0;a0f4d81db7;-;-;Wed Jun 10 21:45:26 2020 +0100;1591821926;-;-;Mon Jun 15 11:25:35 2020 +0100;1592216735
adc76a1d8fda21360d844a2b9f6c88c669396540;adc76a1d8f;-;-;Sun Jun 14 19:45:51 2020 +0200;1592156751;-;-;Sun Jun 14 19:45:51 2020 +0200;1592156751
e190851aee827048346dc512f88833c8bcaab7fa;e190851aee;-;-;Sat Jun 13 14:53:35 2020 +0200;1592052815;-;-;Sat Jun 13 14:53:35 2020 +0200;1592052815
50a0094a47bc25539ccca4cb184af53f44aff3f0;50a0094a47;-;-;Sat Jun 13 14:36:27 2020 +0200;1592051787;-;-;Sat Jun 13 14:36:27 2020 +0200;1592051787
30385dae8d76c17c458381c88e3add8e35037bb0;30385dae8d;-;-;Fri Jun 12 09:56:46 2020 +0200;1591948606;-;-;Fri Jun 12 09:56:46 2020 +0200;1591948606
d9969d1e4dc5dade2355ebb41c0075fd253c21bf;d9969d1e4d;-;-;Fri Jun 12 09:49:47 2020 +0200;1591948187;-;-;Fri Jun 12 09:49:47 2020 +0200;1591948187
f9cca5d9d6d3372c1d343ea6cc05a9fea1a20cea;f9cca5d9d6;-;-;Fri Jun 12 09:37:25 2020 +0200;1591947445;-;-;Fri Jun 12 09:37:25 2020 +0200;1591947445
b66e718560744de10729fa39ff2427300311e0ae;b66e718560;-;-;Fri Jun 12 00:58:44 2020 +0200;1591916324;-;-;Fri Jun 12 00:58:44 2020 +0200;1591916324
188722a3588739b2a508072117884d03674cad4d;188722a358;-;-;Fri Jun 12 00:52:00 2020 +0200;1591915920;-;-;Fri Jun 12 00:52:00 2020 +0200;1591915920
1279b3b8229d67585aae02038ba0325e25b6f2ad;1279b3b822;-;-;Thu Jun 11 23:53:27 2020 +0200;1591912407;-;-;Thu Jun 11 23:53:27 2020 +0200;1591912407
bc4945d677da65c176aabc29f936770f47c0bde8;bc4945d677;-;-;Thu Jun 11 15:09:05 2020 +0200;1591880945;-;-;Thu Jun 11 15:11:48 2020 +0200;1591881108
e866fac8e7959305fdd0a2a8c7e8b5b121bff9a0;e866fac8e7;-;-;Thu Jun 11 01:39:21 2020 +0900;1591807161;-;-;Thu Jun 11 15:11:48 2020 +0200;1591881108
663f2e8afd9f093f79ec4164099af28c59a4efa0;663f2e8afd;-;-;Wed Jun 10 22:53:06 2020 +0200;1591822386;-;-;Wed Jun 10 22:53:06 2020 +0200;1591822386
b0e07cc7e336062cb02673e5ab60b9b52d51b70e;b0e07cc7e3;-;-;Wed Jun 10 18:35:03 2020 +0200;1591806903;-;-;Wed Jun 10 18:35:03 2020 +0200;1591806903
335ca75ec2acc2c048bc43512e1a69678596bcbf;335ca75ec2;-;-;Wed Jun 10 18:25:31 2020 +0200;1591806331;-;-;Wed Jun 10 18:25:31 2020 +0200;1591806331
8fb7399a0c37a0af8d851b545d7936d54b2c68af;8fb7399a0c;-;-;Thu May 14 18:57:26 2020 +0800;1589453846;-;-;Wed Jun 10 16:38:43 2020 +0200;1591799923
202799e6fe81e408824c2514c97b801d7d07b7de;202799e6fe;-;-;Wed Jun 10 15:56:45 2020 +0200;1591797405;-;-;Wed Jun 10 15:56:45 2020 +0200;1591797405
eb3be3ad88a52151488acb9ff19eadde59aea6c0;eb3be3ad88;-;-;Sun Jun 7 00:45:49 2020 +0900;1591458349;-;-;Tue Jun 9 23:46:29 2020 +0200;1591739189
b9e52a808921b76846f4b3ba8505c6c6d41542d2;b9e52a8089;-;-;Tue Jun 9 17:38:34 2020 +0200;1591717114;-;-;Tue Jun 9 17:38:34 2020 +0200;1591717114
905483be3083717c3bd30dc0d37040391a556aa7;905483be30;-;-;Tue Jun 9 16:39:58 2020 +0200;1591713598;-;-;Tue Jun 9 16:39:58 2020 +0200;1591713598
33181daeaced56a6dfdd36c4e57f7b00135c65ff;33181daeac;-;-;Tue Jun 9 11:57:40 2020 +0100;1591700260;-;-;Tue Jun 9 11:57:40 2020 +0100;1591700260
3cc7efc841d3a39231bcd6ae268936e19a567257;3cc7efc841;-;-;Tue Jun 9 09:02:52 2020 +0100;1591689772;-;-;Tue Jun 9 09:02:52 2020 +0100;1591689772
e0d712946c4c40c97bb1d6dfaac17241fa3c0e6f;e0d712946c;-;-;Tue Jun 9 09:56:49 2020 +0200;1591689409;-;-;Tue Jun 9 09:56:49 2020 +0200;1591689409
1984cfe9d79e8a34955a393ef9d71a2a3d11a87c;1984cfe9d7;-;-;Mon Jun 8 21:20:44 2020 +0100;1591647644;-;-;Mon Jun 8 21:20:44 2020 +0100;1591647644
21b1f306609eb97f47380a484a2f44433e9e3101;21b1f30660;-;-;Mon Jun 8 20:26:14 2020 +0200;1591640774;-;-;Mon Jun 8 20:26:14 2020 +0200;1591640774
9c1c787ee953268c46c58f36553f38cc44caaf5d;9c1c787ee9;-;-;Mon Jun 8 19:27:38 2020 +0200;1591637258;-;-;Mon Jun 8 19:27:38 2020 +0200;1591637258
edbc54fe787606e63d5af069cae1dbd5cf89ed95;edbc54fe78;-;-;Mon Jun 8 19:17:01 2020 +0200;1591636621;-;-;Mon Jun 8 19:17:01 2020 +0200;1591636621
150fe96a98b6dc27a7f916863fbcece54d7468ce;150fe96a98;-;-;Mon Jun 8 17:44:42 2020 +0100;1591634682;-;-;Mon Jun 8 17:44:42 2020 +0100;1591634682
8b59b6a7f429532c29a4c34485952d113d514006;8b59b6a7f4;-;-;Mon Jun 8 15:43:49 2020 +0200;1591623829;-;-;Mon Jun 8 15:43:49 2020 +0200;1591623829
0bfcabebf307b5c6ef9d7594bdb7d3135f18849d;0bfcabebf3;-;-;Mon Jun 8 14:21:50 2020 +0200;1591618910;-;-;Mon Jun 8 14:21:50 2020 +0200;1591618910
a34f1e375907350cc2dd211f0c8dc59f0e4e1890;a34f1e3759;-;-;Sat Jun 6 18:52:51 2020 +0200;1591462371;-;-;Sat Jun 6 18:52:51 2020 +0200;1591462371
f860b35df8c3a8c14feb879ab776964b13ced257;f860b35df8;-;-;Sat Jun 6 16:10:49 2020 +0200;1591452649;-;-;Sat Jun 6 16:10:49 2020 +0200;1591452649
65b09be6694254376d6d5eeaab6dd29c0b6d92f7;65b09be669;-;-;Sat Jun 6 16:10:20 2020 +0200;1591452620;-;-;Sat Jun 6 16:10:20 2020 +0200;1591452620
5051d7302dd650b8feb07fb8de8e60a45399bfe3;5051d7302d;-;-;Sat Jun 6 15:27:15 2020 +0200;1591450035;-;-;Sat Jun 6 15:27:15 2020 +0200;1591450035
aaa7c6c4222115f711e0de779c79031b527b3c1c;aaa7c6c422;-;-;Fri Jun 5 15:35:05 2020 +0200;1591364105;-;-;Fri Jun 5 15:35:05 2020 +0200;1591364105
5f1326f2330d4fbc3fa1cb875e24f92ed4b07338;5f1326f233;-;-;Fri Jun 5 10:52:09 2020 +0200;1591347129;-;-;Fri Jun 5 15:09:05 2020 +0200;1591362545
6a829a322a60719c45ab919f80a62d8746b70047;6a829a322a;-;-;Thu Jun 4 17:32:06 2020 +0200;1591284726;-;-;Fri Jun 5 15:09:05 2020 +0200;1591362545
e11da64e9cb6aba8f451dc6ba3330dfdb7eac4b8;e11da64e9c;-;-;Fri Jun 5 14:12:38 2020 +0200;1591359158;-;-;Fri Jun 5 14:12:38 2020 +0200;1591359158
a7df011471b00687da022b53e5e828e3c758a9a7;a7df011471;-;-;Thu Jun 4 18:52:28 2020 +0200;1591289548;-;-;Thu Jun 4 18:52:28 2020 +0200;1591289548
104f7f339a7f349238e311b7e06110e1c25927be;104f7f339a;-;-;Thu Jun 4 18:43:52 2020 +0200;1591289032;-;-;Thu Jun 4 18:43:52 2020 +0200;1591289032
da7ead8914561877aca2e93ac05354b50c6bc24d;da7ead8914;-;-;Wed Jun 3 15:05:58 2020 +0200;1591189558;-;-;Wed Jun 3 15:05:58 2020 +0200;1591189558
0b163fa536ad6ccb6acacebbb5d103720ea74027;0b163fa536;-;-;Wed Jun 3 14:10:47 2020 +0200;1591186247;-;-;Wed Jun 3 14:10:47 2020 +0200;1591186247
a7f81201640e1448bc587b7e9471f5053ade8a73;a7f8120164;-;-;Wed Jun 3 06:14:20 2020 +0100;1591161260;-;-;Wed Jun 3 06:14:20 2020 +0100;1591161260
0f0b1ffe0d830cac89a2a0b104de6ed9fe10a858;0f0b1ffe0d;-;-;Tue Jun 2 18:23:15 2020 +0200;1591114995;-;-;Tue Jun 2 18:23:15 2020 +0200;1591114995
2549674f41d4d8ac41bf485604287aaf0953754b;2549674f41;-;-;Mon Jun 1 00:51:06 2020 +0900;1590940266;-;-;Tue Jun 2 17:29:55 2020 +0200;1591111795
2a5fc08629d2cbc0949bec14686c8b65d27d9062;2a5fc08629;-;-;Tue Jun 2 14:45:44 2020 +0200;1591101944;-;-;Tue Jun 2 14:45:44 2020 +0200;1591101944
e955e52f2f108517535d4c0541cc5b8bd5e6c22b;e955e52f2f;-;-;Fri May 29 23:07:25 2020 +0200;1590786445;-;-;Fri May 29 23:07:25 2020 +0200;1590786445
7207f7645c7d48392d8d7518a9da305b2090c12d;7207f7645c;-;-;Fri May 29 23:07:10 2020 +0200;1590786430;-;-;Fri May 29 23:07:10 2020 +0200;1590786430
1175b7eb5251c6735af4bca015521fa550c418e0;1175b7eb52;-;-;Fri May 29 18:08:23 2020 +0100;1590772103;-;-;Fri May 29 18:09:24 2020 +0100;1590772164
8d449471c7aed787030f709fb23f044cf1aed5bf;8d449471c7;-;-;Fri May 29 17:37:43 2020 +0100;1590770263;-;-;Fri May 29 17:37:43 2020 +0100;1590770263
b31b8ce6c1b2e4a047c35fdba36e3d0048578bf7;b31b8ce6c1;-;-;Thu May 28 13:40:40 2020 +0200;1590666040;-;-;Fri May 29 16:31:19 2020 +0100;1590766279
30351c257cf682e773cfd4245daf3a18385fd71e;30351c257c;-;-;Tue May 12 21:40:04 2020 +0900;1589287204;-;-;Fri May 29 16:24:52 2020 +0100;1590765892
6d6269f1eee53b1ebccbccc97d84e8617bf257d1;6d6269f1ee;-;-;Fri May 29 15:07:07 2020 +0100;1590761227;-;-;Fri May 29 15:14:01 2020 +0100;1590761641
42ff01b5aa1c63c53f0c144a0a6d9832f37cab23;42ff01b5aa;-;-;Fri May 29 15:57:32 2020 +0200;1590760652;-;-;Fri May 29 15:57:32 2020 +0200;1590760652
5f9e9513efb75e8626c522053235bbd2920dd9fd;5f9e9513ef;-;-;Fri May 29 13:33:34 2020 +0200;1590752014;-;-;Fri May 29 13:33:34 2020 +0200;1590752014
7e2b81729eefe31e9e8b2872b0de0adc1bad2162;7e2b81729e;-;-;Thu May 28 14:57:53 2020 +0200;1590670673;-;-;Thu May 28 14:57:53 2020 +0200;1590670673
967478b3a7bf9643ca0c6f5e47d7d05e535532f3;967478b3a7;-;-;Thu May 28 14:45:44 2020 +0200;1590669944;-;-;Thu May 28 14:45:44 2020 +0200;1590669944
d706899b7eccd181dee4bad1c05a97a309855d27;d706899b7e;-;-;Thu May 28 06:52:23 2020 +0100;1590645143;-;-;Thu May 28 06:52:23 2020 +0100;1590645143
90ccabd60bfe24249b3c4cbe43a25ffd0efa6eba;90ccabd60b;-;-;Wed May 27 19:12:57 2020 +0100;1590603177;-;-;Wed May 27 19:12:57 2020 +0100;1590603177
cc061ca7162d443c8f6ab0d6a8b70f507d6745b5;cc061ca716;-;-;Wed May 27 16:30:22 2020 +0200;1590589822;-;-;Wed May 27 16:30:22 2020 +0200;1590589822
763f7b9be8910dc0832053740e8ca15e1524ab1e;763f7b9be8;-;-;Wed May 27 15:25:39 2020 +0200;1590585939;-;-;Wed May 27 15:25:39 2020 +0200;1590585939
c4ef00239239ea8461750dc5ddca7dfa4fd6f380;c4ef002392;-;-;Wed May 27 15:21:17 2020 +0200;1590585677;-;-;Wed May 27 15:21:17 2020 +0200;1590585677
83b564781f9c18afc34184d38bcd485a73f7e21d;83b564781f;-;-;Wed May 27 13:22:25 2020 +0200;1590578545;-;-;Wed May 27 13:22:25 2020 +0200;1590578545
929244215cdc49f5fab0ea3a0efe18c0fe0da42a;929244215c;-;-;Tue May 26 23:37:53 2020 +0200;1590529073;-;-;Tue May 26 23:37:53 2020 +0200;1590529073
94f1d77e227f30cae32b262b8cd5c982631f4186;94f1d77e22;-;-;Tue May 26 11:01:32 2020 +0800;1590462092;-;-;Tue May 26 18:26:21 2020 +0200;1590510381
67533a1b29b70262955fc756c9d4c179467971b0;67533a1b29;-;-;Tue May 26 14:20:01 2020 +0200;1590495601;-;-;Tue May 26 14:20:01 2020 +0200;1590495601
9bf7ff23c02f68e492f377a0781eb607e7515440;9bf7ff23c0;-;-;Tue May 26 14:19:47 2020 +0200;1590495587;-;-;Tue May 26 14:19:47 2020 +0200;1590495587
a853a58c62558bcae807a776513d0b119e5d1346;a853a58c62;-;-;Tue May 26 11:19:33 2020 +0200;1590484773;-;-;Tue May 26 11:19:33 2020 +0200;1590484773
5392ac2e07c05d9b3a69a676703a8f8563d745cb;5392ac2e07;-;-;Mon May 25 17:30:27 2020 +0200;1590420627;-;-;Mon May 25 17:30:27 2020 +0200;1590420627
b5d9f27ca47e978b785f9e39631a8a46438fe8f9;b5d9f27ca4;-;-;Sun May 24 21:20:12 2020 +0100;1590351612;-;-;Sun May 24 21:20:12 2020 +0100;1590351612
399453d9f1422d41b57f2ba05bb14aad232d9b81;399453d9f1;-;-;Fri May 22 17:16:09 2020 +0200;1590160569;-;-;Fri May 22 17:16:09 2020 +0200;1590160569
593928a9f35832926736ffa053d38e5a26ecb861;593928a9f3;-;-;Fri May 22 15:41:38 2020 +0200;1590154898;-;-;Fri May 22 15:41:38 2020 +0200;1590154898
59443bfe185df2754abf036278b2c6df8e9b83bf;59443bfe18;-;-;Wed May 20 14:28:56 2020 +0200;1589977736;-;-;Wed May 20 14:28:56 2020 +0200;1589977736
7c2471e3cc7dabfbe0eb93e36a979d29fa150d35;7c2471e3cc;-;-;Tue May 19 16:31:41 2020 +0200;1589898701;-;-;Tue May 19 16:45:23 2020 +0200;1589899523
8da5627c6c6339ceb54e141ee7d3ba2962d41a39;8da5627c6c;-;-;Fri Dec 13 18:43:53 2019 +0530;1576242833;-;-;Tue May 19 16:28:57 2020 +0200;1589898537
da071c1fceb48ac32ebab105d04a204d1ac8642e;da071c1fce;-;-;Tue May 19 15:59:17 2020 +0200;1589896757;-;-;Tue May 19 15:59:17 2020 +0200;1589896757
59cab5e7d921006ae884057d1ae6370276fb7d35;59cab5e7d9;-;-;Tue May 19 15:54:34 2020 +0200;1589896474;-;-;Tue May 19 15:54:34 2020 +0200;1589896474
d56ca04162cbcfff3cec071e3d3513a0e4ba8d18;d56ca04162;-;-;Tue May 19 14:08:52 2020 +0200;1589890132;-;-;Tue May 19 14:08:52 2020 +0200;1589890132
5ca79281535fc62f5c2ffc7b432e5322b6e7366e;5ca7928153;-;-;Tue May 19 10:30:07 2020 +0100;1589880607;-;-;Tue May 19 10:34:15 2020 +0100;1589880855
23233c3041c103b26b02c0f2cc05a8fb252abfb7;23233c3041;-;-;Tue May 19 07:38:56 2020 +0100;1589870336;-;-;Tue May 19 10:34:15 2020 +0100;1589880855
92f7587a401310f88c14d42df3b91b7415dd5b85;92f7587a40;-;-;Tue May 19 09:23:58 2020 +0200;1589873038;-;-;Tue May 19 09:23:58 2020 +0200;1589873038
16f1414e5ce2936847ebe891a34deb0ef1fc10e9;16f1414e5c;-;-;Mon May 18 20:18:31 2020 +0200;1589825911;-;-;Mon May 18 20:18:31 2020 +0200;1589825911
9999414b3b13cb7e3f94080d347696d58eaa5574;9999414b3b;-;-;Mon May 18 14:24:33 2020 +0200;1589804673;-;-;Mon May 18 14:24:33 2020 +0200;1589804673
212bb7fef65a21fc367f5ee341d5f9f52c112d46;212bb7fef6;-;-;Fri May 15 22:46:05 2020 +0200;1589575565;-;-;Fri May 15 22:46:05 2020 +0200;1589575565
703d54677e94463f773c0b25a764c2a368c3d517;703d54677e;-;-;Thu May 14 16:39:04 2020 +0300;1589463544;-;-;Fri May 15 18:01:59 2020 +0200;1589558519
567265123b738045db4808960331812adc3a7aab;567265123b;-;-;Fri May 15 17:07:58 2020 +0200;1589555278;-;-;Fri May 15 17:07:58 2020 +0200;1589555278
9bfe410a0cd83531e81332955531c5fa7861625a;9bfe410a0c;-;-;Thu Apr 9 12:27:19 2020 +0200;1586428039;-;-;Fri May 15 17:06:58 2020 +0200;1589555218
b1224835be7e591fc784c565a7efdb7f09d29d26;b1224835be;-;-;Thu May 14 13:54:45 2020 +0100;1589460885;-;-;Thu May 14 15:42:43 2020 +0100;1589467363
de378599d348ff33acd91f98c976a89b686bb14f;de378599d3;-;-;Thu May 14 11:20:12 2020 +0100;1589451612;-;-;Thu May 14 15:42:43 2020 +0100;1589467363
6403a9f10e45db0eea40c6bd7361a5fe9ad0c04b;6403a9f10e;-;-;Wed May 13 17:24:31 2020 +0100;1589387071;-;-;Thu May 14 15:42:43 2020 +0100;1589467363
fe3b36af68d9659c7fddeb358061d33d554d849d;fe3b36af68;-;-;Thu May 14 13:18:49 2020 +0200;1589455129;-;-;Thu May 14 13:18:49 2020 +0200;1589455129
23498294de45546611eb26616631fa5eb104dca1;23498294de;-;-;Thu May 14 00:50:09 2020 +0200;1589410209;-;-;Thu May 14 00:50:09 2020 +0200;1589410209
26c205589bbf8c1f6ec554574e066c896226866c;26c205589b;-;-;Thu May 14 00:33:37 2020 +0200;1589409217;-;-;Thu May 14 00:33:37 2020 +0200;1589409217
99bd1a153363471bcaddeb086ca5cc528a3d555c;99bd1a1533;-;-;Wed May 13 23:35:17 2020 +0200;1589405717;-;-;Wed May 13 23:35:17 2020 +0200;1589405717
3c1ee64b7f05cd359d8ce8e398a75dce4c033ce9;3c1ee64b7f;-;-;Wed May 13 23:33:47 2020 +0200;1589405627;-;-;Wed May 13 23:33:47 2020 +0200;1589405627
60fac678844a5626f4f5c7150a648b981c4ce427;60fac67884;-;-;Wed May 13 21:59:16 2020 +0200;1589399956;-;-;Wed May 13 21:59:16 2020 +0200;1589399956
612a63c0f190b849dd1e31b958914cabf6d947ce;612a63c0f1;-;-;Wed May 13 21:36:06 2020 +0200;1589398566;-;-;Wed May 13 21:36:06 2020 +0200;1589398566
67547e61c6803f15246dfa6c3d1e2f045015b9bd;67547e61c6;-;-;Wed May 13 21:29:02 2020 +0200;1589398142;-;-;Wed May 13 21:29:02 2020 +0200;1589398142
5de6ae6fca3246dd7a76f789727eb3070d2df01e;5de6ae6fca;-;-;Wed May 13 19:25:20 2020 +0200;1589390720;-;-;Wed May 13 19:25:20 2020 +0200;1589390720
a3c5625d4e1e2b5ca720b8e74797ee8bd30f54e4;a3c5625d4e;-;-;Wed May 13 15:53:48 2020 +0200;1589378028;-;-;Wed May 13 15:53:48 2020 +0200;1589378028
875e7f8630bfa3410bb10849a4d3e298ece32d74;875e7f8630;-;-;Wed May 13 12:27:42 2020 +0100;1589369262;-;-;Wed May 13 12:31:19 2020 +0100;1589369479
e88eb0ecf77b4973d4923367d5a939457cf578ac;e88eb0ecf7;-;-;Wed May 13 11:15:43 2020 +0100;1589364943;-;-;Wed May 13 12:31:19 2020 +0100;1589369479
e881d4b1441b4ade35806b6f06d5b7ebe1828e92;e881d4b144;-;-;Wed May 13 11:14:28 2020 +0100;1589364868;-;-;Wed May 13 12:31:19 2020 +0100;1589369479
b31f2bdad2d538c2573e1583a6a48edcd4d147e9;b31f2bdad2;-;-;Tue May 12 12:57:42 2020 +0100;1589284662;-;-;Wed May 13 12:31:19 2020 +0100;1589369479
a16d178d72a46498157f5e6eda3957a9a5ef038c;a16d178d72;-;-;Wed May 13 13:29:07 2020 +0200;1589369347;-;-;Wed May 13 13:29:07 2020 +0200;1589369347
f09093132ea7759a2923a6040e97c5154455739d;f09093132e;-;-;Tue May 12 22:19:44 2020 +0200;1589314784;-;-;Tue May 12 22:19:44 2020 +0200;1589314784
dd0d0d51f667adb35a2df09a667b765090358f92;dd0d0d51f6;-;-;Tue May 12 21:55:22 2020 +0200;1589313322;-;-;Tue May 12 21:55:22 2020 +0200;1589313322
273d952ddfb724b1ef94564512d78c4657948bec;273d952ddf;-;-;Tue May 12 18:49:48 2020 +0200;1589302188;-;-;Tue May 12 18:49:48 2020 +0200;1589302188
3809d885b6e5825368705d00a3d63f0ab7cd0128;3809d885b6;-;-;Tue May 12 18:49:41 2020 +0200;1589302181;-;-;Tue May 12 18:49:41 2020 +0200;1589302181
6305a69cc14f90a6e65e96362d38cab46e6c8b07;6305a69cc1;-;-;Tue May 12 19:36:31 2020 +0300;1589301391;-;-;Tue May 12 18:36:31 2020 +0200;1589301391
311b3338145038ea92c693bb2a8babec9580deda;311b333814;-;-;Tue May 12 20:55:58 2020 +0800;1589288158;-;-;Tue May 12 14:55:58 2020 +0200;1589288158
d54b903d28c176c20abde6134a302092b3107daf;d54b903d28;-;-;Tue May 12 20:19:16 2020 +0800;1589285956;-;-;Tue May 12 14:19:16 2020 +0200;1589285956
e8335c94d5e7ab57b2b43dd6b809c81c1e997fbd;e8335c94d5;-;-;Tue May 12 12:53:35 2020 +0200;1589280815;-;-;Tue May 12 13:48:48 2020 +0200;1589284128
c6e2a5ea33d95525eb7020e31f04b6d8c98dd11a;c6e2a5ea33;-;-;Tue May 12 12:00:17 2020 +0100;1589281217;-;-;Tue May 12 12:00:17 2020 +0100;1589281217
71d384f1f8dfbbeb54092ea98a95141ef212d4c7;71d384f1f8;-;-;Tue May 12 09:11:08 2020 +0100;1589271068;-;-;Tue May 12 11:46:13 2020 +0100;1589280373
b313b3395f6227659d1107fa1c6966b54b3e0fa6;b313b3395f;-;-;Tue May 12 12:35:37 2020 +0200;1589279737;-;-;Tue May 12 12:37:10 2020 +0200;1589279830
3c3e8e6a8bfd45e8f1c3f1df5c7ef66d85d5d5f1;3c3e8e6a8b;-;-;Mon May 11 19:48:43 2020 +0200;1589219323;-;-;Tue May 12 11:59:51 2020 +0200;1589277591
a07dc80d728c73cd4f267123f5d1dc2dd35868ac;a07dc80d72;-;-;Mon May 11 14:59:49 2020 +0200;1589201989;-;-;Tue May 12 11:15:14 2020 +0200;1589274914
14e249aee38845d136a1eaf94d4288367844de51;14e249aee3;-;-;Tue May 12 09:01:36 2020 +0100;1589270496;-;-;Tue May 12 09:01:36 2020 +0100;1589270496
b883aad1f1541b07971f3f2e5da7ed9a9db8baf6;b883aad1f1;-;-;Mon May 11 21:25:54 2020 +0200;1589225154;-;-;Mon May 11 21:25:54 2020 +0200;1589225154
e4cb25f3659fa067e8ccd6e79a3b3513c31d70f4;e4cb25f365;-;-;Mon May 11 19:08:21 2020 +0200;1589216901;-;-;Mon May 11 19:08:21 2020 +0200;1589216901
7bcda3a29bce4568aad89939987402320946bc5a;7bcda3a29b;-;-;Mon May 11 14:10:06 2020 +0200;1589199006;-;-;Mon May 11 14:10:06 2020 +0200;1589199006
715e8c9ef6ec58fd55b7e11e35586a0806b76cc0;715e8c9ef6;-;-;Mon May 11 13:59:34 2020 +0200;1589198374;-;-;Mon May 11 13:59:34 2020 +0200;1589198374
65acda8d3e1b2355b7e693981d9c8d4aea6aef69;65acda8d3e;-;-;Mon May 11 12:26:13 2020 +0200;1589192773;-;-;Mon May 11 12:26:13 2020 +0200;1589192773
2f80a085f5de4a38616d7544aa387055ceac1d52;2f80a085f5;-;-;Mon May 11 08:49:54 2020 +0100;1589183394;-;-;Mon May 11 08:49:54 2020 +0100;1589183394
a64e7091e06d8f4605a90396bffb586c2df17baa;a64e7091e0;-;-;Mon May 11 08:48:08 2020 +0100;1589183288;-;-;Mon May 11 08:48:48 2020 +0100;1589183328
7f59381c7df4641fae44e2cfc342acebd4b1ffff;7f59381c7d;-;-;Mon May 11 08:40:01 2020 +0100;1589182801;-;-;Mon May 11 08:48:48 2020 +0100;1589183328
3f30dcae801a042474be282bcc2decd3ce98aca2;3f30dcae80;-;-;Sun May 10 15:44:57 2020 +0200;1589118297;-;-;Sun May 10 15:44:57 2020 +0200;1589118297
613bd3be1db254f713e39dafcf22f52686611cd7;613bd3be1d;-;-;Sat May 9 20:09:27 2020 +0200;1589047767;-;-;Sat May 9 20:09:27 2020 +0200;1589047767
745cfcb1617cda2763e6e58d88889885883b7822;745cfcb161;-;-;Sat May 9 17:36:25 2020 +0200;1589038585;-;-;Sat May 9 17:36:34 2020 +0200;1589038594
73e3df5df5f9b06f8b99840cdaf3affaa759324e;73e3df5df5;-;-;Sat May 9 21:06:45 2020 +0900;1589026005;-;-;Sat May 9 14:06:45 2020 +0200;1589026005
2dc9020f8013792a3e7077c26637a2ff98373468;2dc9020f80;-;-;Sat May 9 13:57:41 2020 +0200;1589025461;-;-;Sat May 9 13:57:41 2020 +0200;1589025461
29fe8cecbb906d2ebdc1a228225ee05d0518a1e7;29fe8cecbb;-;-;Fri May 8 19:49:56 2020 +0200;1588960196;-;-;Fri May 8 19:49:56 2020 +0200;1588960196
8f7debc769895fdf83e60f19683c05976c63f2d6;8f7debc769;-;-;Fri May 8 19:26:00 2020 +0200;1588958760;-;-;Fri May 8 19:26:00 2020 +0200;1588958760
1e64ffa7ba82a29b43811f2272d853a8484f1580;1e64ffa7ba;-;-;Fri May 8 18:19:17 2020 +0200;1588954757;-;-;Fri May 8 18:19:17 2020 +0200;1588954757
f3c616ca72d870f7be81769bb4a3876fd14e2fab;f3c616ca72;-;-;Fri May 8 14:30:33 2020 +0100;1588944633;-;-;Fri May 8 14:30:33 2020 +0100;1588944633
8a59a63ade34a996eed9d8f65c1deea5f290daa2;8a59a63ade;-;-;Fri May 8 09:38:50 2020 +0100;1588927130;-;-;Fri May 8 09:38:50 2020 +0100;1588927130
1da903dd59739ead9d49575fbafcad3c6db9ce78;1da903dd59;-;-;Thu May 7 16:28:33 2020 +0100;1588865313;-;-;Fri May 8 07:54:50 2020 +0100;1588920890
5af3223e7621004992fa6410d2e6a82be238fd8b;5af3223e76;-;-;Thu May 7 21:35:56 2020 +0200;1588880156;-;-;Thu May 7 21:35:56 2020 +0200;1588880156
21800a5fa60bb8fcce300aa50dacc4b4726db81c;21800a5fa6;-;-;Thu May 7 18:42:02 2020 +0200;1588869722;-;-;Thu May 7 18:42:02 2020 +0200;1588869722
247662de6be6178bc10c868f8dc6a85c2fad4b51;247662de6b;-;-;Fri May 8 00:10:50 2020 +0800;1588867850;-;-;Thu May 7 18:10:50 2020 +0200;1588867850
4e8a6b969588165f858c4575f925ed1f1efcda43;4e8a6b9695;-;-;Thu May 7 12:37:08 2020 +0200;1588847828;-;-;Thu May 7 12:37:08 2020 +0200;1588847828
4ca64684f6d5b7414ca3628a6b372a7c586fd2a6;4ca64684f6;-;-;Wed May 6 18:52:00 2020 +0200;1588783920;-;-;Wed May 6 18:52:00 2020 +0200;1588783920
e9cded560d6ecb73aa5bfca57e06b09fa0013294;e9cded560d;-;-;Wed May 6 16:41:35 2020 +0200;1588776095;-;-;Wed May 6 16:41:35 2020 +0200;1588776095
2aa8aef216934e65a78610707dcfe632a94b0ba5;2aa8aef216;-;-;Thu Apr 9 14:55:18 2020 +0200;1586436918;-;-;Wed May 6 16:28:21 2020 +0200;1588775301
3e736898a6af9074e84138863d387a548fcb815d;3e736898a6;-;-;Wed May 6 14:31:58 2020 +0100;1588771918;-;-;Wed May 6 14:31:58 2020 +0100;1588771918
12e05280adef6a9fadd1c782bab832f8c10b0bfc;12e05280ad;-;-;Wed May 6 14:34:13 2020 +0200;1588768453;-;-;Wed May 6 15:22:23 2020 +0200;1588771343
b1c1a232ca6734e9bbfa56c6cbe32a633c2db562;b1c1a232ca;-;-;Wed May 6 14:25:41 2020 +0200;1588767941;-;-;Wed May 6 14:25:41 2020 +0200;1588767941
1b85f6277d4d2504caac0ce1f8bbf72c81dbf6e4;1b85f6277d;-;-;Wed May 6 13:53:24 2020 +0200;1588766004;-;-;Wed May 6 13:53:24 2020 +0200;1588766004
084b4003d18e342e823195bc44a4e1e40020fd53;084b4003d1;-;-;Wed May 6 12:17:54 2020 +0200;1588760274;-;-;Wed May 6 12:18:04 2020 +0200;1588760284
76e58405b83a9445aeac0360f3d0936050a0a6d3;76e58405b8;-;-;Wed May 6 10:53:37 2020 +0100;1588758817;-;-;Wed May 6 10:53:37 2020 +0100;1588758817
04bbc2ac2b93c222262d33bd0b65a6ad3ca88a28;04bbc2ac2b;-;-;Wed May 6 10:51:28 2020 +0100;1588758688;-;-;Wed May 6 10:51:28 2020 +0100;1588758688
d1708460e7b1a4a4a79ab9d97e83f8ad379cd2f3;d1708460e7;-;-;Wed May 6 10:37:44 2020 +0100;1588757864;-;-;Wed May 6 10:37:44 2020 +0100;1588757864
66bb14524719b217b665f4da6fd168b1432f80ef;66bb145247;-;-;Wed May 6 06:35:43 2020 +0100;1588743343;-;-;Wed May 6 06:35:43 2020 +0100;1588743343
4d3668a0cbbe6beecd93f252fdd09a8feb80fb94;4d3668a0cb;-;-;Tue May 5 18:21:13 2020 +0100;1588699273;-;-;Tue May 5 18:21:13 2020 +0100;1588699273
147b8fb75550ebe25ebdae6a42af74c61b24439f;147b8fb755;-;-;Tue May 5 08:04:40 2020 +0100;1588662280;-;-;Tue May 5 08:04:40 2020 +0100;1588662280
153690e7175b3286c745dac409d413a0cda6b410;153690e717;-;-;Mon May 4 10:55:25 2020 +0100;1588586125;-;-;Mon May 4 10:55:25 2020 +0100;1588586125
1b4b4c33027605db8f7621f7319b0b256c202350;1b4b4c3302;-;-;Thu Apr 30 20:10:16 2020 +0200;1588270216;-;-;Sun May 3 19:02:44 2020 +0200;1588525364
8e81360eba8cca33522872cdf48eb5f0b84644cb;8e81360eba;-;-;Wed Apr 29 17:16:03 2020 +0200;1588173363;-;-;Wed Apr 29 17:17:05 2020 +0200;1588173425
65e8d851422bf04d62a26f7ea61b03a7e27d1ddf;65e8d85142;-;-;Wed Apr 29 17:14:11 2020 +0200;1588173251;-;-;Wed Apr 29 17:14:11 2020 +0200;1588173251
69b4f33cfa0e483390e821805f36da88fbd28fa9;69b4f33cfa;-;-;Wed Apr 29 16:25:02 2020 +0200;1588170302;-;-;Wed Apr 29 16:25:02 2020 +0200;1588170302
48d06a4291756013e57713f97a7ade5f60a35218;48d06a4291;-;-;Wed Apr 29 16:21:07 2020 +0200;1588170067;-;-;Wed Apr 29 16:21:07 2020 +0200;1588170067
fdfe58362e3fc71174a13a4e6e447e3eca443409;fdfe58362e;-;-;Wed Apr 29 15:22:25 2020 +0200;1588166545;-;-;Wed Apr 29 15:23:14 2020 +0200;1588166594
95f76af19cd28952cab3d42c650d72e7439987e6;95f76af19c;-;-;Wed Apr 29 15:14:23 2020 +0200;1588166063;-;-;Wed Apr 29 15:23:14 2020 +0200;1588166594
7bd524e9d705f0189730b3a3b4c41ebde0a2936b;7bd524e9d7;-;-;Fri Apr 17 14:19:06 2020 +0200;1587125946;-;-;Wed Apr 29 15:21:22 2020 +0200;1588166482
6b1170b19ad157df757ed20591784bd4c87d09ab;6b1170b19a;-;-;Wed Apr 29 15:20:20 2020 +0200;1588166420;-;-;Wed Apr 29 15:20:20 2020 +0200;1588166420
859953fe8152ded817813dc56ee2b2fdfd86f43f;859953fe81;-;-;Wed Apr 29 14:40:40 2020 +0200;1588164040;-;-;Wed Apr 29 14:46:02 2020 +0200;1588164362
5abca033d04598fc3ec78242abef6f5aa80c801c;5abca033d0;-;-;Wed Apr 29 14:05:14 2020 +0200;1588161914;-;-;Wed Apr 29 14:05:14 2020 +0200;1588161914
a378480faf28876fc62fc60fbe813abe11710bef;a378480faf;-;-;Wed Apr 29 11:22:32 2020 +0200;1588152152;-;-;Wed Apr 29 11:22:32 2020 +0200;1588152152
fbc1b96aa61c9ed6b8b0b6739719ca6cd4e56652;fbc1b96aa6;-;-;Wed Apr 29 11:05:50 2020 +0200;1588151150;-;-;Wed Apr 29 11:05:50 2020 +0200;1588151150
7b1de6e1a8f6207ac5d29197a962c02de9ef9d90;7b1de6e1a8;-;-;Wed Apr 29 11:05:36 2020 +0200;1588151136;-;-;Wed Apr 29 11:05:36 2020 +0200;1588151136
749a4ac34a0f50a6c97fd31908050e862fa8ccfb;749a4ac34a;-;-;Wed Apr 29 10:54:09 2020 +0200;1588150449;-;-;Wed Apr 29 10:54:09 2020 +0200;1588150449
a20e5618978e263f6a4b5037b4f182c63a928d9a;a20e561897;-;-;Wed Apr 29 10:51:17 2020 +0200;1588150277;-;-;Wed Apr 29 10:54:03 2020 +0200;1588150443
f0564b746a6cd740498cbefd64215e7589093b07;f0564b746a;-;-;Tue Apr 28 17:31:46 2020 +0200;1588087906;-;-;Tue Apr 28 17:31:46 2020 +0200;1588087906
c3f439417e5db958ae427c80ed556235b7eb36b6;c3f439417e;-;-;Tue Apr 28 17:22:22 2020 +0200;1588087342;-;-;Tue Apr 28 17:22:22 2020 +0200;1588087342
71ed8143a16ce30e16022055c50f652ed6203670;71ed8143a1;-;-;Tue Apr 28 16:56:15 2020 +0200;1588085775;-;-;Tue Apr 28 16:56:15 2020 +0200;1588085775
4e32615b2297149b75da98aa1be2cbfa967d2212;4e32615b22;-;-;Tue Apr 28 14:55:37 2020 +0200;1588078537;-;-;Tue Apr 28 16:44:18 2020 +0200;1588085058
afc398333e369b1fdd8abc3ebb8811d03964aca1;afc398333e;-;-;Tue Apr 28 13:44:59 2020 +0200;1588074299;-;-;Tue Apr 28 16:34:58 2020 +0200;1588084498
0a9c768b812e7e1208c76429bb7c3f700fdc1446;0a9c768b81;-;-;Tue Apr 28 16:02:19 2020 +0200;1588082539;-;-;Tue Apr 28 16:04:21 2020 +0200;1588082661
54e6103defb99c067f3f4d5a6054aa24a29a379e;54e6103def;-;-;Mon Apr 20 16:54:56 2020 +0200;1587394496;-;-;Tue Apr 28 15:43:59 2020 +0200;1588081439
60725294e26b63eac9e69bcbf3182721a3bcd2c8;60725294e2;-;-;Tue Apr 28 15:34:37 2020 +0200;1588080877;-;-;Tue Apr 28 15:34:37 2020 +0200;1588080877
8ffc3334b4c37282865b3ab4270a9a44c694ec31;8ffc3334b4;-;-;Tue Apr 28 15:14:53 2020 +0200;1588079693;-;-;Tue Apr 28 15:14:53 2020 +0200;1588079693
784a6d46c01cabb3145e3c6973f4ce18a52c0615;784a6d46c0;-;-;Tue Apr 28 15:14:02 2020 +0200;1588079642;-;-;Tue Apr 28 15:14:02 2020 +0200;1588079642
b71a7ee26fe7f5181471b586dfe1da742c5d9d08;b71a7ee26f;-;-;Tue Apr 28 15:13:40 2020 +0200;1588079620;-;-;Tue Apr 28 15:13:40 2020 +0200;1588079620
893adb40e2ea203a66c2b9caac2d25192ac8c1e7;893adb40e2;-;-;Tue Apr 28 15:02:28 2020 +0200;1588078948;-;-;Tue Apr 28 15:03:35 2020 +0200;1588079015
9bd60f6554d0193a74145343e82c53a1460e4995;9bd60f6554;-;-;Thu Jan 2 10:29:55 2020 +0100;1577957395;-;-;Tue Apr 28 15:03:03 2020 +0200;1588078983
c0ccdc24a0b96f56bd4985863a73cc6bb4ed9950;c0ccdc24a0;-;-;Tue Apr 28 14:25:04 2020 +0200;1588076704;-;-;Tue Apr 28 14:37:34 2020 +0200;1588077454
be560d7ad5883dc906c18b17a565857904429ff1;be560d7ad5;-;-;Tue Apr 28 14:20:54 2020 +0200;1588076454;-;-;Tue Apr 28 14:34:40 2020 +0200;1588077280
e7e230608e4fabad8f4bd6cb85cbf6e79d9d37e4;e7e230608e;-;-;Tue Apr 28 14:00:24 2020 +0200;1588075224;-;-;Tue Apr 28 14:00:24 2020 +0200;1588075224
e74f868a2397def6b3f25c96fe08fcec36c36e26;e74f868a23;-;-;Mon Apr 13 15:11:23 2020 +0200;1586783483;-;-;Tue Apr 28 13:25:28 2020 +0200;1588073128
89ee0b077f7cc16441e056200257a54374dc2545;89ee0b077f;-;-;Thu Jan 2 19:22:09 2020 +0530;1577973129;-;-;Tue Apr 28 13:25:28 2020 +0200;1588073128
cdde19c0bc1f07a3fb36a34e93fd4e38b98a4e38;cdde19c0bc;-;-;Tue Apr 28 12:57:17 2020 +0200;1588071437;-;-;Tue Apr 28 13:25:00 2020 +0200;1588073100
e9d63a0a7c509a14517b12d64c94ea9e9890d42a;e9d63a0a7c;-;-;Tue Apr 28 13:14:45 2020 +0200;1588072485;-;-;Tue Apr 28 13:16:19 2020 +0200;1588072579
cdadb834b0a7b9c609334dbfd22b4fb43549306b;cdadb834b0;-;-;Tue Apr 28 13:02:39 2020 +0200;1588071759;-;-;Tue Apr 28 13:02:39 2020 +0200;1588071759
ff65ccba3e944ee796be0c79aa02a4658fbca46e;ff65ccba3e;-;-;Tue Apr 28 13:02:04 2020 +0200;1588071724;-;-;Tue Apr 28 13:02:04 2020 +0200;1588071724
27adbb9a35065bcc0c8a418010a147f76e9f0bf2;27adbb9a35;-;-;Tue Apr 28 12:25:24 2020 +0200;1588069524;-;-;Tue Apr 28 12:25:24 2020 +0200;1588069524
b69f081a794555bef3c403d45466bd3d32199867;b69f081a79;-;-;Tue Apr 28 12:20:04 2020 +0200;1588069204;-;-;Tue Apr 28 12:20:04 2020 +0200;1588069204
d163711defe061ef2ab405efcd01f542eb184186;d163711def;-;-;Tue Apr 28 12:13:15 2020 +0200;1588068795;-;-;Tue Apr 28 12:13:15 2020 +0200;1588068795
34067678a15e13f9f6b5c4cbdb898789bf159fbd;34067678a1;-;-;Tue Apr 28 12:04:32 2020 +0200;1588068272;-;-;Tue Apr 28 12:04:32 2020 +0200;1588068272
5dfdee6d7d2bee7f065b5b86adefc5ac923c4fbc;5dfdee6d7d;-;-;Tue Apr 28 11:00:49 2020 +0200;1588064449;-;-;Tue Apr 28 11:00:49 2020 +0200;1588064449
db6d7e2c69797384f5318d024176a86687be2f29;db6d7e2c69;-;-;Tue Apr 28 08:23:23 2020 +0000;1588062203;-;-;Tue Apr 28 08:23:23 2020 +0000;1588062203
d2bcf1ed71be5cad91b39fd613a3c1aa91bf3609;d2bcf1ed71;-;-;Tue Apr 28 06:28:04 2020 +0100;1588051684;-;-;Tue Apr 28 06:28:04 2020 +0100;1588051684
afc8a5d7866cb7166a6868a217ed6c8bdeaf0c0c;afc8a5d786;-;-;Mon Apr 27 13:24:53 2020 +0100;1587990293;-;-;Mon Apr 27 13:24:53 2020 +0100;1587990293
f425a993e7be82ffdbdda24370925a34c42925f2;f425a993e7;-;-;Mon Apr 27 13:19:43 2020 +0100;1587989983;-;-;Mon Apr 27 13:19:43 2020 +0100;1587989983
57f1e86a35673e15c28ed08a522641b0bad92171;57f1e86a35;-;-;Mon Apr 27 13:47:58 2020 +0200;1587988078;-;-;Mon Apr 27 13:47:58 2020 +0200;1587988078
73fadd8b7c02938a0155ff49a40b4257092d1dc4;73fadd8b7c;-;-;Mon Apr 27 11:45:41 2020 +0200;1587980741;-;-;Mon Apr 27 11:45:41 2020 +0200;1587980741
127e8797268971600cdd84f8f7ada73fa4290c48;127e879726;-;-;Mon Apr 27 11:45:08 2020 +0200;1587980708;-;-;Mon Apr 27 11:45:08 2020 +0200;1587980708
59ecd4997ce1a63da4554f3dcfd7dd176b38d51b;59ecd4997c;-;-;Sun Apr 26 14:14:07 2020 +0200;1587903247;-;-;Sun Apr 26 14:14:07 2020 +0200;1587903247
db45b80b1f2d2533b827951a0cee5eb74cffdf92;db45b80b1f;-;-;Sun Apr 26 13:58:31 2020 +0200;1587902311;-;-;Sun Apr 26 13:58:31 2020 +0200;1587902311
f6df21eaa9e580095df6705ef8a208bb0dc8030d;f6df21eaa9;-;-;Sat Apr 25 18:00:34 2020 +0200;1587830434;-;-;Sat Apr 25 18:00:34 2020 +0200;1587830434
ad088f215734dab30a14d59028b5168643e7113b;ad088f2157;-;-;Sat Apr 25 17:59:04 2020 +0200;1587830344;-;-;Sat Apr 25 17:59:04 2020 +0200;1587830344
5bca18f0916b0c13dd290595cbf6878855f881be;5bca18f091;-;-;Sat Apr 25 16:37:58 2020 +0200;1587825478;-;-;Sat Apr 25 16:37:58 2020 +0200;1587825478
af65b1ca62dc428d7d35af338584d20641ad3955;af65b1ca62;-;-;Sat Apr 25 16:37:16 2020 +0200;1587825436;-;-;Sat Apr 25 16:37:16 2020 +0200;1587825436
e5a292fb34946ea8435f41247c71ed007bb5fd0b;e5a292fb34;-;-;Sat Apr 25 16:36:44 2020 +0200;1587825404;-;-;Sat Apr 25 16:36:44 2020 +0200;1587825404
e36a415994a7e7dd3a60889983bc01408405799e;e36a415994;-;-;Sat Apr 25 16:34:59 2020 +0200;1587825299;-;-;Sat Apr 25 16:34:59 2020 +0200;1587825299
401f9599cadf7b368153f933a5aebdfc8d9e36cb;401f9599ca;-;-;Sat Apr 25 16:34:28 2020 +0200;1587825268;-;-;Sat Apr 25 16:34:28 2020 +0200;1587825268
05521027800ef2a49342ac7ef2e5cd1304a080bf;0552102780;-;-;Sat Apr 25 16:33:35 2020 +0200;1587825215;-;-;Sat Apr 25 16:33:35 2020 +0200;1587825215
3af54692fa628708cc7e5eab36ada85f01a519df;3af54692fa;-;-;Mon Apr 13 23:25:51 2020 +0800;1586791551;-;-;Sat Apr 25 16:28:09 2020 +0200;1587824889
21887ad23bcfb1b534377b496571db25441ef986;21887ad23b;-;-;Mon Apr 20 19:40:39 2020 -0400;1587426039;-;-;Sat Apr 25 16:27:36 2020 +0200;1587824856
bff1a1932f573eae53dfd91d09e88b5f569be38d;bff1a1932f;-;-;Mon Apr 20 19:55:39 2020 +0300;1587401739;-;-;Sat Apr 25 16:27:01 2020 +0200;1587824821
72b1abd226ea10414f25bbf6fa63f6cb4237c10b;72b1abd226;-;-;Sat Apr 25 15:28:09 2020 +0200;1587821289;-;-;Sat Apr 25 15:28:09 2020 +0200;1587821289
0e9da179106f42f4b8f59c33e996e6c3fb28fc9a;0e9da17910;-;-;Sat Apr 25 12:54:15 2020 +0530;1587799455;-;-;Sat Apr 25 09:24:15 2020 +0200;1587799455
583435d068a8a09d1fe72d3191028ab83320ccdb;583435d068;-;-;Sat Apr 25 07:33:30 2020 +0100;1587796410;-;-;Sat Apr 25 07:33:30 2020 +0100;1587796410
2002a1689a544bd49001062afcde7564ce010cea;2002a1689a;-;-;Sat Apr 25 07:11:34 2020 +0100;1587795094;-;-;Sat Apr 25 07:11:34 2020 +0100;1587795094
18474c921df8003c6ce778cc9ab9979dd29d428a;18474c921d;-;-;Fri Apr 24 13:02:12 2020 +0100;1587729732;-;-;Fri Apr 24 13:02:12 2020 +0100;1587729732
d9262b8a0cb97a65c824e054c2459d310d051289;d9262b8a0c;-;-;Fri Apr 24 12:57:16 2020 +0100;1587729436;-;-;Fri Apr 24 12:57:16 2020 +0100;1587729436
e18901d6b10d0b14959749ff63828339f71986b1;e18901d6b1;-;-;Fri Apr 24 12:53:00 2020 +0100;1587729180;-;-;Fri Apr 24 12:53:00 2020 +0100;1587729180
8265db0ae1d83a1e204e602fa96e542c2677977f;8265db0ae1;-;-;Thu Apr 23 18:51:45 2020 +0200;1587660705;-;-;Thu Apr 23 19:09:30 2020 +0200;1587661770
0520ee0fb62464687b74e7ad3bc234c30baa3732;0520ee0fb6;-;-;Thu Apr 23 08:58:01 2020 +0100;1587628681;-;-;Thu Apr 23 13:50:00 2020 +0100;1587646200
dc4cda1b131acefa25869691efeac116fe377d32;dc4cda1b13;-;-;Thu Apr 23 12:48:07 2020 +0200;1587638887;-;-;Thu Apr 23 13:03:05 2020 +0200;1587639785
5eba1ae73c4db2f8c91c2121e7cec781f565e7a5;5eba1ae73c;-;-;Wed Apr 22 19:19:34 2020 +0200;1587575974;-;-;Wed Apr 22 19:19:34 2020 +0200;1587575974
a9cc7b3edc59d5855dad75ffbf22bb5604162968;a9cc7b3edc;-;-;Wed Apr 22 15:17:33 2020 +0200;1587561453;-;-;Wed Apr 22 15:17:33 2020 +0200;1587561453
5721c747b26665ccf1afb5e823b9774be2bffbcf;5721c747b2;-;-;Tue Apr 21 18:47:28 2020 +0200;1587487648;-;-;Tue Apr 21 18:47:28 2020 +0200;1587487648
31fa1569c54649c7f3cbf7ec330e2a7232c7cd3a;31fa1569c5;-;-;Mon Apr 20 15:30:48 2020 +0200;1587389448;-;-;Tue Apr 21 13:31:06 2020 +0200;1587468666
8d31dcaa297c3e9001a6e8470b400641ae1c49d0;8d31dcaa29;-;-;Mon Apr 20 14:43:07 2020 +0100;1587390187;-;-;Mon Apr 20 14:43:07 2020 +0100;1587390187
4b85b44bbd501f6d9b5c5048616dfad7f8ae131d;4b85b44bbd;-;-;Mon Apr 20 12:53:42 2020 +0100;1587383622;-;-;Mon Apr 20 12:53:42 2020 +0100;1587383622
fa5e8485abcc1a85af04aae42fd1045baeaeeb97;fa5e8485ab;-;-;Mon Apr 20 12:32:11 2020 +0100;1587382331;-;-;Mon Apr 20 12:32:11 2020 +0100;1587382331
1904e9b7e7b5b7a5dc57dc56ab370078d871a7d1;1904e9b7e7;-;-;Mon Apr 20 10:16:27 2020 +0100;1587374187;-;-;Mon Apr 20 10:16:40 2020 +0100;1587374200
6d5080825cd26ec29957de2626da9f117e32e41b;6d5080825c;-;-;Mon Apr 20 10:20:08 2020 +0200;1587370808;-;-;Mon Apr 20 11:00:29 2020 +0200;1587373229
ed8c61a8520a4a0015d4a7b104ae1e03ef698bf5;ed8c61a852;-;-;Mon Apr 20 09:42:14 2020 +0100;1587372134;-;-;Mon Apr 20 09:42:28 2020 +0100;1587372148
376434eb7545c39dcc7f8f87a28eeb9f26bbfd6e;376434eb75;-;-;Sun Apr 19 19:17:02 2020 +0200;1587316622;-;-;Sun Apr 19 19:17:02 2020 +0200;1587316622
f42955c31b988e82ef9d75ea12469b2fe18c50b7;f42955c31b;-;-;Sun Apr 19 17:49:08 2020 +0200;1587311348;-;-;Sun Apr 19 17:49:08 2020 +0200;1587311348
d6c9c7d642372cc13f05e6394595139e06e2a9b5;d6c9c7d642;-;-;Sun Apr 19 18:39:06 2020 +0300;1587310746;-;-;Sun Apr 19 17:39:06 2020 +0200;1587310746
3dadcaeb2d1802bf0fa011522c1def6da79ed331;3dadcaeb2d;-;-;Fri Apr 17 19:07:49 2020 +0200;1587143269;-;-;Fri Apr 17 19:07:49 2020 +0200;1587143269
87fa2c3b97c7ee4785c4109ebd14ff3310f9db11;87fa2c3b97;-;-;Sat Apr 18 01:44:16 2020 +0900;1587141856;-;-;Fri Apr 17 18:44:16 2020 +0200;1587141856
87f28ce48ebc672ffaea31f9524a6e770a01aa1f;87f28ce48e;-;-;Sat Apr 18 00:32:02 2020 +0800;1587141122;-;-;Fri Apr 17 18:32:02 2020 +0200;1587141122
b8835c9f327cca0b1efc0be22923c44626fe8d03;b8835c9f32;-;-;Fri Apr 17 16:20:42 2020 +0200;1587133242;-;-;Fri Apr 17 16:20:42 2020 +0200;1587133242
6b410df45b6dc4824162996a00c5360ab1563926;6b410df45b;-;-;Fri Apr 17 15:01:35 2020 +0200;1587128495;-;-;Fri Apr 17 15:01:35 2020 +0200;1587128495
0017256968d02f19ce03282db2c6dbd7267d2539;0017256968;-;-;Fri Apr 17 13:29:33 2020 +0200;1587122973;-;-;Fri Apr 17 13:29:33 2020 +0200;1587122973
df291a39b1f857846f870772772809d0a63c4d26;df291a39b1;-;-;Fri Apr 17 09:26:53 2020 +0200;1587108413;-;-;Fri Apr 17 09:26:53 2020 +0200;1587108413
1658223e5806939dcf3b576dd1f82a0a9fc941df;1658223e58;-;-;Sun Apr 12 11:43:49 2020 -0400;1586706229;-;-;Wed Apr 15 14:20:35 2020 +0100;1586956835
89775844edce76b6a036ed223c3b6be77209fc0f;89775844ed;-;-;Sat Apr 11 07:23:52 2020 -0400;1586604232;-;-;Wed Apr 15 14:20:35 2020 +0100;1586956835
d211381b58a5e5c473f2513afc21972d90659c2e;d211381b58;-;-;Wed Apr 15 13:05:02 2020 +0200;1586948702;-;-;Wed Apr 15 13:05:02 2020 +0200;1586948702
a33a6c310aee4398b9a8ab56efc3279b85405c39;a33a6c310a;-;-;Wed Apr 15 12:12:59 2020 +0200;1586945579;-;-;Wed Apr 15 12:12:59 2020 +0200;1586945579
67955dfb3533306a63702da80de38be4a6529340;67955dfb35;-;-;Wed Apr 15 11:23:33 2020 +0200;1586942613;-;-;Wed Apr 15 11:23:59 2020 +0200;1586942639
ae8f333d36d3f94c734f5b4fe6f5704b3c23a9b3;ae8f333d36;-;-;Wed Apr 15 08:37:58 2020 +0200;1586932678;-;-;Wed Apr 15 08:37:58 2020 +0200;1586932678
75457c440c803f50ec74f7fbbae2cb1de51d4202;75457c440c;-;-;Tue Apr 14 08:42:50 2020 -0500;1586871770;-;-;Tue Apr 14 15:42:50 2020 +0200;1586871770
884c7696cebadc877d63d8212e311f9f3489b9fd;884c7696ce;-;-;Tue Apr 14 14:56:21 2020 +0200;1586868981;-;-;Tue Apr 14 14:56:47 2020 +0200;1586869007
3aa7f457382820b542904c45b02eaa09f3886d24;3aa7f45738;-;-;Tue Apr 14 14:49:11 2020 +0200;1586868551;-;-;Tue Apr 14 14:49:11 2020 +0200;1586868551
154fa29471bcdaa364479d3a75104d9b95e4b64a;154fa29471;-;-;Tue Apr 14 13:36:11 2020 +0200;1586864171;-;-;Tue Apr 14 13:36:11 2020 +0200;1586864171
4523d9586fcd0e18bc2e791201ad6261931e58b3;4523d9586f;-;-;Fri Apr 10 17:16:31 2020 +0200;1586531791;-;-;Fri Apr 10 17:16:31 2020 +0200;1586531791
39536acf9f28ddcae59bf89ae2c31b8e6a615494;39536acf9f;-;-;Thu Apr 9 15:38:01 2020 +0200;1586439481;-;-;Thu Apr 9 15:38:01 2020 +0200;1586439481
de0d06fab51558ecf0414d1a7199ca48fa67e237;de0d06fab5;-;-;Thu Apr 9 11:49:35 2020 +0200;1586425775;-;-;Thu Apr 9 11:49:35 2020 +0200;1586425775
8682a5d89ada327067dd65e4652d94eee56f83f1;8682a5d89a;-;-;Mon Apr 6 16:10:41 2020 +0200;1586182241;-;-;Thu Apr 9 11:37:50 2020 +0200;1586425070
e1951a098b6e732a5919e60dcd48375426ab801b;e1951a098b;-;-;Mon Apr 6 15:11:05 2020 +0300;1586175065;-;-;Thu Apr 9 11:36:32 2020 +0200;1586424992
8c0aaf4863f83ad6bf82c9a6c10c5577f998de24;8c0aaf4863;-;-;Wed Apr 8 15:21:32 2020 +0200;1586352092;-;-;Wed Apr 8 15:21:32 2020 +0200;1586352092
9628038c58faba19d3548aa961d11f8fe8888782;9628038c58;-;-;Tue Apr 7 18:06:43 2020 +0200;1586275603;-;-;Tue Apr 7 18:06:43 2020 +0200;1586275603
3c354a9b183f30f37344be821a5554bb8a49f91a;3c354a9b18;-;-;Tue Apr 7 16:38:09 2020 +0200;1586270289;-;-;Tue Apr 7 16:38:09 2020 +0200;1586270289
6c2676598559792a5583b59be79a2946c66f5dc4;6c26765985;-;-;Tue Apr 7 14:35:40 2020 +0200;1586262940;-;-;Tue Apr 7 14:35:40 2020 +0200;1586262940
a5498ba2ad629616030ffd6b5f3ca88954d7b4d7;a5498ba2ad;-;-;Mon Apr 6 19:11:16 2020 +0200;1586193076;-;-;Mon Apr 6 19:11:53 2020 +0200;1586193113
a42944d3644e7b3100445b463574b2a52e37aa1e;a42944d364;-;-;Mon Apr 6 18:17:18 2020 +0200;1586189838;-;-;Mon Apr 6 18:21:48 2020 +0200;1586190108
1d0c5195bc90a59d29a780df056c5d58d8344279;1d0c5195bc;-;-;Mon Apr 6 15:31:48 2020 +0200;1586179908;-;-;Mon Apr 6 15:31:48 2020 +0200;1586179908
144b0e143759509c2b1497b8a44967209b425274;144b0e1437;-;-;Mon Apr 6 15:16:31 2020 +0200;1586178991;-;-;Mon Apr 6 15:16:31 2020 +0200;1586178991
dc5ddffd032640e315beebcea044737db5046ca8;dc5ddffd03;-;-;Mon Apr 6 14:42:23 2020 +0200;1586176943;-;-;Mon Apr 6 14:42:23 2020 +0200;1586176943
f8ab19dc68f25616f5a6024a7909cd7d8ae24b6b;f8ab19dc68;-;-;Mon Apr 6 14:32:34 2020 +0200;1586176354;-;-;Mon Apr 6 14:32:34 2020 +0200;1586176354
fd8d11c7e3e8e1ea133213504399464b62266eef;fd8d11c7e3;-;-;Sun Apr 5 02:05:19 2020 +0800;1586023519;-;-;Sat Apr 4 20:05:19 2020 +0200;1586023519
251501587bcfcd8f352b20e0ebe220f67f2c781b;251501587b;-;-;Fri Apr 3 21:15:00 2020 +0200;1585941300;-;-;Fri Apr 3 21:15:00 2020 +0200;1585941300
6177e38eb610242bf7475611c79cdfde9236d1b1;6177e38eb6;-;-;Fri Apr 3 21:13:53 2020 +0200;1585941233;-;-;Fri Apr 3 21:13:53 2020 +0200;1585941233
a70ad0094ff05ccbb5e6d34aefe3ec1687d0bf9b;a70ad0094f;-;-;Fri Apr 3 21:12:03 2020 +0200;1585941123;-;-;Fri Apr 3 21:12:03 2020 +0200;1585941123
151a18d6918c73f98b7f6477497da63b783bf5f4;151a18d691;-;-;Fri Apr 3 21:11:07 2020 +0200;1585941067;-;-;Fri Apr 3 21:11:07 2020 +0200;1585941067
8595f01e4444aaa44a2e299b692f25aafed1e14f;8595f01e44;-;-;Fri Apr 3 21:08:45 2020 +0200;1585940925;-;-;Fri Apr 3 21:08:45 2020 +0200;1585940925
7d5e474e0d2df480bcdccf1544065f52835bcad8;7d5e474e0d;-;-;Tue Mar 31 14:04:55 2020 +0300;1585652695;-;-;Fri Apr 3 21:05:26 2020 +0200;1585940726
9f0ce09cf01e027fc65f085bade22545c3e5c70b;9f0ce09cf0;-;-;Thu Apr 2 16:33:50 2020 +0200;1585838030;-;-;Thu Apr 2 16:33:50 2020 +0200;1585838030
0636ba68d76727daba0e7a54ff06d447f33c5225;0636ba68d7;-;-;Thu Apr 2 16:29:27 2020 +0200;1585837767;-;-;Thu Apr 2 16:29:27 2020 +0200;1585837767
897557fd1b14a169e017f262b5336b84da23369e;897557fd1b;-;-;Thu Apr 2 09:31:00 2020 +0100;1585816260;-;-;Thu Apr 2 09:31:00 2020 +0100;1585816260
6f0a76a65f1506773a419b0b44d9b9e6b4c5de18;6f0a76a65f;-;-;Thu Apr 2 08:34:44 2020 +0100;1585812884;-;-;Thu Apr 2 08:34:44 2020 +0100;1585812884
7d0f48289ba60938cdbf9bbaa1ceb58f44052c84;7d0f48289b;-;-;Wed Apr 1 15:17:07 2020 +0100;1585750627;-;-;Wed Apr 1 18:35:22 2020 +0100;1585762522
a842434bff92ec7ceced0a43ac88b3b4c7a6df2f;a842434bff;-;-;Wed Apr 1 17:56:58 2020 +0200;1585756618;-;-;Wed Apr 1 18:09:31 2020 +0200;1585757371
b7eb983107b815fe1474efafc5ad9b22596d16c8;b7eb983107;-;-;Tue Mar 31 13:27:39 2020 -0500;1585679259;-;-;Wed Apr 1 14:52:58 2020 +0200;1585745578
13970ae5287c900f30a80a60f6efe4085fd4a3f1;13970ae528;-;-;Fri Mar 27 23:39:52 2020 +0800;1585323592;-;-;Wed Apr 1 14:34:20 2020 +0200;1585744460
d8567749b8994a8d45764c8238a0717f6c78101b;d8567749b8;-;-;Tue Mar 31 19:14:56 2020 +0200;1585674896;-;-;Tue Mar 31 19:14:56 2020 +0200;1585674896
01cf0a3d4ef3dd0ff290b4a5e0e7b3526256fb8a;01cf0a3d4e;-;-;Tue Mar 31 19:02:15 2020 +0200;1585674135;-;-;Tue Mar 31 19:02:15 2020 +0200;1585674135
9bd74c270f880b8c2d98f13eefda0fe98f372029;9bd74c270f;-;-;Tue Mar 31 18:55:54 2020 +0200;1585673754;-;-;Tue Mar 31 18:55:54 2020 +0200;1585673754
89d282125a8d39f7fa9fb2d4a807a48bf1590e63;89d282125a;-;-;Tue Mar 31 18:49:05 2020 +0200;1585673345;-;-;Tue Mar 31 18:49:05 2020 +0200;1585673345
e87ab6f4ee49d6f8ec60e4ebe8b38c512f7c3c2f;e87ab6f4ee;-;-;Tue Mar 31 18:47:06 2020 +0200;1585673226;-;-;Tue Mar 31 18:47:06 2020 +0200;1585673226
99c2b1e2423628b4b444b6a752e2dfc1aadce3a4;99c2b1e242;-;-;Tue Mar 31 17:04:15 2020 +0100;1585670655;-;-;Tue Mar 31 17:08:12 2020 +0100;1585670892
1795a6ad0a7bbfe3c7d444ebbcbb1821f03c11eb;1795a6ad0a;-;-;Tue Mar 31 16:44:02 2020 +0200;1585665842;-;-;Tue Mar 31 16:44:02 2020 +0200;1585665842
ddaf0029ae7752f51a2963858bf7744695df346b;ddaf0029ae;-;-;Tue Mar 31 16:31:34 2020 +0200;1585665094;-;-;Tue Mar 31 16:31:34 2020 +0200;1585665094
95ef9c25c2f68b25e430922aad091dd985cf2a6f;95ef9c25c2;-;-;Tue Mar 31 12:55:23 2020 +0100;1585655723;-;-;Tue Mar 31 12:56:10 2020 +0100;1585655770
329f08ad08c34a6835348ba173127cecda862f2a;329f08ad08;-;-;Tue Mar 31 12:17:46 2020 +0200;1585649866;-;-;Tue Mar 31 12:17:58 2020 +0200;1585649878
e26764d24935268351c1793123924c66cfa03126;e26764d249;-;-;Tue Mar 31 11:49:15 2020 +0200;1585648155;-;-;Tue Mar 31 12:17:58 2020 +0200;1585649878
53106d57413b9851908ff7de9c5310357af3b19a;53106d5741;-;-;Tue Mar 31 10:40:04 2020 +0200;1585644004;-;-;Tue Mar 31 10:40:04 2020 +0200;1585644004
3ad42aa983bb49621254d2a6b251b0ed109fabdc;3ad42aa983;-;-;Mon Mar 30 19:04:06 2020 +0200;1585587846;-;-;Mon Mar 30 19:04:06 2020 +0200;1585587846
8b3521d2bfc75c97a99da51444489decc32105ff;8b3521d2bf;-;-;Mon Mar 30 21:00:25 2020 +0900;1585569625;-;-;Mon Mar 30 14:00:25 2020 +0200;1585569625
ee42e3e7306fcf945ef350d5aafff5f3e1a84e99;ee42e3e730;-;-;Mon Mar 30 13:57:09 2020 +0200;1585569429;-;-;Mon Mar 30 13:57:09 2020 +0200;1585569429
9e30620ac2a3dc5e3e963b637434667a50be2190;9e30620ac2;-;-;Mon Mar 30 13:42:51 2020 +0200;1585568571;-;-;Mon Mar 30 13:47:00 2020 +0200;1585568820
e63d1cf12df785d07867a09370b8e9d76dcc0c99;e63d1cf12d;-;-;Sat Mar 28 19:24:09 2020 +0200;1585416249;-;-;Mon Mar 30 13:22:21 2020 +0200;1585567341
821984a5cf4bb204fabbbb574090443bc3935dc6;821984a5cf;-;-;Mon Mar 30 18:41:19 2020 +0800;1585564879;-;-;Mon Mar 30 12:41:19 2020 +0200;1585564879
f8ff4e42b91ec7098d6979e72b8c88601f476d5b;f8ff4e42b9;-;-;Mon Mar 30 18:05:29 2020 +0800;1585562729;-;-;Mon Mar 30 12:05:29 2020 +0200;1585562729
7c831d2ef40d7374b7efa2dca56b86bbd0f236a2;7c831d2ef4;-;-;Mon Mar 30 18:02:23 2020 +0800;1585562543;-;-;Mon Mar 30 12:02:23 2020 +0200;1585562543
7db00c9e220279ec9e7bb7f6a3a800cea4b75f03;7db00c9e22;-;-;Sat Mar 28 22:29:01 2020 +0800;1585405741;-;-;Sat Mar 28 15:29:01 2020 +0100;1585405741
5d6139eb7a171ecab5f010a60197749460b2645d;5d6139eb7a;-;-;Fri Mar 27 21:58:55 2020 +0800;1585317535;-;-;Fri Mar 27 14:58:55 2020 +0100;1585317535
06fa8692cd863fcb71098c328c96baef08d6c319;06fa8692cd;-;-;Fri Mar 27 11:18:45 2020 +0100;1585304325;-;-;Fri Mar 27 11:18:45 2020 +0100;1585304325
c77853b76607e1ca96c208101eda54cfb2d95f12;c77853b766;-;-;Fri Mar 27 18:00:05 2020 +0800;1585303205;-;-;Fri Mar 27 11:00:05 2020 +0100;1585303205
a606fb4b212aeabf632bb22fe863bcbf9fcac9fc;a606fb4b21;-;-;Thu Mar 26 22:02:32 2020 +0000;1585260152;-;-;Thu Mar 26 22:02:32 2020 +0000;1585260152
6f1ea14718aa0f5057f1021de48a5a73c34125a4;6f1ea14718;-;-;Thu Mar 26 21:42:33 2020 +0000;1585258953;-;-;Thu Mar 26 21:42:33 2020 +0000;1585258953
ac11acb532803ad557c2739549b9ac5e00695f12;ac11acb532;-;-;Thu Mar 26 17:04:47 2020 +0100;1585238687;-;-;Thu Mar 26 17:32:38 2020 +0100;1585240358
dd3dd5d67dbfc1cda14c940410a52acab7390f74;dd3dd5d67d;-;-;Thu Mar 26 16:22:04 2020 +0000;1585239724;-;-;Thu Mar 26 16:31:25 2020 +0000;1585240285
593a2ade91faf866a904ce8104c90a0065db6f7b;593a2ade91;-;-;Thu Mar 26 17:30:37 2020 +0100;1585240237;-;-;Thu Mar 26 17:30:37 2020 +0100;1585240237
f720225c22baba9a210e1cd8e3854d06c51f08af;f720225c22;-;-;Thu Mar 26 15:59:44 2020 +0000;1585238384;-;-;Thu Mar 26 15:59:44 2020 +0000;1585238384
6222efc54b326a0c0e27a4abd99bdbbe0fe9d7f7;6222efc54b;-;-;Thu Mar 26 16:52:02 2020 +0100;1585237922;-;-;Thu Mar 26 16:52:24 2020 +0100;1585237944
65aa2d03f089bb00f7d9e84d63eff7db2180d834;65aa2d03f0;-;-;Thu Mar 26 10:54:40 2020 +0200;1585212880;-;-;Thu Mar 26 16:52:14 2020 +0100;1585237934
62c545d0ed3eec796bd715179147230ba4f33a36;62c545d0ed;-;-;Thu Mar 26 15:27:06 2020 +0000;1585236426;-;-;Thu Mar 26 16:27:06 2020 +0100;1585236426
9f2fd4f0d54b8d190bc95c2e7a6fcf2d5faf4be5;9f2fd4f0d5;-;-;Thu Mar 26 23:20:55 2020 +0800;1585236055;-;-;Thu Mar 26 16:20:55 2020 +0100;1585236055
1f9fa3bab83eb99dfeedfc1b130fbb5cc91497ec;1f9fa3bab8;-;-;Thu Mar 26 22:53:39 2020 +0800;1585234419;-;-;Thu Mar 26 15:53:39 2020 +0100;1585234419
fb0b915e3d5eb5edf28f18d36264608b36d2600c;fb0b915e3d;-;-;Thu Mar 26 15:48:48 2020 +0100;1585234128;-;-;Thu Mar 26 15:48:48 2020 +0100;1585234128
822ca0130a8dad70dbad531f68d6750e1ecde88a;822ca0130a;-;-;Thu Mar 26 15:16:22 2020 +0100;1585232182;-;-;Thu Mar 26 15:16:22 2020 +0100;1585232182
5c977ce1197dd84ccecc0de5d0325585d1b86144;5c977ce119;-;-;Wed Mar 25 18:53:02 2020 +0100;1585158782;-;-;Wed Mar 25 18:58:56 2020 +0100;1585159136
6d0bab332c6f2dc91e0454861f178e8da92f9b25;6d0bab332c;-;-;Wed Mar 25 18:41:21 2020 +0100;1585158081;-;-;Wed Mar 25 18:41:21 2020 +0100;1585158081
9fb614a5c60bf6f269edee6b69e543d8ca6af1c3;9fb614a5c6;-;-;Wed Mar 25 14:58:18 2020 +0100;1585144698;-;-;Wed Mar 25 15:05:50 2020 +0100;1585145150
c42a0eeb383c518d77617d6e8e2abed76e59038d;c42a0eeb38;-;-;Wed Mar 25 21:34:29 2020 +0800;1585143269;-;-;Wed Mar 25 14:34:29 2020 +0100;1585143269
0f50a9a60a3e3d99056dbc32aec5640063eea7f5;0f50a9a60a;-;-;Sun Mar 22 13:28:49 2020 +0900;1584851329;-;-;Wed Mar 25 08:18:03 2020 +0000;1585124283
c24fa22a1b84d21488380391db86fb05b2923ad4;c24fa22a1b;-;-;Tue Mar 24 14:22:42 2020 +0100;1585056162;-;-;Tue Mar 24 14:22:42 2020 +0100;1585056162
4be358e47ffefee5f323fdefb15dda9d5fc49b94;4be358e47f;-;-;Tue Mar 24 14:07:56 2020 +0100;1585055276;-;-;Tue Mar 24 14:07:56 2020 +0100;1585055276
d26b84acd622e6e3ce3b9b5ccb64f2c11cb6846d;d26b84acd6;-;-;Tue Mar 24 11:33:18 2020 +0000;1585049598;-;-;Tue Mar 24 11:33:18 2020 +0000;1585049598
d97eabba2fcb4c69d25befdcd4869ac87ebf9167;d97eabba2f;-;-;Tue Mar 24 10:50:10 2020 +0100;1585043410;-;-;Tue Mar 24 10:59:05 2020 +0100;1585043945
1cd0e720f769e3527c700de58424156dce69eb2b;1cd0e720f7;-;-;Tue Mar 24 10:23:31 2020 +0100;1585041811;-;-;Tue Mar 24 10:31:57 2020 +0100;1585042317
60dca027e73d38f1b4c647076ff16d8a75d9ce67;60dca027e7;-;-;Tue Mar 24 09:59:34 2020 +0100;1585040374;-;-;Tue Mar 24 10:08:37 2020 +0100;1585040917
2209e7cb9201d2fa3fe265d98b4dd5dd2db462fc;2209e7cb92;-;-;Tue Mar 24 00:08:43 2020 +0100;1585004923;-;-;Tue Mar 24 00:08:43 2020 +0100;1585004923
fdc60311ed7a364e07018fd61893883f837ca4d8;fdc60311ed;-;-;Tue Mar 24 00:07:40 2020 +0100;1585004860;-;-;Tue Mar 24 00:07:40 2020 +0100;1585004860
1c6dda3ca4dc28beee98a4337985f9e4a12a8157;1c6dda3ca4;-;-;Tue Mar 10 20:51:29 2020 +0100;1583869889;-;-;Mon Mar 23 23:25:15 2020 +0100;1585002315
ac0363c94e09edfa01a617f6629ce8be263ee0ef;ac0363c94e;-;-;Mon Mar 23 20:43:38 2020 +0100;1584992618;-;-;Mon Mar 23 20:43:38 2020 +0100;1584992618
a90716522ca88bdc94dd86524039f1a54ff167fe;a90716522c;-;-;Mon Mar 23 20:05:58 2020 +0100;1584990358;-;-;Mon Mar 23 20:05:58 2020 +0100;1584990358
b2fa574879ae0be736cf348bb5c638274c960eb2;b2fa574879;-;-;Mon Mar 23 17:36:39 2020 +0000;1584984999;-;-;Mon Mar 23 17:36:39 2020 +0000;1584984999
910d2788e9aee8ce1c2cbb23817b56c6a74521e5;910d2788e9;-;-;Mon Mar 23 18:02:55 2020 +0100;1584982975;-;-;Mon Mar 23 18:02:55 2020 +0100;1584982975
2e23cf32cef1d10dff2633e60d44b57f1e689e7c;2e23cf32ce;-;-;Mon Mar 23 18:02:05 2020 +0100;1584982925;-;-;Mon Mar 23 18:02:05 2020 +0100;1584982925
bb1699a9d396583a528b9d4999c381eb4277043e;bb1699a9d3;-;-;Mon Mar 23 18:01:30 2020 +0100;1584982890;-;-;Mon Mar 23 18:01:30 2020 +0100;1584982890
10d47d4d2126a60fbbfa2d0688d483a3eab66f68;10d47d4d21;-;-;Mon Mar 23 18:00:59 2020 +0100;1584982859;-;-;Mon Mar 23 18:00:59 2020 +0100;1584982859
1800b10717bcac41a9eb9521824390d1f4476960;1800b10717;-;-;Mon Mar 23 17:57:44 2020 +0100;1584982664;-;-;Mon Mar 23 17:57:44 2020 +0100;1584982664
7ebd850b85e608ffedfaa3a34aa2180238b83245;7ebd850b85;-;-;Mon Mar 23 17:56:28 2020 +0100;1584982588;-;-;Mon Mar 23 17:56:28 2020 +0100;1584982588
fd1ca46ca16d7bbd07e45cdea34b7834f9d67b14;fd1ca46ca1;-;-;Mon Mar 23 17:56:14 2020 +0100;1584982574;-;-;Mon Mar 23 17:56:14 2020 +0100;1584982574
b7b36891fbc3b9dcac54fd2f7ca758a7ba37aa30;b7b36891fb;-;-;Mon Mar 23 17:41:11 2020 +0100;1584981671;-;-;Mon Mar 23 17:41:55 2020 +0100;1584981715
cf7daa36c8466d2e1f188a866be4fcb7d6b2d886;cf7daa36c8;-;-;Tue Mar 17 14:10:30 2020 -0700;1584479430;-;-;Mon Mar 23 17:10:18 2020 +0100;1584979818
821a8eebdda514e1c6e4602509a8dc1e69d1849c;821a8eebdd;-;-;Sat Mar 21 18:19:44 2020 +0800;1584785984;-;-;Mon Mar 23 15:42:45 2020 +0100;1584974565
0463d7fcb975bb8890016190ad100a47b41c3610;0463d7fcb9;-;-;Sat Mar 21 17:19:04 2020 +0800;1584782344;-;-;Mon Mar 23 15:42:23 2020 +0100;1584974543
0e5f27c94e5fa33a294d342dbc9ed61e6c032468;0e5f27c94e;-;-;Fri Mar 20 22:59:47 2020 +0800;1584716387;-;-;Mon Mar 23 15:42:02 2020 +0100;1584974522
e11373fe690f603fc1df55574d9a9a652239a5ee;e11373fe69;-;-;Mon Mar 23 12:21:33 2020 +0000;1584966093;-;-;Mon Mar 23 12:22:43 2020 +0000;1584966163
623a019ef804dc1d6f2bba5d4dcd95b85b9ac023;623a019ef8;-;-;Mon Mar 23 12:58:39 2020 +0100;1584964719;-;-;Mon Mar 23 13:01:06 2020 +0100;1584964866
b069efade4bda496104f601a1aa0eafc6372a953;b069efade4;-;-;Mon Mar 23 11:34:25 2020 +0100;1584959665;-;-;Mon Mar 23 11:34:25 2020 +0100;1584959665
107f88a7e442f7cfd99ae4c4b0d8ce1eb67ece2e;107f88a7e4;-;-;Tue Mar 17 17:15:13 2020 +0100;1584461713;-;-;Mon Mar 23 10:47:28 2020 +0100;1584956848
831a95154e35018b48a8a1dd4a434ca65a78c5e4;831a95154e;-;-;Sun Mar 22 21:38:53 2020 +0100;1584909533;-;-;Sun Mar 22 21:49:07 2020 +0100;1584910147
713a112812fd9ca1e6b64f3f8105374743d677bc;713a112812;-;-;Mon Feb 3 18:29:10 2020 +0900;1580722150;-;-;Sun Mar 22 21:48:55 2020 +0100;1584910135
7e7e54b75e646543ed87806ca57ae5fb4652f745;7e7e54b75e;-;-;Sun Mar 22 20:56:57 2020 +0100;1584907017;-;-;Sun Mar 22 20:56:57 2020 +0100;1584907017
5be0db9259ad3a839ece1164e75144cadf6c0a2b;5be0db9259;-;-;Sun Mar 22 20:32:45 2020 +0100;1584905565;-;-;Sun Mar 22 20:32:45 2020 +0100;1584905565
b52136dfa5fcda00a6a5073470c6751ce96e1953;b52136dfa5;-;-;Sun Mar 22 20:28:59 2020 +0100;1584905339;-;-;Sun Mar 22 20:28:59 2020 +0100;1584905339
1f72ab4816bc2b09244616f628f9f1137855a05e;1f72ab4816;-;-;Fri Mar 20 21:50:52 2020 +0000;1584741052;-;-;Fri Mar 20 21:50:52 2020 +0000;1584741052
45a629e20a4f184769808d2958b6ca17f9333334;45a629e20a;-;-;Fri Mar 20 21:14:10 2020 +0800;1584710050;-;-;Fri Mar 20 21:25:29 2020 +0000;1584739529
9685380334ffd40623feed4d1e89b9eff03f5dce;9685380334;-;-;Fri Mar 20 21:14:56 2020 +0000;1584738896;-;-;Fri Mar 20 21:14:56 2020 +0000;1584738896
09b36380cd42da53f8a6da2e49969b1c6619d109;09b36380cd;-;-;Sat Mar 21 03:06:52 2020 +0800;1584731212;-;-;Fri Mar 20 20:06:52 2020 +0100;1584731212
331b14bb0b3f76e9554c739969ffa531563cce74;331b14bb0b;-;-;Fri Mar 20 19:43:00 2020 +0100;1584729780;-;-;Fri Mar 20 19:43:00 2020 +0100;1584729780
90268de9c0548a14893aa1c386f4de6e957e0948;90268de9c0;-;-;Fri Mar 20 19:13:20 2020 +0100;1584728000;-;-;Fri Mar 20 19:13:29 2020 +0100;1584728009
2ca93cbe1c761dac8c61290513571f6c403a233c;2ca93cbe1c;-;-;Fri Mar 20 18:02:10 2020 +0000;1584727330;-;-;Fri Mar 20 18:02:18 2020 +0000;1584727338
116a256e817624db819c256ab086db6c1bb4a21c;116a256e81;-;-;Fri Mar 20 15:03:01 2020 +0100;1584712981;-;-;Fri Mar 20 15:03:01 2020 +0100;1584712981
2c5781473c25a80d48a4d7517b0e1b95636c5777;2c5781473c;-;-;Fri Mar 20 22:00:17 2020 +0800;1584712817;-;-;Fri Mar 20 15:00:17 2020 +0100;1584712817
7efb62091d1670e6937493e11328ef33003e802b;7efb62091d;-;-;Fri Mar 20 10:03:56 2020 +0000;1584698636;-;-;Fri Mar 20 10:03:56 2020 +0000;1584698636
0d42a1bd7fdd44b000873edd6cbbb35697fddc4a;0d42a1bd7f;-;-;Thu Mar 19 14:32:56 2020 +0000;1584628376;-;-;Thu Mar 19 14:32:56 2020 +0000;1584628376
a7fe6b8f5c74dd6ea0e531b3ba1e90a455ee15dd;a7fe6b8f5c;-;-;Thu Mar 19 12:18:29 2020 +0000;1584620309;-;-;Thu Mar 19 12:18:29 2020 +0000;1584620309
b121c0e2eac898d9762523af01895ca18219126d;b121c0e2ea;-;-;Thu Mar 19 12:17:24 2020 +0000;1584620244;-;-;Thu Mar 19 12:17:24 2020 +0000;1584620244
5b27df772aa8328ecc6db7a7f89aab98e3bd80e4;5b27df772a;-;-;Thu Mar 19 07:20:21 2020 +0000;1584602421;-;-;Thu Mar 19 07:21:21 2020 +0000;1584602481
c2149e38fc62ed890a08d1998d23890ff076a4a7;c2149e38fc;-;-;Wed Mar 18 18:38:43 2020 +0100;1584553123;-;-;Wed Mar 18 18:38:43 2020 +0100;1584553123
e7329271fad7125995e37ab878d68d0be55cc47d;e7329271fa;-;-;Wed Mar 18 17:20:03 2020 +0000;1584552003;-;-;Wed Mar 18 17:20:03 2020 +0000;1584552003
7b94112ec66aa0e896a0a8573a2539900e94d054;7b94112ec6;-;-;Wed Mar 18 17:10:16 2020 +0100;1584547816;-;-;Wed Mar 18 17:10:16 2020 +0100;1584547816
e6814f6609db0ea59e4a6c7db82126d46a3b4a25;e6814f6609;-;-;Wed Mar 18 17:04:28 2020 +0100;1584547468;-;-;Wed Mar 18 17:04:28 2020 +0100;1584547468
678b6edad24f3c45d16e6d18f5b423a86ae007c2;678b6edad2;-;-;Wed Mar 18 17:01:33 2020 +0100;1584547293;-;-;Wed Mar 18 17:01:33 2020 +0100;1584547293
4bd0ad5d2e99f30d9843ff7144eded2bc3bf632f;4bd0ad5d2e;-;-;Wed Mar 18 17:01:01 2020 +0100;1584547261;-;-;Wed Mar 18 17:01:01 2020 +0100;1584547261
eaabe21c7bab76b30286abddef82299c81008597;eaabe21c7b;-;-;Thu Mar 19 00:13:56 2020 +0900;1584544436;-;-;Wed Mar 18 16:13:56 2020 +0100;1584544436
edb5e73d48a4f8bce8b675b9c94fd73f8cadae2c;edb5e73d48;-;-;Wed Mar 18 15:34:27 2020 +0100;1584542067;-;-;Wed Mar 18 15:34:27 2020 +0100;1584542067
d4b2860cc917451e87a6fc77a86beb4950b87bc4;d4b2860cc9;-;-;Wed Mar 18 12:32:23 2020 +0100;1584531143;-;-;Wed Mar 18 12:32:23 2020 +0100;1584531143
14f5032e972b1031a18b010e69644bf035fa9956;14f5032e97;-;-;Tue Mar 17 19:22:26 2020 +0100;1584469346;-;-;Tue Mar 17 19:22:26 2020 +0100;1584469346
17140c8d4b6f9bdd50b96c67fbcbd31dda74d113;17140c8d4b;-;-;Tue Mar 17 16:11:21 2020 +0100;1584457881;-;-;Tue Mar 17 17:15:12 2020 +0100;1584461712
2fb13d410d3938a8c4e875247e5e50eee1406f4b;2fb13d410d;-;-;Tue Feb 25 18:28:21 2020 -0500;1582673301;-;-;Tue Mar 17 17:06:57 2020 +0100;1584461217
5e1e689739a9d99edcca0166267c5cae3a14507c;5e1e689739;-;-;Tue Mar 17 15:05:36 2020 +0100;1584453936;-;-;Tue Mar 17 15:06:10 2020 +0100;1584453970
7dea2686b81509f7d42901da5f0d68ae2e69bee9;7dea2686b8;-;-;Tue Mar 17 14:53:15 2020 +0100;1584453195;-;-;Tue Mar 17 15:06:10 2020 +0100;1584453970
9b827283f1502c7bf7d517597cad47ce26944625;9b827283f1;-;-;Sun Jan 19 16:48:52 2020 -0800;1579481332;-;-;Tue Mar 17 15:06:03 2020 +0100;1584453963
a8feb792da01128223c44c4b945c4d94f0eec241;a8feb792da;-;-;Mon Mar 16 15:56:10 2020 +0100;1584370570;-;-;Mon Mar 16 16:30:27 2020 +0100;1584372627
e500456f1cc5bffef9bec3782001ed1fec78679d;e500456f1c;-;-;Mon Mar 16 15:43:57 2020 +0100;1584369837;-;-;Mon Mar 16 15:43:57 2020 +0100;1584369837
35d0b3dba9f1b76862dd8dfb50a6d2fbd367880b;35d0b3dba9;-;-;Mon Mar 16 15:43:04 2020 +0100;1584369784;-;-;Mon Mar 16 15:43:04 2020 +0100;1584369784
5f2e298c08255bbda2b36ad0351146748d847bc6;5f2e298c08;-;-;Mon Mar 16 22:25:05 2020 +0800;1584368705;-;-;Mon Mar 16 15:25:05 2020 +0100;1584368705
193a76fe2a8bc3c64fe66528ce863d21e14884a2;193a76fe2a;-;-;Mon Mar 16 19:38:43 2020 +0800;1584358723;-;-;Mon Mar 16 12:38:43 2020 +0100;1584358723
70581d1ea2d9e637f35af10f1c25f79d4e84ed21;70581d1ea2;-;-;Sun Mar 15 19:06:16 2020 +0800;1584270376;-;-;Sun Mar 15 12:06:16 2020 +0100;1584270376
d85a6c0bea2b1f2a33809475df0674479ea7f424;d85a6c0bea;-;-;Sun Mar 15 18:48:29 2020 +0800;1584269309;-;-;Sun Mar 15 11:48:29 2020 +0100;1584269309
7411b2e025854ff9cdb9b1d14b64afad95986ae7;7411b2e025;-;-;Sat Mar 14 10:06:46 2020 +0100;1584176806;-;-;Sat Mar 14 10:06:46 2020 +0100;1584176806
d91fc8c672614c6394f3ebc2e86c05c5f32607f8;d91fc8c672;-;-;Sat Mar 14 00:01:13 2020 +0100;1584140473;-;-;Sat Mar 14 00:01:13 2020 +0100;1584140473
6599383dac8252b85d62b8a0febf84a878ba7db8;6599383dac;-;-;Fri Mar 13 23:15:07 2020 +0100;1584137707;-;-;Fri Mar 13 23:15:07 2020 +0100;1584137707
33642345a4bebadb6226a8497037e9b8c13af0e1;33642345a4;-;-;Fri Mar 13 23:14:38 2020 +0100;1584137678;-;-;Fri Mar 13 23:14:38 2020 +0100;1584137678
7c4f0318bb32938105335099956eccd2807ce4fb;7c4f0318bb;-;-;Fri Mar 13 16:08:34 2020 +0100;1584112114;-;-;Fri Mar 13 16:09:41 2020 +0100;1584112181
54e2df2e0e0ea9b727b9bf222a1852568433629e;54e2df2e0e;-;-;Fri Mar 13 16:02:42 2020 +0100;1584111762;-;-;Fri Mar 13 16:09:41 2020 +0100;1584112181
f4ce22f6baa766ac424fec60e0fd2a6c00ddc0c2;f4ce22f6ba;-;-;Fri Mar 13 14:58:48 2020 +0000;1584111528;-;-;Fri Mar 13 14:58:48 2020 +0000;1584111528
7b7dfcaaed1ff9135cdb3f6f22dd67f089b89213;7b7dfcaaed;-;-;Fri Mar 13 14:58:01 2020 +0000;1584111481;-;-;Fri Mar 13 14:58:01 2020 +0000;1584111481
c11dd4a83910a7bab774eac7a886027edd52d330;c11dd4a839;-;-;Fri Mar 13 15:21:53 2020 +0100;1584109313;-;-;Fri Mar 13 15:21:53 2020 +0100;1584109313
c5b8406def18c1b0f5791e5892643fd0b1937a04;c5b8406def;-;-;Mon Mar 2 19:08:33 2020 +0800;1583147313;-;-;Fri Mar 13 12:35:04 2020 +0000;1584102904
6013591fac1444df88bb75542367633373603a45;6013591fac;-;-;Thu Mar 5 10:44:36 2020 +0800;1583376276;-;-;Fri Mar 13 12:32:43 2020 +0000;1584102763
c8c1e61c0ab1d164b182dc9b6abe1f6f91070d8b;c8c1e61c0a;-;-;Fri Mar 13 17:01:58 2020 +0800;1584090118;-;-;Fri Mar 13 10:01:58 2020 +0100;1584090118
201827cb0ba3a853e34b824845ddfe0b7f41d0c7;201827cb0b;-;-;Fri Mar 13 16:47:57 2020 +0800;1584089277;-;-;Fri Mar 13 09:47:57 2020 +0100;1584089277
a599859595eccb20529dc7553d4be3bd87845450;a599859595;-;-;Thu Mar 12 12:21:19 2020 +0000;1584015679;-;-;Thu Mar 12 12:21:19 2020 +0000;1584015679
4aedf2ea13037bfdf982c45f93088a6fd7780f27;4aedf2ea13;-;-;Tue Mar 10 13:59:19 2020 +0000;1583848759;-;-;Thu Mar 12 11:35:08 2020 +0000;1584012908
0dc1c7eb8b4ca17996567406f3e16267ff544a6d;0dc1c7eb8b;-;-;Wed Mar 11 12:05:07 2020 +0100;1583924707;-;-;Wed Mar 11 16:45:00 2020 +0100;1583941500
73e39726cd1c17563e29d97a5ebe69f6491890d0;73e39726cd;-;-;Wed Mar 11 14:56:41 2020 +0100;1583935001;-;-;Wed Mar 11 14:56:41 2020 +0100;1583935001
bcee6b9da413c3ea02de9358d0272be7fb810fb2;bcee6b9da4;-;-;Wed Mar 11 14:55:39 2020 +0100;1583934939;-;-;Wed Mar 11 14:55:39 2020 +0100;1583934939
7f26e8cfc6798187ec463d0ee9d9cdd26d9605be;7f26e8cfc6;-;-;Wed Mar 11 14:55:08 2020 +0100;1583934908;-;-;Wed Mar 11 14:55:08 2020 +0100;1583934908
bee63e38c176bce9acaf4774d2fd47289946f7b8;bee63e38c1;-;-;Wed Mar 11 14:54:16 2020 +0100;1583934856;-;-;Wed Mar 11 14:54:16 2020 +0100;1583934856
193f419520854a18f898d87b4992aa3d29015b59;193f419520;-;-;Wed Mar 11 14:52:03 2020 +0100;1583934723;-;-;Wed Mar 11 14:52:03 2020 +0100;1583934723
6df80a8f702e9555069ef4e7cb74fa036ac418e8;6df80a8f70;-;-;Wed Mar 11 14:51:36 2020 +0100;1583934696;-;-;Wed Mar 11 14:51:36 2020 +0100;1583934696
988aae4f2e41ee4d23e827c09095cde1fc07d201;988aae4f2e;-;-;Wed Mar 11 20:51:13 2020 +0800;1583931073;-;-;Wed Mar 11 13:51:13 2020 +0100;1583931073
61569003b5db89da7f841a98489a012fdee50012;61569003b5;-;-;Tue Mar 10 17:10:24 2020 +0100;1583856624;-;-;Tue Mar 10 17:22:26 2020 +0100;1583857346
1fd447f395781db9a53ba14207dc07af33de6412;1fd447f395;-;-;Tue Mar 10 18:16:08 2020 +0200;1583856968;-;-;Tue Mar 10 17:16:08 2020 +0100;1583856968
3cbea86335cf013fb48495fc05e56265d7ac8b1f;3cbea86335;-;-;Tue Mar 10 15:41:53 2020 +0100;1583851313;-;-;Tue Mar 10 15:45:11 2020 +0100;1583851511
c03cdbac2124a6b6fe397d99b6ebfb7901859f70;c03cdbac21;-;-;Tue Mar 10 15:32:00 2020 +0100;1583850720;-;-;Tue Mar 10 15:45:11 2020 +0100;1583851511
fc128910063e69fc1c6cecfd3c3ff6c7f6d2b69f;fc12891006;-;-;Tue Mar 10 12:06:11 2020 +0100;1583838371;-;-;Tue Mar 10 15:45:11 2020 +0100;1583851511
b92515bdee5a3f153183e2f86ee5e378c28b0d1e;b92515bdee;-;-;Tue Mar 10 21:41:20 2020 +0800;1583847680;-;-;Tue Mar 10 14:41:20 2020 +0100;1583847680
018ba92214470d1ad51169449aed592da7cf38b5;018ba92214;-;-;Mon Mar 2 23:15:51 2020 +0200;1583183751;-;-;Mon Mar 9 14:44:41 2020 +0000;1583765081
f5195887c94c5a75864f76038f86a90941a47381;f5195887c9;-;-;Sat Mar 7 21:40:46 2020 +0200;1583610046;-;-;Mon Mar 9 13:27:55 2020 +0000;1583760475
7ce22e2f3acbf3a603424791939276bad6e8e09b;7ce22e2f3a;-;-;Fri Mar 6 19:34:00 2020 +0800;1583494440;-;-;Fri Mar 6 12:34:00 2020 +0100;1583494440
2fb90cb16be8308285f13674b7e3e28e95ea9bcd;2fb90cb16b;-;-;Thu Mar 5 15:31:20 2020 +0100;1583418680;-;-;Thu Mar 5 15:32:31 2020 +0100;1583418751
c237338d8f4b0100c8432c48acc2cabc8305a651;c237338d8f;-;-;Wed Mar 4 19:28:05 2020 +0000;1583350085;-;-;Wed Mar 4 19:28:05 2020 +0000;1583350085
b2fe494b9c66684b4800c74786769abbb0d1f819;b2fe494b9c;-;-;Wed Mar 4 19:18:11 2020 +0000;1583349491;-;-;Wed Mar 4 19:18:11 2020 +0000;1583349491
e7df445e37aebc95002c9f1b244d64516f6c413e;e7df445e37;-;-;Wed Mar 4 19:16:10 2020 +0000;1583349370;-;-;Wed Mar 4 19:16:10 2020 +0000;1583349370
87230c4f1f95c07114cee5d303f1a6fe3acb0c43;87230c4f1f;-;-;Tue Mar 3 15:39:03 2020 +0000;1583249943;-;-;Tue Mar 3 15:40:32 2020 +0000;1583250032
2afae430eba0f2e3c0cae50d727b3d79bf0cf02a;2afae430eb;-;-;Tue Mar 3 15:37:31 2020 +0000;1583249851;-;-;Tue Mar 3 15:38:00 2020 +0000;1583249880
e706fcba1f2d0eefc17e349f472f7c6e3be5ca8d;e706fcba1f;-;-;Tue Mar 3 00:25:28 2020 +0900;1583162728;-;-;Mon Mar 2 16:25:28 2020 +0100;1583162728
8285666ee883fa7ffd24e25bc73885f61329d674;8285666ee8;-;-;Mon Mar 2 21:48:19 2020 +0900;1583153299;-;-;Mon Mar 2 13:48:19 2020 +0100;1583153299
60fd95a354281dc8fb5d339db6ccece3ceb900d6;60fd95a354;-;-;Mon Mar 2 14:42:09 2020 +0200;1583152929;-;-;Mon Mar 2 13:42:09 2020 +0100;1583152929
7f5395a21685a490755850e4b767ed534c4abbfe;7f5395a216;-;-;Mon Mar 2 20:36:47 2020 +0800;1583152607;-;-;Mon Mar 2 13:36:47 2020 +0100;1583152607
8a7bb494362e7a081e18e40726591656551f9922;8a7bb49436;-;-;Sat Feb 29 00:24:54 2020 +0800;1582907094;-;-;Fri Feb 28 17:07:58 2020 +0000;1582909678
5f1e4ffc4f986469c9f665e681bb34e8a7dd09e8;5f1e4ffc4f;-;-;Fri Feb 28 15:55:41 2020 +0000;1582905341;-;-;Fri Feb 28 15:55:53 2020 +0000;1582905353
89560777e4cea7a6e92f2ce49ac8d735a018fc49;89560777e4;-;-;Fri Feb 28 13:56:49 2020 +0100;1582894609;-;-;Fri Feb 28 13:56:49 2020 +0100;1582894609
b30f9a13083aa1a95c92dd4d7916eeb7474c9a1c;b30f9a1308;-;-;Wed Feb 26 17:50:11 2020 +0100;1582735811;-;-;Wed Feb 26 18:33:25 2020 +0000;1582742005
d4de3396f732773237dc1560f415c6631bf82ed9;d4de3396f7;-;-;Wed Feb 26 19:05:30 2020 +0200;1582736730;-;-;Wed Feb 26 18:28:52 2020 +0000;1582741732
5c2d65b8efcd5c55be59481df97d6cc4a63a14a6;5c2d65b8ef;-;-;Wed Feb 26 22:34:25 2020 +0900;1582724065;-;-;Wed Feb 26 14:34:25 2020 +0100;1582724065
787b09b202f0eb507d5e5c687bde5282c5a6bb22;787b09b202;-;-;Wed Feb 26 14:18:56 2020 +0100;1582723136;-;-;Wed Feb 26 14:18:56 2020 +0100;1582723136
c3bc28762e20485f9805ba4a1656ee15ca6c84aa;c3bc28762e;-;-;Wed Feb 26 14:09:01 2020 +0100;1582722541;-;-;Wed Feb 26 14:09:01 2020 +0100;1582722541
c5fb7b9fb70d0a711a963b2a160c3af5cc4be3a7;c5fb7b9fb7;-;-;Wed Feb 26 19:29:09 2020 +0800;1582716549;-;-;Wed Feb 26 12:29:09 2020 +0100;1582716549
0ad942f33720f08210a85ad6380051d2f5dfdc1e;0ad942f337;-;-;Tue Feb 25 16:42:55 2020 +0000;1582648975;-;-;Tue Feb 25 16:42:55 2020 +0000;1582648975
d72c90cd7af65fe1b34612bf1fb53d5f6597fad9;d72c90cd7a;-;-;Tue Feb 25 15:21:28 2020 +0100;1582640488;-;-;Tue Feb 25 15:21:28 2020 +0100;1582640488
6db20eb77346c6420eef48883e89cfeb6eb1d13a;6db20eb773;-;-;Tue Feb 25 14:55:53 2020 +0100;1582638953;-;-;Tue Feb 25 14:55:53 2020 +0100;1582638953
2f12351292564fb2090707ee117620e2a51be640;2f12351292;-;-;Tue Feb 25 10:07:15 2020 +0000;1582625235;-;-;Tue Feb 25 10:07:29 2020 +0000;1582625249
b6f502db4e262a42ceb9076e16d455afd3ac3dbf;b6f502db4e;-;-;Mon Feb 24 20:43:27 2020 +0000;1582577007;-;-;Tue Feb 25 10:07:29 2020 +0000;1582625249
8cf70fe5093ce31e2c539d0d0d711bb1f9fb310a;8cf70fe509;-;-;Tue Feb 25 18:01:19 2020 +0800;1582624879;-;-;Tue Feb 25 11:01:19 2020 +0100;1582624879
7e402ba4fe4dd91eac97786cb2598cd7097f9782;7e402ba4fe;-;-;Mon Feb 24 19:04:54 2020 +0000;1582571094;-;-;Mon Feb 24 19:05:09 2020 +0000;1582571109
c0fbf6fca152449c7380dc8ebeba8354616428f9;c0fbf6fca1;-;-;Mon Feb 24 19:50:12 2020 +0100;1582570212;-;-;Mon Feb 24 19:50:12 2020 +0100;1582570212
399b8464582e8ae89a2c59dc44bba0c6c223e742;399b846458;-;-;Mon Feb 24 19:08:33 2020 +0100;1582567713;-;-;Mon Feb 24 19:08:33 2020 +0100;1582567713
0e95282153a1afe6707c59f9dfc0a3cb77c9a1a6;0e95282153;-;-;Mon Feb 24 19:08:23 2020 +0100;1582567703;-;-;Mon Feb 24 19:08:23 2020 +0100;1582567703
2afe5802c0debc1c60e49b3379c55148a78ab2c2;2afe5802c0;-;-;Mon Feb 24 19:08:13 2020 +0100;1582567693;-;-;Mon Feb 24 19:08:13 2020 +0100;1582567693
2ae91404d1424bfc16b2dca62e4c6f8f3e9174f6;2ae91404d1;-;-;Mon Feb 24 17:00:06 2020 +0000;1582563606;-;-;Mon Feb 24 17:19:32 2020 +0000;1582564772
f048f27d80e1042ba6c4ba9336f99e0b73fc7c9c;f048f27d80;-;-;Mon Feb 24 18:15:17 2020 +0100;1582564517;-;-;Mon Feb 24 18:15:59 2020 +0100;1582564559
f1680e5cee40b7694a4fdcc805e309097a0776fc;f1680e5cee;-;-;Mon Feb 24 18:12:54 2020 +0100;1582564374;-;-;Mon Feb 24 18:15:59 2020 +0100;1582564559
96de4b3cee37615849e1ff2584ca7a08945f7ee6;96de4b3cee;-;-;Mon Feb 24 17:08:00 2020 +0000;1582564080;-;-;Mon Feb 24 17:08:00 2020 +0000;1582564080
7778508e69f5bb09e58779fd4cdb347bdebe13bb;7778508e69;-;-;Mon Feb 24 15:37:42 2020 +0100;1582555062;-;-;Mon Feb 24 15:37:42 2020 +0100;1582555062
1de2e0a4a7fe8c306d9cc8d4bdac8c18ba27d4e3;1de2e0a4a7;-;-;Mon Feb 24 22:00:11 2020 +0800;1582552811;-;-;Mon Feb 24 15:00:11 2020 +0100;1582552811
ede2a1d4b26ada78250389c0dda908212713dbad;ede2a1d4b2;-;-;Mon Feb 24 11:42:45 2020 +0900;1582512165;-;-;Mon Feb 24 14:56:12 2020 +0100;1582552572
d1a6e494750a3ec39a79f047601c279de96ff99f;d1a6e49475;-;-;Sun Feb 23 18:33:56 2020 +0100;1582479236;-;-;Sun Feb 23 18:33:56 2020 +0100;1582479236
809ed9d46989c47c5ca58e17de4397de8a5a32f8;809ed9d469;-;-;Sun Feb 23 18:21:53 2020 +0100;1582478513;-;-;Sun Feb 23 18:21:53 2020 +0100;1582478513
f78c21e40b99707827e815efd06de7f92cfc5f70;f78c21e40b;-;-;Sun Feb 23 01:32:02 2020 +0800;1582392722;-;-;Sat Feb 22 18:32:02 2020 +0100;1582392722
8219d06ae12ad4b0ffd6648b81220dfc36a3c9b3;8219d06ae1;-;-;Thu Feb 20 17:59:29 2020 +0000;1582221569;-;-;Thu Feb 20 17:59:29 2020 +0000;1582221569
97ba00eff263a63d302bb72b83f444275ddc4e9c;97ba00eff2;-;-;Thu Feb 20 17:28:15 2020 +0000;1582219695;-;-;Thu Feb 20 17:28:30 2020 +0000;1582219710
96e77d417bb7311e860a5c2cd9cb1e55506c6d06;96e77d417b;-;-;Thu Feb 20 16:28:22 2020 +0000;1582216102;-;-;Thu Feb 20 16:28:22 2020 +0000;1582216102
ca6241a09312327863a3ee6e254a2627419bcbd7;ca6241a093;-;-;Thu Feb 20 15:57:13 2020 +0000;1582214233;-;-;Thu Feb 20 15:57:13 2020 +0000;1582214233
a134e92e7f382dd78b0542aec07aa66519222c4f;a134e92e7f;-;-;Thu Feb 20 10:54:58 2020 +0000;1582196098;-;-;Thu Feb 20 15:07:40 2020 +0000;1582211260
4882eb278d3ed71a75f0183c790228847b5bc08b;4882eb278d;-;-;Mon Feb 17 15:08:34 2020 +0100;1581948514;-;-;Thu Feb 20 11:14:53 2020 +0100;1582193693
7528b9487d15fcdb4fbf86714bee32a99a0bed23;7528b9487d;-;-;Thu Feb 20 01:28:22 2020 +0900;1582129702;-;-;Wed Feb 19 17:28:22 2020 +0100;1582129702
e029dbf607468b65bc0811cc198fb771012d6da9;e029dbf607;-;-;Wed Feb 19 11:46:03 2020 +0100;1582109163;-;-;Wed Feb 19 11:46:03 2020 +0100;1582109163
8ff1ac59e0bb49a40c07cf785c6505e55ff41386;8ff1ac59e0;-;-;Wed Feb 19 11:08:10 2020 +0100;1582106890;-;-;Wed Feb 19 11:29:51 2020 +0100;1582108191
acae174f8f0a9013b10b10a65e63c0caf2a28337;acae174f8f;-;-;Wed Feb 19 18:04:25 2020 +0800;1582106665;-;-;Wed Feb 19 11:04:25 2020 +0100;1582106665
2ad4602ca09797cd7de096d825415571742243df;2ad4602ca0;-;-;Wed Feb 19 11:51:16 2020 +0200;1582105876;-;-;Wed Feb 19 10:51:16 2020 +0100;1582105876
68b980f8498a7a07004ed05547400f4997252bad;68b980f849;-;-;Tue Feb 18 21:50:38 2020 +0000;1582062638;-;-;Tue Feb 18 21:50:38 2020 +0000;1582062638
87f866b68871049fe2706a5b916214244e969a65;87f866b688;-;-;Tue Feb 18 13:51:59 2020 +0000;1582033919;-;-;Tue Feb 18 19:56:25 2020 +0000;1582055785
37ba57a92192de623cf2c699abd56e3be24b9dc6;37ba57a921;-;-;Tue Feb 18 20:24:10 2020 +0900;1582025050;-;-;Tue Feb 18 12:24:10 2020 +0100;1582025050
fb6ee012815345285fafe081009fe2fb9f4a6589;fb6ee01281;-;-;Fri Feb 14 17:19:17 2020 +0000;1581700757;-;-;Tue Feb 18 09:44:04 2020 +0000;1582019044
df1145b797d1cdb4eb44343ad2cb9a2c26b9b499;df1145b797;-;-;Wed Feb 12 17:33:44 2020 +0000;1581528824;-;-;Tue Feb 18 09:44:04 2020 +0000;1582019044
9036cc689912b9a3dea8707fc5de5eb78ef4344b;9036cc6899;-;-;Mon Feb 17 20:54:58 2020 +0100;1581969298;-;-;Mon Feb 17 20:54:58 2020 +0100;1581969298
6add7b4dec627f8d4b476ed3410da25abbc6860e;6add7b4dec;-;-;Tue Feb 18 00:33:39 2020 +0800;1581957219;-;-;Mon Feb 17 17:33:39 2020 +0100;1581957219
9e7ab4d308a5fee37c4a5addf346483034efbdd8;9e7ab4d308;-;-;Mon Feb 17 16:25:17 2020 +0200;1581949517;-;-;Mon Feb 17 15:25:17 2020 +0100;1581949517
13f23dc32ba0f17cc6d26e068c09e0b2578c6ffc;13f23dc32b;-;-;Thu Feb 13 21:34:37 2020 +0100;1581626077;-;-;Thu Feb 13 21:42:31 2020 +0100;1581626551
4cbc61abfc38c5c7421603ceb8241a2c2b3d3cd8;4cbc61abfc;-;-;Thu Feb 13 16:14:49 2020 +0100;1581606889;-;-;Thu Feb 13 16:14:49 2020 +0100;1581606889
05301d24c12951d9e255bb4c0e8ebb8a6149426d;05301d24c1;-;-;Thu Feb 13 15:44:58 2020 +0100;1581605098;-;-;Thu Feb 13 15:44:58 2020 +0100;1581605098
d481b81b7e784399e4918bd9bca11866855d0931;d481b81b7e;-;-;Wed Feb 12 23:08:42 2020 +0100;1581545322;-;-;Wed Feb 12 23:08:42 2020 +0100;1581545322
a4179b479599c62a89b5e67dbfa0d28ad61c638b;a4179b4795;-;-;Wed Feb 12 18:32:32 2020 +0100;1581528752;-;-;Wed Feb 12 18:32:32 2020 +0100;1581528752
d0d8c6e749b6fa52ae41902b831d75e2afc4bc94;d0d8c6e749;-;-;Wed Feb 12 17:14:33 2020 +0000;1581527673;-;-;Wed Feb 12 18:14:33 2020 +0100;1581527673
9f6572a09572f3166737ee7f44f6fa6787090e17;9f6572a095;-;-;Wed Feb 12 16:49:19 2020 +0100;1581522559;-;-;Wed Feb 12 16:49:19 2020 +0100;1581522559
d1c7083e77cb0b6218153cd46defc18b698ccd82;d1c7083e77;-;-;Wed Feb 12 16:49:02 2020 +0100;1581522542;-;-;Wed Feb 12 16:49:02 2020 +0100;1581522542
e0319b1f7906890e0b961f588996e56a6d9ddd15;e0319b1f79;-;-;Wed Feb 12 16:48:42 2020 +0100;1581522522;-;-;Wed Feb 12 16:48:42 2020 +0100;1581522522
b889700548681382911e06701b257549bb81e929;b889700548;-;-;Wed Feb 12 16:48:32 2020 +0100;1581522512;-;-;Wed Feb 12 16:48:32 2020 +0100;1581522512
a9d9b76d090e912c7cac646df235fddce4353d48;a9d9b76d09;-;-;Wed Feb 12 15:33:01 2020 +0100;1581517981;-;-;Wed Feb 12 15:33:01 2020 +0100;1581517981
de7bed2ab28d0804dcfa1879a75f65c96f7bd4f7;de7bed2ab2;-;-;Wed Feb 12 14:30:29 2020 +0100;1581514229;-;-;Wed Feb 12 14:30:29 2020 +0100;1581514229
9dbd411f81ca14bd1a490bc9086a757398329bee;9dbd411f81;-;-;Wed Feb 12 11:04:07 2020 +0100;1581501847;-;-;Wed Feb 12 11:04:07 2020 +0100;1581501847
5d4f1d9e094504bb7d705aa7f56a164d98fe13cc;5d4f1d9e09;-;-;Wed Feb 12 10:47:15 2020 +0100;1581500835;-;-;Wed Feb 12 10:49:36 2020 +0100;1581500976
974cacac31a2e2d7fa784e962b6a66e6e72dfff4;974cacac31;-;-;Sun Jan 19 16:55:46 2020 +0100;1579449346;-;-;Wed Feb 12 10:36:54 2020 +0100;1581500214
9277b470404ce1dce790fa82e684c9d8220940e7;9277b47040;-;-;Tue Feb 11 16:51:35 2020 +0000;1581439895;-;-;Tue Feb 11 16:51:35 2020 +0000;1581439895
d55210551612e7ded3a068818ebc76a1e151bab3;d552105516;-;-;Tue Feb 11 16:49:21 2020 +0000;1581439761;-;-;Tue Feb 11 16:49:21 2020 +0000;1581439761
e35d3b8bb55245b29b0b243079dee73b312d504d;e35d3b8bb5;-;-;Tue Feb 11 14:01:21 2020 +0000;1581429681;-;-;Tue Feb 11 14:02:50 2020 +0000;1581429770
0a974511bd4826136f0a6e8be3d326587314a229;0a974511bd;-;-;Tue Feb 11 13:42:47 2020 +0000;1581428567;-;-;Tue Feb 11 14:02:50 2020 +0000;1581429770
28a95e89f35600199ee1254dee9e8ed53f958bcc;28a95e89f3;-;-;Tue Feb 11 12:51:35 2020 +0000;1581425495;-;-;Tue Feb 11 12:52:04 2020 +0000;1581425524
7d1d9895351091a390cc54ea5fed24d8ec51611a;7d1d989535;-;-;Tue Feb 11 10:49:28 2020 +0000;1581418168;-;-;Tue Feb 11 10:49:28 2020 +0000;1581418168
e4a530efac8955151dedec67e1916b0321462699;e4a530efac;-;-;Tue Feb 11 10:39:35 2020 +0000;1581417575;-;-;Tue Feb 11 10:40:24 2020 +0000;1581417624
d521d37f14f03688a17b6657df30ff533f2d5f9f;d521d37f14;-;-;Mon Feb 10 18:10:41 2020 +0100;1581354641;-;-;Mon Feb 10 18:10:41 2020 +0100;1581354641
009dfbfafc35ffdcb308bb30f5c3fddb1cbd727b;009dfbfafc;-;-;Mon Feb 10 15:01:47 2020 +0000;1581346907;-;-;Mon Feb 10 15:01:47 2020 +0000;1581346907
df706f4c7cc2c577f44ddf02019dca98fccf5a72;df706f4c7c;-;-;Fri Feb 7 21:44:44 2020 +0000;1581111884;-;-;Fri Feb 7 21:44:44 2020 +0000;1581111884
a03a116f6bd4c6ffa03265eeb3bbd4d7e7a9749d;a03a116f6b;-;-;Fri Feb 7 14:13:15 2020 +0100;1581081195;-;-;Fri Feb 7 14:16:21 2020 +0100;1581081381
02e90a8645d34389d737718d72573947110e681a;02e90a8645;-;-;Fri Feb 7 11:16:02 2020 +0000;1581074162;-;-;Fri Feb 7 12:16:02 2020 +0100;1581074162
c640d28a8222c9e4a28b419df40e3b76af37ddaf;c640d28a82;-;-;Fri Feb 7 11:30:23 2020 +0100;1581071423;-;-;Fri Feb 7 11:30:23 2020 +0100;1581071423
51fa98a1b2a1e63ce3d0bbfe72db187b727437cb;51fa98a1b2;-;-;Fri Feb 7 11:04:03 2020 +0100;1581069843;-;-;Fri Feb 7 11:04:03 2020 +0100;1581069843
45555f77a6f41956763eb06844f82691bfe5f14e;45555f77a6;-;-;Thu Feb 6 10:01:13 2020 +0100;1580979673;-;-;Fri Feb 7 10:45:00 2020 +0100;1581068700
c6484258222c469b7f06f4c934d9d2ed980cbb37;c648425822;-;-;Fri Feb 7 10:23:07 2020 +0100;1581067387;-;-;Fri Feb 7 10:23:07 2020 +0100;1581067387
711fafc924e451b9b2eae63839280aff11f381cd;711fafc924;-;-;Thu Feb 6 15:41:33 2020 +0100;1581000093;-;-;Thu Feb 6 15:41:33 2020 +0100;1581000093
ce2c0e4c79ca399b24ac0b1338d13ca74bc13116;ce2c0e4c79;-;-;Thu Feb 6 15:32:51 2020 +0100;1580999571;-;-;Thu Feb 6 15:32:51 2020 +0100;1580999571
8f02e1088d7d12918f9fa594837aa32252e6c55c;8f02e1088d;-;-;Wed Feb 5 15:11:59 2020 +0100;1580911919;-;-;Thu Feb 6 15:24:19 2020 +0100;1580999059
b23049bd27cc9d8c015b2b4a984c4ea5411f556f;b23049bd27;-;-;Thu Feb 6 12:59:55 2020 +0100;1580990395;-;-;Thu Feb 6 12:59:55 2020 +0100;1580990395
669a689a50a1afd8f3cd97639753933822c8c79e;669a689a50;-;-;Thu Feb 6 12:44:05 2020 +0100;1580989445;-;-;Thu Feb 6 12:44:05 2020 +0100;1580989445
10d008e3dbd696f868fcaf23faccd2e0ff6be2ee;10d008e3db;-;-;Thu Feb 6 08:56:18 2020 +0100;1580975778;-;-;Thu Feb 6 08:56:18 2020 +0100;1580975778
ba5fc21ab40a842f637e83e33fcbf97a3985d0b9;ba5fc21ab4;-;-;Wed Feb 5 18:35:46 2020 +0000;1580927746;-;-;Wed Feb 5 20:49:07 2020 +0000;1580935747
9aea10179b4901d49daf2023c29e49e9762819b7;9aea10179b;-;-;Wed Feb 5 18:13:27 2020 +0000;1580926407;-;-;Wed Feb 5 20:49:07 2020 +0000;1580935747
65c8a10fb0651279a2cd08c14069a4183c92a8ba;65c8a10fb0;-;-;Wed Feb 5 18:21:03 2020 +0100;1580923263;-;-;Wed Feb 5 18:21:03 2020 +0100;1580923263
82adb094907c07a4a456908dc00f36ea9d2ab1b7;82adb09490;-;-;Wed Feb 5 18:20:27 2020 +0100;1580923227;-;-;Wed Feb 5 18:20:27 2020 +0100;1580923227
d93303c0089d311f2b014f45f1b345ca7ab9cb1f;d93303c008;-;-;Wed Feb 5 12:35:16 2020 +0100;1580902516;-;-;Wed Feb 5 12:35:16 2020 +0100;1580902516
c2367b3ad23a5c90920ca0d8f18bda6bbedbf855;c2367b3ad2;-;-;Tue Feb 4 14:48:13 2020 +0100;1580824093;-;-;Tue Feb 4 14:48:13 2020 +0100;1580824093
1acf5a742436d2e8460a880c11dd4946d2ca3555;1acf5a7424;-;-;Tue Feb 4 22:45:52 2020 +0900;1580823952;-;-;Tue Feb 4 14:45:52 2020 +0100;1580823952
7575616d268997b40758ccb57815d57afceb9ab5;7575616d26;-;-;Tue Feb 4 14:23:18 2020 +0100;1580822598;-;-;Tue Feb 4 14:23:18 2020 +0100;1580822598
b4cf88499c36c5120da9596e2785895a3d2a512d;b4cf88499c;-;-;Tue Feb 4 22:21:59 2020 +0900;1580822519;-;-;Tue Feb 4 14:21:59 2020 +0100;1580822519
5aa37ea07b31a6408e244f99d9440fba202f76ff;5aa37ea07b;-;-;Tue Feb 4 21:10:59 2020 +0800;1580821859;-;-;Tue Feb 4 14:10:59 2020 +0100;1580821859
2b6117c0c2e6ec841116b5a21f4b98bc8a08ad47;2b6117c0c2;-;-;Tue Feb 4 13:45:02 2020 +0100;1580820302;-;-;Tue Feb 4 13:45:02 2020 +0100;1580820302
72685b1d819d0fda74ebf17a489080059051baed;72685b1d81;-;-;Tue Feb 4 13:41:31 2020 +0100;1580820091;-;-;Tue Feb 4 13:41:31 2020 +0100;1580820091
d624dc084fb14e48102d8a3ca1f44ce9e7718287;d624dc084f;-;-;Tue Feb 4 21:36:24 2020 +0900;1580819784;-;-;Tue Feb 4 13:36:24 2020 +0100;1580819784
550f13e8ed678447a61872b4f9ff96d918003102;550f13e8ed;-;-;Tue Feb 4 20:59:57 2020 +0900;1580817597;-;-;Tue Feb 4 12:59:57 2020 +0100;1580817597
a36168c972c889cce5ee6df32343f6622a400cb3;a36168c972;-;-;Tue Feb 4 12:18:48 2020 +0200;1580811528;-;-;Tue Feb 4 11:18:48 2020 +0100;1580811528
d8cd46121a11b77ea29a31e75aec0aa58b1d9c66;d8cd46121a;-;-;Mon Feb 3 20:59:49 2020 +0000;1580763589;-;-;Mon Feb 3 20:59:49 2020 +0000;1580763589
adbc55e72a901463dc4ca7dc69726a32b406f161;adbc55e72a;-;-;Mon Feb 3 20:42:14 2020 +0000;1580762534;-;-;Mon Feb 3 20:42:14 2020 +0000;1580762534
cf9a052e3a8637d72f281ac0242d34faaae0bd1c;cf9a052e3a;-;-;Mon Feb 3 15:39:00 2020 +0100;1580740740;-;-;Mon Feb 3 15:39:00 2020 +0100;1580740740
1b39f138ebd580e16c58298104bd3bac7030918a;1b39f138eb;-;-;Mon Feb 3 23:34:47 2020 +0900;1580740487;-;-;Mon Feb 3 15:34:47 2020 +0100;1580740487
14a32d13d0e4cc58c0a2446236fa343ce9f0a130;14a32d13d0;-;-;Mon Feb 3 23:23:32 2020 +0900;1580739812;-;-;Mon Feb 3 15:23:32 2020 +0100;1580739812
d77a28aac3c185f1fa8436f26576febc69d98ae9;d77a28aac3;-;-;Mon Feb 3 15:03:43 2020 +0100;1580738623;-;-;Mon Feb 3 15:03:43 2020 +0100;1580738623
8dfacbc210c4162b124a4f4a6d749df653c945ea;8dfacbc210;-;-;Mon Feb 3 12:01:40 2020 +0100;1580727700;-;-;Mon Feb 3 12:01:40 2020 +0100;1580727700
cbb037bc681e85517aee31ce623478ce0a9b3189;cbb037bc68;-;-;Fri Jan 31 14:37:40 2020 +0100;1580477860;-;-;Fri Jan 31 14:37:40 2020 +0100;1580477860
daebbf1960c9a5ef4dfdb9565ca7d29c19a1c6d1;daebbf1960;-;-;Fri Jan 31 14:34:50 2020 +0100;1580477690;-;-;Fri Jan 31 14:34:50 2020 +0100;1580477690
f01de79fe20db0c73f1c48a280f7d4c83ebb427c;f01de79fe2;-;-;Fri Jan 31 17:40:29 2020 +0900;1580460029;-;-;Fri Jan 31 10:38:36 2020 +0000;1580467116
3a90d8a64d07a648c93427584e2f18030b14bffd;3a90d8a64d;-;-;Fri Jan 31 08:56:25 2020 +0100;1580457385;-;-;Fri Jan 31 08:56:25 2020 +0100;1580457385
547342b27d39efdb7ef6de068897b972e85c7b23;547342b27d;-;-;Thu Jan 30 10:06:58 2020 +0000;1580378818;-;-;Thu Jan 30 10:06:58 2020 +0000;1580378818
cc4261c30b988f4c3ea51d86e51a0474b924afcd;cc4261c30b;-;-;Thu Jan 30 06:16:43 2020 +0000;1580365003;-;-;Thu Jan 30 06:16:43 2020 +0000;1580365003
688167a7df052b6e1b822b36a1e81e4cd440e24a;688167a7df;-;-;Tue Jan 28 22:06:06 2020 +0100;1580245566;-;-;Tue Jan 28 22:06:06 2020 +0100;1580245566
b4a9758d9bb8b958efd12acb8cb89d78ce90684a;b4a9758d9b;-;-;Tue Jan 28 21:56:35 2020 +0100;1580244995;-;-;Tue Jan 28 21:56:35 2020 +0100;1580244995
8cced42fb2cdbe1d0864ca6c576d81d4cb8dcb49;8cced42fb2;-;-;Tue Jan 28 21:06:48 2020 +0100;1580242008;-;-;Tue Jan 28 21:06:48 2020 +0100;1580242008
d93403a257a56417f94c7693cb0888eecd7c493c;d93403a257;-;-;Tue Jan 28 21:06:04 2020 +0100;1580241964;-;-;Tue Jan 28 21:06:04 2020 +0100;1580241964
c86e164b033d7a862539e05b33a510aec3ecc363;c86e164b03;-;-;Mon Jan 27 18:10:51 2020 -0600;1580170251;-;-;Tue Jan 28 20:57:52 2020 +0100;1580241472
64440a5f04a17b3728234afaa89f57766768decb;64440a5f04;-;-;Tue Jan 28 12:07:40 2020 +0200;1580206060;-;-;Tue Jan 28 11:07:40 2020 +0100;1580206060
2c86d6ded2b3009b4e4d7e855e47cb6cfa7439db;2c86d6ded2;-;-;Tue Jan 28 10:48:59 2020 +0100;1580204939;-;-;Tue Jan 28 10:50:15 2020 +0100;1580205015
eeaae16b1792debe9aa942b16c8fec0acd543162;eeaae16b17;-;-;Sun Jan 26 14:23:22 2020 +0000;1580048602;-;-;Mon Jan 27 17:47:48 2020 +0000;1580147268
f9a73503f4976b3c91732c353515cb91e3829344;f9a73503f4;-;-;Mon Jan 27 18:19:23 2020 +0100;1580145563;-;-;Mon Jan 27 18:19:23 2020 +0100;1580145563
75abd9fc7e485cbbb68e8fd4d1abe84ba454ec1b;75abd9fc7e;-;-;Mon Jan 27 18:18:16 2020 +0100;1580145496;-;-;Mon Jan 27 18:18:16 2020 +0100;1580145496
c1218615dfe67d672de2fcb6a44ea1f1ec8ffadc;c1218615df;-;-;Mon Jan 27 16:57:12 2020 +0200;1580137032;-;-;Mon Jan 27 16:21:16 2020 +0000;1580142076
e66e41029ccb31df18e2cc56c9fc87119cc90bd2;e66e41029c;-;-;Fri Jan 24 15:48:56 2020 -0600;1579902536;-;-;Fri Jan 24 15:51:59 2020 -0600;1579902719
2fcee5ae58e61c9c999606c9ff6ad3424644b4b5;2fcee5ae58;-;-;Fri Jan 24 15:57:56 2020 +0000;1579881476;-;-;Fri Jan 24 15:57:56 2020 +0000;1579881476
d499e14b7829c462f4a4cd9ca0c3b45a52d06aba;d499e14b78;-;-;Fri Jan 24 15:40:16 2020 +0000;1579880416;-;-;Fri Jan 24 15:40:16 2020 +0000;1579880416
b142f8e66000bbf4ff86866fa47a6941bf06b453;b142f8e660;-;-;Fri Jan 24 15:36:46 2020 +0000;1579880206;-;-;Fri Jan 24 15:37:01 2020 +0000;1579880221
ab70acb3256c8913996ee394240a43c9d02fae0b;ab70acb325;-;-;Fri Jan 24 09:27:52 2020 -0600;1579879672;-;-;Fri Jan 24 09:29:13 2020 -0600;1579879753
75a13952265f352fc159b5dcb5332b3a3e939058;75a1395226;-;-;Fri Jan 24 16:18:39 2020 +0100;1579879119;-;-;Fri Jan 24 16:20:02 2020 +0100;1579879202
754a8ca05ad4a9693961e308c9449c3e066aa35c;754a8ca05a;-;-;Thu Jan 23 14:01:58 2020 -0600;1579809718;-;-;Fri Jan 24 09:14:07 2020 -0600;1579878847
7c47e3ba2e50f563be37df7f5144288663f84bf7;7c47e3ba2e;-;-;Fri Jan 24 14:55:08 2020 +0100;1579874108;-;-;Fri Jan 24 14:55:08 2020 +0100;1579874108
60c7af3625a90e29c9aea783714c0675ba479330;60c7af3625;-;-;Fri Jan 24 14:54:02 2020 +0100;1579874042;-;-;Fri Jan 24 14:54:02 2020 +0100;1579874042
d085577e0a9267cee2e5b7bde6fb65cdc911d3d2;d085577e0a;-;-;Thu Jan 23 15:34:18 2020 +0530;1579773858;-;-;Fri Jan 24 14:15:39 2020 +0100;1579871739
a2af5a90dc14217b02246b2d733f9c4d25b17600;a2af5a90dc;-;-;Fri Jan 24 19:39:05 2020 +0900;1579862345;-;-;Fri Jan 24 11:39:05 2020 +0100;1579862345
5a0b768a3d81c7f3190b64162f96f69f91ee90c6;5a0b768a3d;-;-;Thu Jan 23 16:22:52 2020 +0900;1579764172;-;-;Thu Jan 23 15:52:46 2020 +0000;1579794766
992e75303d598a4f3ef7ab912de588f9748961ac;992e75303d;-;-;Thu Jan 23 12:31:00 2020 +0000;1579782660;-;-;Thu Jan 23 12:31:00 2020 +0000;1579782660
77517d6cff2b45c4bf1b526b4aa57fabe8e95626;77517d6cff;-;-;Wed Jan 22 13:35:21 2020 +0000;1579700121;-;-;Wed Jan 22 13:35:21 2020 +0000;1579700121
54669c51c927cda27a80fb4a3e56a3207942bb66;54669c51c9;-;-;Fri Jan 17 13:43:29 2020 +0100;1579265009;-;-;Tue Jan 21 14:22:00 2020 +0100;1579612920
5e9d29d8134b4be4733ae0a303d1c95b8c3d92c5;5e9d29d813;-;-;Mon Jan 20 17:29:59 2020 +0000;1579541399;-;-;Mon Jan 20 17:29:59 2020 +0000;1579541399
a234b90abba77907032604ad7bb60137b19a7808;a234b90abb;-;-;Mon Jan 20 17:09:47 2020 +0000;1579540187;-;-;Mon Jan 20 17:09:47 2020 +0000;1579540187
5d8c5b0d9bf1ecb3b902ed55c320a4ea4fae0b38;5d8c5b0d9b;-;-;Mon Jan 20 11:26:58 2020 +0000;1579519618;-;-;Mon Jan 20 11:26:58 2020 +0000;1579519618
c20a7b4636c9849f02f8b544eef3fef77a5a2ae5;c20a7b4636;-;-;Mon Jan 20 09:17:02 2020 +0100;1579508222;-;-;Mon Jan 20 09:17:02 2020 +0100;1579508222
b34404916a6640e2b30ca030db61186313b7a957;b34404916a;-;-;Fri Jan 17 18:15:16 2020 +0100;1579281316;-;-;Fri Jan 17 18:15:16 2020 +0100;1579281316
3adc7c30598252a4844bf4ee9833228059048d77;3adc7c3059;-;-;Fri Jan 17 17:59:39 2020 +0200;1579276779;-;-;Fri Jan 17 16:59:39 2020 +0100;1579276779
59bef2223518c8be3cac558bd27a531ed7a94eac;59bef22235;-;-;Fri Jan 17 15:01:58 2020 +0100;1579269718;-;-;Fri Jan 17 15:01:58 2020 +0100;1579269718
daa30a9f0b6bcc33cbb452e7a1df27776acfa935;daa30a9f0b;-;-;Thu Jan 16 18:19:11 2020 +0100;1579195151;-;-;Thu Jan 16 18:19:11 2020 +0100;1579195151
984f9de191b6efad763bf64168ddf40c6377b000;984f9de191;-;-;Thu Jan 16 18:14:14 2020 +0100;1579194854;-;-;Thu Jan 16 18:14:14 2020 +0100;1579194854
2a2efbe6119621f3ac3667820ef28e9d9a90692b;2a2efbe611;-;-;Thu Jan 16 16:34:21 2020 +0100;1579188861;-;-;Thu Jan 16 17:16:57 2020 +0100;1579191417
19180e04d23c99b2ee47566aa6551c52e5b87024;19180e04d2;-;-;Thu Jan 16 16:01:56 2020 +0000;1579190516;-;-;Thu Jan 16 16:01:56 2020 +0000;1579190516
3d33cf37649d6000c679ff2763c1e47a702c4365;3d33cf3764;-;-;Thu Jan 16 15:42:15 2020 +0000;1579189335;-;-;Thu Jan 16 15:42:28 2020 +0000;1579189348
ac8eaca475b848619cfea60c248af1a224d13c92;ac8eaca475;-;-;Thu Jan 16 14:35:45 2020 +0000;1579185345;-;-;Thu Jan 16 14:54:29 2020 +0000;1579186469
3c0c0c0597e19b66d6cfebbf93b42f1c1fb2b4e5;3c0c0c0597;-;-;Wed Jan 15 17:42:33 2020 +0000;1579110153;-;-;Thu Jan 16 14:54:10 2020 +0000;1579186450
16e49bf0c92f9387ccf10426f77ba3b02f4c24fb;16e49bf0c9;-;-;Thu Jan 16 15:07:14 2020 +0100;1579183634;-;-;Thu Jan 16 15:07:14 2020 +0100;1579183634
61d9787b984a573a7a22a9f86321572506082485;61d9787b98;-;-;Thu Jan 16 10:26:36 2020 +0000;1579170396;-;-;Thu Jan 16 11:26:36 2020 +0100;1579170396
e864409c5faeaaa59130e81474cf337cad870cc2;e864409c5f;-;-;Thu Jan 16 04:50:18 2020 -0500;1579168218;-;-;Thu Jan 16 10:50:18 2020 +0100;1579168218
3b983e21650a02b24e5c48d97a296f1ab760de5e;3b983e2165;-;-;Wed Jan 15 14:18:30 2020 +0100;1579094310;-;-;Wed Jan 15 14:18:30 2020 +0100;1579094310
734db23f4eb99e4489a9349dd77de78e53f7f33d;734db23f4e;-;-;Wed Jan 15 14:09:11 2020 +0100;1579093751;-;-;Wed Jan 15 14:09:11 2020 +0100;1579093751
f527ca7515dce934594235861e6361405d551f96;f527ca7515;-;-;Wed Jan 15 14:04:50 2020 +0100;1579093490;-;-;Wed Jan 15 14:04:50 2020 +0100;1579093490
89b8449999769cbc412cd3301614630bbe98ae34;89b8449999;-;-;Wed Jan 15 22:01:38 2020 +0900;1579093298;-;-;Wed Jan 15 14:01:38 2020 +0100;1579093298
152254ab0a7b61e742f35cb67acadcfc8b867b46;152254ab0a;-;-;Wed Jan 15 13:53:22 2020 +0100;1579092802;-;-;Wed Jan 15 13:53:22 2020 +0100;1579092802
6c2cb8ecf5d1d755f09aff80489aa8b6e49d70b1;6c2cb8ecf5;-;-;Tue Jan 14 17:33:02 2020 +0100;1579019582;-;-;Tue Jan 14 17:33:02 2020 +0100;1579019582
f1827cb1f94b365f31531002a6bf1aa43c51fe9e;f1827cb1f9;-;-;Wed Jan 15 01:20:38 2020 +0900;1579018838;-;-;Tue Jan 14 17:20:38 2020 +0100;1579018838
0f5103de450e6a30f6814586108155e32ab90456;0f5103de45;-;-;Tue Jan 14 08:00:45 2020 +0000;1578988845;-;-;Tue Jan 14 08:00:45 2020 +0000;1578988845
8740c2dc18482747c9e6d489718c08967f1e3f7c;8740c2dc18;-;-;Mon Jan 13 21:32:39 2020 +0000;1578951159;-;-;Mon Jan 13 21:33:11 2020 +0000;1578951191
5debd866d4ad398cacbc7ef6746d3f26596979b8;5debd866d4;-;-;Mon Jan 13 20:22:47 2020 +0100;1578943367;-;-;Mon Jan 13 20:22:47 2020 +0100;1578943367
1c270d8d067bec08bbf419adeb354f96a3731780;1c270d8d06;-;-;Mon Jan 13 18:21:36 2020 +0100;1578936096;-;-;Mon Jan 13 18:21:36 2020 +0100;1578936096
29fe65d23c01ce60bc34141990accb3454eca621;29fe65d23c;-;-;Mon Jan 13 16:37:19 2020 +0000;1578933439;-;-;Mon Jan 13 16:49:42 2020 +0000;1578934182
8a6086774f4fa1d1713d66494879cb32969c9140;8a6086774f;-;-;Mon Jan 13 17:15:27 2020 +0100;1578932127;-;-;Mon Jan 13 17:15:27 2020 +0100;1578932127
33ffdd865d90d935d36c43e38797370bd6422842;33ffdd865d;-;-;Mon Jan 13 16:29:23 2020 +0100;1578929363;-;-;Mon Jan 13 16:29:23 2020 +0100;1578929363
c84dd55863c4d872fef4f4334fd94051d266490a;c84dd55863;-;-;Mon Jan 13 23:27:05 2020 +0800;1578929225;-;-;Mon Jan 13 16:27:05 2020 +0100;1578929225
cbc57460b7d8316c8bfd748962e37691a6a64f8b;cbc57460b7;-;-;Mon Jan 13 14:56:48 2020 +0000;1578927408;-;-;Mon Jan 13 14:57:14 2020 +0000;1578927434
a741ae422b75e330dac655718ad91e0067a2caeb;a741ae422b;-;-;Mon Jan 13 14:55:29 2020 +0000;1578927329;-;-;Mon Jan 13 14:57:14 2020 +0000;1578927434
850cbf032bf763f6f648a3d621cd56d94171b81a;850cbf032b;-;-;Mon Jan 13 14:41:52 2020 +0100;1578922912;-;-;Mon Jan 13 14:42:04 2020 +0100;1578922924
a566083a073428c452a090b1284753ddd7b49ae8;a566083a07;-;-;Mon Jan 13 13:16:50 2020 +0100;1578917810;-;-;Mon Jan 13 13:16:50 2020 +0100;1578917810
798744838c6cc96c5989cc6ed5944e7dfe8f2cc3;798744838c;-;-;Mon Jan 13 12:51:31 2020 +0100;1578916291;-;-;Mon Jan 13 12:51:31 2020 +0100;1578916291
3f1882c4eb2ec7a749555d0b7ef05e1262e35447;3f1882c4eb;-;-;Mon Jan 13 10:51:19 2020 +0100;1578909079;-;-;Mon Jan 13 10:53:23 2020 +0100;1578909203
0801a7d7e4d3ffbc50cfe99a009d75983d966ddd;0801a7d7e4;-;-;Mon Jan 13 10:40:01 2020 +0100;1578908401;-;-;Mon Jan 13 10:40:01 2020 +0100;1578908401
6747cc135375f4eb5772207d01aab658a5ebed8c;6747cc1353;-;-;Mon Jan 13 10:05:17 2020 +0100;1578906317;-;-;Mon Jan 13 10:06:03 2020 +0100;1578906363
bc7d01048579430b4b2df668178809b63d3f1929;bc7d010485;-;-;Fri Jan 10 14:51:55 2020 +0100;1578664315;-;-;Mon Jan 13 08:33:14 2020 +0100;1578900794
8396e6bdd1c03b2fb32e5cf468f7f04b192d8474;8396e6bdd1;-;-;Sat Jan 11 13:11:17 2020 +0100;1578744677;-;-;Sat Jan 11 13:11:17 2020 +0100;1578744677
cb8db1e6df7c375af2636a1a733f4de6caa8e818;cb8db1e6df;-;-;Fri Jan 10 16:05:33 2020 +0100;1578668733;-;-;Fri Jan 10 16:05:33 2020 +0100;1578668733
a31a4f8148fa1ea9003e35c3719896ddd5878200;a31a4f8148;-;-;Fri Jan 10 15:59:59 2020 +0100;1578668399;-;-;Fri Jan 10 15:59:59 2020 +0100;1578668399
bdb9f9570e3c325999167415e66fc1339f9400ff;bdb9f9570e;-;-;Thu Jan 9 17:08:48 2020 +0100;1578586128;-;-;Thu Jan 9 17:08:48 2020 +0100;1578586128
f6ca21f6a4e86a7794bedcbec8f6971990b7300f;f6ca21f6a4;-;-;Thu Jan 9 17:03:30 2020 +0100;1578585810;-;-;Thu Jan 9 17:03:30 2020 +0100;1578585810
4936a637fe4386c4a483cd686c0651e0a4ba2921;4936a637fe;-;-;Thu Jan 9 17:03:17 2020 +0100;1578585797;-;-;Thu Jan 9 17:03:17 2020 +0100;1578585797
e8ef93c508d27f7e90e90b0fd1be388000a00f0e;e8ef93c508;-;-;Thu Jan 9 15:55:56 2020 +0100;1578581756;-;-;Thu Jan 9 15:56:25 2020 +0100;1578581785
047eefd2e29551a60dac2519e7f8cc7522be6864;047eefd2e2;-;-;Sat Jan 4 22:45:00 2020 +0800;1578149100;-;-;Thu Jan 9 15:56:09 2020 +0100;1578581769
b0e4b7e29cb66016dd2421241b8ed3224d0bbe08;b0e4b7e29c;-;-;Thu Jan 9 15:39:04 2020 +0100;1578580744;-;-;Thu Jan 9 15:39:04 2020 +0100;1578580744
08e9372ded3c36255389727465158007daae34f4;08e9372ded;-;-;Thu Jan 9 11:09:06 2020 +0000;1578568146;-;-;Thu Jan 9 11:10:44 2020 +0000;1578568244
34d32402d352fe7bca2f45d3bc5c7243459ec556;34d32402d3;-;-;Wed Jan 8 17:55:23 2020 +0000;1578506123;-;-;Thu Jan 9 11:10:44 2020 +0000;1578568244
1ec15ba9c2c3a61fa93a67c074732d6de65fd2e1;1ec15ba9c2;-;-;Mon Dec 16 09:15:46 2019 +0000;1576487746;-;-;Thu Jan 9 10:17:44 2020 +0100;1578561464
2ac57443235238394d369aafbdb5fa01219aec3f;2ac5744323;-;-;Mon Dec 16 09:03:40 2019 +0000;1576487020;-;-;Thu Jan 9 10:17:27 2020 +0100;1578561447
c39ed52f9774f83b08c41d1ca3ab2adcf5026f72;c39ed52f97;-;-;Wed Jan 8 19:05:03 2020 +0100;1578506703;-;-;Wed Jan 8 19:05:03 2020 +0100;1578506703
8e5cad2af3d0465c98f7269ec1a6262a3f30c1bb;8e5cad2af3;-;-;Mon Dec 30 17:20:07 2019 +0200;1577719207;-;-;Wed Jan 8 18:52:15 2020 +0100;1578505935
c562c3a0b3d02cdc3aa1654560683aac0cedead3;c562c3a0b3;-;-;Wed Jan 8 18:38:55 2020 +0100;1578505135;-;-;Wed Jan 8 18:38:55 2020 +0100;1578505135
259ffe9b3b49f175ea78ebd36179a5e7551d1b45;259ffe9b3b;-;-;Wed Jan 8 18:37:07 2020 +0100;1578505027;-;-;Wed Jan 8 18:37:07 2020 +0100;1578505027
9d6e40fb1e69bc6d1855e07c3dd756164767a818;9d6e40fb1e;-;-;Wed Jan 8 16:48:54 2020 +0000;1578502134;-;-;Wed Jan 8 16:48:54 2020 +0000;1578502134
1dd5db42ab9c55856ea46c07e4304f32a242e4bf;1dd5db42ab;-;-;Wed Jan 8 16:19:42 2020 +0000;1578500382;-;-;Wed Jan 8 16:19:42 2020 +0000;1578500382
e3e7d904158a74ff5c3e578ab2e3467ea910deba;e3e7d90415;-;-;Wed Jan 8 16:44:55 2020 +0100;1578498295;-;-;Wed Jan 8 16:47:39 2020 +0100;1578498459
b4c91e7dac91c6176a5412ed930d2c048cc5c42f;b4c91e7dac;-;-;Tue Jan 7 19:39:28 2020 +0100;1578422368;-;-;Tue Jan 7 19:39:28 2020 +0100;1578422368
e1fb4a1966a340893d6958789520a18638d95cf4;e1fb4a1966;-;-;Tue Jan 7 18:47:54 2020 +0100;1578419274;-;-;Tue Jan 7 18:47:54 2020 +0100;1578419274
ef6b1ba034f48178c922051870363a5c5f6139fc;ef6b1ba034;-;-;Tue Jan 7 17:15:23 2020 +0100;1578413723;-;-;Tue Jan 7 17:15:23 2020 +0100;1578413723
9d963abb7dfb6b0d0a3f6d89a2e60ebd42268146;9d963abb7d;-;-;Tue Jan 7 14:00:27 2020 +0000;1578405627;-;-;Tue Jan 7 15:02:39 2020 +0000;1578409359
c480a99a773d461a6f64dab0dfceeaa6cefa2fb4;c480a99a77;-;-;Thu Dec 19 18:14:49 2019 +0200;1576772089;-;-;Tue Jan 7 14:44:09 2020 +0100;1578404649
55e0ff11ca770b8d2359b20760344cd3ae232b2a;55e0ff11ca;-;-;Tue Jan 7 13:59:31 2020 +0100;1578401971;-;-;Tue Jan 7 13:59:31 2020 +0100;1578401971
12a78d1af2fffa83ceffaa314aa5a20d6096e0e7;12a78d1af2;-;-;Tue Jan 7 11:36:53 2020 +0100;1578393413;-;-;Tue Jan 7 11:36:53 2020 +0100;1578393413
4692f20aaca89b763aee703ce714e7109dca4e9c;4692f20aac;-;-;Tue Jan 7 18:35:38 2020 +0800;1578393338;-;-;Tue Jan 7 11:35:38 2020 +0100;1578393338
141dae6437f5e2681a14fae35616edd525366e99;141dae6437;-;-;Tue Jan 7 11:07:03 2020 +0100;1578391623;-;-;Tue Jan 7 11:07:03 2020 +0100;1578391623
132805133ded4737d2a69dbcd1f81852934884d5;132805133d;-;-;Tue Jan 7 18:03:11 2020 +0800;1578391391;-;-;Tue Jan 7 11:03:11 2020 +0100;1578391391
ffc1f960f9b87aadab071aa46fecc59f29a9bb28;ffc1f960f9;-;-;Tue Jan 7 09:05:49 2020 +0100;1578384349;-;-;Tue Jan 7 09:05:49 2020 +0100;1578384349
ea6d2ea1ce6d42c67d8ca5e34d24bbca625c9ced;ea6d2ea1ce;-;-;Mon Jan 6 22:05:29 2020 +0000;1578348329;-;-;Mon Jan 6 22:13:55 2020 +0000;1578348835
f9c1565f4ef031904c3545a70e63080aeade6e90;f9c1565f4e;-;-;Mon Jan 6 16:39:14 2020 +0100;1578325154;-;-;Mon Jan 6 16:55:08 2020 +0100;1578326108
59ade9169406e50e04d2923c170724830a11a499;59ade91694;-;-;Mon Jan 6 14:45:17 2020 +0100;1578318317;-;-;Mon Jan 6 14:45:17 2020 +0100;1578318317
c1d0060a6f4f03bc7d761f568e1b60a0f59ed59b;c1d0060a6f;-;-;Mon Jan 6 14:41:00 2020 +0100;1578318060;-;-;Mon Jan 6 14:41:00 2020 +0100;1578318060
3299793c8a5b764aaf66dcc1d875efe6541ec1a1;3299793c8a;-;-;Mon Jan 6 11:30:05 2020 +0100;1578306605;-;-;Mon Jan 6 11:30:05 2020 +0100;1578306605
d0c2812dad28b2ef4b829d39887d407bce1d6d4d;d0c2812dad;-;-;Mon Jan 6 18:28:24 2020 +0800;1578306504;-;-;Mon Jan 6 11:28:24 2020 +0100;1578306504
328e88d204c0fe8c5631888c1313d77343f3b23c;328e88d204;-;-;Mon Jan 6 10:53:20 2020 +0100;1578304400;-;-;Mon Jan 6 10:53:20 2020 +0100;1578304400
22a888b53df620b0905ce8beb6b0cf71981086d8;22a888b53d;-;-;Fri Jan 3 14:56:13 2020 +0100;1578059773;-;-;Fri Jan 3 14:56:13 2020 +0100;1578059773
081b3d304d94bdbdffc663e3a4810f76d6eb1fc4;081b3d304d;-;-;Fri Jan 3 14:34:29 2020 +0100;1578058469;-;-;Fri Jan 3 14:34:29 2020 +0100;1578058469
92a28392db9b158a690c357b2587e844197eb430;92a28392db;-;-;Fri Jan 3 11:22:00 2020 +0000;1578050520;-;-;Fri Jan 3 11:22:00 2020 +0000;1578050520
03ea92df9916baa5f8df37ec4154cb07fd2cea4d;03ea92df99;-;-;Fri Jan 3 11:12:01 2020 +0000;1578049921;-;-;Fri Jan 3 11:12:01 2020 +0000;1578049921
68f9f8116cb49f7dc096edf72aa0b334b787bef7;68f9f8116c;-;-;Thu Jan 2 12:11:41 2020 +0000;1577967101;-;-;Fri Jan 3 08:11:14 2020 +0000;1578039074
3aa2605fdaa56d5c007f476f3f9bd1c550ec368c;3aa2605fda;-;-;Thu Jan 2 16:01:56 2020 +0100;1577977316;-;-;Thu Jan 2 16:01:56 2020 +0100;1577977316
75fd391fc716456bbd2448f60e691b8f588c70de;75fd391fc7;-;-;Thu Jan 2 11:29:04 2020 +0100;1577960944;-;-;Thu Jan 2 11:29:04 2020 +0100;1577960944
8082b338e2e2f2e931d289882f710c60a028ccc8;8082b338e2;-;-;Tue Dec 31 18:58:48 2019 +0100;1577815128;-;-;Tue Dec 31 18:58:48 2019 +0100;1577815128
956ffe68587c8d5f21135b5ce4650af0c2dea933;956ffe6858;-;-;Thu Dec 26 17:30:15 2019 +0000;1577381415;-;-;Thu Dec 26 17:30:15 2019 +0000;1577381415
3cf806a66844a8949383c2a9a2b01e90eafa2d61;3cf806a668;-;-;Thu Dec 26 09:55:41 2019 +0100;1577350541;-;-;Thu Dec 26 09:55:41 2019 +0100;1577350541
9c17eb59a4312a9787b23ebaea3bff6e95f3657c;9c17eb59a4;-;-;Mon Dec 23 17:16:58 2019 +0100;1577117818;-;-;Mon Dec 23 17:16:58 2019 +0100;1577117818
9c2d146a519b55806b49756ae6aec4b0b33e8c89;9c2d146a51;-;-;Mon Dec 23 16:47:45 2019 +0100;1577116065;-;-;Mon Dec 23 16:47:45 2019 +0100;1577116065
0b5ad093948fe5f2eb5727ad63248e164fdd3437;0b5ad09394;-;-;Sun Dec 22 16:48:58 2019 +0100;1577029738;-;-;Sun Dec 22 16:48:58 2019 +0100;1577029738
1b4fd1cba1058110fc0730d81fcb03dfad7e7408;1b4fd1cba1;-;-;Sun Dec 22 16:00:45 2019 +0100;1577026845;-;-;Sun Dec 22 16:00:45 2019 +0100;1577026845
261956fd08fec9f35abbd2a1667e4acbbacdfc31;261956fd08;-;-;Fri Dec 20 11:03:08 2019 +0000;1576839788;-;-;Fri Dec 20 11:03:08 2019 +0000;1576839788
a1b8b182828ffb24e7865520d28b86032d6ef643;a1b8b18282;-;-;Fri Dec 20 09:25:36 2019 +0000;1576833936;-;-;Fri Dec 20 09:27:40 2019 +0000;1576834060
7456fb9c65f5b21c9aa825a01df1c02360d176f5;7456fb9c65;-;-;Fri Dec 20 09:15:44 2019 +0000;1576833344;-;-;Fri Dec 20 09:15:44 2019 +0000;1576833344
ea4f1ca5d5c45db40da47684ceb522fec8fd294c;ea4f1ca5d5;-;-;Thu Dec 19 16:27:40 2019 +0000;1576772860;-;-;Thu Dec 19 16:27:40 2019 +0000;1576772860
15321a31633c7a9d0f838783640e7148472e4d9a;15321a3163;-;-;Thu Dec 19 13:06:53 2019 +0000;1576760813;-;-;Thu Dec 19 13:06:53 2019 +0000;1576760813
41f40c6c229d3b4f768718f1ec229d8f0ad76d76;41f40c6c22;-;-;Thu Dec 19 12:23:12 2019 +0000;1576758192;-;-;Thu Dec 19 12:23:12 2019 +0000;1576758192
44da77513444f8388397f93d057ad1b6187516d3;44da775134;-;-;Wed Dec 18 16:48:49 2019 +0000;1576687729;-;-;Wed Dec 18 16:48:49 2019 +0000;1576687729
0eacb443b01833eb1b34006d74c2ee6da04af403;0eacb443b0;-;-;Wed Dec 18 16:22:04 2019 +0000;1576686124;-;-;Wed Dec 18 16:22:53 2019 +0000;1576686173
7474ee70419cb15b71841a5544e005d9e660cc47;7474ee7041;-;-;Mon Dec 16 16:50:30 2019 +0100;1576511430;-;-;Mon Dec 16 16:50:30 2019 +0100;1576511430
0711e58a5fa200cb503ff11799cd06413bc7e7c4;0711e58a5f;-;-;Mon Dec 16 16:50:04 2019 +0100;1576511404;-;-;Mon Dec 16 16:50:04 2019 +0100;1576511404
f353bc0c2500339dd6a58de82c985d271f66e130;f353bc0c25;-;-;Mon Dec 16 16:49:39 2019 +0100;1576511379;-;-;Mon Dec 16 16:49:39 2019 +0100;1576511379
5836680490afca32ba6070bd524fafc89b6c2342;5836680490;-;-;Sun Dec 15 23:28:04 2019 +0100;1576448884;-;-;Sun Dec 15 23:28:04 2019 +0100;1576448884
5f9178034c9d04076914f34da50b84dcf67724c0;5f9178034c;-;-;Fri Dec 13 16:55:38 2019 +0000;1576256138;-;-;Fri Dec 13 16:55:38 2019 +0000;1576256138
f8d6896e40a5d2f6f36b51a0b29bcca8cc53e9ef;f8d6896e40;-;-;Sun Aug 18 22:27:13 2019 +0900;1566134833;-;-;Fri Dec 13 16:19:06 2019 +0000;1576253946
6fdf5ef6eeba50387686082f2dd4d1407a669f39;6fdf5ef6ee;-;-;Fri Dec 13 17:14:26 2019 +0100;1576253666;-;-;Fri Dec 13 17:14:26 2019 +0100;1576253666
d9cae339d60cc7f21b6f067fa4d66c5104cdc15c;d9cae339d6;-;-;Fri Dec 13 18:12:18 2019 +0200;1576253538;-;-;Fri Dec 13 17:12:18 2019 +0100;1576253538
17edbec0351f35aaea61f876fe617e6bbe40b58a;17edbec035;-;-;Fri Dec 13 16:30:03 2019 +0100;1576251003;-;-;Fri Dec 13 16:30:03 2019 +0100;1576251003
47b18e5ea99c6c96a9ce25f575d1cf26dee978e5;47b18e5ea9;-;-;Fri Dec 13 16:12:39 2019 +0100;1576249959;-;-;Fri Dec 13 16:12:39 2019 +0100;1576249959
bee2b7cd736a7f59e3c1e35b3fe471cbcfbe1349;bee2b7cd73;-;-;Wed Dec 11 23:44:42 2019 +0800;1576079082;-;-;Fri Dec 13 15:56:06 2019 +0100;1576248966
49ddf798e0c41e5b7dcd7492b18a196f74a968e1;49ddf798e0;-;-;Fri Dec 13 15:47:05 2019 +0100;1576248425;-;-;Fri Dec 13 15:47:05 2019 +0100;1576248425
09b6730f3d89b55819ea9bea66314269b7cc4fd9;09b6730f3d;-;-;Fri Dec 13 10:59:33 2019 +0100;1576231173;-;-;Fri Dec 13 10:59:53 2019 +0100;1576231193
63844c6d743544339fe001545409c3929a8e11ed;63844c6d74;-;-;Thu Dec 12 13:55:33 2019 -0500;1576176933;-;-;Fri Dec 13 09:58:46 2019 +0100;1576227526
1dd0a0f0093c844523517f6e665fd51913aaa817;1dd0a0f009;-;-;Thu Dec 12 22:03:38 2019 +0000;1576188218;-;-;Thu Dec 12 22:03:38 2019 +0000;1576188218
b23617637d21f1f49f7f0c1c9c3ccc90c1de5b92;b23617637d;-;-;Thu Dec 12 21:55:13 2019 +0000;1576187713;-;-;Thu Dec 12 21:58:14 2019 +0000;1576187894
dd9b6287b4c3b507f963c655144ed06dd8f5ff21;dd9b6287b4;-;-;Thu Dec 12 20:56:03 2019 +0000;1576184163;-;-;Thu Dec 12 21:58:14 2019 +0000;1576187894
11e321b8e7f4e7f35c0ac18d222e20466c615728;11e321b8e7;-;-;Thu Dec 12 18:06:12 2019 +0000;1576173972;-;-;Thu Dec 12 21:58:14 2019 +0000;1576187894
9d65830133c96da18676555818f88c24a0b12753;9d65830133;-;-;Thu Dec 12 17:01:01 2019 +0000;1576170061;-;-;Thu Dec 12 21:57:45 2019 +0000;1576187865
fa8f08391f97de87730ace8034d31de648e57026;fa8f08391f;-;-;Thu Dec 12 17:21:41 2019 +0100;1576167701;-;-;Thu Dec 12 17:21:41 2019 +0100;1576167701
b679c3b6ecaf6f6b4ac28623430da4779e9ce8dc;b679c3b6ec;-;-;Thu Dec 12 16:44:21 2019 +0100;1576165461;-;-;Thu Dec 12 16:44:21 2019 +0100;1576165461
02b40223e591a8f06a54c8cae9240d0f7578ca11;02b40223e5;-;-;Thu Dec 12 16:43:00 2019 +0100;1576165380;-;-;Thu Dec 12 16:43:00 2019 +0100;1576165380
dafe57fc6e1b019fe011fcdf99f32f9b11c01bb0;dafe57fc6e;-;-;Thu Dec 12 12:17:02 2019 +0100;1576149422;-;-;Thu Dec 12 15:40:55 2019 +0100;1576161655
d757f739028c7608b0d870bf0e9f23b91e57298b;d757f73902;-;-;Wed Dec 11 18:22:13 2019 +0100;1576084933;-;-;Thu Dec 12 11:29:06 2019 +0100;1576146546
9af8dc0980c8e0ab4105c9cd6cfec7c869418cb1;9af8dc0980;-;-;Wed Dec 11 17:04:49 2019 +0100;1576080289;-;-;Wed Dec 11 17:04:49 2019 +0100;1576080289
8ac222467b65bb3fde8efd83cd5b1c63800c5141;8ac222467b;-;-;Thu Dec 12 00:46:47 2019 +0900;1576079207;-;-;Wed Dec 11 16:46:47 2019 +0100;1576079207
6e21b19999e967e4f4933bfda10b7a85206def34;6e21b19999;-;-;Tue Dec 10 22:38:55 2019 +0100;1576013935;-;-;Tue Dec 10 22:38:55 2019 +0100;1576013935
16ed7e2a19c074b26a99acc43fddb373db752fb7;16ed7e2a19;-;-;Tue Dec 10 22:08:26 2019 +0100;1576012106;-;-;Tue Dec 10 22:08:26 2019 +0100;1576012106
76bc5815288140b9d634333900228df10e92577a;76bc581528;-;-;Tue Dec 10 22:06:22 2019 +0100;1576011982;-;-;Tue Dec 10 22:06:22 2019 +0100;1576011982
9b30d46ff4653c411ee4c8edb89b9bafa11b2ee9;9b30d46ff4;-;-;Tue Dec 10 16:37:31 2019 +0000;1575995851;-;-;Tue Dec 10 16:52:23 2019 +0000;1575996743
70a0c93d6916efa60a338906277ab9b543acffb1;70a0c93d69;-;-;Tue Dec 10 16:01:33 2019 +0000;1575993693;-;-;Tue Dec 10 16:01:33 2019 +0000;1575993693
c8bce9686f3dca2013aee875b3c86d87aa897662;c8bce9686f;-;-;Tue Dec 10 15:38:28 2019 +0000;1575992308;-;-;Tue Dec 10 15:38:28 2019 +0000;1575992308
f180bf7652dc1cde3191b98c5fe208d440e414ed;f180bf7652;-;-;Tue Dec 10 15:18:04 2019 +0000;1575991084;-;-;Tue Dec 10 15:18:04 2019 +0000;1575991084
1b172c1d20ecf96839abc02a67ae2a763af2815e;1b172c1d20;-;-;Tue Dec 10 15:10:13 2019 +0000;1575990613;-;-;Tue Dec 10 15:10:13 2019 +0000;1575990613
2bd821c9091d5633146368971f58d299aa53c629;2bd821c909;-;-;Tue Dec 10 14:09:55 2019 +0100;1575983395;-;-;Tue Dec 10 14:36:11 2019 +0100;1575984971
4466114cfaae5083a68900b4231e49d8025c40a7;4466114cfa;-;-;Tue Dec 10 13:14:11 2019 +0100;1575980051;-;-;Tue Dec 10 14:26:48 2019 +0100;1575984408
8d846500eff3e51fc49846a969ae1a7f4671015d;8d846500ef;-;-;Tue Dec 10 07:59:17 2019 +0100;1575961157;-;-;Tue Dec 10 07:59:17 2019 +0100;1575961157
0a2046e81c155ac781abd3a8b8f4fa56e1729801;0a2046e81c;-;-;Tue Dec 10 00:24:26 2019 +0100;1575933866;-;-;Tue Dec 10 00:24:26 2019 +0100;1575933866
2c03246f0086db718acc9c5e124e40c271728332;2c03246f00;-;-;Mon Dec 9 15:58:21 2019 +0100;1575903501;-;-;Mon Dec 9 15:58:21 2019 +0100;1575903501
2d2993dffbe5975d253738491a9e533d6a2d9005;2d2993dffb;-;-;Mon Dec 9 14:03:56 2019 +0100;1575896636;-;-;Mon Dec 9 14:03:56 2019 +0100;1575896636
a4f75e9c6a04b81925a617f6547e10fac1eba0a6;a4f75e9c6a;-;-;Mon Dec 9 13:29:00 2019 +0100;1575894540;-;-;Mon Dec 9 13:29:00 2019 +0100;1575894540
119dd04ae53433f186bb73a2ed347961dc7b2650;119dd04ae5;-;-;Mon Dec 9 13:28:39 2019 +0100;1575894519;-;-;Mon Dec 9 13:28:39 2019 +0100;1575894519
ebbb562cb93d507257f76669d5c7c0ebd4caef65;ebbb562cb9;-;-;Sun Dec 8 23:39:38 2019 +0200;1575841178;-;-;Mon Dec 9 13:14:10 2019 +0100;1575893650
0f4153682051e6013cfcc0f8bd909ce714241cd2;0f41536820;-;-;Mon Dec 9 11:50:06 2019 +0100;1575888606;-;-;Mon Dec 9 11:50:06 2019 +0100;1575888606
b1e59961fb3e99a06f47f76133af1f9811a4d788;b1e59961fb;-;-;Sun Dec 8 14:02:32 2019 +0100;1575810152;-;-;Sun Dec 8 14:02:32 2019 +0100;1575810152
2108bdf876f85d4642f9f6c18aac352ed7bc1ef8;2108bdf876;-;-;Sat Dec 7 18:30:56 2019 +0100;1575739856;-;-;Sat Dec 7 18:30:56 2019 +0100;1575739856
fc42ca286656d7d4a910b5ea737165baa0058f5e;fc42ca2866;-;-;Sat Dec 7 13:39:05 2019 +0100;1575722345;-;-;Sat Dec 7 13:41:43 2019 +0100;1575722503
d7d474f65890a7490e9d1de989ecd96660f70cf6;d7d474f658;-;-;Sat Dec 7 14:20:36 2019 +0900;1575696036;-;-;Sat Dec 7 13:39:30 2019 +0100;1575722370
55ae3c5e872229bac6ba475a46b1a29d1c9b8056;55ae3c5e87;-;-;Sat Dec 7 12:59:03 2019 +0100;1575719943;-;-;Sat Dec 7 12:59:03 2019 +0100;1575719943
de8a6c8c57deac295b3df41dec59e4e540a3f813;de8a6c8c57;-;-;Fri Dec 6 19:08:54 2019 +0100;1575655734;-;-;Fri Dec 6 19:08:54 2019 +0100;1575655734
d4d940e6e30c1219f54e83d371abd0efc44ccdcb;d4d940e6e3;-;-;Fri Dec 6 12:02:22 2019 -0600;1575655342;-;-;Fri Dec 6 19:02:22 2019 +0100;1575655342
484006ce9050919dc3d26d9e4933f88a93f1c9cb;484006ce90;-;-;Fri Dec 6 14:07:07 2019 +0200;1575634027;-;-;Fri Dec 6 17:36:07 2019 +0100;1575650167
7c84695333228fb2960d69aa312e41e4ead3b5aa;7c84695333;-;-;Thu Dec 5 13:17:41 2019 -0800;1575580661;-;-;Fri Dec 6 13:38:46 2019 +0100;1575635926
a4fa6a7a3104a81e4db7d09691aad8ca54cc967b;a4fa6a7a31;-;-;Thu Dec 5 23:28:44 2019 +0100;1575584924;-;-;Thu Dec 5 23:30:14 2019 +0100;1575585014
3b9d1a00b08f15d8852bb867b68b3a9f14e70a63;3b9d1a00b0;-;-;Thu Dec 5 22:37:00 2019 +0100;1575581820;-;-;Thu Dec 5 22:37:00 2019 +0100;1575581820
c2141e2e9323f09ef42f2af92458c2d7bb9b424b;c2141e2e93;-;-;Thu Dec 5 16:36:55 2019 +0100;1575560215;-;-;Thu Dec 5 16:36:55 2019 +0100;1575560215
d503bc2804b7bdbb9e9c46081a7fa454ac81c8d7;d503bc2804;-;-;Wed Dec 4 18:18:46 2019 +0200;1575476326;-;-;Thu Dec 5 16:26:25 2019 +0100;1575559585
14ce84cebbc8d64a5047e4287166d03ce101de8f;14ce84cebb;-;-;Thu Dec 5 13:00:44 2019 +0900;1575518444;-;-;Thu Dec 5 12:25:04 2019 +0000;1575548704
828fe395231fc2e7284769ac7c0250af66b15815;828fe39523;-;-;Wed Dec 4 18:19:18 2019 +0000;1575483558;-;-;Wed Dec 4 18:19:52 2019 +0000;1575483592
3a48682226615aaea3b63755c25763877c35dfd8;3a48682226;-;-;Wed Dec 4 18:17:46 2019 +0000;1575483466;-;-;Wed Dec 4 18:19:52 2019 +0000;1575483592
b866d4209cf21b41c69619d846f30beb2bbb1c72;b866d4209c;-;-;Wed Dec 4 17:33:31 2019 +0000;1575480811;-;-;Wed Dec 4 17:33:31 2019 +0000;1575480811
797f618f2b2e96bc0bc38028cd7126f0a0234391;797f618f2b;-;-;Wed Dec 4 16:14:14 2019 +0000;1575476054;-;-;Wed Dec 4 16:14:14 2019 +0000;1575476054
fb13f6f0bc300ac8001d5cfc53b89f6136be0569;fb13f6f0bc;-;-;Tue Dec 3 16:48:30 2019 +0100;1575388110;-;-;Tue Dec 3 16:48:30 2019 +0100;1575388110
6f15f32be3c5dcface3a9f4f5c58b0abe98e5071;6f15f32be3;-;-;Sun Dec 1 20:22:41 2019 +0800;1575202961;-;-;Tue Dec 3 16:14:49 2019 +0100;1575386089
1bff7ce1418807d1f75daa9025fabfe4d4203bb9;1bff7ce141;-;-;Tue Dec 3 08:59:24 2019 +0000;1575363564;-;-;Tue Dec 3 08:59:24 2019 +0000;1575363564
21053780efb0db61193b4f6ca5bc3390ff4bc322;21053780ef;-;-;Mon Dec 2 23:13:44 2019 +0100;1575324824;-;-;Mon Dec 2 23:13:44 2019 +0100;1575324824
decbb9ccf9dd4da87f2f3aeca9b05ce24824beb9;decbb9ccf9;-;-;Mon Dec 2 22:52:55 2019 +0100;1575323575;-;-;Mon Dec 2 22:52:55 2019 +0100;1575323575
d1ab81587ce1db25183a5f1955410417889d961d;d1ab81587c;-;-;Tue Dec 3 02:14:18 2019 +0800;1575310458;-;-;Mon Dec 2 19:14:18 2019 +0100;1575310458
fcbc4378256ee50d17bf0312dccef60cfa4c77ba;fcbc437825;-;-;Mon Dec 2 17:14:13 2019 +0000;1575306853;-;-;Mon Dec 2 17:14:13 2019 +0000;1575306853
35b7f3bf343c08b91053e0b3012df21c0f52978a;35b7f3bf34;-;-;Mon Dec 2 16:43:02 2019 +0100;1575301382;-;-;Mon Dec 2 16:43:02 2019 +0100;1575301382
279777b2f3a43ed96eb8151f07b76f38672cc78f;279777b2f3;-;-;Mon Dec 2 16:22:40 2019 +0100;1575300160;-;-;Mon Dec 2 16:22:40 2019 +0100;1575300160
50ac8ad8b7d292066e38f5452d60ce81563eafa7;50ac8ad8b7;-;-;Mon Dec 2 14:25:00 2019 +0000;1575296700;-;-;Mon Dec 2 14:25:00 2019 +0000;1575296700
acfeb77d4173e90a4db08b3201cd2c6798173f6d;acfeb77d41;-;-;Mon Dec 2 14:12:33 2019 +0000;1575295953;-;-;Mon Dec 2 14:12:59 2019 +0000;1575295979
d4209392d27d23c568f9f5b458fc4bdc62005124;d4209392d2;-;-;Fri Nov 29 22:26:52 2019 +0100;1575062812;-;-;Mon Dec 2 14:12:59 2019 +0000;1575295979
17e2a0c7ea51c448a5bcb7aaa80034682a498b56;17e2a0c7ea;-;-;Mon Dec 2 12:59:02 2019 +0100;1575287942;-;-;Mon Dec 2 12:59:02 2019 +0100;1575287942
1560bbd81e9cfee6fff6e51cc7143cfcd8e6e3d9;1560bbd81e;-;-;Mon Dec 2 10:39:53 2019 +0100;1575279593;-;-;Mon Dec 2 10:39:53 2019 +0100;1575279593
1548a0c9a07833b8afdcbc2af6b6a2f41c66ceb7;1548a0c9a0;-;-;Mon Dec 2 00:28:08 2019 +0100;1575242888;-;-;Mon Dec 2 00:28:08 2019 +0100;1575242888
32e7adfa32ca7fce00c7d89a61307c33310a0619;32e7adfa32;-;-;Sun Dec 1 02:00:40 2019 +0100;1575162040;-;-;Sun Dec 1 02:00:40 2019 +0100;1575162040
91b557eb4be1803450ca6dbc808f1879f486876c;91b557eb4b;-;-;Sun Dec 1 01:21:53 2019 +0100;1575159713;-;-;Sun Dec 1 01:21:53 2019 +0100;1575159713
567c7695dd9b99fe1145ed2ef123ca0d098d86fa;567c7695dd;-;-;Sun Dec 1 00:20:00 2019 +0100;1575156000;-;-;Sun Dec 1 00:20:00 2019 +0100;1575156000
2267080ff48db4f448b62b04729d3d83de1d1e5e;2267080ff4;-;-;Sun Dec 1 00:14:16 2019 +0100;1575155656;-;-;Sun Dec 1 00:14:16 2019 +0100;1575155656
b3020bc484bc79865892b67952090b796277e2c4;b3020bc484;-;-;Fri Nov 29 22:26:52 2019 +0100;1575062812;-;-;Fri Nov 29 22:26:52 2019 +0100;1575062812
d7023fd02b6312bac82f8365cd7b864ec0af8c13;d7023fd02b;-;-;Fri Nov 29 19:01:42 2019 +0100;1575050502;-;-;Fri Nov 29 19:01:42 2019 +0100;1575050502
52a1fc4329d6d97fb4a1e1832c74393dcc4f72e9;52a1fc4329;-;-;Fri Nov 29 18:50:42 2019 +0100;1575049842;-;-;Fri Nov 29 18:50:42 2019 +0100;1575049842
5648ef3276b2e5ff6a439e2e3a7e6236714182a7;5648ef3276;-;-;Fri Nov 29 18:41:59 2019 +0100;1575049319;-;-;Fri Nov 29 18:41:59 2019 +0100;1575049319
7f61f3852cb45b475d4b0ccd88dc4b9d4c60a2fa;7f61f3852c;-;-;Fri Nov 29 16:58:09 2019 +0000;1575046689;-;-;Fri Nov 29 17:58:09 2019 +0100;1575046689
093323beeb97bb4d096782d2b6c964039781a1e6;093323beeb;-;-;Fri Nov 29 17:30:29 2019 +0100;1575045029;-;-;Fri Nov 29 17:30:29 2019 +0100;1575045029
c18d1ce7ca8eda9171b16d560274d468481542cb;c18d1ce7ca;-;-;Fri Nov 29 15:55:14 2019 +0000;1575042914;-;-;Fri Nov 29 15:55:14 2019 +0000;1575042914
47779df8961aa839d0117ad81ca0ee59b48e04ab;47779df896;-;-;Fri Nov 29 15:54:15 2019 +0000;1575042855;-;-;Fri Nov 29 15:54:15 2019 +0000;1575042855
d9ebc3bbc4f383376fdf6ee2f7d35879187f5026;d9ebc3bbc4;-;-;Fri Nov 29 14:55:18 2019 +0100;1575035718;-;-;Fri Nov 29 14:55:18 2019 +0100;1575035718
7cedffc707a327dfa56e0ef4808fe892ea38c470;7cedffc707;-;-;Fri Nov 29 00:07:44 2019 +0100;1574982464;-;-;Fri Nov 29 00:07:44 2019 +0100;1574982464
85016aef307b0d06180f2b031fc7e9280a6a21d2;85016aef30;-;-;Thu Nov 28 18:45:58 2019 +0100;1574963158;-;-;Thu Nov 28 18:45:58 2019 +0100;1574963158
d1f544209eb31b1d03345c7df755f3fc9528ef58;d1f544209e;-;-;Thu Nov 28 13:50:35 2019 +0100;1574945435;-;-;Thu Nov 28 13:50:35 2019 +0100;1574945435
b44daa8b71a60b46da90c9fcd5b7ad13d2047167;b44daa8b71;-;-;Thu Nov 28 11:28:49 2019 +0000;1574940529;-;-;Thu Nov 28 11:28:49 2019 +0000;1574940529
df2ed75df0c0b2a8ebb14d0aacf1fafe4f9f4888;df2ed75df0;-;-;Thu Nov 28 10:40:28 2019 +0000;1574937628;-;-;Thu Nov 28 10:40:28 2019 +0000;1574937628
d8f7ed133f823d393b1833a080484eb7ca9c781d;d8f7ed133f;-;-;Thu Nov 28 10:48:13 2019 +0100;1574934493;-;-;Thu Nov 28 10:48:13 2019 +0100;1574934493
6f3909f2f044b59fe792bb4f1785e512edf65bb4;6f3909f2f0;-;-;Thu Nov 28 09:44:35 2019 +0100;1574930675;-;-;Thu Nov 28 09:44:50 2019 +0100;1574930690
4aa013c5083fa1ccc1ca5ea77b43d4d41fb6a8be;4aa013c508;-;-;Thu Nov 28 10:07:20 2019 +0900;1574903240;-;-;Thu Nov 28 07:15:15 2019 +0000;1574925315
62ca7c4e8fa26d7eaa413c57aa232321d94d47f8;62ca7c4e8f;-;-;Sat Nov 23 23:19:42 2019 +0200;1574543982;-;-;Wed Nov 27 19:19:36 2019 +0100;1574878776
52630b06f5c55bc14a7c91a15ee78e6f6cb0d30f;52630b06f5;-;-;Wed Nov 27 11:52:43 2019 +0100;1574851963;-;-;Wed Nov 27 11:52:43 2019 +0100;1574851963
c394bdbbc3ef93209a845707a3f1927e01f4f3a3;c394bdbbc3;-;-;Wed Nov 27 09:43:34 2019 +0100;1574844214;-;-;Wed Nov 27 09:43:34 2019 +0100;1574844214
26d800cc936a9e1f6d326c3b48022267bb30ed0f;26d800cc93;-;-;Wed Nov 27 07:35:45 2019 +0000;1574840145;-;-;Wed Nov 27 07:35:45 2019 +0000;1574840145
5a552f16708192334de3b4d4a3cbf8a1c9027ebe;5a552f1670;-;-;Tue Nov 26 21:50:01 2019 +0000;1574805001;-;-;Tue Nov 26 21:50:01 2019 +0000;1574805001
30d68f2de78ef70ebcb02c2d40c85587f384f618;30d68f2de7;-;-;Tue Nov 26 16:21:48 2019 +0000;1574785308;-;-;Tue Nov 26 16:21:48 2019 +0000;1574785308
08669cc7c38463de628c604f22c1434c2d0701bb;08669cc7c3;-;-;Tue Nov 26 15:56:37 2019 +0000;1574783797;-;-;Tue Nov 26 15:59:57 2019 +0000;1574783997
db97dac86dd1b3023d87e6093ae0bcecdf4afd78;db97dac86d;-;-;Sun Nov 24 20:35:19 2019 -0800;1574656519;-;-;Tue Nov 26 15:59:57 2019 +0000;1574783997
f57f33710458ea982e00d71b3c885c461fe779ea;f57f337104;-;-;Tue Nov 26 12:08:22 2019 +0000;1574770102;-;-;Tue Nov 26 12:08:22 2019 +0000;1574770102
526d89e1e61807faffdb3686e4243ffa4c2831f0;526d89e1e6;-;-;Tue Nov 26 12:04:00 2019 +0000;1574769840;-;-;Tue Nov 26 12:04:00 2019 +0000;1574769840
70a3dbff24e7e39b8be9861a6fcb0cd05eb52bb2;70a3dbff24;-;-;Tue Nov 26 10:44:09 2019 +0000;1574765049;-;-;Tue Nov 26 10:48:39 2019 +0000;1574765319
ddb38eefeea1506bbf5bdefda4fd0c354381d79f;ddb38eefee;-;-;Tue Nov 26 10:50:08 2019 +0100;1574761808;-;-;Tue Nov 26 10:50:08 2019 +0100;1574761808
2d86f221ce9e4df99aec801ae226ed228f5b64ac;2d86f221ce;-;-;Mon Nov 25 18:27:34 2019 +0100;1574702854;-;-;Mon Nov 25 18:27:34 2019 +0100;1574702854
5f3c7ca559ac5f7d4d37917d568001579b596f2b;5f3c7ca559;-;-;Mon Nov 25 11:40:53 2019 +0100;1574678453;-;-;Mon Nov 25 16:23:27 2019 +0100;1574695407
a79eaded5d25b43c8db5c60711f0ea0c4f6331ac;a79eaded5d;-;-;Mon Nov 25 11:37:55 2019 +0100;1574678275;-;-;Mon Nov 25 16:23:27 2019 +0100;1574695407
6ed1b5835b84bab0fda48956cdad143080c063ae;6ed1b5835b;-;-;Mon Nov 25 11:47:41 2019 +0000;1574682461;-;-;Mon Nov 25 11:47:41 2019 +0000;1574682461
b234c77b67a44c3c28e2679f7031d9a401fc159a;b234c77b67;-;-;Fri Nov 22 20:01:49 2019 +0100;1574449309;-;-;Mon Nov 25 10:51:00 2019 +0000;1574679060
88fd90c3574ed01988059bfc3247f6620d233807;88fd90c357;-;-;Sun Nov 24 19:58:19 2019 +0100;1574621899;-;-;Sun Nov 24 19:58:19 2019 +0100;1574621899
59e250c93c0fd780057ca1b5f39bec1badbdf4b4;59e250c93c;-;-;Sun Nov 24 13:49:43 2019 +0100;1574599783;-;-;Sun Nov 24 13:49:43 2019 +0100;1574599783
7bed4f36da61ee6d729bbd59639d5be183655700;7bed4f36da;-;-;Fri Nov 22 16:38:43 2019 +0000;1574440723;-;-;Fri Nov 22 16:38:43 2019 +0000;1574440723
51b35e64cfba8a46803e97632244251ea7ea2700;51b35e64cf;-;-;Fri Nov 22 15:55:44 2019 +0000;1574438144;-;-;Fri Nov 22 15:57:21 2019 +0000;1574438241
6c7250b0ae6c7d4fae62c006392425a01a55fa3a;6c7250b0ae;-;-;Fri Nov 22 16:10:42 2019 +0100;1574435442;-;-;Fri Nov 22 16:10:42 2019 +0100;1574435442
dc0ebefc56cf507bfc3c13bc7383156b78366aeb;dc0ebefc56;-;-;Fri Nov 22 15:03:17 2019 +0100;1574431397;-;-;Fri Nov 22 15:03:17 2019 +0100;1574431397
712eac2915f73e9a59940e8a6a62123d6cea38d0;712eac2915;-;-;Fri Nov 22 12:11:07 2019 +0100;1574421067;-;-;Fri Nov 22 14:13:17 2019 +0100;1574428397
21b2fc1f0129420a8da521cd1e7f33f19beffbc1;21b2fc1f01;-;-;Fri Nov 22 10:27:38 2019 +0000;1574418458;-;-;Fri Nov 22 10:28:05 2019 +0000;1574418485
b5529f3f2bcf69c89a0a6a52c4f6b0034dc7f61e;b5529f3f2b;-;-;Thu Nov 21 18:20:17 2019 +0100;1574356817;-;-;Thu Nov 21 18:20:17 2019 +0100;1574356817
1f3b595a034c7c554b716ed09e3419a84d3f5fde;1f3b595a03;-;-;Tue Nov 5 17:47:19 2019 +0200;1572968839;-;-;Thu Nov 21 16:42:01 2019 +0100;1574350921
bb2e3ce6d13e14fb8c8aeac530859b06635eace0;bb2e3ce6d1;-;-;Thu Nov 21 22:26:42 2019 +0800;1574346402;-;-;Thu Nov 21 15:26:42 2019 +0100;1574346402
336e0595c58844bc27913debd447ab471e2cd334;336e0595c5;-;-;Thu Nov 21 13:22:30 2019 +0100;1574338950;-;-;Thu Nov 21 13:22:30 2019 +0100;1574338950
996f7290cf97df2938287630ca956fe5ac35fdc8;996f7290cf;-;-;Wed Nov 20 19:40:55 2019 +0000;1574278855;-;-;Wed Nov 20 19:41:16 2019 +0000;1574278876
82f4e933e0399b2c6a24a4fc0cd7c1c277cfa4f1;82f4e933e0;-;-;Wed Nov 20 17:37:58 2019 +0100;1574267878;-;-;Wed Nov 20 17:37:58 2019 +0100;1574267878
a5f2d8c2221725eb0125e00dda48488dc3ac9489;a5f2d8c222;-;-;Wed Nov 20 17:37:40 2019 +0100;1574267860;-;-;Wed Nov 20 17:37:40 2019 +0100;1574267860
e8b81ffc16590d24d9bcd4dd456faa0787871d92;e8b81ffc16;-;-;Wed Nov 20 11:55:25 2019 +0100;1574247325;-;-;Wed Nov 20 11:55:25 2019 +0100;1574247325
6fdeb10ee004abbaf3f29162db00ff01a2025aa2;6fdeb10ee0;-;-;Wed Nov 20 10:56:44 2019 +0100;1574243804;-;-;Wed Nov 20 10:56:44 2019 +0100;1574243804
f4e0288357090449ccd435074b98ebca5adc2640;f4e0288357;-;-;Tue Nov 19 16:18:08 2019 +0000;1574180288;-;-;Tue Nov 19 17:08:43 2019 +0000;1574183323
2728f10a07f1da5daf61f7ba6d5b3060a7e9ef0b;2728f10a07;-;-;Tue Nov 19 17:00:46 2019 +0100;1574179246;-;-;Tue Nov 19 17:10:18 2019 +0100;1574179818
f08cf0e86462a041a560332a45fde6ab473faccc;f08cf0e864;-;-;Tue Nov 19 16:03:43 2019 +0000;1574179423;-;-;Tue Nov 19 16:03:56 2019 +0000;1574179436
cd619a2f095de60638cf343220606559d8b9464a;cd619a2f09;-;-;Tue Nov 19 16:07:12 2019 +0100;1574176032;-;-;Tue Nov 19 16:07:12 2019 +0100;1574176032
fd6efb9a65082a1b16997f2a4f5ce7f2d6d7009c;fd6efb9a65;-;-;Tue Nov 19 15:53:20 2019 +0100;1574175200;-;-;Tue Nov 19 15:53:20 2019 +0100;1574175200
06b1f31cdd779a44a69f889b9f57b210e3432ca2;06b1f31cdd;-;-;Tue Nov 19 14:54:12 2019 +0100;1574171652;-;-;Tue Nov 19 14:54:12 2019 +0100;1574171652
4af6039359d5f950cf811f5b51edad28c728edc8;4af6039359;-;-;Tue Nov 19 14:53:30 2019 +0100;1574171610;-;-;Tue Nov 19 14:53:30 2019 +0100;1574171610
b4e1d483228c8b1763080e56b50c28c8bfd9a5d9;b4e1d48322;-;-;Tue Nov 19 14:20:19 2019 +0100;1574169619;-;-;Tue Nov 19 14:20:25 2019 +0100;1574169625
4c17314d0e07572fec0c28957f4de468238a2af6;4c17314d0e;-;-;Tue Nov 19 10:50:05 2019 +0100;1574157005;-;-;Tue Nov 19 10:50:05 2019 +0100;1574157005
9f7dd9f35260368cafbc405b52f90ef72a9d0686;9f7dd9f352;-;-;Tue Nov 19 10:22:47 2019 +0100;1574155367;-;-;Tue Nov 19 10:22:54 2019 +0100;1574155374
3a39b7fe82a961883e8ba4b6bbf5d9d4cc500450;3a39b7fe82;-;-;Mon Nov 18 22:28:53 2019 +0100;1574112533;-;-;Mon Nov 18 22:29:00 2019 +0100;1574112540
f0b2f7186a013d1621869eccf50a1a273b12be5a;f0b2f7186a;-;-;Mon Nov 18 16:12:55 2019 +0100;1574089975;-;-;Mon Nov 18 22:29:00 2019 +0100;1574112540
842b424acd8a4cbffd7f0dffae33fcce61fbce25;842b424acd;-;-;Mon Nov 18 17:27:09 2019 +0000;1574098029;-;-;Mon Nov 18 17:27:41 2019 +0000;1574098061
769a15cb822a52139141369d945ac0d4221028ae;769a15cb82;-;-;Mon Nov 18 13:01:26 2019 +0100;1574078486;-;-;Mon Nov 18 13:01:26 2019 +0100;1574078486
9526e39f8813420f90d693c225366f80d55e0a7f;9526e39f88;-;-;Sun Nov 17 19:50:50 2019 +0700;1573995050;-;-;Sun Nov 17 13:50:50 2019 +0100;1573995050
d397baa559f76d88b744787da32841be59d6df96;d397baa559;-;-;Fri Nov 15 12:43:55 2019 +0100;1573818235;-;-;Fri Nov 15 12:43:55 2019 +0100;1573818235
1607f1db0bccce2d1a12102cc4a190356e8962e1;1607f1db0b;-;-;Fri Nov 15 10:50:28 2019 +0100;1573811428;-;-;Fri Nov 15 10:50:28 2019 +0100;1573811428
a43ae63f17df875d29dbf986edfff3844da51136;a43ae63f17;-;-;Fri Nov 15 10:21:58 2019 +0100;1573809718;-;-;Fri Nov 15 10:21:58 2019 +0100;1573809718
9ec67bac82a6721a57736a1154ac8442edb7f1ff;9ec67bac82;-;-;Thu Nov 14 17:38:15 2019 +0000;1573753095;-;-;Thu Nov 14 17:38:15 2019 +0000;1573753095
905e3c1f9f429afaf582cb8cb774fa15e6d3f4fc;905e3c1f9f;-;-;Thu Nov 14 17:36:37 2019 +0000;1573752997;-;-;Thu Nov 14 17:37:10 2019 +0000;1573753030
830f81210f62b38cce77ab8fb9d3a3ebac5d816b;830f81210f;-;-;Thu Nov 14 18:31:32 2019 +0100;1573752692;-;-;Thu Nov 14 18:31:32 2019 +0100;1573752692
d38b07b4504c8e832ffc0b1d3d5597e46b2ef20a;d38b07b450;-;-;Thu Nov 14 15:37:30 2019 +0100;1573742250;-;-;Thu Nov 14 15:50:04 2019 +0100;1573743004
029e61f54abca55211a1a736ea4b9f0508a027de;029e61f54a;-;-;Thu Nov 14 14:22:44 2019 +0100;1573737764;-;-;Thu Nov 14 15:28:06 2019 +0100;1573741686
79910663450817c93535575dac2994253f7b6878;7991066345;-;-;Thu Nov 14 15:25:26 2019 +0100;1573741526;-;-;Thu Nov 14 15:25:26 2019 +0100;1573741526
89b3a9cef218c0d6ff3121d3f0c386b0c2f06dbc;89b3a9cef2;-;-;Thu Nov 14 14:30:21 2019 +0100;1573738221;-;-;Thu Nov 14 14:30:21 2019 +0100;1573738221
1b7ef7fce537ca6d94e74d1478b415362c176c0b;1b7ef7fce5;-;-;Thu Nov 14 14:13:23 2019 +0100;1573737203;-;-;Thu Nov 14 14:13:23 2019 +0100;1573737203
8df3afd0b65e15ed1063c737d7d428ede3670603;8df3afd0b6;-;-;Thu Nov 14 13:26:38 2019 +0100;1573734398;-;-;Thu Nov 14 13:26:38 2019 +0100;1573734398
834ebc44f8ddef719603f6f1ed70ef83bb337f2a;834ebc44f8;-;-;Thu Nov 14 16:57:45 2019 +0800;1573721865;-;-;Thu Nov 14 10:13:55 2019 +0100;1573722835
8186b77b5826fb780d5ff9d14a9b1f8c64232435;8186b77b58;-;-;Thu Nov 14 09:54:50 2019 +0100;1573721690;-;-;Thu Nov 14 09:59:42 2019 +0100;1573721982
a0e4ac39bf9430ec995ce4bb321ee694d742ffb9;a0e4ac39bf;-;-;Wed Oct 30 15:14:13 2019 +0100;1572444853;-;-;Thu Nov 14 09:59:42 2019 +0100;1573721982
3dc5e7b1d5fb166e66b0eb718aa57d246e967de9;3dc5e7b1d5;-;-;Wed Nov 13 23:41:26 2019 +0100;1573684886;-;-;Wed Nov 13 23:41:26 2019 +0100;1573684886
6fa9871a7001b9f3a7bcb325dcd6981cfdf2c025;6fa9871a70;-;-;Wed Nov 13 16:58:48 2019 +0100;1573660728;-;-;Wed Nov 13 17:59:51 2019 +0100;1573664391
22211a01ce5e07331a20fd9c256073a9d5392ce1;22211a01ce;-;-;Wed Nov 13 17:23:23 2019 +0100;1573662203;-;-;Wed Nov 13 17:23:23 2019 +0100;1573662203
32532a88c1aa24c902a09481f34e6a7bb2806fde;32532a88c1;-;-;Wed Nov 13 16:17:08 2019 +0100;1573658228;-;-;Wed Nov 13 16:17:08 2019 +0100;1573658228
55011e7a0fb92b3dbcc52da23bc28dfae5b2b6b0;55011e7a0f;-;-;Wed Nov 13 16:17:01 2019 +0100;1573658221;-;-;Wed Nov 13 16:17:01 2019 +0100;1573658221
2c1afca9c556b63c1645630b1db8d2934d1f2033;2c1afca9c5;-;-;Wed Nov 13 15:03:22 2019 +0000;1573657402;-;-;Wed Nov 13 15:03:22 2019 +0000;1573657402
f2b926467491098b09b38296b95d9543c97e22ad;f2b9264674;-;-;Wed Nov 13 14:42:32 2019 +0000;1573656152;-;-;Wed Nov 13 14:42:32 2019 +0000;1573656152
e6a65804f56ace84c317fe2f25c8471193420f04;e6a65804f5;-;-;Wed Nov 13 14:24:23 2019 +0000;1573655063;-;-;Wed Nov 13 14:24:23 2019 +0000;1573655063
8bb165e55c68a50997bb1d5edc5822e82de5c94f;8bb165e55c;-;-;Wed Nov 13 14:57:23 2019 +0900;1573624643;-;-;Wed Nov 13 14:23:58 2019 +0000;1573655038
4e5ae54417bbdf1e2e0f37ae3663151df39a70f4;4e5ae54417;-;-;Tue Nov 5 16:44:23 2019 +0800;1572943463;-;-;Wed Nov 13 14:49:25 2019 +0100;1573652965
7646895fd471601c364ab5bdcad17484d90a46b9;7646895fd4;-;-;Wed Nov 13 14:22:11 2019 +0100;1573651331;-;-;Wed Nov 13 14:22:53 2019 +0100;1573651373
f2b3953d765782f5bc8bc0027634a32bd2aab5c8;f2b3953d76;-;-;Mon Nov 11 18:52:56 2019 +0200;1573491176;-;-;Wed Nov 13 13:53:42 2019 +0100;1573649622
f61d728db9437cf689f942e624a47b4c4c256db0;f61d728db9;-;-;Wed Nov 13 13:48:08 2019 +0100;1573649288;-;-;Wed Nov 13 13:48:08 2019 +0100;1573649288
f4c847b7231b349749794833b15ff9b4b6ae6fed;f4c847b723;-;-;Tue Nov 12 17:32:40 2019 +0000;1573579960;-;-;Tue Nov 12 17:33:14 2019 +0000;1573579994
4bbf2d5785a3b81e7d0de536a819e2774f2b41c2;4bbf2d5785;-;-;Tue Nov 12 23:34:53 2019 +0800;1573572893;-;-;Tue Nov 12 17:40:28 2019 +0100;1573576828
a0cdbf5153e884a9afd17ec8db48082a0f5d2f4f;a0cdbf5153;-;-;Tue Nov 12 16:14:46 2019 +0000;1573575286;-;-;Tue Nov 12 16:14:46 2019 +0000;1573575286
a26d37b4076715e60833109afb3026eebba9a317;a26d37b407;-;-;Tue Nov 12 14:01:13 2019 +0100;1573563673;-;-;Tue Nov 12 14:01:13 2019 +0100;1573563673
a276c667d1b3a9356bde4b823d289e3678018edf;a276c667d1;-;-;Tue Nov 12 13:48:48 2019 +0100;1573562928;-;-;Tue Nov 12 13:48:48 2019 +0100;1573562928
9cc06454aa2257d693b9488ce2b32d01e708c504;9cc06454aa;-;-;Tue Nov 12 11:51:44 2019 +0100;1573555904;-;-;Tue Nov 12 11:51:44 2019 +0100;1573555904
fac9ca891a3c4b56c1b2ae9e173a2096de56d6a2;fac9ca891a;-;-;Mon Nov 11 17:31:34 2019 +0000;1573493494;-;-;Mon Nov 11 17:31:51 2019 +0000;1573493511
c4ec6aea6825011fd0f400d58b3c1fdf5d4fe002;c4ec6aea68;-;-;Mon Nov 11 17:18:52 2019 +0100;1573489132;-;-;Mon Nov 11 17:18:52 2019 +0100;1573489132
a7a88371e7906a1c0ab618158fd2b7ec77f31f03;a7a88371e7;-;-;Thu Nov 7 16:10:53 2019 +0100;1573139453;-;-;Mon Nov 11 16:48:30 2019 +0100;1573487310
789f6fc188482f0c68180c30422fd00052175ab8;789f6fc188;-;-;Mon Nov 11 16:40:56 2019 +0100;1573486856;-;-;Mon Nov 11 16:48:30 2019 +0100;1573487310
23ec6d243c8a4a40e0379e28f058e285987b8bb1;23ec6d243c;-;-;Mon Nov 11 15:04:50 2019 +0000;1573484690;-;-;Mon Nov 11 15:04:50 2019 +0000;1573484690
5ee990e0456d1d91c760a0c6afd8c6b2fe2e4de0;5ee990e045;-;-;Wed Nov 21 13:47:08 2018 -0800;1542836828;-;-;Mon Nov 11 15:04:29 2019 +0000;1573484669
990bfd8772fe8261dc6b2e4abf53049bece34c0f;990bfd8772;-;-;Mon Nov 11 15:55:26 2019 +0100;1573484126;-;-;Mon Nov 11 15:55:26 2019 +0100;1573484126
6d47e1e0a11a7dacffaaddc841b4f34f37b1e751;6d47e1e0a1;-;-;Mon Nov 11 15:55:06 2019 +0100;1573484106;-;-;Mon Nov 11 15:55:06 2019 +0100;1573484106
fc55e66d50041893def2490f8f97dbffc9066454;fc55e66d50;-;-;Fri Oct 11 13:55:50 2019 -0700;1570827350;-;-;Mon Nov 11 15:43:29 2019 +0100;1573483409
d494621ee3d2e0d6c706f401028b0bbd62491495;d494621ee3;-;-;Sun Nov 10 22:25:54 2019 +0800;1573395954;-;-;Mon Nov 11 15:43:05 2019 +0100;1573483385
92efe95069c4fc5969e8f4f4f84ee09c426fba5c;92efe95069;-;-;Mon Nov 11 11:59:50 2019 +0200;1573466390;-;-;Mon Nov 11 15:42:35 2019 +0100;1573483355
51b43496f41c6fd5745e88b0edcba53a88e4bb84;51b43496f4;-;-;Mon Nov 11 14:31:36 2019 +0000;1573482696;-;-;Mon Nov 11 14:31:53 2019 +0000;1573482713
d03ab7953114b39f56ead049d1f66c4f93fa9d0d;d03ab79531;-;-;Mon Nov 11 15:16:07 2019 +0100;1573481767;-;-;Mon Nov 11 15:16:07 2019 +0100;1573481767
f7bc8c8268e3472911b7ebc67d3cb3d4f5e63ecc;f7bc8c8268;-;-;Mon Nov 11 14:11:10 2019 +0000;1573481470;-;-;Mon Nov 11 15:11:10 2019 +0100;1573481470
b5fb28284e6e9dab9cb8747d1384d9620858fc4b;b5fb28284e;-;-;Mon Nov 11 13:56:40 2019 +0000;1573480600;-;-;Mon Nov 11 14:56:40 2019 +0100;1573480600
ffe69a51e197152509458c0ed56bba1d83e87632;ffe69a51e1;-;-;Mon Nov 11 12:04:28 2019 +0000;1573473868;-;-;Mon Nov 11 12:04:28 2019 +0000;1573473868
1403603b05e1efa558af60d36b6025324369cbd2;1403603b05;-;-;Mon Nov 11 11:44:44 2019 +0000;1573472684;-;-;Mon Nov 11 11:44:44 2019 +0000;1573472684
64dfa462a6354bb0dc3240ca9be68ce37e695c17;64dfa462a6;-;-;Sat Nov 9 18:03:07 2019 +0100;1573318987;-;-;Sat Nov 9 18:03:07 2019 +0100;1573318987
29185505b1b81b713609b2748dc211b2f0d7c2e8;29185505b1;-;-;Sat Nov 9 13:51:28 2019 +0100;1573303888;-;-;Sat Nov 9 13:51:28 2019 +0100;1573303888
cb9d27b9b88c282be8aa63085a4b1b6d04690cbf;cb9d27b9b8;-;-;Sat Nov 9 12:45:02 2019 +0100;1573299902;-;-;Sat Nov 9 12:45:02 2019 +0100;1573299902
cfb7777a070ca2d19c91b98bf39c42bdf8d7be72;cfb7777a07;-;-;Sun Sep 9 20:31:07 2018 -0400;1536539467;-;-;Fri Nov 8 18:09:49 2019 +0000;1573236589
f638bfc6a9231591f4e605c4caced092cd7cd32f;f638bfc6a9;-;-;Sun Feb 10 14:22:43 2019 +0300;1549797763;-;-;Fri Nov 8 17:50:48 2019 +0000;1573235448
b98d8ef06f4a8c21e815d449336e462983bd17b5;b98d8ef06f;-;-;Fri Nov 8 17:48:20 2019 +0000;1573235300;-;-;Fri Nov 8 17:48:20 2019 +0000;1573235300
b0b6423714be38d5cf74bf658386faf62c300d41;b0b6423714;-;-;Fri Nov 8 21:36:37 2019 +0700;1573223797;-;-;Fri Nov 8 17:19:53 2019 +0000;1573233593
fd453a0753e18804416f02028a32997491f9ed1c;fd453a0753;-;-;Fri Nov 8 15:04:15 2019 +0000;1573225455;-;-;Fri Nov 8 15:04:15 2019 +0000;1573225455
21d390a01860fc89856750dd6c836ea2205bb023;21d390a018;-;-;Thu Aug 15 11:22:52 2019 -0400;1565882572;-;-;Fri Nov 8 13:00:37 2019 +0000;1573218037
9b8da04e643bdb580055d5305dec68b5c2c3ea6c;9b8da04e64;-;-;Fri Nov 8 20:39:02 2019 +0800;1573216742;-;-;Fri Nov 8 13:39:02 2019 +0100;1573216742
a6dd63f9cab211a88457c6a0c0ee2d513a103b48;a6dd63f9ca;-;-;Fri Nov 8 09:18:06 2019 +0000;1573204686;-;-;Fri Nov 8 09:18:06 2019 +0000;1573204686
c7b9988033ec26abc56505190eaad705e1bb8938;c7b9988033;-;-;Fri Nov 8 08:45:03 2019 +0000;1573202703;-;-;Fri Nov 8 08:45:03 2019 +0000;1573202703
d394c7a5c0e675ac920f3c6d040bd5fa4d93a47f;d394c7a5c0;-;-;Thu Nov 7 22:08:52 2019 +0100;1573160932;-;-;Thu Nov 7 22:08:52 2019 +0100;1573160932
6a48bb7b4defa47f7bd07bf95358c4a1d20e9ce3;6a48bb7b4d;-;-;Thu Nov 7 22:08:29 2019 +0100;1573160909;-;-;Thu Nov 7 22:08:29 2019 +0100;1573160909
f5ae3c77c614d0e294e4c346ba859b0fc566452d;f5ae3c77c6;-;-;Thu Nov 7 17:52:01 2019 +0200;1573141921;-;-;Thu Nov 7 18:00:15 2019 +0100;1573146015
55f3f128c999d7bc4aaf923784937b1cfcd20d61;55f3f128c9;-;-;Thu Nov 7 14:29:47 2019 +0100;1573133387;-;-;Thu Nov 7 14:29:47 2019 +0100;1573133387
bf36f49dc5454dae4d21ead33474eb3783d34a05;bf36f49dc5;-;-;Thu Nov 7 09:09:42 2019 +0100;1573114182;-;-;Thu Nov 7 09:10:07 2019 +0100;1573114207
5d2fc2fc32a73f2250addac1404ae3b8df309736;5d2fc2fc32;-;-;Wed Nov 6 21:58:02 2019 +0000;1573077482;-;-;Wed Nov 6 21:58:02 2019 +0000;1573077482
627a9be65460dae2bd4c4050070fb721a6a70743;627a9be654;-;-;Wed Nov 6 21:40:31 2019 +0000;1573076431;-;-;Wed Nov 6 21:40:53 2019 +0000;1573076453
203977972b9c6e0a26cf99e30b620f9ab127bc5b;203977972b;-;-;Wed Nov 6 17:39:41 2019 +0000;1573061981;-;-;Wed Nov 6 17:54:39 2019 +0000;1573062879
3a241b546f4d96b3bd4083477e9308a37bcbb7c9;3a241b546f;-;-;Wed Nov 6 16:17:41 2019 +0000;1573057061;-;-;Wed Nov 6 17:54:39 2019 +0000;1573062879
29599a93a4a28771a934436292717691798ed871;29599a93a4;-;-;Wed Nov 6 18:28:28 2019 +0100;1573061308;-;-;Wed Nov 6 18:28:28 2019 +0100;1573061308
9960ed55aa3ce3f75dd8c5a0e550438323a0344a;9960ed55aa;-;-;Wed Nov 6 15:36:25 2019 +0000;1573054585;-;-;Wed Nov 6 15:39:37 2019 +0000;1573054777
29b31cad488fbe698999b5ab370f6c1cd3ce75ac;29b31cad48;-;-;Wed Nov 6 14:21:52 2019 +0100;1573046512;-;-;Wed Nov 6 14:21:52 2019 +0100;1573046512
92228f0fc0564868afece5e5d15ff4da31234c34;92228f0fc0;-;-;Wed Nov 6 13:49:44 2019 +0100;1573044584;-;-;Wed Nov 6 13:49:44 2019 +0100;1573044584
1a13700f8bc7c81fee84bc883fe0c2024adf5d92;1a13700f8b;-;-;Wed Nov 6 10:51:55 2019 +0100;1573033915;-;-;Wed Nov 6 12:57:01 2019 +0100;1573041421
9da15ee23aff3960bb36caa980872dd04d9dbd9f;9da15ee23a;-;-;Sun Nov 3 22:05:12 2019 +0200;1572811512;-;-;Wed Nov 6 12:57:01 2019 +0100;1573041421
f9c1f136c39aec2d9d251c08f8386865c81cd76f;f9c1f136c3;-;-;Tue Nov 5 15:27:46 2019 +0100;1572964066;-;-;Tue Nov 5 15:27:46 2019 +0100;1572964066
fc1dcddb75ff81e03f04dd407054cebce5eb595d;fc1dcddb75;-;-;Tue Nov 5 15:20:18 2019 +0100;1572963618;-;-;Tue Nov 5 15:20:18 2019 +0100;1572963618
6e3deb86f18b212fa99c502d4b07e3e21f43829c;6e3deb86f1;-;-;Tue Nov 5 14:30:31 2019 +0100;1572960631;-;-;Tue Nov 5 14:30:31 2019 +0100;1572960631
d6002092c420786f9e1e31f9b02d417720c44bfd;d6002092c4;-;-;Mon Nov 4 15:41:19 2019 +0100;1572878479;-;-;Mon Nov 4 15:44:53 2019 +0100;1572878693
01fb35bd2d81444fff008172bf58efa1912402af;01fb35bd2d;-;-;Mon Nov 4 15:35:29 2019 +0100;1572878129;-;-;Mon Nov 4 15:44:53 2019 +0100;1572878693
8855056395a3603ea7c8e50684714f2caad63827;8855056395;-;-;Mon Nov 4 12:55:27 2019 +0900;1572839727;-;-;Mon Nov 4 10:10:49 2019 +0000;1572862249
87d4ad39da69cda39a501cc0f860201982641f62;87d4ad39da;-;-;Mon Nov 4 10:44:53 2019 +0100;1572860693;-;-;Mon Nov 4 10:44:53 2019 +0100;1572860693
f746e9df82a3484e1275dcf7c3b9594a123d1bb0;f746e9df82;-;-;Sun Nov 3 15:04:58 2019 +0100;1572789898;-;-;Sun Nov 3 15:04:58 2019 +0100;1572789898
c28cc0bc74c0d73648a6c7a459a6871f593d5844;c28cc0bc74;-;-;Sat Nov 2 08:19:35 2019 +0000;1572682775;-;-;Sat Nov 2 08:19:35 2019 +0000;1572682775
89fc0f27135244603a22a7b6268cffd5b46f458e;89fc0f2713;-;-;Sun Oct 13 16:32:56 2019 +0900;1570951976;-;-;Fri Nov 1 11:57:03 2019 +0000;1572609423
2d208de145833d2ac62149b536495db0c5a26101;2d208de145;-;-;Thu Sep 12 15:21:34 2019 +0200;1568294494;-;-;Fri Nov 1 11:44:16 2019 +0000;1572608656
3858a69c4292189391860f3cd58782846aa80bd5;3858a69c42;-;-;Thu Oct 31 16:00:02 2019 +0100;1572534002;-;-;Thu Oct 31 16:06:42 2019 +0100;1572534402
95af07990690de2fd8f121e6dea8a99976db0c4c;95af079906;-;-;Thu Oct 31 15:27:27 2019 +0100;1572532047;-;-;Thu Oct 31 15:27:27 2019 +0100;1572532047
005d2018d4046ffe483b073f51080d9f7b9f54d6;005d2018d4;-;-;Thu Oct 31 14:12:34 2019 +0000;1572531154;-;-;Thu Oct 31 14:14:44 2019 +0000;1572531284
64f2beb9bf24cd1ab99bc0ee082a09d7ac50fe85;64f2beb9bf;-;-;Tue Oct 29 12:10:48 2019 +1100;1572311448;-;-;Thu Oct 31 14:13:44 2019 +0000;1572531224
fd9678833fc2384c7f61cdb0a734a6d0dddd9628;fd9678833f;-;-;Thu Oct 31 13:54:00 2019 +0000;1572530040;-;-;Thu Oct 31 14:13:44 2019 +0000;1572531224
3691c187ef5f296604764014632286663a1ba8aa;3691c187ef;-;-;Thu Oct 31 13:51:51 2019 +0000;1572529911;-;-;Thu Oct 31 14:13:44 2019 +0000;1572531224
74b7b550f61e480a589219595a968a998d2c2578;74b7b550f6;-;-;Thu Oct 31 14:34:57 2019 +0100;1572528897;-;-;Thu Oct 31 14:34:57 2019 +0100;1572528897
57b4b74e7dbbecb4905f3751e567c8f305be5cd6;57b4b74e7d;-;-;Thu Oct 31 13:55:13 2019 +0100;1572526513;-;-;Thu Oct 31 13:55:13 2019 +0100;1572526513
3b724c72b643caf795151496de7477a750a1db4a;3b724c72b6;-;-;Wed Oct 30 18:51:41 2019 +0100;1572457901;-;-;Wed Oct 30 19:57:17 2019 +0100;1572461837
9f00eb68e922b5462d309ac3ff8bfa4af9715674;9f00eb68e9;-;-;Wed Oct 30 19:14:58 2019 +0100;1572459298;-;-;Wed Oct 30 19:14:58 2019 +0100;1572459298
3c17178b16b455b31b8dd93ded073c43ea9182e3;3c17178b16;-;-;Wed Oct 30 18:13:02 2019 +0100;1572455582;-;-;Wed Oct 30 18:30:05 2019 +0100;1572456605
4beb25b318486baef65fbc3c1118b43aab9f3dc5;4beb25b318;-;-;Wed Oct 30 13:45:32 2019 +0100;1572439532;-;-;Wed Oct 30 17:15:59 2019 +0100;1572452159
43a86565cac09de05e50678721cbc83a61a43a6e;43a86565ca;-;-;Wed Oct 30 16:23:37 2019 +0100;1572449017;-;-;Wed Oct 30 16:23:37 2019 +0100;1572449017
cef4478b7b917033a8a01a6e633f6f59aab67e59;cef4478b7b;-;-;Wed Oct 30 15:59:44 2019 +0100;1572447584;-;-;Wed Oct 30 15:59:44 2019 +0100;1572447584
8d88e291736d02c38bb6f068f47535d65e0e7baf;8d88e29173;-;-;Wed Oct 30 14:52:43 2019 +0100;1572443563;-;-;Wed Oct 30 15:07:23 2019 +0100;1572444443
19ff7d84ab2763f86d5761af6238755e35532970;19ff7d84ab;-;-;Wed Oct 30 14:31:46 2019 +0100;1572442306;-;-;Wed Oct 30 14:31:46 2019 +0100;1572442306
19107649d23f370b30ef7e3d99528fe814addb94;19107649d2;-;-;Wed Oct 30 14:31:34 2019 +0100;1572442294;-;-;Wed Oct 30 14:31:34 2019 +0100;1572442294
42e7ade110745c0f3eaa34f9d171fc484170a4fe;42e7ade110;-;-;Wed Oct 30 14:31:09 2019 +0100;1572442269;-;-;Wed Oct 30 14:31:09 2019 +0100;1572442269
dba7bf7ec1d3629a4f9ae0458b9c62176c94b139;dba7bf7ec1;-;-;Wed Oct 30 14:30:26 2019 +0100;1572442226;-;-;Wed Oct 30 14:30:26 2019 +0100;1572442226
422c26832bd82d5ce94b76dc60ff12b5b17a70e6;422c26832b;-;-;Wed Oct 30 12:38:26 2019 +0000;1572439106;-;-;Wed Oct 30 12:38:26 2019 +0000;1572439106
34cfbe5d2629245f7140d8d9ed5f71b3583d0141;34cfbe5d26;-;-;Wed Oct 30 12:10:45 2019 +0000;1572437445;-;-;Wed Oct 30 12:10:45 2019 +0000;1572437445
0e08e190703533b40e59effcdbfa3a78e1ea332f;0e08e19070;-;-;Wed Oct 30 07:05:18 2019 +0000;1572419118;-;-;Wed Oct 30 07:05:18 2019 +0000;1572419118
248ad0fa796e2d3e611a166f68357a3d5d608ecf;248ad0fa79;-;-;Wed Oct 30 01:04:41 2019 +0100;1572393881;-;-;Wed Oct 30 01:04:41 2019 +0100;1572393881
dc59e50561eeaedbc6f7a50d8703d627be2c6847;dc59e50561;-;-;Wed Oct 30 01:04:26 2019 +0100;1572393866;-;-;Wed Oct 30 01:04:26 2019 +0100;1572393866
d51ab24a1b2eb1a32afa193c4a1a6ccc4485bd22;d51ab24a1b;-;-;Wed Oct 30 00:26:45 2019 +0100;1572391605;-;-;Wed Oct 30 00:26:45 2019 +0100;1572391605
046380988b9f98bed43fad1943c8f10f6a1429de;046380988b;-;-;Wed Oct 30 00:26:11 2019 +0100;1572391571;-;-;Wed Oct 30 00:26:11 2019 +0100;1572391571
773b2f06a10679979ee747ad2ee2182eaafcc8cd;773b2f06a1;-;-;Wed Oct 30 00:25:17 2019 +0100;1572391517;-;-;Wed Oct 30 00:25:17 2019 +0100;1572391517
7d02ba0694b7b20f3af0ecb739851a008aff5b95;7d02ba0694;-;-;Tue Oct 29 15:01:18 2019 +0100;1572357678;-;-;Tue Oct 29 15:01:18 2019 +0100;1572357678
ef14d76d3637abeb31edd8a22031c21f9445efef;ef14d76d36;-;-;Tue Oct 29 12:34:04 2019 +0000;1572352444;-;-;Tue Oct 29 12:34:04 2019 +0000;1572352444
ce0b012f4327ab81f005a99bff795f79c6e3be1c;ce0b012f43;-;-;Tue Oct 29 13:27:39 2019 +0100;1572352059;-;-;Tue Oct 29 13:27:39 2019 +0100;1572352059
9b2087618bba6cd546066e2f27deb166f6870a64;9b2087618b;-;-;Wed Oct 9 00:01:14 2019 +0200;1570572074;-;-;Tue Oct 29 12:56:24 2019 +0100;1572350184
2482209437c62a16a678c734e8ce01ca0cdab18a;2482209437;-;-;Tue Oct 29 12:49:05 2019 +0100;1572349745;-;-;Tue Oct 29 12:49:05 2019 +0100;1572349745
1a54b83ae1477172f9073f72479c1d0ae13bbfc9;1a54b83ae1;-;-;Tue Oct 29 11:46:33 2019 +0000;1572349593;-;-;Tue Oct 29 12:46:33 2019 +0100;1572349593
0cea49fdc0f7cc4ed1783e51f9ff81b40d3a9f73;0cea49fdc0;-;-;Mon Oct 28 14:31:38 2019 +0100;1572269498;-;-;Mon Oct 28 14:31:38 2019 +0100;1572269498
dd140c6ff98afe3087ecc2006007cc5ff4607e53;dd140c6ff9;-;-;Mon Oct 28 14:31:08 2019 +0100;1572269468;-;-;Mon Oct 28 14:31:08 2019 +0100;1572269468
46329d0b973eaf4698a5fb916996f3ad6274201f;46329d0b97;-;-;Mon Oct 28 13:33:30 2019 +0100;1572266010;-;-;Mon Oct 28 13:33:30 2019 +0100;1572266010
d159ec89a3c86b4d7f04fcd547dcdb904f2791df;d159ec89a3;-;-;Sun Oct 27 21:22:26 2019 +0100;1572207746;-;-;Sun Oct 27 21:22:26 2019 +0100;1572207746
9f242fac66790ffddd19c780559d98e69f90fdea;9f242fac66;-;-;Sun Oct 27 20:11:08 2019 +0100;1572203468;-;-;Sun Oct 27 20:11:08 2019 +0100;1572203468
0d8aa854e80b931db59f9666a9646ab43ee487bc;0d8aa854e8;-;-;Fri Oct 25 17:16:33 2019 +0200;1572016593;-;-;Fri Oct 25 17:16:33 2019 +0200;1572016593
5bd1af2a7f1cac3750337f26a5df9386ae3a1582;5bd1af2a7f;-;-;Fri Oct 25 17:04:21 2019 +0200;1572015861;-;-;Fri Oct 25 17:04:21 2019 +0200;1572015861
fd95646a04be23febb83a353e444e8aeeed5086a;fd95646a04;-;-;Fri Oct 25 15:26:20 2019 +0200;1572009980;-;-;Fri Oct 25 15:26:20 2019 +0200;1572009980
46a31bc6562530cc125369d3d5e4f662fee9d6a7;46a31bc656;-;-;Fri Oct 25 22:08:11 2019 +0900;1572008891;-;-;Fri Oct 25 15:08:11 2019 +0200;1572008891
f8385903004ab160d35ebfbe0ffb07b1877b1b72;f838590300;-;-;Fri Oct 25 14:48:46 2019 +0200;1572007726;-;-;Fri Oct 25 14:48:46 2019 +0200;1572007726
cba91ab28e7ccdb2dbc809f249a640b14ee15eba;cba91ab28e;-;-;Fri Oct 25 12:52:49 2019 +0100;1572004369;-;-;Fri Oct 25 13:52:48 2019 +0200;1572004368
a51334f0797821a2925aa21faf69b9c24bdfb3f7;a51334f079;-;-;Fri Oct 25 09:24:15 2019 +0200;1571988255;-;-;Fri Oct 25 09:24:15 2019 +0200;1571988255
fecb6813399c337f4f94ff5d3e06e7b24260c4b5;fecb681339;-;-;Fri Oct 25 09:23:13 2019 +0200;1571988193;-;-;Fri Oct 25 09:23:13 2019 +0200;1571988193
22192fcaaba3c038f201e77f15ff1dede7a90aaf;22192fcaab;-;-;Fri Oct 25 09:09:10 2019 +0200;1571987350;-;-;Fri Oct 25 09:09:10 2019 +0200;1571987350
013ec6abdb65c23d3e1be2dc6141eac2130d0503;013ec6abdb;-;-;Thu Oct 24 11:54:42 2019 -0700;1571943282;-;-;Thu Oct 24 13:20:11 2019 -0700;1571948411
f8b875d2d8a6ad4462a8b28cbeae4e40e400c087;f8b875d2d8;-;-;Thu Oct 24 16:15:59 2019 +0200;1571926559;-;-;Thu Oct 24 16:15:59 2019 +0200;1571926559
5b6337b6a9c4b23720f92aee575df099a9972c64;5b6337b6a9;-;-;Thu Oct 24 13:55:26 2019 +0200;1571918126;-;-;Thu Oct 24 13:55:26 2019 +0200;1571918126
13cdb70f64409abac7fb40cfec2250d951e6da99;13cdb70f64;-;-;Thu Oct 24 13:49:35 2019 +0200;1571917775;-;-;Thu Oct 24 13:49:35 2019 +0200;1571917775
f3cad9f685d10b1e814c589b085a820ae2e2a6c7;f3cad9f685;-;-;Thu Oct 24 13:37:56 2019 +0200;1571917076;-;-;Thu Oct 24 13:37:56 2019 +0200;1571917076
db4d51ba322a329243f7ae761b218da824e0c591;db4d51ba32;-;-;Thu Oct 24 13:12:02 2019 +0200;1571915522;-;-;Thu Oct 24 13:12:02 2019 +0200;1571915522
693101ded876318a489e6347a47cb61dcb2a58be;693101ded8;-;-;Wed Oct 23 14:10:25 2019 +0200;1571832625;-;-;Thu Oct 24 10:41:37 2019 +0200;1571906497
5c0212e678fde85d36a24bdc2964f7898267b48f;5c0212e678;-;-;Wed Oct 23 17:32:42 2019 +0100;1571848362;-;-;Wed Oct 23 17:32:42 2019 +0100;1571848362
9bbf22a1c9578789df2aef82514f5fa9fe6cdf92;9bbf22a1c9;-;-;Thu Oct 10 23:24:56 2019 +0200;1570742696;-;-;Wed Oct 23 16:55:00 2019 +0100;1571846100
b343e733df333d6ead6d83f31175e846fc9028ff;b343e733df;-;-;Wed Oct 23 16:00:56 2019 +0100;1571842856;-;-;Wed Oct 23 16:51:04 2019 +0100;1571845864
88ec452deea662dc2182a481d1888ca069c255d0;88ec452dee;-;-;Wed Oct 23 16:50:42 2019 +0100;1571845842;-;-;Wed Oct 23 16:50:42 2019 +0100;1571845842
1b43b09e5555fb6b13875ba2cf4b3e3c82fa255e;1b43b09e55;-;-;Wed Oct 23 14:58:48 2019 +0100;1571839128;-;-;Wed Oct 23 14:58:48 2019 +0100;1571839128
6c4ac8f9c99d63a9172fad766be0cc7b25777b81;6c4ac8f9c9;-;-;Wed Oct 23 14:27:00 2019 +0200;1571833620;-;-;Wed Oct 23 14:27:00 2019 +0200;1571833620
eabf357640b415a24d55d241a1905927c8156844;eabf357640;-;-;Wed Oct 23 14:03:44 2019 +0200;1571832224;-;-;Wed Oct 23 14:03:50 2019 +0200;1571832230
82f64f6a8d7478852cc68801ce6bac2d1e987e0c;82f64f6a8d;-;-;Wed Oct 23 12:27:51 2019 +0200;1571826471;-;-;Wed Oct 23 12:34:51 2019 +0200;1571826891
e73344fc7183631bc86ef9273afbbdce9414e629;e73344fc71;-;-;Thu Oct 3 20:38:23 2019 -0400;1570149503;-;-;Wed Oct 23 12:28:08 2019 +0200;1571826488
e6f92ae2af2fc8dfb090be758c3216c4f814eec5;e6f92ae2af;-;-;Wed Oct 23 09:54:07 2019 +0200;1571817247;-;-;Wed Oct 23 09:54:08 2019 +0200;1571817248
112bbe859c67a71798e514ede5f5880dc59e66b5;112bbe859c;-;-;Tue Oct 22 18:07:41 2019 +0200;1571760461;-;-;Tue Oct 22 18:07:41 2019 +0200;1571760461
71400ea604302f5b7e33c363b27efc67494a55bd;71400ea604;-;-;Tue Oct 22 13:58:13 2019 +0200;1571745493;-;-;Tue Oct 22 13:58:13 2019 +0200;1571745493
2146bc816a93caa0b12c2ec5d8896fe166253490;2146bc816a;-;-;Tue Oct 22 12:40:38 2019 +0200;1571740838;-;-;Tue Oct 22 12:40:38 2019 +0200;1571740838
ad543dbee3d0c7a163fb378e8049b22adf0ac516;ad543dbee3;-;-;Mon Oct 21 17:46:43 2019 -0700;1571705203;-;-;Mon Oct 21 21:57:30 2019 -0700;1571720250
b1a938fa244d45fdc637dad6a731b2f38af69460;b1a938fa24;-;-;Mon Oct 21 09:06:56 2019 -0700;1571674016;-;-;Mon Oct 21 13:51:37 2019 -0700;1571691097
243f2890ee9e98c97c8dc7278f033def3bf33f86;243f2890ee;-;-;Fri Oct 18 11:59:30 2019 +0200;1571392770;-;-;Fri Oct 18 11:59:30 2019 +0200;1571392770
c087697fdedacae1919c99b026884e73777fd472;c087697fde;-;-;Fri Oct 18 11:56:18 2019 +0200;1571392578;-;-;Fri Oct 18 11:56:18 2019 +0200;1571392578
9e066e5272393b4797a62a1d7c59aaefb184166f;9e066e5272;-;-;Fri Oct 18 10:38:40 2019 +0200;1571387920;-;-;Fri Oct 18 10:38:40 2019 +0200;1571387920
8e72722d7f1ed5b40c5b4bcfd6515ff153631487;8e72722d7f;-;-;Fri Oct 18 09:52:13 2019 +0200;1571385133;-;-;Fri Oct 18 09:52:13 2019 +0200;1571385133
a65c6f6884d5cb835c45eca764adcb111c745d16;a65c6f6884;-;-;Thu Oct 17 09:36:05 2019 +0200;1571297765;-;-;Thu Oct 17 09:36:05 2019 +0200;1571297765
d1aee0e8691c41753621332ff69b17be3f7c8ba2;d1aee0e869;-;-;Sun Oct 6 23:34:27 2019 +0900;1570372467;-;-;Sun Oct 6 16:34:27 2019 +0200;1570372467
3f9359aa835ffeb45faa33cb0277e39120c8ec9b;3f9359aa83;-;-;Sat Oct 5 17:44:40 2019 +0200;1570290280;-;-;Sat Oct 5 17:44:40 2019 +0200;1570290280
972337e8f9424051d90a20e4680eb61037fe5f36;972337e8f9;-;-;Wed Oct 2 15:22:39 2019 +0200;1570022559;-;-;Wed Oct 2 15:22:39 2019 +0200;1570022559
6fd50d7d17dcd811af11d46f146a8ab8abe8405d;6fd50d7d17;-;-;Wed Oct 2 14:57:50 2019 +0200;1570021070;-;-;Wed Oct 2 15:04:03 2019 +0200;1570021443
fc74c4371809130549fda3aac81aea5cc031a27d;fc74c43718;-;-;Wed Oct 2 14:49:23 2019 +0200;1570020563;-;-;Wed Oct 2 14:49:23 2019 +0200;1570020563
3a59b01be8aa213194631cf928ebf0d64d36b2da;3a59b01be8;-;-;Wed Oct 2 14:26:50 2019 +0200;1570019210;-;-;Wed Oct 2 14:26:50 2019 +0200;1570019210
f16e29892e0098ab6387b407e47a2cce06999999;f16e29892e;-;-;Wed Oct 2 13:11:06 2019 +0200;1570014666;-;-;Wed Oct 2 13:11:06 2019 +0200;1570014666
96930924b26d757edb1b3b02f1d6953845d85b22;96930924b2;-;-;Wed Oct 2 12:48:34 2019 +0200;1570013314;-;-;Wed Oct 2 12:48:34 2019 +0200;1570013314
a4257f84e765389700d466d274e1e7cacabcb7a0;a4257f84e7;-;-;Wed Oct 2 10:00:33 2019 +0200;1570003233;-;-;Wed Oct 2 10:00:33 2019 +0200;1570003233
b7f819c9e10fe0c30d599e6cb0f396c65bb3272a;b7f819c9e1;-;-;Tue Oct 1 09:10:44 2019 -0400;1569935444;-;-;Tue Oct 1 15:10:44 2019 +0200;1569935444
d9bb9b55eecc87e18ae07a3b7d6d0897addf5741;d9bb9b55ee;-;-;Mon Sep 30 18:31:13 2019 +0200;1569861073;-;-;Mon Sep 30 18:31:13 2019 +0200;1569861073
60cd73e97cdc817c211ad847bb617ca9fc67e575;60cd73e97c;-;-;Mon Sep 30 18:21:29 2019 +0200;1569860489;-;-;Mon Sep 30 18:21:29 2019 +0200;1569860489
3b0b173353348d703b2b6679510d79546e6bbcf1;3b0b173353;-;-;Mon Sep 16 10:38:25 2019 +0100;1568626705;-;-;Mon Sep 30 15:04:14 2019 +0200;1569848654
fef09e3522aec272c366c343db73228d91681cd9;fef09e3522;-;-;Mon Sep 30 08:57:48 2019 +0000;1569833868;-;-;Mon Sep 30 08:57:48 2019 +0000;1569833868
e435f642bc5b84ce6862b4d9c0b62cb1bd1fe385;e435f642bc;-;-;Mon Sep 30 10:23:30 2019 +0200;1569831810;-;-;Mon Sep 30 10:23:30 2019 +0200;1569831810
a446f572a67074c50477a6a17c55aa6d8e2f3808;a446f572a6;-;-;Mon Sep 30 10:22:44 2019 +0200;1569831764;-;-;Mon Sep 30 10:22:44 2019 +0200;1569831764
545a4faa2d02a047241cd31c7d0bb0b1b5b028d2;545a4faa2d;-;-;Mon Sep 30 10:14:57 2019 +0200;1569831297;-;-;Mon Sep 30 10:14:57 2019 +0200;1569831297
f3ba263fccde24bc6bb93139960793bf5815f71e;f3ba263fcc;-;-;Mon Sep 30 07:20:43 2019 +0000;1569828043;-;-;Mon Sep 30 07:20:43 2019 +0000;1569828043
77bc1b05a6e4cba52352edc02262a37d75c67c09;77bc1b05a6;-;-;Mon Sep 30 08:50:03 2019 +0200;1569826203;-;-;Mon Sep 30 08:50:03 2019 +0200;1569826203
29f0d1b25e73b1046a78c244cd05859e64e295a6;29f0d1b25e;-;-;Mon Sep 30 07:55:23 2019 +0200;1569822923;-;-;Mon Sep 30 07:57:12 2019 +0200;1569823032
f9424c889b7a141299b3a173f02d19952d7e3f41;f9424c889b;-;-;Mon Sep 30 07:52:47 2019 +0200;1569822767;-;-;Mon Sep 30 07:57:12 2019 +0200;1569823032
b24ac741063ed04233df32f6e3a5e57dd1755b6f;b24ac74106;-;-;Sat Sep 28 17:04:57 2019 +0200;1569683097;-;-;Sun Sep 29 19:31:12 2019 +0200;1569778272
1e0bdc0337843203f0971b2de7b9c5e2f221fbc5;1e0bdc0337;-;-;Sun Sep 29 22:22:48 2019 +0800;1569766968;-;-;Sun Sep 29 16:22:48 2019 +0200;1569766968
d7711e6365473f70ca2f40bf3dd30c3d30e461c8;d7711e6365;-;-;Sat Sep 28 14:36:03 2019 +0200;1569674163;-;-;Sat Sep 28 14:36:03 2019 +0200;1569674163
ae2218741e2015358b29231b1f807b73c0f25c7d;ae2218741e;-;-;Fri Sep 27 22:38:27 2019 +0200;1569616707;-;-;Fri Sep 27 22:38:27 2019 +0200;1569616707
6080449d03b97b802fbdf32305152f0cdf241664;6080449d03;-;-;Fri Sep 27 18:17:23 2019 +0200;1569601043;-;-;Fri Sep 27 18:17:23 2019 +0200;1569601043
06563d8b4b9ec5bb8b328a01f5af73f0dbd14eff;06563d8b4b;-;-;Fri Sep 27 17:38:11 2019 +0200;1569598691;-;-;Fri Sep 27 17:38:11 2019 +0200;1569598691
4dc966b04b5f2bdeb43f4bc02de0675c5b9f5586;4dc966b04b;-;-;Fri Sep 27 13:57:31 2019 +0200;1569585451;-;-;Fri Sep 27 13:57:31 2019 +0200;1569585451
2861fc65bdc76037b5e527c75c1a91618aee5433;2861fc65bd;-;-;Fri Sep 27 10:17:56 2019 +0200;1569572276;-;-;Fri Sep 27 10:17:56 2019 +0200;1569572276
6a207d0012ab656cd221ace86afd71cec7a8b415;6a207d0012;-;-;Thu Sep 26 16:45:49 2019 +0200;1569509149;-;-;Thu Sep 26 16:45:49 2019 +0200;1569509149
2a4dbcc623b9290b09e428c6cfb78f82ae8990a4;2a4dbcc623;-;-;Thu Sep 26 23:34:27 2019 +0900;1569508467;-;-;Thu Sep 26 16:34:27 2019 +0200;1569508467
2526553ecd345fba713ee403079fae3f684f7f96;2526553ecd;-;-;Thu Sep 26 16:05:12 2019 +0200;1569506712;-;-;Thu Sep 26 16:05:12 2019 +0200;1569506712
61862392876a968a1af5e196da1491ac02bfb36e;6186239287;-;-;Thu Sep 26 15:02:30 2019 +0200;1569502950;-;-;Thu Sep 26 15:02:30 2019 +0200;1569502950
fbe05f03690354d8137e8d997d1b448ba4da2551;fbe05f0369;-;-;Thu Sep 26 14:27:07 2019 +0200;1569500827;-;-;Thu Sep 26 14:27:07 2019 +0200;1569500827
26ee9c68ebc07d57bfb8a3489bfeb80b15ca5557;26ee9c68eb;-;-;Thu Sep 26 14:24:33 2019 +0200;1569500673;-;-;Thu Sep 26 14:24:33 2019 +0200;1569500673
77b896ca28c8972622d6767806cb4ca0488656ef;77b896ca28;-;-;Thu Sep 26 11:58:45 2019 +0200;1569491925;-;-;Thu Sep 26 11:58:45 2019 +0200;1569491925
f05b4625dea154301cedaf0faae4ca3cf9c43cf7;f05b4625de;-;-;Thu Sep 26 10:55:55 2019 +0200;1569488155;-;-;Thu Sep 26 10:55:55 2019 +0200;1569488155
e93ac7ac75920c7e5be322b317bec495133f25a0;e93ac7ac75;-;-;Thu Sep 26 09:07:29 2019 +0100;1569485249;-;-;Thu Sep 26 09:07:29 2019 +0100;1569485249
47a24ac3787414b4ed6652cba53755ba752136eb;47a24ac378;-;-;Wed Sep 25 23:49:15 2019 +0200;1569448155;-;-;Wed Sep 25 23:49:15 2019 +0200;1569448155
d00690f43f04684880e170926ac40f4f14414c61;d00690f43f;-;-;Wed Sep 25 23:13:49 2019 +0200;1569446029;-;-;Wed Sep 25 23:13:49 2019 +0200;1569446029
091c512f0da93cbcbab3c31c998372d7aa839536;091c512f0d;-;-;Wed Sep 25 21:51:04 2019 +0200;1569441064;-;-;Wed Sep 25 21:51:04 2019 +0200;1569441064
c10dcec9ed5f0b7177c2089c95c361f44f371058;c10dcec9ed;-;-;Wed Sep 25 21:48:47 2019 +0200;1569440927;-;-;Wed Sep 25 21:48:47 2019 +0200;1569440927
2995b6f224af9986b65cf9cb96af90c783752184;2995b6f224;-;-;Wed Sep 25 17:28:24 2019 +0100;1569428904;-;-;Wed Sep 25 17:28:24 2019 +0100;1569428904
a541aa13a5344be90c30c71c09942571ad031c6a;a541aa13a5;-;-;Wed Sep 25 17:21:21 2019 +0200;1569424881;-;-;Wed Sep 25 17:21:21 2019 +0200;1569424881
8b73d76204f82f3f6f017041a1983492fbe43d1b;8b73d76204;-;-;Wed Sep 25 17:15:55 2019 +0200;1569424555;-;-;Wed Sep 25 17:15:55 2019 +0200;1569424555
667636de66834870dd02e830eaf3cecc949c987f;667636de66;-;-;Wed Sep 25 17:12:56 2019 +0200;1569424376;-;-;Wed Sep 25 17:12:56 2019 +0200;1569424376
f79cebd53dd3a945e527e33606858e9248fbe19e;f79cebd53d;-;-;Wed Sep 25 17:01:54 2019 +0200;1569423714;-;-;Wed Sep 25 17:04:40 2019 +0200;1569423880
a4b278a2696c0eb0e41c9484631e5d3266082217;a4b278a269;-;-;Wed Sep 25 17:00:11 2019 +0200;1569423611;-;-;Wed Sep 25 17:02:05 2019 +0200;1569423725
5866693eceb81c4f7ceffaa9fc6d1635f7e10e18;5866693ece;-;-;Wed Sep 25 16:59:31 2019 +0200;1569423571;-;-;Wed Sep 25 17:02:05 2019 +0200;1569423725
00bad3dce053bfff85dafc1575014e4a6c73b72b;00bad3dce0;-;-;Wed Sep 25 15:44:01 2019 +0100;1569422641;-;-;Wed Sep 25 16:44:01 2019 +0200;1569422641
69a0730b01c32f9edff7b98729e5358c57cdddc9;69a0730b01;-;-;Wed Sep 25 15:09:51 2019 +0100;1569420591;-;-;Wed Sep 25 16:09:51 2019 +0200;1569420591
02decfd86462b213279e331da570f5881fb30179;02decfd864;-;-;Wed Sep 25 14:29:19 2019 +0100;1569418159;-;-;Wed Sep 25 15:29:19 2019 +0200;1569418159
1aa0ea02818e68a52d52050f4bd44ff30530229c;1aa0ea0281;-;-;Wed Sep 25 13:51:20 2019 +0200;1569412280;-;-;Wed Sep 25 13:51:20 2019 +0200;1569412280
853d4c38ae1c01cc6807c610b1439c9ececbb43d;853d4c38ae;-;-;Wed Sep 25 12:44:14 2019 +0100;1569411854;-;-;Wed Sep 25 13:44:14 2019 +0200;1569411854
bf5525236613cb41f912b526dc154398a83ca2de;bf55252366;-;-;Wed Sep 25 13:08:07 2019 +0200;1569409687;-;-;Wed Sep 25 13:08:07 2019 +0200;1569409687
07df1ce7d26121936e822557c0848f87261249e6;07df1ce7d2;-;-;Wed Sep 25 13:07:27 2019 +0200;1569409647;-;-;Wed Sep 25 13:07:27 2019 +0200;1569409647
bd70f10d2bb707616297a92c9ebeede8bde5c27a;bd70f10d2b;-;-;Wed Sep 25 12:43:24 2019 +0200;1569408204;-;-;Wed Sep 25 12:43:24 2019 +0200;1569408204
9034391b6c03c75d35a5159fe3fc02404062c43d;9034391b6c;-;-;Wed Sep 25 12:20:07 2019 +0200;1569406807;-;-;Wed Sep 25 12:20:07 2019 +0200;1569406807
27481e421160d0e8a4e27d9cd80038fd91c66e68;27481e4211;-;-;Wed Sep 25 08:50:06 2019 +0200;1569394206;-;-;Wed Sep 25 08:50:06 2019 +0200;1569394206
4a588a359d35cfe7ccd5a04f8f0cfc10b82cbbdb;4a588a359d;-;-;Wed Sep 25 08:49:38 2019 +0200;1569394178;-;-;Wed Sep 25 08:49:38 2019 +0200;1569394178
b9013ada9ffcd400165c7701da46ba550c9660a0;b9013ada9f;-;-;Tue Sep 24 19:20:39 2019 +0200;1569345639;-;-;Tue Sep 24 19:20:39 2019 +0200;1569345639
435cc670269b1b0453c3f3a58f5918c752629694;435cc67026;-;-;Tue Sep 24 18:56:48 2019 +0200;1569344208;-;-;Tue Sep 24 18:57:30 2019 +0200;1569344250
d0adadf3caa164dd71e36b48c79bf0ba5b2a16a7;d0adadf3ca;-;-;Tue Sep 24 17:25:24 2019 +0100;1569342324;-;-;Tue Sep 24 18:25:24 2019 +0200;1569342324
25703798245f2748ec674c0a58ec31bca0316261;2570379824;-;-;Tue Sep 24 17:18:52 2019 +0100;1569341932;-;-;Tue Sep 24 18:18:52 2019 +0200;1569341932
e6678f40e86ae7839b179ac6ce6d05e7d78aa950;e6678f40e8;-;-;Tue Sep 24 15:32:26 2019 +0200;1569331946;-;-;Tue Sep 24 15:32:26 2019 +0200;1569331946
30e1257dda81d8a4026dd99ffb6b6440ed9c4f6a;30e1257dda;-;-;Tue Sep 24 13:39:42 2019 +0100;1569328782;-;-;Tue Sep 24 13:39:42 2019 +0100;1569328782
402046f3c71a4684885d3c71316f278b2fe25cad;402046f3c7;-;-;Tue Sep 24 14:24:36 2019 +0200;1569327876;-;-;Tue Sep 24 14:24:36 2019 +0200;1569327876
48c8d3a551d54d62e0480df67172f38ec40f5b87;48c8d3a551;-;-;Tue Sep 24 13:57:14 2019 +0200;1569326234;-;-;Tue Sep 24 13:57:14 2019 +0200;1569326234
38052e77b710a0fa373483bc6e55d68c26e6ec38;38052e77b7;-;-;Tue Sep 24 13:43:33 2019 +0200;1569325413;-;-;Tue Sep 24 13:45:50 2019 +0200;1569325550
bba3553dfb2561b9e779a6ca13b080c12b5940b1;bba3553dfb;-;-;Tue Sep 24 12:43:10 2019 +0200;1569321790;-;-;Tue Sep 24 12:43:10 2019 +0200;1569321790
d6d3a9e232b14f90c614861ed1550671a3cfe8af;d6d3a9e232;-;-;Tue Sep 24 19:36:51 2019 +0900;1569321411;-;-;Tue Sep 24 12:36:51 2019 +0200;1569321411
840249778a09ec8034fa2f85de84f447e4d8fd44;840249778a;-;-;Tue Sep 24 10:12:05 2019 +0200;1569312725;-;-;Tue Sep 24 10:14:16 2019 +0200;1569312856
97026f1ec3ec834e932e2b60a32655e3505bd1a5;97026f1ec3;-;-;Tue Sep 24 09:47:40 2019 +0200;1569311260;-;-;Tue Sep 24 09:47:57 2019 +0200;1569311277
2888b032a19f81ab422b889e90cab79045790b3e;2888b032a1;-;-;Tue Sep 24 06:08:06 2019 +0100;1569301686;-;-;Tue Sep 24 06:08:06 2019 +0100;1569301686
93371cc2ac9d921ea548b83ed762307c239b884a;93371cc2ac;-;-;Mon Sep 23 16:34:09 2019 +0100;1569252849;-;-;Mon Sep 23 16:35:08 2019 +0100;1569252908
72be38cf2cc3fce21de685e815b63cf38480514c;72be38cf2c;-;-;Mon Sep 23 17:13:49 2019 +0200;1569251629;-;-;Mon Sep 23 17:13:49 2019 +0200;1569251629
716f928e79d18b42309b6328ad568e3fe46e32c7;716f928e79;-;-;Mon Sep 23 16:53:39 2019 +0200;1569250419;-;-;Mon Sep 23 16:53:39 2019 +0200;1569250419
9ffecc50592adbee41565bcb94e61cff1653d386;9ffecc5059;-;-;Mon Sep 23 16:08:50 2019 +0200;1569247730;-;-;Mon Sep 23 16:08:50 2019 +0200;1569247730
652bbdad2aa9dde7fb1444ab358dd467a1035dd2;652bbdad2a;-;-;Wed Sep 18 15:57:00 2019 +0200;1568815020;-;-;Mon Sep 23 15:27:49 2019 +0200;1569245269
e2baf7277bdfa8b4a4da34fb0f0853413bec1a8f;e2baf7277b;-;-;Mon Sep 23 13:32:28 2019 +0100;1569241948;-;-;Mon Sep 23 13:32:28 2019 +0100;1569241948
0ae7154518e6e9a13a9fa9f53880913989d428c4;0ae7154518;-;-;Mon Sep 23 13:09:06 2019 +0100;1569240546;-;-;Mon Sep 23 13:09:06 2019 +0100;1569240546
88bb2aabbf9654ed6b3c5b87ddecf2d895a48474;88bb2aabbf;-;-;Mon Sep 23 12:17:26 2019 +0100;1569237446;-;-;Mon Sep 23 12:18:03 2019 +0100;1569237483
2572cd0503c7d009d3f84c70799723c0f21c0697;2572cd0503;-;-;Sat Sep 21 17:33:28 2019 +0200;1569080008;-;-;Sat Sep 21 17:33:28 2019 +0200;1569080008
4acd180fa304a30f85974060a5375c4129dd944d;4acd180fa3;-;-;Sat Sep 21 15:42:09 2019 +0200;1569073329;-;-;Sat Sep 21 15:42:09 2019 +0200;1569073329
fccdb8cf6016a922be80cca15b7231c627eed7f5;fccdb8cf60;-;-;Sat Sep 21 15:29:03 2019 +0200;1569072543;-;-;Sat Sep 21 15:29:03 2019 +0200;1569072543
4882dfcc0d6d0bde167c722cb82d899414fb1209;4882dfcc0d;-;-;Fri Sep 20 21:55:27 2019 +0200;1569009327;-;-;Fri Sep 20 21:55:27 2019 +0200;1569009327
957924ace217f27934428c31db3399fb413a9b31;957924ace2;-;-;Fri Sep 20 21:54:53 2019 +0200;1569009293;-;-;Fri Sep 20 21:54:53 2019 +0200;1569009293
e68132686df5eb4d922ab6fb2a7145549eaa0a5f;e68132686d;-;-;Fri Sep 20 21:54:32 2019 +0200;1569009272;-;-;Fri Sep 20 21:54:32 2019 +0200;1569009272
a48c13ae73618b8ee6c288db9e0cc9c271b5becb;a48c13ae73;-;-;Fri Sep 20 21:54:18 2019 +0200;1569009258;-;-;Fri Sep 20 21:54:18 2019 +0200;1569009258
393a81d4a9d206cb7c7ff5184475ca1907c9de3f;393a81d4a9;-;-;Mon Sep 2 11:51:33 2019 +0200;1567417893;-;-;Fri Sep 20 20:48:39 2019 +0200;1569005319
f0e160fc67d276d22b2908b6421351feeba7f492;f0e160fc67;-;-;Fri Sep 20 14:09:00 2019 +0200;1568981340;-;-;Fri Sep 20 14:09:00 2019 +0200;1568981340
3603e0c448643fbb8408737af30c60256f19a7f1;3603e0c448;-;-;Fri Sep 20 13:16:59 2019 +0200;1568978219;-;-;Fri Sep 20 13:16:59 2019 +0200;1568978219
734ceed3012162513d0e65b0b31edb87f78bd3ab;734ceed301;-;-;Thu Sep 19 22:00:57 2019 +0200;1568923257;-;-;Thu Sep 19 22:02:19 2019 +0200;1568923339
fde7b1e5454ed169719562234799941d9e409135;fde7b1e545;-;-;Thu Sep 12 19:01:02 2019 +0200;1568307662;-;-;Thu Sep 19 22:01:10 2019 +0200;1568923270
b2704e1db64098410e1a515fe2c8f757da44b780;b2704e1db6;-;-;Thu Sep 19 18:35:35 2019 +0200;1568910935;-;-;Thu Sep 19 18:35:35 2019 +0200;1568910935
c256af4ef7ba210d737e73bf9f1cff64b4c1b446;c256af4ef7;-;-;Thu Sep 19 16:31:07 2019 +0200;1568903467;-;-;Thu Sep 19 16:31:07 2019 +0200;1568903467
d611c7484f834fcc9fc090e271e96478d3931157;d611c7484f;-;-;Thu Sep 19 16:21:44 2019 +0200;1568902904;-;-;Thu Sep 19 16:21:44 2019 +0200;1568902904
9811e214325f31b000f213140150f8d2a3383065;9811e21432;-;-;Thu Sep 19 15:57:33 2019 +0200;1568901453;-;-;Thu Sep 19 15:57:33 2019 +0200;1568901453
809009e6c4d8653ea18e8fe9ae590242871711c4;809009e6c4;-;-;Thu Sep 19 14:54:36 2019 +0200;1568897676;-;-;Thu Sep 19 14:54:36 2019 +0200;1568897676
e06d2a9c5747e52e5ccc606824a01b4cc893862b;e06d2a9c57;-;-;Thu Sep 19 13:27:49 2019 +0200;1568892469;-;-;Thu Sep 19 13:27:49 2019 +0200;1568892469
02d70424ad32a927b97e0b9b2667fb31b00d2d12;02d70424ad;-;-;Thu Sep 19 10:44:08 2019 +0200;1568882648;-;-;Thu Sep 19 10:44:50 2019 +0200;1568882690
74897bc52a8c3524746f604450066c1bc4cac6e0;74897bc52a;-;-;Wed Sep 18 21:25:37 2019 +0200;1568834737;-;-;Wed Sep 18 21:39:45 2019 +0200;1568835585
90b5e6ab488d4446a121585398642d2f3cdb0995;90b5e6ab48;-;-;Wed Sep 18 19:29:15 2019 +0200;1568827755;-;-;Wed Sep 18 19:29:15 2019 +0200;1568827755
5adc3d66660c3123a5806f168ccdf2298d398aec;5adc3d6666;-;-;Wed Sep 18 11:39:59 2019 +0200;1568799599;-;-;Wed Sep 18 16:00:16 2019 +0200;1568815216
ab58e2939795410b9a5b22d53228d31f3ee9d3ce;ab58e29397;-;-;Wed Sep 18 15:27:59 2019 +0200;1568813279;-;-;Wed Sep 18 15:27:59 2019 +0200;1568813279
e1e072b75c8e36835799e8ab6166368e24d04808;e1e072b75c;-;-;Wed Sep 18 14:28:54 2019 +0200;1568809734;-;-;Wed Sep 18 14:28:54 2019 +0200;1568809734
2e7d3449307ff6545e4ccf93fb46a41464b1cb63;2e7d344930;-;-;Wed Sep 18 10:25:54 2019 +0200;1568795154;-;-;Wed Sep 18 10:25:54 2019 +0200;1568795154
a51dc84cb16f54c3bfd5780b1a0f90c22f140e9f;a51dc84cb1;-;-;Tue Sep 17 13:29:22 2019 +0200;1568719762;-;-;Tue Sep 17 13:29:22 2019 +0200;1568719762
9517372e5fe686611adfe48204a97e282c64b5a2;9517372e5f;-;-;Tue Sep 17 13:24:53 2019 +0200;1568719493;-;-;Tue Sep 17 13:24:53 2019 +0200;1568719493
a93f3ddfe4b16e904f48158bb080146c466fc225;a93f3ddfe4;-;-;Tue Sep 17 13:17:22 2019 +0200;1568719042;-;-;Tue Sep 17 13:17:22 2019 +0200;1568719042
c8e47f578f9103bb54055dd1a4a0960f9c6222a1;c8e47f578f;-;-;Tue Sep 17 13:13:02 2019 +0200;1568718782;-;-;Tue Sep 17 13:13:02 2019 +0200;1568718782
1dfe304da42bb4c9b87dec087258ab236cb54708;1dfe304da4;-;-;Tue Sep 17 12:04:37 2019 +0200;1568714677;-;-;Tue Sep 17 12:42:48 2019 +0200;1568716968
7a1a8e16238a073c3aec6c513cd2d864688bd3a4;7a1a8e1623;-;-;Tue Sep 17 10:40:25 2019 +0200;1568709625;-;-;Tue Sep 17 10:44:45 2019 +0200;1568709885
4cfcc108feab6194e1068b2db9e9736263468afc;4cfcc108fe;-;-;Tue Sep 17 09:49:47 2019 +0200;1568706587;-;-;Tue Sep 17 09:49:47 2019 +0200;1568706587
5a0216d6573e56e9959829de89f7ced0824b1b8c;5a0216d657;-;-;Mon Sep 16 21:47:24 2019 +0200;1568663244;-;-;Mon Sep 16 22:14:55 2019 +0200;1568664895
848804a22713e36b6198c3bed2f3d94827e4ee70;848804a227;-;-;Mon Sep 16 19:01:14 2019 +0200;1568653274;-;-;Mon Sep 16 19:01:14 2019 +0200;1568653274
a676059699b2215f73a94f6d36d4a56acd1138cf;a676059699;-;-;Mon Sep 16 15:17:58 2019 +0200;1568639878;-;-;Mon Sep 16 15:17:58 2019 +0200;1568639878
37d950c5d6c85c75c64b7efed7774b58d3bc7b15;37d950c5d6;-;-;Mon Sep 16 14:37:15 2019 +0200;1568637435;-;-;Mon Sep 16 14:37:15 2019 +0200;1568637435
20e6ca3601d2748b049d918a5f8c50e5f4191207;20e6ca3601;-;-;Mon Sep 16 13:14:06 2019 +0100;1568636046;-;-;Mon Sep 16 14:14:06 2019 +0200;1568636046
6063c00e4e486ea0daa0b5fcc97c88132d8d5a5d;6063c00e4e;-;-;Mon Sep 16 21:10:33 2019 +0900;1568635833;-;-;Mon Sep 16 14:10:33 2019 +0200;1568635833
e7b2c93edef7356dfb536bb72957ec303de74209;e7b2c93ede;-;-;Mon Sep 16 13:56:01 2019 +0200;1568634961;-;-;Mon Sep 16 13:56:01 2019 +0200;1568634961
53565c825f9a8c615b389e076eb04bdc659ae881;53565c825f;-;-;Mon Sep 16 13:48:49 2019 +0200;1568634529;-;-;Mon Sep 16 13:48:49 2019 +0200;1568634529
1deaedc2b9b9b9c81ab85fbc32cc07e0400d69f4;1deaedc2b9;-;-;Mon Sep 16 12:49:35 2019 +0200;1568630975;-;-;Mon Sep 16 12:49:35 2019 +0200;1568630975
52128fe86391b945a99b6611a47817a00d0b3eda;52128fe863;-;-;Sun Sep 15 22:37:43 2019 +0200;1568579863;-;-;Mon Sep 16 11:35:26 2019 +0200;1568626526
33cee066e55fea156f024bc4469fb056aba11f82;33cee066e5;-;-;Sat Sep 14 02:30:43 2019 +0200;1568421043;-;-;Mon Sep 16 11:35:26 2019 +0200;1568626526
a65fd348019bb0c4af6a62722030aa3fe60513a6;a65fd34801;-;-;Mon Sep 16 09:52:03 2019 +0200;1568620323;-;-;Mon Sep 16 09:52:03 2019 +0200;1568620323
cf5cb9484a3fd36a9418a4c7890f2bf82ffa369c;cf5cb9484a;-;-;Sun Sep 15 15:48:37 2019 +0200;1568555317;-;-;Sun Sep 15 15:48:37 2019 +0200;1568555317
077754b8e0a1806d6d6efb4237a1f50ad82170d0;077754b8e0;-;-;Fri Sep 13 12:33:17 2019 -0700;1568403197;-;-;Fri Sep 13 15:20:57 2019 -0700;1568413257
957f0fac7a0dd1f0a7a5742fbeb8c40b7da439f0;957f0fac7a;-;-;Fri Sep 13 12:55:59 2019 +0200;1568372159;-;-;Fri Sep 13 12:55:59 2019 +0200;1568372159
7b4b64b8fbc116d09a95180f3729ec6f39fe6b9e;7b4b64b8fb;-;-;Fri Sep 13 11:43:10 2019 +0200;1568367790;-;-;Fri Sep 13 11:44:10 2019 +0200;1568367850
5d785390eb4fae08922d2d98f61a31e617cd0115;5d785390eb;-;-;Mon Sep 9 11:37:55 2019 -0700;1568054275;-;-;Thu Sep 12 16:01:46 2019 -0700;1568329306
b587003d8dd566d8afe6c5da51b4980c1baae554;b587003d8d;-;-;Thu Sep 12 21:52:41 2019 +0100;1568321561;-;-;Thu Sep 12 21:52:41 2019 +0100;1568321561
7194261961cc190838a3a421e0a1d81837bf0253;7194261961;-;-;Thu Sep 12 21:17:00 2019 +0100;1568319420;-;-;Thu Sep 12 21:17:00 2019 +0100;1568319420
455ad71863827e6216910dd327c1c3738d660a11;455ad71863;-;-;Thu Sep 12 16:58:21 2019 +0200;1568300301;-;-;Thu Sep 12 17:02:35 2019 +0200;1568300555
93ddfb9cae0bdb8a272fe15894e109102e4e5cc7;93ddfb9cae;-;-;Thu Sep 12 16:52:59 2019 +0200;1568299979;-;-;Thu Sep 12 16:52:59 2019 +0200;1568299979
d689ef88914a02868c14d1cfd61feaea807ecbae;d689ef8891;-;-;Thu Sep 12 16:08:26 2019 +0200;1568297306;-;-;Thu Sep 12 16:08:26 2019 +0200;1568297306
fc6480631e1b7e3be105a058583d84a17b6d92a7;fc6480631e;-;-;Thu Sep 12 14:35:31 2019 +0200;1568291731;-;-;Thu Sep 12 14:45:03 2019 +0200;1568292303
e62cb6bc56f0ad12ee1633077abf5bc20499bd75;e62cb6bc56;-;-;Thu Sep 12 14:03:12 2019 +0200;1568289792;-;-;Thu Sep 12 14:03:12 2019 +0200;1568289792
2b460854ceaaf160934752aef8c98eb62c753479;2b460854ce;-;-;Thu Sep 12 13:16:48 2019 +0200;1568287008;-;-;Thu Sep 12 13:16:48 2019 +0200;1568287008
e124cbb310721041731421c41030e6a1d2d06286;e124cbb310;-;-;Thu Sep 12 13:15:58 2019 +0200;1568286958;-;-;Thu Sep 12 13:15:58 2019 +0200;1568286958
40fcf876ce59772bd7b4838d39c6fbec4c643b4b;40fcf876ce;-;-;Thu Sep 12 19:09:31 2019 +0800;1568286571;-;-;Thu Sep 12 13:09:31 2019 +0200;1568286571
00c07e3a50e0d881cb6e7c12adbbf63d5cdb20b7;00c07e3a50;-;-;Thu Sep 12 11:51:44 2019 +0200;1568281904;-;-;Thu Sep 12 11:51:44 2019 +0200;1568281904
508b6798ff27df492710532b4745ba2feb0c02de;508b6798ff;-;-;Wed Sep 11 17:20:38 2019 +0100;1568218838;-;-;Thu Sep 12 11:39:43 2019 +0200;1568281183
8f38f5c17aa19f50b4f3fcbb74b77c10bdcec97d;8f38f5c17a;-;-;Thu Sep 12 11:35:30 2019 +0200;1568280930;-;-;Thu Sep 12 11:35:30 2019 +0200;1568280930
30cff46e7f1ad4bd15f1e530fcb757d12736774a;30cff46e7f;-;-;Thu Sep 12 11:15:30 2019 +0200;1568279730;-;-;Thu Sep 12 11:20:56 2019 +0200;1568280056
92d3f7e7d76d3031a9788305ea4ccf34b1e036e6;92d3f7e7d7;-;-;Thu Sep 12 09:48:50 2019 +0200;1568274530;-;-;Thu Sep 12 09:48:50 2019 +0200;1568274530
cfae20f97d99cd5b17d1962cab3035373bda2362;cfae20f97d;-;-;Wed Sep 11 16:16:41 2019 +0100;1568215001;-;-;Wed Sep 11 16:16:41 2019 +0100;1568215001
2b4316cf24f8a7e25e4178409585e6fc40544e60;2b4316cf24;-;-;Wed Sep 11 14:36:19 2019 +0100;1568208979;-;-;Wed Sep 11 15:36:19 2019 +0200;1568208979
d759ae772bb1d75f92b33636c73bf24c31b9f0cd;d759ae772b;-;-;Wed Sep 11 13:21:19 2019 +0200;1568200879;-;-;Wed Sep 11 13:21:19 2019 +0200;1568200879
13ba7ef70185a8625497c17b5baf3832910bb46e;13ba7ef701;-;-;Wed Sep 11 10:43:43 2019 +0200;1568191423;-;-;Wed Sep 11 10:43:43 2019 +0200;1568191423
b730597c876c29d10d24244d8621b31cd8b8e2b3;b730597c87;-;-;Tue Sep 10 17:12:55 2019 +0100;1568131975;-;-;Wed Sep 11 10:00:01 2019 +0200;1568188801
333711fd36f7774fd0ffeebf514e83899b90f6c7;333711fd36;-;-;Mon Sep 9 16:29:00 2019 +0200;1568039340;-;-;Mon Sep 9 16:29:00 2019 +0200;1568039340
22c88d7126cfa86524dd0f19301cdf06ae1ded89;22c88d7126;-;-;Mon Sep 9 16:25:20 2019 +0200;1568039120;-;-;Mon Sep 9 16:25:20 2019 +0200;1568039120
604eecaf6782bd8b064a464a99b291057fc9ccb5;604eecaf67;-;-;Mon Sep 9 14:20:56 2019 +0200;1568031656;-;-;Mon Sep 9 14:20:56 2019 +0200;1568031656
5bb8c47b147d38a58ddcbcc86f1acd3afc33ba54;5bb8c47b14;-;-;Mon Sep 9 00:08:47 2019 +0200;1567980527;-;-;Mon Sep 9 00:08:55 2019 +0200;1567980535
665e8aa51c11992909134d3ad5eebca6c94aa877;665e8aa51c;-;-;Sun Sep 8 15:22:21 2019 +0200;1567948941;-;-;Sun Sep 8 15:22:21 2019 +0200;1567948941
683fe9ed705b7977deab3bd62b06e0f394acb366;683fe9ed70;-;-;Sun Sep 8 15:15:30 2019 +0200;1567948530;-;-;Sun Sep 8 15:15:30 2019 +0200;1567948530
0d742cf3d0cd21e8aa7736060dfd64cb75156e5f;0d742cf3d0;-;-;Sat Sep 7 22:04:47 2019 +0800;1567865087;-;-;Sat Sep 7 16:04:47 2019 +0200;1567865087
df7e4ad023eeb710e36b8606c878ad7908d20407;df7e4ad023;-;-;Fri Sep 6 10:08:35 2019 +0100;1567760915;-;-;Fri Sep 6 19:18:46 2019 +0200;1567790326
d817b591e53cb4c7d9d78ae32a88368bd22dc584;d817b591e5;-;-;Fri Sep 6 19:16:59 2019 +0200;1567790219;-;-;Fri Sep 6 19:16:59 2019 +0200;1567790219
35567678ef5163b538c0280be8ccf99339bcba2e;35567678ef;-;-;Fri Sep 6 17:18:10 2019 +0200;1567783090;-;-;Fri Sep 6 17:18:10 2019 +0200;1567783090
807e1d336709447e6878f445c323420d1160c8c2;807e1d3367;-;-;Fri Sep 6 16:09:01 2019 +0200;1567778941;-;-;Fri Sep 6 16:09:01 2019 +0200;1567778941
5d5f9aceca7e953fa8c783e9730478205f7d3e2a;5d5f9aceca;-;-;Fri Sep 6 16:03:36 2019 +0200;1567778616;-;-;Fri Sep 6 16:03:36 2019 +0200;1567778616
591995ecc89a282067f6a6ba5598c66169365124;591995ecc8;-;-;Fri Sep 6 15:57:27 2019 +0200;1567778247;-;-;Fri Sep 6 15:57:27 2019 +0200;1567778247
35b967a8016f3798502c56b7a7f9dbd700b5e23b;35b967a801;-;-;Mon Sep 2 10:01:00 2019 +0100;1567414860;-;-;Thu Sep 5 15:16:59 2019 +0100;1567693019
2b1ae4af60d8befcb15d22ef9935e910044de98e;2b1ae4af60;-;-;Thu Sep 5 15:48:34 2019 +0200;1567691314;-;-;Thu Sep 5 15:54:55 2019 +0200;1567691695
760f7bed0339965fb6052db2e0e708e9e8f4e0c9;760f7bed03;-;-;Thu Sep 5 15:18:43 2019 +0200;1567689523;-;-;Thu Sep 5 15:18:43 2019 +0200;1567689523
aa81fdc66f6b203d310bd211299a8cdb7e4fba2e;aa81fdc66f;-;-;Thu Sep 5 15:09:17 2019 +0200;1567688957;-;-;Thu Sep 5 15:09:17 2019 +0200;1567688957
9afe17a29b46ca610bb769db6e61837097130abf;9afe17a29b;-;-;Thu Sep 5 14:35:54 2019 +0200;1567686954;-;-;Thu Sep 5 14:35:54 2019 +0200;1567686954
99d88ba14eda80536b4c868564eeeb5adf4e0584;99d88ba14e;-;-;Thu Sep 5 14:04:43 2019 +0200;1567685083;-;-;Thu Sep 5 14:04:43 2019 +0200;1567685083
ef50777535867dd95874a0635e3848123729532e;ef50777535;-;-;Thu Sep 5 13:45:30 2019 +0200;1567683930;-;-;Thu Sep 5 13:45:38 2019 +0200;1567683938
d9e3b8b9a5526b5ca31b5a974c684f808adffb6b;d9e3b8b9a5;-;-;Thu Sep 5 13:43:03 2019 +0200;1567683783;-;-;Thu Sep 5 13:45:38 2019 +0200;1567683938
40a55b412d2caa0ea6e1bc3d641c3bd484c7740f;40a55b412d;-;-;Thu Sep 5 13:32:39 2019 +0200;1567683159;-;-;Thu Sep 5 13:34:11 2019 +0200;1567683251
73f5d05fd9fd0a2534248f31547c99086433eb0d;73f5d05fd9;-;-;Thu Sep 5 13:29:01 2019 +0200;1567682941;-;-;Thu Sep 5 13:29:01 2019 +0200;1567682941
c80705a7082e85a6968cd45552ebdb8c14267d62;c80705a708;-;-;Thu Sep 5 13:20:20 2019 +0200;1567682420;-;-;Thu Sep 5 13:20:20 2019 +0200;1567682420
ce178f76ebc1fa7aa884f0741f58fc5c13b2f168;ce178f76eb;-;-;Thu Sep 5 13:14:39 2019 +0200;1567682079;-;-;Thu Sep 5 13:14:39 2019 +0200;1567682079
facdbdb7b62f6b62011934a758e29c5481af4a0b;facdbdb7b6;-;-;Thu Sep 5 09:18:43 2019 +0200;1567667923;-;-;Thu Sep 5 09:18:43 2019 +0200;1567667923
6fbd4841ec4a20cfd8c5338c6bcf0171839c2326;6fbd4841ec;-;-;Wed Sep 4 10:35:20 2019 -0700;1567618520;-;-;Wed Sep 4 22:06:46 2019 -0700;1567660006
deba2ed1b3d422bbdd86b8573402e5a1cb1eb699;deba2ed1b3;-;-;Wed Sep 4 10:44:02 2019 -0700;1567619042;-;-;Wed Sep 4 22:05:46 2019 -0700;1567659946
2f106fbb32128097491895b0d29049d768ed3b52;2f106fbb32;-;-;Wed Sep 4 22:02:47 2019 -0700;1567659767;-;-;Wed Sep 4 22:05:13 2019 -0700;1567659913
bc81fa520e2277b627b8fe9efcb28f3035778968;bc81fa520e;-;-;Wed Sep 4 18:05:39 2019 +0100;1567616739;-;-;Wed Sep 4 18:05:59 2019 +0100;1567616759
70bbe71235ba8a26dbe81f72a6ba6593486af33b;70bbe71235;-;-;Wed Sep 4 18:24:07 2019 +0200;1567614247;-;-;Wed Sep 4 18:24:35 2019 +0200;1567614275
ff271894fe4c3fa0da75c3c2bb1e5c60b7507f31;ff271894fe;-;-;Wed Sep 4 18:10:21 2019 +0200;1567613421;-;-;Wed Sep 4 18:24:35 2019 +0200;1567614275
f54395b261cada991b8e9c23cddb6007dcb57f06;f54395b261;-;-;Wed Sep 4 16:53:29 2019 +0200;1567608809;-;-;Wed Sep 4 16:53:29 2019 +0200;1567608809
803643559a0fbe39e7f4140c545194c256787fbd;803643559a;-;-;Wed Sep 4 16:24:44 2019 +0200;1567607084;-;-;Wed Sep 4 16:24:44 2019 +0200;1567607084
0c7359911ab01fa51b6bffc79830ba100cb1fdd5;0c7359911a;-;-;Wed Sep 4 16:02:43 2019 +0200;1567605763;-;-;Wed Sep 4 16:02:43 2019 +0200;1567605763
cccd9c8bb0228f09e51a1f44bfc24978822b7718;cccd9c8bb0;-;-;Wed Sep 4 15:07:17 2019 +0200;1567602437;-;-;Wed Sep 4 15:07:17 2019 +0200;1567602437
e83fec4ec3a79c29b068d3c5db4f4a41de717cdb;e83fec4ec3;-;-;Wed Sep 4 14:51:52 2019 +0200;1567601512;-;-;Wed Sep 4 14:51:52 2019 +0200;1567601512
00983a114155e62c891254da8815f79e76022e78;00983a1141;-;-;Wed Sep 4 14:37:37 2019 +0200;1567600657;-;-;Wed Sep 4 14:37:37 2019 +0200;1567600657
4d819128db03f618673b485bf6f6df33ec4cab57;4d819128db;-;-;Wed Sep 4 14:33:02 2019 +0200;1567600382;-;-;Wed Sep 4 14:33:02 2019 +0200;1567600382
07d4104f2f7c46e6a8d7ed3b3fc92e1e658baa5a;07d4104f2f;-;-;Wed Sep 4 14:12:44 2019 +0200;1567599164;-;-;Wed Sep 4 14:12:44 2019 +0200;1567599164
310f0bfb6c396ac09e0d712fc0706a8e0c8a8d52;310f0bfb6c;-;-;Wed Sep 4 12:59:19 2019 +0100;1567598359;-;-;Wed Sep 4 12:59:19 2019 +0100;1567598359
dfc754010648331e3aeb658631c238c0e92353dd;dfc7540106;-;-;Wed Sep 4 12:13:51 2019 +0100;1567595631;-;-;Wed Sep 4 12:14:32 2019 +0100;1567595672
48934cba1bc1ae6bc5ef6c03b41ca66d428901ab;48934cba1b;-;-;Wed Sep 4 12:19:08 2019 +0200;1567592348;-;-;Wed Sep 4 12:19:08 2019 +0200;1567592348
3bc27e8d148eaea0f9633932c771522b5df96c0d;3bc27e8d14;-;-;Wed Sep 4 12:18:49 2019 +0200;1567592329;-;-;Wed Sep 4 12:18:49 2019 +0200;1567592329
c8f430ee9188ad082bf76e5b05877d00bafe1a82;c8f430ee91;-;-;Wed Sep 4 10:37:57 2019 +0100;1567589877;-;-;Wed Sep 4 10:37:57 2019 +0100;1567589877
57d9b92b9483cc31c54ad463cbb3bbeee5fb2490;57d9b92b94;-;-;Wed Sep 4 08:54:00 2019 +0100;1567583640;-;-;Wed Sep 4 08:55:45 2019 +0100;1567583745
f26866e4d444288a748df3358839f00ee90d5216;f26866e4d4;-;-;Wed Sep 4 00:06:23 2019 +0200;1567548383;-;-;Wed Sep 4 00:06:23 2019 +0200;1567548383
eb6577755d5525e5bd5474a8badbffbd65701344;eb6577755d;-;-;Wed Sep 4 00:02:24 2019 +0200;1567548144;-;-;Wed Sep 4 00:02:24 2019 +0200;1567548144
d587a660fc3fdd0f0a80ec930c24353134fb10c3;d587a660fc;-;-;Tue Sep 3 23:48:39 2019 +0200;1567547319;-;-;Tue Sep 3 23:48:39 2019 +0200;1567547319
9b33b0ad58dcda1e3ea803d0c6468e17b24a4ad2;9b33b0ad58;-;-;Tue Sep 3 23:39:39 2019 +0200;1567546779;-;-;Tue Sep 3 23:41:53 2019 +0200;1567546913
2b4eb610a7c8059e5b35c0e3807fc1335162c379;2b4eb610a7;-;-;Tue Sep 3 23:37:48 2019 +0200;1567546668;-;-;Tue Sep 3 23:41:42 2019 +0200;1567546902
aeb857c3ba68bf2e91f0a685a8f297989f3d08b6;aeb857c3ba;-;-;Tue Sep 3 17:58:54 2019 +0200;1567526334;-;-;Tue Sep 3 17:58:54 2019 +0200;1567526334
4575f82c726379b5f408d228074fb019c21a6d0a;4575f82c72;-;-;Tue Sep 3 17:08:45 2019 +0200;1567523325;-;-;Tue Sep 3 17:08:45 2019 +0200;1567523325
3c4cd99237b89c5f3c448bcf4911914d7303440c;3c4cd99237;-;-;Tue Sep 3 17:00:26 2019 +0200;1567522826;-;-;Tue Sep 3 17:00:26 2019 +0200;1567522826
1c5b949df08b19936d12f987e454b2e17fead500;1c5b949df0;-;-;Tue Sep 3 16:56:50 2019 +0200;1567522610;-;-;Tue Sep 3 16:56:50 2019 +0200;1567522610
513ce7824f14b780a9072b70c9d76cffb843512d;513ce7824f;-;-;Tue Sep 3 16:43:48 2019 +0200;1567521828;-;-;Tue Sep 3 16:43:48 2019 +0200;1567521828
1b6814402cc6d348eb7884f9a5b75fd060a4623e;1b6814402c;-;-;Tue Sep 3 16:17:06 2019 +0200;1567520226;-;-;Tue Sep 3 16:17:06 2019 +0200;1567520226
f8516c69bf624cf9c5f8d913644e5bbdd569ba85;f8516c69bf;-;-;Tue Sep 3 16:03:28 2019 +0200;1567519408;-;-;Tue Sep 3 16:03:41 2019 +0200;1567519421
652db21d3efcadc11a5f682e628c1685de02234e;652db21d3e;-;-;Tue Sep 3 15:54:33 2019 +0200;1567518873;-;-;Tue Sep 3 16:01:30 2019 +0200;1567519290
4c863f3f836e10a42370bd2bbb95b1dfa29e44a5;4c863f3f83;-;-;Tue Sep 3 10:49:39 2019 +0200;1567500579;-;-;Tue Sep 3 15:44:02 2019 +0200;1567518242
37398c669ca3af857487d963f3645e6d1cb678e5;37398c669c;-;-;Mon Sep 2 12:25:18 2019 +0200;1567419918;-;-;Tue Sep 3 15:44:02 2019 +0200;1567518242
f5640cbfe04bedec12aa00bd60e5fb7f63aee96b;f5640cbfe0;-;-;Fri Aug 30 11:23:40 2019 +0200;1567157020;-;-;Tue Sep 3 15:44:02 2019 +0200;1567518242
bc869657c89fcc73c6df8be5cfa276956928d312;bc869657c8;-;-;Tue Sep 3 15:17:34 2019 +0200;1567516654;-;-;Tue Sep 3 15:17:34 2019 +0200;1567516654
23d5c6e3dc1bdee0dd103e617506e4d9589d16bf;23d5c6e3dc;-;-;Tue Sep 3 14:35:42 2019 +0200;1567514142;-;-;Tue Sep 3 14:36:32 2019 +0200;1567514192
c78960a1ba5701f236604189c9e88c6dc886cec1;c78960a1ba;-;-;Tue Sep 3 14:21:39 2019 +0200;1567513299;-;-;Tue Sep 3 14:21:39 2019 +0200;1567513299
32a585d100d33d178a2c6371cf97b7683bd8746f;32a585d100;-;-;Tue Sep 3 12:31:36 2019 +0100;1567510296;-;-;Tue Sep 3 12:31:36 2019 +0100;1567510296
670cbb9aedc3100621a57d161179179b693b378c;670cbb9aed;-;-;Tue Sep 3 12:40:26 2019 +0200;1567507226;-;-;Tue Sep 3 12:40:59 2019 +0200;1567507259
280a1b8880d400af5f4fc958296e53e2e308f4a5;280a1b8880;-;-;Tue Sep 3 11:45:05 2019 +0200;1567503905;-;-;Tue Sep 3 12:13:56 2019 +0200;1567505636
2c44eabe41ca6c396b4550a67ad487a6556f31c3;2c44eabe41;-;-;Tue Sep 3 12:03:14 2019 +0200;1567504994;-;-;Tue Sep 3 12:13:56 2019 +0200;1567505636
bb03cdf5d0c22179af4633b32100bef266f531f6;bb03cdf5d0;-;-;Tue Sep 3 12:02:22 2019 +0200;1567504942;-;-;Tue Sep 3 12:13:56 2019 +0200;1567505636
bf758eab33383d5520d4529baf87630aa8a16ba0;bf758eab33;-;-;Tue Sep 3 11:59:43 2019 +0200;1567504783;-;-;Tue Sep 3 12:13:56 2019 +0200;1567505636
e79bda164e4741f8b5e6a7c517aa609c0ecd3483;e79bda164e;-;-;Tue Sep 3 12:00:54 2019 +0200;1567504854;-;-;Tue Sep 3 12:13:10 2019 +0200;1567505590
5fd81d2a2614e4ba3ddc68950ab8d06fc461c121;5fd81d2a26;-;-;Tue Sep 3 12:11:45 2019 +0200;1567505505;-;-;Tue Sep 3 12:13:09 2019 +0200;1567505589
926c38580046f84f4e99df08fddc78ab359f781d;926c385800;-;-;Mon Sep 2 19:29:10 2019 +0200;1567445350;-;-;Mon Sep 2 20:09:14 2019 +0200;1567447754
47f39965bfce6aad36e18fa7aa505a9cc6ae4de5;47f39965bf;-;-;Mon Sep 2 19:28:19 2019 +0200;1567445299;-;-;Mon Sep 2 20:09:14 2019 +0200;1567447754
78c5c7aa9c86b6f1f98be383cff4336f57473f98;78c5c7aa9c;-;-;Mon Sep 2 19:27:55 2019 +0200;1567445275;-;-;Mon Sep 2 20:09:14 2019 +0200;1567447754
859450cf6867fb6f3a24710d0a723a3a27fed8b3;859450cf68;-;-;Mon Sep 2 19:21:01 2019 +0200;1567444861;-;-;Mon Sep 2 20:09:14 2019 +0200;1567447754
a986be3e3253e2223da7bd9b29654c23b89c8052;a986be3e32;-;-;Mon Sep 2 19:20:36 2019 +0200;1567444836;-;-;Mon Sep 2 20:09:14 2019 +0200;1567447754
1b6440c2c18c06e856d0d3de8611c7b537dc5d32;1b6440c2c1;-;-;Mon Sep 2 18:45:18 2019 +0200;1567442718;-;-;Mon Sep 2 20:09:14 2019 +0200;1567447754
e60d48daae99ef3f00500686f3c9dfd7d23b880b;e60d48daae;-;-;Mon Sep 2 18:44:32 2019 +0200;1567442672;-;-;Mon Sep 2 20:09:14 2019 +0200;1567447754
829e9f5d9206ee0fcc976c459894e45446ad77e9;829e9f5d92;-;-;Mon Sep 2 18:43:35 2019 +0200;1567442615;-;-;Mon Sep 2 20:09:14 2019 +0200;1567447754
3ec2a222ad7397d8da00749fd51f5586bd753b5e;3ec2a222ad;-;-;Mon Sep 2 18:42:53 2019 +0200;1567442573;-;-;Mon Sep 2 20:09:13 2019 +0200;1567447753
b5f933a21be445bae8e5b8337b870e8b7ae0eee7;b5f933a21b;-;-;Mon Sep 2 18:41:54 2019 +0200;1567442514;-;-;Mon Sep 2 20:09:13 2019 +0200;1567447753
b9089d2a90ff8baaca8b84291d4fe0f8ee528ec4;b9089d2a90;-;-;Mon Sep 2 18:41:06 2019 +0200;1567442466;-;-;Mon Sep 2 20:09:13 2019 +0200;1567447753
d56ffd1a619a8ce07d9e36e01c36bec7e4ca2dfb;d56ffd1a61;-;-;Mon Sep 2 18:40:33 2019 +0200;1567442433;-;-;Mon Sep 2 20:09:13 2019 +0200;1567447753
be93d373307ba43bd85bfb3acda85947fecff714;be93d37330;-;-;Mon Sep 2 20:08:34 2019 +0200;1567447714;-;-;Mon Sep 2 20:09:13 2019 +0200;1567447753
d4089747b8e1f4d79497916286c581b8eb69d67f;d4089747b8;-;-;Mon Aug 26 21:13:12 2019 +0200;1566846792;-;-;Mon Sep 2 18:01:09 2019 +0200;1567440069
c13941821a0aa5cacab68c4ab15f6c0dc19c9095;c13941821a;-;-;Mon Sep 2 16:49:31 2019 +0200;1567435771;-;-;Mon Sep 2 16:49:31 2019 +0200;1567435771
a2e740c896d3d9b834126e47c7ce4a9ff920f8b7;a2e740c896;-;-;Mon Sep 2 16:37:42 2019 +0200;1567435062;-;-;Mon Sep 2 16:37:42 2019 +0200;1567435062
ca02cc1194011ae008cbf96b86eb5ff3c6ec804b;ca02cc1194;-;-;Mon Sep 2 15:59:26 2019 +0200;1567432766;-;-;Mon Sep 2 15:59:26 2019 +0200;1567432766
3fcf4233a2c176cee72046efc780639033a6451f;3fcf4233a2;-;-;Mon Sep 2 15:19:30 2019 +0200;1567430370;-;-;Mon Sep 2 15:19:30 2019 +0200;1567430370
58e9266e99c2931b97849feb28a1419636fe6457;58e9266e99;-;-;Mon Sep 2 13:30:29 2019 +0100;1567427429;-;-;Mon Sep 2 13:31:28 2019 +0100;1567427488
b144c72937c100f1f256bfa680138c8080ada7d0;b144c72937;-;-;Mon Sep 2 13:09:09 2019 +0100;1567426149;-;-;Mon Sep 2 13:31:28 2019 +0100;1567427488
71f3498a268b97d04af3a1ec24ffd24187a28c7a;71f3498a26;-;-;Mon Sep 2 12:09:43 2019 +0100;1567422583;-;-;Mon Sep 2 13:31:28 2019 +0100;1567427488
702dad6cec667f5e3f5632da70b86647e9faf08e;702dad6cec;-;-;Mon Sep 2 12:42:14 2019 +0200;1567420934;-;-;Mon Sep 2 12:42:21 2019 +0200;1567420941
0f4dcb52ca70214ad462bff389b6c1b66ebf8f28;0f4dcb52ca;-;-;Mon Sep 2 12:34:06 2019 +0200;1567420446;-;-;Mon Sep 2 12:34:06 2019 +0200;1567420446
2c20b2b663f7a5bbb6222de2db617c1b5e8d1e7b;2c20b2b663;-;-;Mon Sep 2 09:46:08 2019 +0100;1567413968;-;-;Mon Sep 2 09:46:08 2019 +0100;1567413968
a6f4862f13f96026bad09d4f40de933035043433;a6f4862f13;-;-;Sun Sep 1 21:45:49 2019 +0800;1567345549;-;-;Sun Sep 1 15:45:49 2019 +0200;1567345549
f05f993cc62651fff5dd3274dce081e3ba09b710;f05f993cc6;-;-;Sat Aug 31 15:07:12 2019 +0200;1567256832;-;-;Sat Aug 31 15:07:12 2019 +0200;1567256832
794e2e328d011e7eb84fd2dd5c425a6da79d5d93;794e2e328d;-;-;Sat Aug 31 14:47:49 2019 +0200;1567255669;-;-;Sat Aug 31 14:47:49 2019 +0200;1567255669
0103fec5de0fa621c55a39d1025f40592ac7515e;0103fec5de;-;-;Sat Aug 31 13:13:44 2019 +0200;1567250024;-;-;Sat Aug 31 13:13:44 2019 +0200;1567250024
5a22eafcb4d97520a01d26a15bc05c41615463a0;5a22eafcb4;-;-;Sat Aug 31 13:10:58 2019 +0200;1567249858;-;-;Sat Aug 31 13:10:58 2019 +0200;1567249858
57f0c2b7dfd343e974a5b973252712b8f5c463c5;57f0c2b7df;-;-;Sat Aug 31 11:40:44 2019 +0200;1567244444;-;-;Sat Aug 31 11:40:44 2019 +0200;1567244444
3dfd0a24dc830489c0ecb727b40288d3c9debdbf;3dfd0a24dc;-;-;Sat Aug 31 11:31:16 2019 +0200;1567243876;-;-;Sat Aug 31 11:36:57 2019 +0200;1567244217
b20a8c9d98a9d9cf655033249978aeec01208eb7;b20a8c9d98;-;-;Thu Aug 29 17:35:53 2019 -0700;1567125353;-;-;Sat Aug 31 11:31:03 2019 +0200;1567243863
ab779eb431ebcfaf9c13b36cac905789c12b610c;ab779eb431;-;-;Fri Aug 30 18:57:20 2019 +0200;1567184240;-;-;Fri Aug 30 18:57:20 2019 +0200;1567184240
9fa9a09007b749b536c56e353b85243b93723b14;9fa9a09007;-;-;Fri Aug 30 18:56:03 2019 +0200;1567184163;-;-;Fri Aug 30 18:56:03 2019 +0200;1567184163
22494ba231a75aeefb084e0f892b6408a2762e97;22494ba231;-;-;Fri Aug 30 17:55:13 2019 +0200;1567180513;-;-;Fri Aug 30 17:55:13 2019 +0200;1567180513
ff1f8aa5a820bae55735ebf6afa84d602828d3b5;ff1f8aa5a8;-;-;Fri Aug 30 17:19:46 2019 +0200;1567178386;-;-;Fri Aug 30 17:19:46 2019 +0200;1567178386
489193dfa6fbf6f660f5f250a37e85e3d3401ceb;489193dfa6;-;-;Fri Aug 30 17:12:23 2019 +0200;1567177943;-;-;Fri Aug 30 17:12:23 2019 +0200;1567177943
793f9e3d29c137dd1fce337df45679f4bb1fbba2;793f9e3d29;-;-;Fri Aug 30 16:22:54 2019 +0200;1567174974;-;-;Fri Aug 30 16:22:54 2019 +0200;1567174974
1ea6ce72bb3b1139abc370f6dc32c51fc27ae90b;1ea6ce72bb;-;-;Fri Aug 30 15:51:05 2019 +0200;1567173065;-;-;Fri Aug 30 15:51:45 2019 +0200;1567173105
7738e778fae66d975970ec97969ed910cf038e4d;7738e778fa;-;-;Fri Aug 30 14:40:59 2019 +0200;1567168859;-;-;Fri Aug 30 15:51:44 2019 +0200;1567173104
67d48ed821b15c9b2a6e99ee9126aefa460a5f09;67d48ed821;-;-;Thu Aug 29 17:18:22 2019 +0200;1567091902;-;-;Thu Aug 29 17:18:22 2019 +0200;1567091902
8d86a861a1eff13dd1abe14829e4213200509300;8d86a861a1;-;-;Thu Aug 29 15:53:17 2019 +0300;1567083197;-;-;Thu Aug 29 15:53:17 2019 +0300;1567083197
48233317b835a2ea6a68026257521dc35293c2da;48233317b8;-;-;Thu Aug 29 15:38:38 2019 +0300;1567082318;-;-;Thu Aug 29 15:38:38 2019 +0300;1567082318
117119a88d9713410c7ca0b96bb0cbae02258ec4;117119a88d;-;-;Thu Aug 29 15:13:36 2019 +0300;1567080816;-;-;Thu Aug 29 15:13:36 2019 +0300;1567080816
ed64a10c386060697a6904825f2e2a6f14ff297a;ed64a10c38;-;-;Thu Aug 29 19:59:14 2019 +0800;1567079954;-;-;Thu Aug 29 13:59:14 2019 +0200;1567079954
72e92da2ad6cee51403698c68eeeb57f5ef95918;72e92da2ad;-;-;Thu Aug 29 11:02:31 2019 +0200;1567069351;-;-;Thu Aug 29 11:02:31 2019 +0200;1567069351
f65cc9a438eb82e850b95782a87b08c4efeaa305;f65cc9a438;-;-;Wed Aug 28 18:37:56 2019 +0200;1567010276;-;-;Wed Aug 28 18:47:21 2019 +0200;1567010841
c004ef888c8f3afd1a096831131d4b51c8b36905;c004ef888c;-;-;Wed Aug 28 17:06:23 2019 +0200;1567004783;-;-;Wed Aug 28 17:06:23 2019 +0200;1567004783
b173a93e72fab22516baccbc9bb9898c54d2de81;b173a93e72;-;-;Wed Aug 28 16:21:07 2019 +0200;1567002067;-;-;Wed Aug 28 16:21:07 2019 +0200;1567002067
5af4d220440fbbe553f2eb2f6e023e280626804d;5af4d22044;-;-;Wed Aug 28 14:32:18 2019 +0200;1566995538;-;-;Wed Aug 28 14:53:44 2019 +0200;1566996824
5a28fdc540b8744a544dc31a05b8b7562bdc1fca;5a28fdc540;-;-;Wed Aug 28 14:52:29 2019 +0200;1566996749;-;-;Wed Aug 28 14:52:29 2019 +0200;1566996749
46b3a8335fbb5823139b3c0c7b657866fe4e8f73;46b3a8335f;-;-;Wed Aug 28 14:16:34 2019 +0200;1566994594;-;-;Wed Aug 28 14:18:06 2019 +0200;1566994686
e5b957167a7050e04baa7afd0b76b80a608c5277;e5b957167a;-;-;Wed Aug 28 14:15:55 2019 +0200;1566994555;-;-;Wed Aug 28 14:17:57 2019 +0200;1566994677
d53cbb6de4bd7eb0382f425e6d26ff03e61e0e62;d53cbb6de4;-;-;Wed Aug 28 13:33:50 2019 +0200;1566992030;-;-;Wed Aug 28 13:33:50 2019 +0200;1566992030
77da40f006c2eb6b1925d97ef09a94709ca6262e;77da40f006;-;-;Wed Aug 28 13:30:40 2019 +0200;1566991840;-;-;Wed Aug 28 13:30:40 2019 +0200;1566991840
52976246ac3dac44c77a367276ac5326d590d47a;52976246ac;-;-;Wed Aug 28 12:15:55 2019 +0200;1566987355;-;-;Wed Aug 28 13:30:16 2019 +0200;1566991816
14558844bc4dba5586f6f9e27731bf52e802dcc5;14558844bc;-;-;Wed Aug 28 11:18:26 2019 +0200;1566983906;-;-;Wed Aug 28 11:18:43 2019 +0200;1566983923
5b4ad8bf3618925607b87c1adde482405f56c3bd;5b4ad8bf36;-;-;Tue Aug 27 22:30:07 2019 +0200;1566937807;-;-;Tue Aug 27 22:30:07 2019 +0200;1566937807
4e39450dbe9265838bdcf149b9c881067e3d2c80;4e39450dbe;-;-;Tue Aug 27 21:49:51 2019 +0300;1566931791;-;-;Tue Aug 27 21:49:51 2019 +0300;1566931791
46a37b447c328cef6cc09ac839b985d7db133f75;46a37b447c;-;-;Tue Aug 27 19:30:05 2019 +0200;1566927005;-;-;Tue Aug 27 19:30:05 2019 +0200;1566927005
78d56dc61b05a1ee0b4674ba3408476a30415c80;78d56dc61b;-;-;Wed Jul 31 19:17:22 2019 +0300;1564589842;-;-;Tue Aug 27 19:18:39 2019 +0200;1566926319
216ffcfe62ebad8ddd6ca7787ff86ae1556efed1;216ffcfe62;-;-;Tue Aug 27 18:28:31 2019 +0200;1566923311;-;-;Tue Aug 27 18:28:31 2019 +0200;1566923311
6ef75d76cd6e5e0cdb8e55855a0dba67ac7a4a91;6ef75d76cd;-;-;Tue Aug 27 19:22:44 2019 +0300;1566922964;-;-;Tue Aug 27 18:22:44 2019 +0200;1566922964
aef67ea6bd46f82f564d81a575ec2c0ff04996e0;aef67ea6bd;-;-;Tue Aug 27 17:42:00 2019 +0200;1566920520;-;-;Tue Aug 27 17:42:00 2019 +0200;1566920520
b2ad16aaa7a4f548cf6f7cd72f697a38650e0ba2;b2ad16aaa7;-;-;Tue Aug 27 17:37:25 2019 +0200;1566920245;-;-;Tue Aug 27 17:37:25 2019 +0200;1566920245
1ec9721617a121bef1b19f104c3ace292800141c;1ec9721617;-;-;Tue Aug 27 16:01:50 2019 +0200;1566914510;-;-;Tue Aug 27 16:01:50 2019 +0200;1566914510
686f30a378bf581902e8e1d5347558c02ca400cf;686f30a378;-;-;Tue Aug 27 15:49:20 2019 +0200;1566913760;-;-;Tue Aug 27 15:49:20 2019 +0200;1566913760
f8f3067419e4e4f5d4157fd544a42ae72e3588c0;f8f3067419;-;-;Tue Aug 27 12:27:18 2019 +0200;1566901638;-;-;Tue Aug 27 12:27:18 2019 +0200;1566901638
d357ef706fca2cfcc970d51b5c582d58adb9cb0f;d357ef706f;-;-;Tue Aug 27 12:24:44 2019 +0200;1566901484;-;-;Tue Aug 27 12:24:44 2019 +0200;1566901484
29a58ab045b1fdb622b9e3a54df21b69ac930c01;29a58ab045;-;-;Tue Aug 27 12:27:20 2019 +0300;1566898040;-;-;Tue Aug 27 13:04:58 2019 +0300;1566900298
45d0405624a8e91a686c670119e0f9618b2d063e;45d0405624;-;-;Tue Aug 27 04:29:11 2019 +0300;1566869351;-;-;Tue Aug 27 13:04:58 2019 +0300;1566900298
a0d50a546bc44ef0273bea46a80486a4025a958a;a0d50a546b;-;-;Tue Aug 27 18:01:30 2019 +0800;1566900090;-;-;Tue Aug 27 12:01:30 2019 +0200;1566900090
c6a4898ac5ccac9d31802a53d2de16174b021eab;c6a4898ac5;-;-;Mon Aug 26 17:45:01 2019 +0200;1566834301;-;-;Mon Aug 26 17:45:01 2019 +0200;1566834301
6c2ef481ec0065c3582fa51285b61c5bd064070c;6c2ef481ec;-;-;Mon Aug 26 22:26:32 2019 +0900;1566825992;-;-;Mon Aug 26 15:26:32 2019 +0200;1566825992
4cd635e9c87d58b990a7b19125fdfe53007ee648;4cd635e9c8;-;-;Sun Aug 25 22:42:41 2019 +0200;1566765761;-;-;Sun Aug 25 22:42:41 2019 +0200;1566765761
5105b74f6e7cdb80cd1dc1f1d426ad931e038184;5105b74f6e;-;-;Sun Aug 25 15:15:48 2019 +0200;1566738948;-;-;Sun Aug 25 15:15:48 2019 +0200;1566738948
9be6aa64ef190a930f51ded7562609b3a63d3613;9be6aa64ef;-;-;Sun Aug 25 15:09:50 2019 +0200;1566738590;-;-;Sun Aug 25 15:13:53 2019 +0200;1566738833
dda047623d2b381ddbaa3683d0bac08e8aea8ffe;dda047623d;-;-;Fri Aug 23 17:00:32 2019 +0200;1566572432;-;-;Fri Aug 23 17:05:31 2019 +0200;1566572731
84f9c150de9aa0a94f17a09a0f9f957cc3eccec6;84f9c150de;-;-;Thu Aug 22 21:19:30 2019 +0200;1566501570;-;-;Fri Aug 23 17:05:31 2019 +0200;1566572731
bfbe84d1c67a743efbbdda06c64c4ae74c5fc221;bfbe84d1c6;-;-;Fri Aug 23 16:50:27 2019 +0200;1566571827;-;-;Fri Aug 23 16:50:27 2019 +0200;1566571827
ac760c8d4b46b1879d7b071e06407dce8039d169;ac760c8d4b;-;-;Fri Aug 23 16:38:35 2019 +0200;1566571115;-;-;Fri Aug 23 16:38:35 2019 +0200;1566571115
5ce75f3d08be08536278e231b3ecacafd672dde8;5ce75f3d08;-;-;Fri Aug 23 16:27:27 2019 +0200;1566570447;-;-;Fri Aug 23 16:27:27 2019 +0200;1566570447
d4360db497f1210ca83cf56e1e2d2e2cba010cba;d4360db497;-;-;Fri Aug 23 15:03:41 2019 +0200;1566565421;-;-;Fri Aug 23 15:03:41 2019 +0200;1566565421
50decc43cea4cfbcb92afabd8fa892308a4a389d;50decc43ce;-;-;Fri Aug 23 14:47:39 2019 +0200;1566564459;-;-;Fri Aug 23 14:47:39 2019 +0200;1566564459
ad6231ad2989ca5428bb51afdf48a9112710ce1d;ad6231ad29;-;-;Thu Aug 22 14:48:08 2019 +0200;1566478088;-;-;Fri Aug 23 13:50:58 2019 +0200;1566561058
0b63db26b745c1337087132747beaf19eddfb39d;0b63db26b7;-;-;Thu Aug 22 13:41:36 2019 +0200;1566474096;-;-;Fri Aug 23 13:50:57 2019 +0200;1566561057
a07ce8eb8281fcfc248145d5b24acceb73b45e93;a07ce8eb82;-;-;Thu Aug 22 13:17:07 2019 +0200;1566472627;-;-;Fri Aug 23 13:50:57 2019 +0200;1566561057
3e2b977d5dfaf09847cf1c1c3fe88d42d90976fb;3e2b977d5d;-;-;Thu Aug 22 13:16:14 2019 +0200;1566472574;-;-;Fri Aug 23 13:50:57 2019 +0200;1566561057
05c270d9163cfa7c1ae1cbf4d4da10d13dfcd304;05c270d916;-;-;Fri Aug 23 13:23:50 2019 +0200;1566559430;-;-;Fri Aug 23 13:50:33 2019 +0200;1566561033
742cb90d34719c3d19237f79d1e7c22aa019c986;742cb90d34;-;-;Thu Aug 22 13:41:01 2019 +0200;1566474061;-;-;Fri Aug 23 13:49:35 2019 +0200;1566560975
b96cbb4e656da2d765e9290fdff5dfc3fa65fcee;b96cbb4e65;-;-;Fri Aug 23 12:56:47 2019 +0200;1566557807;-;-;Fri Aug 23 12:56:47 2019 +0200;1566557807
8e4f2c89ffecb658c7985fe3012de73e51eade75;8e4f2c89ff;-;-;Thu Aug 22 15:05:14 2019 +0200;1566479114;-;-;Fri Aug 23 11:23:26 2019 +0200;1566552206
fbee3ed889b9af18ebc499bf90d73db76c8e81c5;fbee3ed889;-;-;Fri Aug 23 01:28:34 2019 +0200;1566516514;-;-;Fri Aug 23 10:57:10 2019 +0200;1566550630
0d3fb0ee0f4c4ab9166b17168129f9769601d0bb;0d3fb0ee0f;-;-;Thu Aug 22 16:49:12 2019 +0200;1566485352;-;-;Thu Aug 22 16:58:00 2019 +0200;1566485880
7cfae94d70fb560e081eab6a2b03021f5cc430da;7cfae94d70;-;-;Thu Aug 22 16:11:09 2019 +0200;1566483069;-;-;Thu Aug 22 16:11:09 2019 +0200;1566483069
1d2ebdeb8c81d5735ce5bb8a08aa7fa460e5379d;1d2ebdeb8c;-;-;Thu Aug 22 13:39:04 2019 +0300;1566470344;-;-;Thu Aug 22 13:39:20 2019 +0300;1566470360
86c734785dcf977f02b72a7f6927b2ef7d9f8c2b;86c734785d;-;-;Wed Aug 21 20:15:35 2019 +0200;1566411335;-;-;Wed Aug 21 20:15:35 2019 +0200;1566411335
7902ae4c1f87b4d8c26fd729c054bab4d072c4b5;7902ae4c1f;-;-;Wed Aug 21 18:42:17 2019 +0200;1566405737;-;-;Wed Aug 21 18:42:17 2019 +0200;1566405737
53f523001e4df6b84a2ff7e9c3ae360308bc32fa;53f523001e;-;-;Wed Aug 21 15:54:28 2019 +0200;1566395668;-;-;Wed Aug 21 15:56:15 2019 +0200;1566395775
3dc4d01b5339365d9db934af27f90c932e9a20b3;3dc4d01b53;-;-;Wed Aug 21 15:13:04 2019 +0200;1566393184;-;-;Wed Aug 21 15:56:15 2019 +0200;1566395775
7ce1f5e652fee3f0e21925ac12f0882d733badb3;7ce1f5e652;-;-;Wed Aug 21 15:24:03 2019 +0200;1566393843;-;-;Wed Aug 21 15:39:51 2019 +0200;1566394791
03701018c60ef67f406c52c6728e4f2eaccead50;03701018c6;-;-;Wed Aug 21 15:38:16 2019 +0200;1566394696;-;-;Wed Aug 21 15:38:16 2019 +0200;1566394696
e45a3f4738af820ac60b7fb944c5dbd98cff613c;e45a3f4738;-;-;Wed Aug 21 14:28:42 2019 +0200;1566390522;-;-;Wed Aug 21 14:32:25 2019 +0200;1566390745
6ce5f9da061f7b27f6c1e39bd34fe6b42da9dd22;6ce5f9da06;-;-;Wed Aug 21 14:18:21 2019 +0200;1566389901;-;-;Wed Aug 21 14:18:21 2019 +0200;1566389901
74de4955748bbf94fd2894082d42443f9f288b55;74de495574;-;-;Wed Aug 21 19:53:32 2019 +0800;1566388412;-;-;Wed Aug 21 13:53:32 2019 +0200;1566388412
274eab7c5d2e98d94d47139a150ece36c28be000;274eab7c5d;-;-;Wed Aug 21 13:36:11 2019 +0300;1566383771;-;-;Wed Aug 21 13:36:11 2019 +0300;1566383771
78abc27432d16f7511958d10d457ac422d9fc163;78abc27432;-;-;Wed Aug 21 11:45:56 2019 +0300;1566377156;-;-;Wed Aug 21 11:45:56 2019 +0300;1566377156
e1158ad5cbfed1ddd0f28e7d06bd59b01e8d5783;e1158ad5cb;-;-;Wed Aug 21 11:21:36 2019 +0300;1566375696;-;-;Wed Aug 21 11:21:36 2019 +0300;1566375696
0a7fdb380f78321a943f070fb89485f039265b96;0a7fdb380f;-;-;Wed Aug 21 11:01:59 2019 +0300;1566374519;-;-;Wed Aug 21 11:02:10 2019 +0300;1566374530
ff6ccd0d0433ff5f192d74590a63e3b8929220b5;ff6ccd0d04;-;-;Wed Aug 21 10:23:25 2019 +0300;1566372205;-;-;Wed Aug 21 10:24:46 2019 +0300;1566372286
364c7c459d7260839cd6ba38fc242d40a20930a3;364c7c459d;-;-;Wed Aug 21 10:21:32 2019 +0300;1566372092;-;-;Wed Aug 21 10:21:32 2019 +0300;1566372092
b3aebf9e9bd74fc03b8caf2011bb9a72e3a96d60;b3aebf9e9b;-;-;Tue Aug 20 23:32:19 2019 +0200;1566336739;-;-;Tue Aug 20 23:36:59 2019 +0200;1566337019
5053df55b6d23d3ef66de741fa77c1a3ccdba907;5053df55b6;-;-;Tue Aug 20 22:01:12 2019 +0200;1566331272;-;-;Tue Aug 20 22:01:12 2019 +0200;1566331272
4a3e2484ac19cb7ef9db9ed92d7ac7dab972f714;4a3e2484ac;-;-;Tue Aug 20 20:33:10 2019 +0200;1566325990;-;-;Tue Aug 20 20:33:10 2019 +0200;1566325990
e9523161f0530811e3330bd90f0042228d80ad12;e9523161f0;-;-;Tue Aug 20 20:26:43 2019 +0200;1566325603;-;-;Tue Aug 20 20:26:43 2019 +0200;1566325603
fb0d618751a073c067c41266b9601094ccaa7560;fb0d618751;-;-;Tue Aug 20 20:07:11 2019 +0200;1566324431;-;-;Tue Aug 20 20:07:11 2019 +0200;1566324431
1539ba8991be1d6f7d0359746433a37c6467443e;1539ba8991;-;-;Tue Aug 20 18:17:02 2019 +0200;1566317822;-;-;Tue Aug 20 18:17:02 2019 +0200;1566317822
aa6e762dcfc5250bd6cffe84cef9e3003b6797ce;aa6e762dcf;-;-;Tue Aug 20 14:47:23 2019 +0200;1566305243;-;-;Tue Aug 20 15:30:32 2019 +0200;1566307832
fab96cad67dbc86deaec31fcced8b4091488b8bc;fab96cad67;-;-;Tue Aug 20 14:43:24 2019 +0200;1566305004;-;-;Tue Aug 20 15:30:24 2019 +0200;1566307824
cf1bf3d98c5faf5d1d98a7dbe47652816d15e18e;cf1bf3d98c;-;-;Tue Aug 20 12:41:32 2019 +0200;1566297692;-;-;Tue Aug 20 12:43:31 2019 +0200;1566297811
617863ae4b70ca20c1ad22e22282d86d9efcf7b6;617863ae4b;-;-;Tue Aug 20 12:20:26 2019 +0200;1566296426;-;-;Tue Aug 20 12:43:31 2019 +0200;1566297811
91560d51ac03462b62c81403d2172c00ed791e00;91560d51ac;-;-;Tue Aug 20 12:10:19 2019 +0200;1566295819;-;-;Tue Aug 20 12:43:30 2019 +0200;1566297810
26dc93d0f6c47eab1b374478e997d373010a24c6;26dc93d0f6;-;-;Tue Aug 20 10:26:31 2019 +0300;1566285991;-;-;Tue Aug 20 10:27:06 2019 +0300;1566286026
b75674f5e9a19e4e4a807eb3f139e869d33c3eff;b75674f5e9;-;-;Tue Aug 20 09:12:36 2019 +0300;1566281556;-;-;Tue Aug 20 10:27:05 2019 +0300;1566286025
008687d5aef120205ad218a27c2d8f2fa65122f3;008687d5ae;-;-;Tue Aug 20 03:03:27 2019 +0300;1566259407;-;-;Tue Aug 20 10:27:05 2019 +0300;1566286025
5cfe4916025fb9acc22475dbd18385badcd3e2e5;5cfe491602;-;-;Mon Aug 19 16:56:41 2019 +0300;1566223001;-;-;Tue Aug 20 03:03:58 2019 +0300;1566259438
4386bf05de8e332d2a38aa8ebcd9a0e7df7bf576;4386bf05de;-;-;Mon Aug 19 15:35:02 2019 +0200;1566221702;-;-;Mon Aug 19 15:35:02 2019 +0200;1566221702
74ccfe3533caa6a2562dafc7c9396dd34e9293bb;74ccfe3533;-;-;Mon Aug 19 15:21:16 2019 +0200;1566220876;-;-;Mon Aug 19 15:21:16 2019 +0200;1566220876
3fa4d63807429248de7ad35299ad94fd488f3c9b;3fa4d63807;-;-;Mon Aug 19 14:37:27 2019 +0200;1566218247;-;-;Mon Aug 19 14:37:27 2019 +0200;1566218247
998f6af290462fe8ddf167ebf32d2d0dca6c7290;998f6af290;-;-;Tue Jul 23 11:28:31 2019 +0200;1563874111;-;-;Mon Aug 19 10:55:44 2019 +0200;1566204944
6008c616801e2dc22a77a5874ef3d734e1e41320;6008c61680;-;-;Mon Aug 19 10:15:43 2019 +0200;1566202543;-;-;Mon Aug 19 10:21:55 2019 +0200;1566202915
4d10249b70cc6aab3baa62eb9dbf288f397d89f8;4d10249b70;-;-;Wed Aug 14 11:07:11 2019 +0200;1565773631;-;-;Mon Aug 19 10:03:01 2019 +0200;1566201781
19ed439e4bab269400a1dd585bcb947e61cda45e;19ed439e4b;-;-;Sun Aug 18 09:30:31 2019 +0200;1566113431;-;-;Sun Aug 18 09:30:50 2019 +0200;1566113450
dce8036757502c957d77e1911d370084a55ba25b;dce8036757;-;-;Sun Aug 18 08:10:18 2019 +0200;1566108618;-;-;Sun Aug 18 08:10:18 2019 +0200;1566108618
063233afb5510f92aa63e27aeeecec0b425eb2f8;063233afb5;-;-;Sat Aug 17 19:20:36 2019 +0200;1566062436;-;-;Sat Aug 17 19:20:36 2019 +0200;1566062436
ceaf6f46ac71d6cbf3ffdb57da0e0acc2a4d96c3;ceaf6f46ac;-;-;Sat Aug 17 18:56:11 2019 +0200;1566060971;-;-;Sat Aug 17 18:56:11 2019 +0200;1566060971
303fc3211c1eba3ea434fcf4fab64e72e723f99f;303fc3211c;-;-;Sat Aug 17 18:44:47 2019 +0200;1566060287;-;-;Sat Aug 17 18:44:54 2019 +0200;1566060294
f8a93ee4a76bf15796a46408f50d041341e9f1cc;f8a93ee4a7;-;-;Sat Aug 17 08:29:58 2019 -0700;1566055798;-;-;Sat Aug 17 08:31:23 2019 -0700;1566055883
0db2f8fbcf1646edaf5d27fef08814eb6ce9cd13;0db2f8fbcf;-;-;Sat Aug 17 07:27:22 2019 -0700;1566052042;-;-;Sat Aug 17 07:27:22 2019 -0700;1566052042
6937d95e6955107b47c9eb2e584e5367ccd0f222;6937d95e69;-;-;Sat Aug 17 16:07:39 2019 +0300;1566047259;-;-;Sat Aug 17 15:07:39 2019 +0200;1566047259
31cde1254051b5c265210ef5b98970ed45ec5b4e;31cde12540;-;-;Sat Aug 17 14:45:17 2019 +0200;1566045917;-;-;Sat Aug 17 14:47:25 2019 +0200;1566046045
288461a5410c88322bd7e4adebc1e46e318944a4;288461a541;-;-;Sat Aug 17 14:27:35 2019 +0200;1566044855;-;-;Sat Aug 17 14:47:24 2019 +0200;1566046044
bbe33832cf53aec5ad6f0e3994ce4d032e13347c;bbe33832cf;-;-;Sat Aug 17 13:21:28 2019 +0200;1566040888;-;-;Sat Aug 17 13:21:28 2019 +0200;1566040888
504d2a41f1b86b68bd6cb8d7f1a2cf716a94aef6;504d2a41f1;-;-;Sat Aug 17 13:12:17 2019 +0200;1566040337;-;-;Sat Aug 17 13:12:17 2019 +0200;1566040337
163b97f1ff44b4239f1e66ea5228c68b4bef729b;163b97f1ff;-;-;Sat Aug 17 12:36:45 2019 +0200;1566038205;-;-;Sat Aug 17 12:36:45 2019 +0200;1566038205
3877087f5a841e75fef878a99c3639fd5d9028ca;3877087f5a;-;-;Sat Aug 17 12:07:17 2019 +0200;1566036437;-;-;Sat Aug 17 12:07:17 2019 +0200;1566036437
bb8fd1c6bdbd7ea34f611d0d5c67a6f36e92eb79;bb8fd1c6bd;-;-;Fri Aug 16 16:30:45 2019 +0200;1565965845;-;-;Fri Aug 16 16:30:45 2019 +0200;1565965845
b4c0537fa5a4c6f888be4bb9d1e2d1fde6e3d8d1;b4c0537fa5;-;-;Fri Aug 16 08:27:23 2019 +0200;1565936843;-;-;Fri Aug 16 08:27:23 2019 +0200;1565936843
2f61c89f09d5d8158755e714c115c0bb059a92e3;2f61c89f09;-;-;Fri Aug 16 08:25:52 2019 +0200;1565936752;-;-;Fri Aug 16 08:25:52 2019 +0200;1565936752
71ddb861bdd1851ed6f0ef97899f6c91b5e12e14;71ddb861bd;-;-;Thu Aug 15 13:31:06 2019 +0200;1565868666;-;-;Thu Aug 15 13:31:06 2019 +0200;1565868666
76645644b1cb99cbee155dfea2852ee13914b3e3;76645644b1;-;-;Wed Aug 14 10:06:04 2019 +0200;1565769964;-;-;Wed Aug 14 10:06:04 2019 +0200;1565769964
db02d38c89f4c8df2ee9f0c0c40d3308a3232b05;db02d38c89;-;-;Wed Aug 14 10:00:03 2019 +0200;1565769603;-;-;Wed Aug 14 10:00:16 2019 +0200;1565769616
ec740559ed2ee676793e0778e47e8565c5f8c196;ec740559ed;-;-;Wed Aug 14 09:21:54 2019 +0200;1565767314;-;-;Wed Aug 14 10:00:16 2019 +0200;1565769616
9bd3a535cd524cf771423e67feeea523ac985f87;9bd3a535cd;-;-;Wed Aug 14 00:14:14 2019 +0200;1565734454;-;-;Wed Aug 14 00:14:14 2019 +0200;1565734454
561af5f8f936ed4608fff67e0af2a5872031df24;561af5f8f9;-;-;Tue Aug 13 17:51:13 2019 +0200;1565711473;-;-;Tue Aug 13 18:19:37 2019 +0200;1565713177
eff9cae3147342c6df7f87b3fa65f528ca1b6ee6;eff9cae314;-;-;Tue Aug 13 16:29:33 2019 +0200;1565706573;-;-;Tue Aug 13 16:29:47 2019 +0200;1565706587
32a942fda92ee341632df34fc7788eab59fe9719;32a942fda9;-;-;Tue Aug 13 16:24:56 2019 +0200;1565706296;-;-;Tue Aug 13 16:29:47 2019 +0200;1565706587
a2b8ea5173a13269340f7585fb9a2b73160fa794;a2b8ea5173;-;-;Tue Aug 13 11:55:41 2019 +0200;1565690141;-;-;Tue Aug 13 16:29:47 2019 +0200;1565706587
4e5c780b9917efcff63d8c7dff482700c18dd3db;4e5c780b99;-;-;Tue Aug 13 16:20:16 2019 +0200;1565706016;-;-;Tue Aug 13 16:23:59 2019 +0200;1565706239
e7e5cce7355f0d0224dabaa82022829f616efecf;e7e5cce735;-;-;Tue Aug 13 10:36:46 2019 +0200;1565685406;-;-;Tue Aug 13 10:36:46 2019 +0200;1565685406
91c0fbaadbb5e17f1f44261f3ae641fbad9aae22;91c0fbaadb;-;-;Tue Aug 13 13:57:29 2019 +0530;1565684849;-;-;Tue Aug 13 10:27:29 2019 +0200;1565684849
c863b8994ab51cdf55c3adfdb9cf3eafaafcac41;c863b8994a;-;-;Tue Aug 13 01:04:13 2019 +0200;1565651053;-;-;Tue Aug 13 09:42:08 2019 +0200;1565682128
b52a50a7e07fc72a470815e6490cf3de82c15784;b52a50a7e0;-;-;Tue Aug 13 09:36:48 2019 +0200;1565681808;-;-;Tue Aug 13 09:42:08 2019 +0200;1565682128
4123910d3df3e22d5398f361eea8676755652f4e;4123910d3d;-;-;Mon Aug 12 19:36:06 2019 +0200;1565631366;-;-;Mon Aug 12 19:36:06 2019 +0200;1565631366
f3c7879831e33152d7143fccf626dfc646724c79;f3c7879831;-;-;Mon Aug 12 16:23:49 2019 +0200;1565619829;-;-;Mon Aug 12 16:23:49 2019 +0200;1565619829
96658235c8b44bd195cafd1894378e8e2a4678c4;96658235c8;-;-;Mon Aug 12 15:39:49 2019 +0200;1565617189;-;-;Mon Aug 12 15:45:18 2019 +0200;1565617518
fcbca7d569256ca2abc793fbcbe2827737950179;fcbca7d569;-;-;Mon Aug 12 12:45:14 2019 +0200;1565606714;-;-;Mon Aug 12 12:45:14 2019 +0200;1565606714
ee47bc3a25cb1c38d0666a685a8a6b4255daa325;ee47bc3a25;-;-;Mon Aug 12 11:21:54 2019 +0200;1565601714;-;-;Mon Aug 12 11:21:54 2019 +0200;1565601714
7538561a7a6c39ea2580ed6bbadece2c5e822eec;7538561a7a;-;-;Sat Aug 10 14:24:10 2019 +0200;1565439850;-;-;Sat Aug 10 14:24:10 2019 +0200;1565439850
6c0e550b866abd7001de54232634d92a37cdb79e;6c0e550b86;-;-;Sat Aug 10 14:07:15 2019 +0200;1565438835;-;-;Sat Aug 10 14:07:15 2019 +0200;1565438835
849bbf00b52e4e4ea1442a1b5504455e2b0c66b3;849bbf00b5;-;-;Sat Aug 10 20:03:18 2019 +0800;1565438598;-;-;Sat Aug 10 14:03:18 2019 +0200;1565438598
fabdb07e538d6b21bd6ac5ddeeeef0ccc8a7f835;fabdb07e53;-;-;Fri Aug 9 16:39:35 2019 +0200;1565361575;-;-;Fri Aug 9 16:39:35 2019 +0200;1565361575
8b023b17c948bb180794a23207903718404e2cca;8b023b17c9;-;-;Fri Aug 9 14:53:54 2019 +0200;1565355234;-;-;Fri Aug 9 15:04:07 2019 +0200;1565355847
1dc2177a4af5c6ff8622017b9a79cecba1d8c635;1dc2177a4a;-;-;Thu Aug 8 23:14:29 2019 +0800;1565277269;-;-;Fri Aug 9 14:54:05 2019 +0200;1565355245
1925526df5e45a44f4b0a2c5426c6bf5920aebb2;1925526df5;-;-;Fri Aug 9 13:58:31 2019 +0200;1565351911;-;-;Fri Aug 9 13:58:31 2019 +0200;1565351911
60ec736264cb73ea3477b7f46a2fec8a9eec6ebe;60ec736264;-;-;Fri Aug 9 19:32:18 2019 +0800;1565350338;-;-;Fri Aug 9 13:32:18 2019 +0200;1565350338
0cdf992433627fe03c326410d38c904de75e68ec;0cdf992433;-;-;Fri Aug 9 13:14:46 2019 +0200;1565349286;-;-;Fri Aug 9 13:14:46 2019 +0200;1565349286
e4fec9364c1e3ffc4c5f8107eb74d1de717e02e9;e4fec9364c;-;-;Fri Aug 9 11:37:46 2019 +0200;1565343466;-;-;Fri Aug 9 11:37:46 2019 +0200;1565343466
56c1e8ffd21b1a5bfd75b8dcbda330a63f7b76b7;56c1e8ffd2;-;-;Fri Aug 9 11:08:30 2019 +0200;1565341710;-;-;Fri Aug 9 11:08:30 2019 +0200;1565341710
977451064a4125bc53f39c134d5fe04722c9333d;977451064a;-;-;Fri Aug 9 09:37:36 2019 +0200;1565336256;-;-;Fri Aug 9 09:37:36 2019 +0200;1565336256
a532afb15d298f2114d6072f0d29138c89bda04f;a532afb15d;-;-;Wed Aug 7 14:25:38 2019 +0200;1565180738;-;-;Wed Aug 7 17:39:42 2019 +0200;1565192382
50e53343789fe985b09e9be83481005074f716ee;50e5334378;-;-;Wed Aug 7 17:32:02 2019 +0200;1565191922;-;-;Wed Aug 7 17:32:19 2019 +0200;1565191939
d32cb7dac39c31922b9ce69dc0983f7d06b90207;d32cb7dac3;-;-;Wed Aug 7 14:23:15 2019 +0200;1565180595;-;-;Wed Aug 7 14:23:15 2019 +0200;1565180595
24f8d3093597c7f7e3b40c8e63a034998fd92e32;24f8d30935;-;-;Wed Aug 7 12:34:17 2019 +0200;1565174057;-;-;Wed Aug 7 12:34:17 2019 +0200;1565174057
a43ba052e94eb3b07ec9e407500e713d24e02b16;a43ba052e9;-;-;Wed Aug 7 12:24:48 2019 +0200;1565173488;-;-;Wed Aug 7 12:24:48 2019 +0200;1565173488
83956f8e8b073a19940ab7c1e70f2032d2f2dc72;83956f8e8b;-;-;Wed Aug 7 12:13:18 2019 +0200;1565172798;-;-;Wed Aug 7 12:13:18 2019 +0200;1565172798
03dd45fbd62bdc158bf31098fd54cf5de3da2026;03dd45fbd6;-;-;Tue Aug 6 18:18:16 2019 +0200;1565108296;-;-;Tue Aug 6 18:18:16 2019 +0200;1565108296
34767b14da056c1f23757ba830daa256c3c8e3b6;34767b14da;-;-;Tue Aug 6 18:11:47 2019 +0200;1565107907;-;-;Tue Aug 6 18:11:47 2019 +0200;1565107907
23cd261b6b1440d2c45479ccb4f13518636e3eb9;23cd261b6b;-;-;Tue Aug 6 11:28:32 2019 +0200;1565083712;-;-;Tue Aug 6 11:28:32 2019 +0200;1565083712
4d6e359e25b5387f42e717943ca594da50a164ac;4d6e359e25;-;-;Mon Aug 5 15:30:06 2019 +0200;1565011806;-;-;Mon Aug 5 15:30:06 2019 +0200;1565011806
82f301f42f57a1afa3cf125c3258158808fa39c3;82f301f42f;-;-;Mon Aug 5 15:29:04 2019 +0200;1565011744;-;-;Mon Aug 5 15:29:04 2019 +0200;1565011744
e6ab6c9fe95aef7c3fea6cfd1a422d7a3efe25bf;e6ab6c9fe9;-;-;Mon Aug 5 14:39:20 2019 +0200;1565008760;-;-;Mon Aug 5 14:39:20 2019 +0200;1565008760
c2f5dabeeea7dfbd1d7013eec0efbb89738049cb;c2f5dabeee;-;-;Sat Aug 3 00:13:30 2019 +0200;1564784010;-;-;Sat Aug 3 00:13:30 2019 +0200;1564784010
63bf1bff23b918168035c4ed4d9d9ad223938bf8;63bf1bff23;-;-;Fri Aug 2 16:33:02 2019 +0100;1564759982;-;-;Fri Aug 2 16:33:02 2019 +0100;1564759982
5bb5b2b24dc6ab7a393c87e7a6c99b455cc42b48;5bb5b2b24d;-;-;Fri Aug 2 19:40:25 2019 +0800;1564746025;-;-;Fri Aug 2 13:40:25 2019 +0200;1564746025
d7a6ee59628327e8814679f2e0421f05d64e9a47;d7a6ee5962;-;-;Fri Aug 2 11:21:57 2019 +0200;1564737717;-;-;Fri Aug 2 11:21:57 2019 +0200;1564737717
53d067399d3818ba3160010716a1012ca6abd5ba;53d067399d;-;-;Fri Aug 2 01:46:26 2019 +0200;1564703186;-;-;Fri Aug 2 01:46:26 2019 +0200;1564703186
9be327985b61588d5f8c7050a5558ef36a33b321;9be327985b;-;-;Thu Aug 1 22:59:56 2019 +0200;1564693196;-;-;Thu Aug 1 23:15:40 2019 +0200;1564694140
ee2041388b6adcf3a6727415be78a90774ed4113;ee2041388b;-;-;Thu Aug 1 23:14:35 2019 +0200;1564694075;-;-;Thu Aug 1 23:15:39 2019 +0200;1564694139
7ac665b18eb6e37fce367a9abe5f23e582abde02;7ac665b18e;-;-;Thu Aug 1 22:42:33 2019 +0200;1564692153;-;-;Thu Aug 1 22:42:33 2019 +0200;1564692153
765d43b34f85c176a2e557d1e3f8ecaa0cd3d4c7;765d43b34f;-;-;Thu Aug 1 20:15:16 2019 +0100;1564686916;-;-;Thu Aug 1 20:15:16 2019 +0100;1564686916
9929d75260732b23b3e7ffe8933bff54330e69bb;9929d75260;-;-;Thu Aug 1 18:55:17 2019 +0200;1564678517;-;-;Thu Aug 1 18:55:17 2019 +0200;1564678517
5e61e33c6627edd19742906f84c3ca8aeadcda90;5e61e33c66;-;-;Thu Aug 1 18:49:55 2019 +0200;1564678195;-;-;Thu Aug 1 18:49:55 2019 +0200;1564678195
1890e04df18c152e61da62b5442008f8064ab127;1890e04df1;-;-;Tue Jul 23 15:50:55 2019 +0200;1563889855;-;-;Thu Aug 1 18:48:09 2019 +0200;1564678089
96ea3a89246d69e93d8c40000485ab334ac72c6d;96ea3a8924;-;-;Thu Aug 1 16:23:21 2019 +0200;1564669401;-;-;Thu Aug 1 16:23:21 2019 +0200;1564669401
fd86f34057339debc2989dd8f25fe9cc0318d2b5;fd86f34057;-;-;Thu Aug 1 15:27:06 2019 +0200;1564666026;-;-;Thu Aug 1 15:27:06 2019 +0200;1564666026
49593f5399a8053414bd7a0a11566d74f9eae018;49593f5399;-;-;Thu Aug 1 14:25:33 2019 +0200;1564662333;-;-;Thu Aug 1 14:25:33 2019 +0200;1564662333
b67dbe66ef43e6faca7886a36ebc6f9e9a1fd8f4;b67dbe66ef;-;-;Thu Aug 1 14:25:26 2019 +0200;1564662326;-;-;Thu Aug 1 14:25:26 2019 +0200;1564662326
8b1a2a70e17b02495387775373dba9175a5f84e5;8b1a2a70e1;-;-;Thu Aug 1 13:54:00 2019 +0200;1564660440;-;-;Thu Aug 1 13:54:00 2019 +0200;1564660440
4612544505b45d4bb30ca514632265c2e783c57c;4612544505;-;-;Thu Aug 1 13:04:46 2019 +0200;1564657486;-;-;Thu Aug 1 13:04:46 2019 +0200;1564657486
223074295d529302150c31ec1bc2e24650ee3ce3;223074295d;-;-;Thu Aug 1 10:17:27 2019 +0200;1564647447;-;-;Thu Aug 1 10:17:27 2019 +0200;1564647447
1e830f725c636d9c17c693950c273827d6efe39d;1e830f725c;-;-;Thu Aug 1 08:29:02 2019 +0100;1564644542;-;-;Thu Aug 1 08:29:02 2019 +0100;1564644542
62a3e414734b24d1801b34223df5faaae9e32b5f;62a3e41473;-;-;Tue Jul 30 15:22:05 2019 +0100;1564496525;-;-;Thu Aug 1 08:05:14 2019 +0100;1564643114
89d150d3981aaec43bc17f195adfee80786560ab;89d150d398;-;-;Wed Jul 31 18:31:11 2019 +0100;1564594271;-;-;Thu Aug 1 07:48:12 2019 +0100;1564642092
6eca9e7cc9428e6698c43b54d720d666d701ba0f;6eca9e7cc9;-;-;Wed Jul 31 23:58:02 2019 +0200;1564610282;-;-;Wed Jul 31 23:58:02 2019 +0200;1564610282
dea9ad6cb240d41ec4893c3691a4735c704ca8d2;dea9ad6cb2;-;-;Wed Jul 31 23:53:32 2019 +0200;1564610012;-;-;Wed Jul 31 23:53:32 2019 +0200;1564610012
de3c115614d58782f96953c548f56e650fc97ab2;de3c115614;-;-;Wed Jul 31 22:05:46 2019 +0200;1564603546;-;-;Wed Jul 31 22:05:46 2019 +0200;1564603546
b03dd475984bd668bf48e3916d5fb0dacbec7dea;b03dd47598;-;-;Wed Jul 31 22:01:18 2019 +0200;1564603278;-;-;Wed Jul 31 22:01:18 2019 +0200;1564603278
17518ecbbe222c357a24bf43f38fee1de3170d54;17518ecbbe;-;-;Wed Jul 31 14:40:40 2019 +0100;1564580440;-;-;Wed Jul 31 14:40:40 2019 +0100;1564580440
a6021cc96890e6f909fcf9f20d8ff6dabf596359;a6021cc968;-;-;Wed Jul 31 13:46:25 2019 +0100;1564577185;-;-;Wed Jul 31 13:52:53 2019 +0100;1564577573
e6f86c5c755c79737d2f33d592def296ab162437;e6f86c5c75;-;-;Wed Jul 31 13:45:48 2019 +0200;1564573548;-;-;Wed Jul 31 13:45:48 2019 +0200;1564573548
cca32a56a4e6a0495b200921cc32799cf8c3852b;cca32a56a4;-;-;Sat Jul 20 20:50:02 2019 +0100;1563652202;-;-;Wed Jul 31 12:22:03 2019 +0200;1564568523
71a5308c78e935c0e6a3363f6832ab501dc272a0;71a5308c78;-;-;Tue Jul 23 08:21:42 2019 +0100;1563866502;-;-;Wed Jul 31 12:22:03 2019 +0200;1564568523
a0e462581fe1d27d5926809fbb21441a6685ef45;a0e462581f;-;-;Thu Jul 18 18:43:48 2019 +0100;1563471828;-;-;Wed Jul 31 12:22:03 2019 +0200;1564568523
527876d9a08e136c2fe07de162578de36cc344fb;527876d9a0;-;-;Thu Jul 18 11:48:32 2019 +0100;1563446912;-;-;Wed Jul 31 12:22:03 2019 +0200;1564568523
95edcb81b532accf30d35496468977ed87e529a5;95edcb81b5;-;-;Wed Jul 17 13:45:09 2019 +0100;1563367509;-;-;Wed Jul 31 12:22:03 2019 +0200;1564568523
2ee1ce61c038c27fb163316961d3180de42f8297;2ee1ce61c0;-;-;Sat Jul 20 17:03:31 2019 +0100;1563638611;-;-;Wed Jul 31 12:22:03 2019 +0200;1564568523
30132b42c6c0d6e0f6bf17c3c0385ae8293f646b;30132b42c6;-;-;Tue Jul 30 22:53:27 2019 +0200;1564520007;-;-;Tue Jul 30 22:53:27 2019 +0200;1564520007
3b235a098f48a26aa455af381355f704ddd5d8cd;3b235a098f;-;-;Tue Jul 30 22:52:20 2019 +0200;1564519940;-;-;Tue Jul 30 22:52:20 2019 +0200;1564519940
ac9a11a581a998529054261977ebd70ca9953a0e;ac9a11a581;-;-;Tue Jul 30 18:03:01 2019 +0200;1564502581;-;-;Tue Jul 30 18:03:01 2019 +0200;1564502581
27aaad5a892f6bec71316d2fec0871eb5c2b8435;27aaad5a89;-;-;Tue Jul 30 17:37:26 2019 +0200;1564501046;-;-;Tue Jul 30 17:37:26 2019 +0200;1564501046
4f3b89e907bf0587507632797dd8cc22db3e7392;4f3b89e907;-;-;Tue Jul 30 17:36:02 2019 +0200;1564500962;-;-;Tue Jul 30 17:36:02 2019 +0200;1564500962
8ef557df2f29db040c6129cd25ed95e592fe335b;8ef557df2f;-;-;Tue Jul 30 17:34:29 2019 +0200;1564500869;-;-;Tue Jul 30 17:34:29 2019 +0200;1564500869
5e15bbfbf12ad5a86852c462aaf02f9f40a4dbfe;5e15bbfbf1;-;-;Tue Jul 30 16:16:04 2019 +0100;1564499764;-;-;Tue Jul 30 16:16:30 2019 +0100;1564499790
a1a878127980b5744f08d74d85732256da50b22d;a1a8781279;-;-;Tue Jul 30 16:12:10 2019 +0100;1564499530;-;-;Tue Jul 30 16:16:30 2019 +0100;1564499790
22e87ac14355db55abb1126e42be0ec5176e182f;22e87ac143;-;-;Tue Jul 30 16:05:18 2019 +0200;1564495518;-;-;Tue Jul 30 16:05:18 2019 +0200;1564495518
cc57506474b0977c74d1ccbd5c780e98010e1ce7;cc57506474;-;-;Tue Jul 30 16:05:00 2019 +0200;1564495500;-;-;Tue Jul 30 16:05:00 2019 +0200;1564495500
571f6adb35dbdd0fbec0e684f3b063c752096c56;571f6adb35;-;-;Tue Jul 30 15:46:27 2019 +0200;1564494387;-;-;Tue Jul 30 15:46:27 2019 +0200;1564494387
9648b1c2c6f00b35c1d9d8751bf9a38f89f908c2;9648b1c2c6;-;-;Tue Jul 30 12:06:39 2019 +0100;1564484799;-;-;Tue Jul 30 12:06:39 2019 +0100;1564484799
d972911d51c5dac18aac1ce0d59d89af852fd9b2;d972911d51;-;-;Tue Jul 30 11:02:33 2019 +0100;1564480953;-;-;Tue Jul 30 11:02:33 2019 +0100;1564480953
ee03a18e618920d4dd4cedd5a0f94a755e1a8060;ee03a18e61;-;-;Tue Jul 30 10:55:12 2019 +0200;1564476912;-;-;Tue Jul 30 10:55:12 2019 +0200;1564476912
5c860afa55a449238be6dd6bd0c7f6ab4399b5cf;5c860afa55;-;-;Tue Jul 30 09:54:20 2019 +0200;1564473260;-;-;Tue Jul 30 09:54:20 2019 +0200;1564473260
c9340ecabc29215fa378059592c66d64c698dd25;c9340ecabc;-;-;Tue Jul 30 09:52:19 2019 +0200;1564473139;-;-;Tue Jul 30 09:52:19 2019 +0200;1564473139
535bb16c28eead2fb2681e785dcee052308014c6;535bb16c28;-;-;Tue Jul 30 09:38:03 2019 +0200;1564472283;-;-;Tue Jul 30 09:38:04 2019 +0200;1564472284
2c878e9331289ac8e5768e60881e9ac873ba7865;2c878e9331;-;-;Mon Jul 29 22:04:08 2019 +0100;1564434248;-;-;Mon Jul 29 22:09:06 2019 +0100;1564434546
55946bf319d1cbb4bc899689f1ef3d6649aca479;55946bf319;-;-;Mon Jul 29 21:13:39 2019 +0100;1564431219;-;-;Mon Jul 29 22:09:06 2019 +0100;1564434546
c76370d7d8f3f5421b302c8eafe1c0007f85d312;c76370d7d8;-;-;Mon Jul 29 13:29:11 2019 +0100;1564403351;-;-;Mon Jul 29 22:09:02 2019 +0100;1564434542
dc0c730ee84065c564ae23e8bdddb66deea38dff;dc0c730ee8;-;-;Mon Jul 29 10:15:46 2019 +0100;1564391746;-;-;Mon Jul 29 22:08:26 2019 +0100;1564434506
2aa3363ba236df645d28fa0675a842994b516b4b;2aa3363ba2;-;-;Mon Jul 29 08:39:07 2019 +0100;1564385947;-;-;Mon Jul 29 22:08:07 2019 +0100;1564434487
027fd783067522578b43f8e1d15a6cc5b95a0a1f;027fd78306;-;-;Mon Jul 29 22:52:45 2019 +0200;1564433565;-;-;Mon Jul 29 22:53:15 2019 +0200;1564433595
c9479ff20f9e4ad2641928cd6a842ec55f2260d0;c9479ff20f;-;-;Sun Jul 28 15:34:52 2019 +0100;1564324492;-;-;Mon Jul 29 22:53:00 2019 +0200;1564433580
1f8abef2cead395085a730e998485cbdf05f264c;1f8abef2ce;-;-;Mon Jul 29 14:22:40 2019 +0200;1564402960;-;-;Mon Jul 29 14:22:40 2019 +0200;1564402960
0ac1a3754eba162e749d2beb7ed18c6748f59107;0ac1a3754e;-;-;Mon Jul 29 10:10:12 2019 +0200;1564387812;-;-;Mon Jul 29 10:10:12 2019 +0200;1564387812
c72bf10eb98fd9906b9d49b3958f6a86992ccc32;c72bf10eb9;-;-;Sun Jul 28 18:41:26 2019 +0200;1564332086;-;-;Sun Jul 28 18:41:26 2019 +0200;1564332086
f53cdb8bd23429fde82a7f0912199484dadd19c9;f53cdb8bd2;-;-;Sun Jul 28 17:50:44 2019 +0200;1564329044;-;-;Sun Jul 28 17:59:19 2019 +0200;1564329559
0a822ddf2de6f75c0f27480bca3851667b990df6;0a822ddf2d;-;-;Sun Jul 28 16:36:12 2019 +0200;1564324572;-;-;Sun Jul 28 16:36:12 2019 +0200;1564324572
bfbe8f878064b5d3d4e6a99521ca3f95d7bdf67c;bfbe8f8780;-;-;Sun Jul 28 15:38:14 2019 +0200;1564321094;-;-;Sun Jul 28 15:40:39 2019 +0200;1564321239
a37eaf75c4a2a219bc6ddf9b7c4781bef4166aed;a37eaf75c4;-;-;Sun Jul 28 12:35:57 2019 +0200;1564310157;-;-;Sun Jul 28 12:35:57 2019 +0200;1564310157
1954861844f28284c72bdc8ed9b2c9066e85fe50;1954861844;-;-;Sun Jul 28 12:12:28 2019 +0200;1564308748;-;-;Sun Jul 28 12:12:28 2019 +0200;1564308748
690694df33151f5d003462b14026ef3fda57e010;690694df33;-;-;Sat Jul 27 23:08:50 2019 +0200;1564261730;-;-;Sat Jul 27 23:08:50 2019 +0200;1564261730
8574f977a27181238c0b2b3106cf391ac072f7ab;8574f977a2;-;-;Fri Jul 26 16:01:56 2019 +0100;1564153316;-;-;Fri Jul 26 16:12:02 2019 +0100;1564153922
fab0a5d504395cfd9e4435fe6491349200d28df7;fab0a5d504;-;-;Fri Jul 26 14:41:38 2019 +0100;1564148498;-;-;Fri Jul 26 16:12:02 2019 +0100;1564153922
7c4538160000f8948d3ef6711e7bfe38c6819fc2;7c45381600;-;-;Fri Jul 26 18:07:48 2019 +0900;1564132068;-;-;Fri Jul 26 11:07:48 2019 +0200;1564132068
1676b981e25d1cbe8c1d8af506de49c173f01b1d;1676b981e2;-;-;Thu Jul 25 16:40:02 2019 +0100;1564069202;-;-;Thu Jul 25 16:40:02 2019 +0100;1564069202
9655fc5007130ca6daccd9a6c2c107c43ca59990;9655fc5007;-;-;Thu Jul 25 13:45:39 2019 +0200;1564055139;-;-;Thu Jul 25 13:45:39 2019 +0200;1564055139
db3990d031f818af925283a45f490e3fbf76f247;db3990d031;-;-;Thu Jul 25 13:44:31 2019 +0200;1564055071;-;-;Thu Jul 25 13:44:31 2019 +0200;1564055071
f95372d7576b131364496c4f484688b43885f55a;f95372d757;-;-;Thu Jul 25 08:39:31 2019 +0200;1564036771;-;-;Thu Jul 25 08:39:31 2019 +0200;1564036771
be4facef1b663849e9be33fb62a3cb444ae0d918;be4facef1b;-;-;Wed Jul 24 18:44:04 2019 +0100;1563990244;-;-;Wed Jul 24 18:44:04 2019 +0100;1563990244
88016d47d01c74157f638dc1217ee6aa2428c65f;88016d47d0;-;-;Wed Jul 24 17:39:31 2019 +0100;1563986371;-;-;Wed Jul 24 17:39:31 2019 +0100;1563986371
2bb510588d3e4fb28cbdf6e8965f6cf81b50c094;2bb510588d;-;-;Wed Jul 24 11:18:15 2019 +0100;1563963495;-;-;Wed Jul 24 11:18:15 2019 +0100;1563963495
c3c152f80636d91090be899f66cc033796fa777f;c3c152f806;-;-;Tue Jul 23 15:23:44 2019 +0200;1563888224;-;-;Wed Jul 24 12:01:14 2019 +0200;1563962474
a3c7ae2c58dc932be4f576ebbad007442aff2cff;a3c7ae2c58;-;-;Wed Jul 24 10:04:19 2019 +0200;1563955459;-;-;Wed Jul 24 10:13:29 2019 +0200;1563956009
1d6e44ab04cc007e34c09191cd77517795cbd8ca;1d6e44ab04;-;-;Tue Jul 16 20:45:21 2019 +0300;1563299121;-;-;Wed Jul 24 10:05:38 2019 +0200;1563955538
5190eaf503bf1c280a9b9671252f15b77d72defc;5190eaf503;-;-;Mon Jul 22 18:37:02 2019 +0200;1563813422;-;-;Mon Jul 22 18:37:02 2019 +0200;1563813422
d633cb3ad548088bca111afb433c09d67dd6d74e;d633cb3ad5;-;-;Mon Jul 22 18:28:52 2019 +0200;1563812932;-;-;Mon Jul 22 18:28:52 2019 +0200;1563812932
d1570fd05b924d36d3a4352dd6e1d5cc53e653b4;d1570fd05b;-;-;Mon Jul 22 18:16:46 2019 +0200;1563812206;-;-;Mon Jul 22 18:16:46 2019 +0200;1563812206
acb3d1cf888125d7663628e766a42adaee8e78df;acb3d1cf88;-;-;Mon Jul 22 14:59:38 2019 +0100;1563803978;-;-;Mon Jul 22 14:59:52 2019 +0100;1563803992
7b734184189d33975239b9f1fea97d4cda78d9d7;7b73418418;-;-;Fri Jul 19 15:53:15 2019 +0200;1563544395;-;-;Mon Jul 22 15:34:42 2019 +0200;1563802482
56c298727389752498eb6788606a66bfa2dbb801;56c2987273;-;-;Mon Jul 22 14:02:22 2019 +0100;1563800542;-;-;Mon Jul 22 14:02:22 2019 +0100;1563800542
358a6d6f10d800cd52cf10a90c08d2786e1b9875;358a6d6f10;-;-;Mon Jul 22 11:25:19 2019 +0100;1563791119;-;-;Mon Jul 22 11:28:38 2019 +0100;1563791318
fbe697061cd53e6c5cdb81a8aba019c26ae930e4;fbe697061c;-;-;Sun Jul 21 20:40:53 2019 +0200;1563734453;-;-;Sun Jul 21 20:40:53 2019 +0200;1563734453
0f773515e4394bb090be51cad010f17842ade690;0f773515e4;-;-;Sun Jul 21 20:29:40 2019 +0200;1563733780;-;-;Sun Jul 21 20:29:40 2019 +0200;1563733780
8ccf4a90727cf2edead4b60d92ed22950762f535;8ccf4a9072;-;-;Sun Jul 21 20:21:58 2019 +0200;1563733318;-;-;Sun Jul 21 20:21:58 2019 +0200;1563733318
69214429df2ec644da6eb121edf6e323ee16eaea;69214429df;-;-;Sun Jul 21 17:21:24 2019 +0200;1563722484;-;-;Sun Jul 21 17:21:24 2019 +0200;1563722484
9cb15ba60290046d8f60757501dcea898effa970;9cb15ba602;-;-;Sun Jul 21 16:20:25 2019 +0200;1563718825;-;-;Sun Jul 21 16:20:29 2019 +0200;1563718829
b0939a8af043a9cc10ebf0b411679376ea73e1ce;b0939a8af0;-;-;Sun Jul 21 13:12:02 2019 +0200;1563707522;-;-;Sun Jul 21 13:12:02 2019 +0200;1563707522
c006a83584052fdd48a5ec4722d327ad6356aa94;c006a83584;-;-;Sun Jul 21 11:15:07 2019 +0200;1563700507;-;-;Sun Jul 21 11:27:43 2019 +0200;1563701263
45136aabd47f7915a5fc38375b67e368c3a646a0;45136aabd4;-;-;Sat Jul 20 19:06:54 2019 +0200;1563642414;-;-;Sat Jul 20 19:06:54 2019 +0200;1563642414
cdeb1fef5fb53f8e728c10865585904c3845673e;cdeb1fef5f;-;-;Sat Jul 20 18:23:00 2019 +0200;1563639780;-;-;Sat Jul 20 18:23:00 2019 +0200;1563639780
33979b2de9f773767650d455c70ae8dc1b64f668;33979b2de9;-;-;Sat Jul 20 17:07:14 2019 +0200;1563635234;-;-;Sat Jul 20 17:07:14 2019 +0200;1563635234
8ea3aa512fbeb9cc6ea5141d605848da8c95554b;8ea3aa512f;-;-;Sat Jul 20 16:35:05 2019 +0200;1563633305;-;-;Sat Jul 20 16:35:05 2019 +0200;1563633305
69d3e898143e82d7404d66bcc532f1eb02acf8f6;69d3e89814;-;-;Sat Jul 20 15:05:49 2019 +0200;1563627949;-;-;Sat Jul 20 15:05:49 2019 +0200;1563627949
daf29118a617b52466ae3b7a30be147f46f05a39;daf29118a6;-;-;Sat Jul 20 15:05:38 2019 +0200;1563627938;-;-;Sat Jul 20 15:05:38 2019 +0200;1563627938
8aa0b07768a105cb9f6852c0887f3115fa028552;8aa0b07768;-;-;Sat Jul 20 15:05:07 2019 +0200;1563627907;-;-;Sat Jul 20 15:05:07 2019 +0200;1563627907
be65bef91b0596277bfab57e0db43536302a4882;be65bef91b;-;-;Sat Jul 20 13:23:37 2019 +0100;1563625417;-;-;Sat Jul 20 13:23:37 2019 +0100;1563625417
9110a56e11572ea8ec4ec145486d6b7b6f273d2b;9110a56e11;-;-;Sat Jul 20 13:33:43 2019 +0200;1563622423;-;-;Sat Jul 20 13:33:43 2019 +0200;1563622423
090bfa63a1ac9f5a273736c3af86eaa6517803b2;090bfa63a1;-;-;Fri Jul 19 12:41:56 2019 +0200;1563532916;-;-;Fri Jul 19 12:45:24 2019 +0200;1563533124
c8704ce473b4fb1ab400b4e9deafa456a12c6fe7;c8704ce473;-;-;Fri Jul 19 11:36:52 2019 +0200;1563529012;-;-;Fri Jul 19 12:45:24 2019 +0200;1563533124
24e96b6c793d952a34ef507f78c2799ff9a122a9;24e96b6c79;-;-;Fri Jul 19 10:52:30 2019 +0100;1563529950;-;-;Fri Jul 19 10:52:30 2019 +0100;1563529950
095fd5bcb316f2cb1dd39f340683ffd67dbed1a9;095fd5bcb3;-;-;Fri Jul 19 10:20:35 2019 +0200;1563524435;-;-;Fri Jul 19 10:43:54 2019 +0200;1563525834
8db73c80e21ff05cfbbb185ff0fb1e2933a88536;8db73c80e2;-;-;Thu Jul 18 15:37:56 2019 +0200;1563457076;-;-;Thu Jul 18 15:45:44 2019 +0200;1563457544
42f033e43903731f611f911078e0745aa71f5a3c;42f033e439;-;-;Thu Jul 18 15:25:33 2019 +0200;1563456333;-;-;Thu Jul 18 15:45:44 2019 +0200;1563457544
8b7ed5f45e9f98d8b6214c8ffc7c9b6d41bdf5ae;8b7ed5f45e;-;-;Thu Jul 18 15:37:33 2019 +0200;1563457053;-;-;Thu Jul 18 15:37:33 2019 +0200;1563457053
d8838152b3f0ee34175234a2acf21e5dc2d566f3;d8838152b3;-;-;Wed Jul 17 11:19:55 2019 +0200;1563355195;-;-;Thu Jul 18 12:28:22 2019 +0200;1563445702
38f6d270f8691b8026c3197a111cfede6a01379f;38f6d270f8;-;-;Thu Jul 18 12:15:46 2019 +0200;1563444946;-;-;Thu Jul 18 12:20:26 2019 +0200;1563445226
b774147db4cb281620880f7553ea3f09e94e9314;b774147db4;-;-;Thu Jul 18 12:07:39 2019 +0200;1563444459;-;-;Thu Jul 18 12:07:39 2019 +0200;1563444459
817f689584d1bcac30eb43a50d6378b7264f9e1e;817f689584;-;-;Thu Jul 18 11:55:18 2019 +0200;1563443718;-;-;Thu Jul 18 11:55:18 2019 +0200;1563443718
d2a7d9fa8890999846e050cbef59d673c9a42368;d2a7d9fa88;-;-;Thu Jul 18 10:18:01 2019 +0100;1563441481;-;-;Thu Jul 18 10:21:51 2019 +0100;1563441711
1e9ccdd8b8756162ed635b45c077e45b6ae33504;1e9ccdd8b8;-;-;Wed Jul 17 14:17:33 2019 +0100;1563369453;-;-;Thu Jul 18 10:21:51 2019 +0100;1563441711
d33e4878a0dad8745925188c5334f45076a0ea3b;d33e4878a0;-;-;Wed Jul 17 13:06:37 2019 +0100;1563365197;-;-;Thu Jul 18 10:18:28 2019 +0100;1563441508
aa9f840938ad18b3e05c2305fad3ba000b0986d8;aa9f840938;-;-;Wed Jul 17 23:35:48 2019 +0200;1563399348;-;-;Wed Jul 17 23:35:48 2019 +0200;1563399348
ffc1f242ca15ed22f769314ecc5bcfce1822d8bc;ffc1f242ca;-;-;Wed Jul 17 22:37:55 2019 +0200;1563395875;-;-;Wed Jul 17 22:37:55 2019 +0200;1563395875
2c33c11d4c5833ff662b49ae520b7ad101ddd023;2c33c11d4c;-;-;Wed Jul 17 22:35:26 2019 +0200;1563395726;-;-;Wed Jul 17 22:35:26 2019 +0200;1563395726
7f33344784b77f2ff34e32a15214fb5905bed53b;7f33344784;-;-;Wed Jul 17 22:34:39 2019 +0200;1563395679;-;-;Wed Jul 17 22:34:39 2019 +0200;1563395679
94e3210ae78ce80c2ab6f28a6a82e630e67331e4;94e3210ae7;-;-;Wed Jul 17 22:34:07 2019 +0200;1563395647;-;-;Wed Jul 17 22:34:07 2019 +0200;1563395647
56eadff34fd9f6bc0deda99a4138d63d0065a7ff;56eadff34f;-;-;Wed Jul 17 18:58:08 2019 +0200;1563382688;-;-;Wed Jul 17 18:58:08 2019 +0200;1563382688
e92cbe193807599624e01cfd37807cbba9d8cd12;e92cbe1938;-;-;Wed Jul 17 16:53:33 2019 +0200;1563375213;-;-;Wed Jul 17 16:53:47 2019 +0200;1563375227
7779aa3487712a31194f6459499940008b0ff075;7779aa3487;-;-;Wed Jul 17 14:39:21 2019 +0200;1563367161;-;-;Wed Jul 17 16:53:47 2019 +0200;1563375227
84200f3141d396dd1d2fd0ef84d4f73bb21c83be;84200f3141;-;-;Tue Jul 16 08:06:02 2019 -0500;1563282362;-;-;Wed Jul 17 16:53:47 2019 +0200;1563375227
639a254e0d7e2835661f586593626dc049ecad6d;639a254e0d;-;-;Wed Jul 17 16:44:34 2019 +0200;1563374674;-;-;Wed Jul 17 16:44:34 2019 +0200;1563374674
4e2b51bedb96866333fce82fd6f67e98e4fcc35b;4e2b51bedb;-;-;Wed Jul 17 16:37:27 2019 +0200;1563374247;-;-;Wed Jul 17 16:37:27 2019 +0200;1563374247
e7ecb834492673dd2263a89d77e803cf068545c2;e7ecb83449;-;-;Wed Jul 17 12:06:37 2019 +0200;1563357997;-;-;Wed Jul 17 12:09:09 2019 +0200;1563358149
d6e3394b81778009b1ee74435fe1a96b40cad22b;d6e3394b81;-;-;Tue Jul 16 19:23:21 2019 +0200;1563297801;-;-;Tue Jul 16 19:23:21 2019 +0200;1563297801
b4a0e71ccc59af566557df06785d60ce91c64285;b4a0e71ccc;-;-;Tue Jul 16 18:46:36 2019 +0200;1563295596;-;-;Tue Jul 16 18:46:36 2019 +0200;1563295596
7fe01165990214b873bdd0fb205023d6cece76e3;7fe0116599;-;-;Tue Jul 16 16:18:31 2019 +0200;1563286711;-;-;Tue Jul 16 16:18:31 2019 +0200;1563286711
a9b3d95a14c316387f2b77328d6864b8e0a36721;a9b3d95a14;-;-;Fri Jul 12 14:46:33 2019 +0200;1562935593;-;-;Tue Jul 16 15:53:21 2019 +0200;1563285201
b2b79ae1e634259c7d71cc09127c4e3f97b251f2;b2b79ae1e6;-;-;Tue Jul 16 14:53:51 2019 +0200;1563281631;-;-;Tue Jul 16 14:57:32 2019 +0200;1563281852
adadffe0e13b35824a157d745e10147cb3e09fea;adadffe0e1;-;-;Tue Jul 16 11:42:39 2019 +0200;1563270159;-;-;Tue Jul 16 11:44:16 2019 +0200;1563270256
60a7092977eff8a967b6783ab3aa1f140dbe4a4f;60a7092977;-;-;Tue Jul 16 11:13:21 2019 +0200;1563268401;-;-;Tue Jul 16 11:13:21 2019 +0200;1563268401
c788be30fe8677daa21ab994069d5167f11d2bde;c788be30fe;-;-;Mon Jul 15 19:03:40 2019 +0200;1563210220;-;-;Mon Jul 15 19:08:20 2019 +0200;1563210500
b5e4e02337c308d723261660637c4350129efbc9;b5e4e02337;-;-;Sun Jul 14 11:49:11 2019 +0100;1563101351;-;-;Mon Jul 15 14:43:03 2019 +0200;1563194583
17914fc44b1388ab755db28d7c6e47eb2f047d3c;17914fc44b;-;-;Sun Jul 14 10:33:42 2019 +0100;1563096822;-;-;Mon Jul 15 14:43:03 2019 +0200;1563194583
1ff29b0f6b243154832dd02e738085f11e44d980;1ff29b0f6b;-;-;Mon Jul 15 11:34:35 2019 +0100;1563186875;-;-;Mon Jul 15 11:34:35 2019 +0100;1563186875
dae4509152503c669b49ea41200ab0c111901bf7;dae4509152;-;-;Mon Jul 15 09:40:02 2019 +0200;1563176402;-;-;Mon Jul 15 09:40:02 2019 +0200;1563176402
0aa5533dea11993b8ccda4cb547f774094f5b707;0aa5533dea;-;-;Sat Jul 13 19:13:33 2019 +0200;1563038013;-;-;Sat Jul 13 19:13:33 2019 +0200;1563038013
480b1e0a0d7fa2192c4209a572763114f8941ccd;480b1e0a0d;-;-;Sat Jul 13 18:24:37 2019 +0200;1563035077;-;-;Sat Jul 13 18:24:37 2019 +0200;1563035077
a3222476adb94add5408d48d0fa99cef3b40a172;a3222476ad;-;-;Sat Jul 13 11:30:38 2019 +0200;1563010238;-;-;Sat Jul 13 12:19:33 2019 +0200;1563013173
2eba010c1b2fb7b631491381b4d3f21632314f21;2eba010c1b;-;-;Sat Jul 13 11:00:57 2019 +0100;1563012057;-;-;Sat Jul 13 11:00:57 2019 +0100;1563012057
c32299f734521e907585de50d70a46dcd8018f13;c32299f734;-;-;Sat Jul 13 10:56:12 2019 +0100;1563011772;-;-;Sat Jul 13 10:56:12 2019 +0100;1563011772
68c99dafcfbb58b7caae16f8f195bc6d458ff322;68c99dafcf;-;-;Sat Jul 13 10:23:46 2019 +0100;1563009826;-;-;Sat Jul 13 10:23:46 2019 +0100;1563009826
3cf5db631765429cd074a42bf840136b8ffbf767;3cf5db6317;-;-;Fri Jul 12 18:21:45 2019 +0200;1562948505;-;-;Fri Jul 12 18:21:45 2019 +0200;1562948505
9a71a8d357caf94ba71236a01ecc786c0a7f308d;9a71a8d357;-;-;Fri Jul 12 15:57:16 2019 +0200;1562939836;-;-;Fri Jul 12 15:57:16 2019 +0200;1562939836
4f8b347aa014e814c35d8448f85aaf119a133552;4f8b347aa0;-;-;Fri Jul 12 15:35:52 2019 +0200;1562938552;-;-;Fri Jul 12 15:39:14 2019 +0200;1562938754
b4207823afa0f48e06d6bbfe9ae8821e389e380f;b4207823af;-;-;Thu Jul 11 15:42:57 2019 +0200;1562852577;-;-;Fri Jul 12 14:51:54 2019 +0200;1562935914
5e9a22d118778487255a1e1d87c2368f69f2e329;5e9a22d118;-;-;Mon Apr 29 10:47:05 2019 -0500;1556552825;-;-;Fri Jul 12 13:21:22 2019 +0200;1562930482
09c10232a4fc5cc45fd719e558b5b47fa606686e;09c10232a4;-;-;Fri Jul 12 13:08:33 2019 +0200;1562929713;-;-;Fri Jul 12 13:08:33 2019 +0200;1562929713
699d3f15e84142fe048edf87b27eb0738ea4785a;699d3f15e8;-;-;Fri Jul 12 12:02:49 2019 +0200;1562925769;-;-;Fri Jul 12 12:02:49 2019 +0200;1562925769
309b3287195528ce2d96305195885be0b6a32513;309b328719;-;-;Fri Jul 12 17:44:10 2019 +0800;1562924650;-;-;Fri Jul 12 11:44:10 2019 +0200;1562924650
5b341f620a9404edcdd54bf73a715dfe2967ba03;5b341f620a;-;-;Thu Jul 11 18:14:35 2019 +0200;1562861675;-;-;Thu Jul 11 18:14:35 2019 +0200;1562861675
b5fba14ab8396fb50b9ec3e6b19dea9f1c74b350;b5fba14ab8;-;-;Thu Jul 11 18:13:59 2019 +0200;1562861639;-;-;Thu Jul 11 18:13:59 2019 +0200;1562861639
fc38bb4fc6e69e7a8a28728e18d5e97dfe257d19;fc38bb4fc6;-;-;Thu Jul 11 18:00:52 2019 +0200;1562860852;-;-;Thu Jul 11 18:00:52 2019 +0200;1562860852
c8f8dfa39eefbf6ff2e35d0198ace6bf64dd0f42;c8f8dfa39e;-;-;Thu Jul 11 15:48:18 2019 +0200;1562852898;-;-;Thu Jul 11 15:58:10 2019 +0200;1562853490
01125a571cad988ea01a56c17bbd9b0eb5983b8f;01125a571c;-;-;Thu Jul 11 14:11:36 2019 +0200;1562847096;-;-;Thu Jul 11 14:11:36 2019 +0200;1562847096
c08035b674a8df18de59c3a9375681359baaf6a0;c08035b674;-;-;Thu Jul 11 09:55:10 2019 +0200;1562831710;-;-;Thu Jul 11 10:11:34 2019 +0200;1562832694
4a5063f4c0300d183c8be976dd0c58ce5138032f;4a5063f4c0;-;-;Thu Jul 11 09:55:13 2019 +0200;1562831713;-;-;Thu Jul 11 09:55:13 2019 +0200;1562831713
af18d71bc2d39397d7d2e066850d83c4028c9b4b;af18d71bc2;-;-;Wed Jul 10 16:59:08 2019 +0200;1562770748;-;-;Wed Jul 10 16:59:08 2019 +0200;1562770748
1728bf17fc7da75de21534d4d07982ffab889c75;1728bf17fc;-;-;Wed Jul 10 17:51:18 2019 +0300;1562770278;-;-;Wed Jul 10 16:51:18 2019 +0200;1562770278
2909de88297971fcdddeccfcdfb3a71c3b2f8b84;2909de8829;-;-;Wed Jul 10 16:20:20 2019 +0200;1562768420;-;-;Wed Jul 10 16:20:20 2019 +0200;1562768420
09572e7b60e743d4b040f78924786bc09a65ed5f;09572e7b60;-;-;Wed Jul 10 13:53:10 2019 +0200;1562759590;-;-;Wed Jul 10 16:00:11 2019 +0200;1562767211
fdcf09dc2fabbeec2ef739cf5f08a0742d203455;fdcf09dc2f;-;-;Wed Jul 10 12:26:39 2019 +0200;1562754399;-;-;Wed Jul 10 16:00:11 2019 +0200;1562767211
ef19a6bf8ecd58c60a041640302ecb7b68351527;ef19a6bf8e;-;-;Wed Jul 10 12:14:22 2019 +0200;1562753662;-;-;Wed Jul 10 16:00:11 2019 +0200;1562767211
77c24aac2f448d02662f037ba9fd92b1d6c52b40;77c24aac2f;-;-;Wed Jul 10 11:45:55 2019 +0200;1562751955;-;-;Wed Jul 10 16:00:11 2019 +0200;1562767211
b8f77e53b58bc8e3b9b393d4e78434009ae1764d;b8f77e53b5;-;-;Wed Jul 10 15:52:41 2019 +0200;1562766761;-;-;Wed Jul 10 15:52:41 2019 +0200;1562766761
827ec5d5a2f383b97ffd06c2687e2b4b3308b23d;827ec5d5a2;-;-;Mon Jul 8 15:33:33 2019 +0100;1562596413;-;-;Wed Jul 10 15:40:21 2019 +0200;1562766021
8ca834b8681f5d28276d2e8c03093adbf58872b6;8ca834b868;-;-;Tue Jul 9 18:24:03 2019 +0200;1562689443;-;-;Tue Jul 9 18:24:03 2019 +0200;1562689443
f0d599493e5390e00ee14cbe6a66397a14459607;f0d599493e;-;-;Tue Jul 9 18:01:27 2019 +0200;1562688087;-;-;Tue Jul 9 18:01:27 2019 +0200;1562688087
140e1e6532bb0647515dc647c4ade53b33972229;140e1e6532;-;-;Tue Jul 9 17:39:32 2019 +0200;1562686772;-;-;Tue Jul 9 17:39:32 2019 +0200;1562686772
39de64bafc234a3db9210f05b38174e878a69489;39de64bafc;-;-;Tue Jul 9 17:24:41 2019 +0200;1562685881;-;-;Tue Jul 9 17:24:41 2019 +0200;1562685881
e8fe4493b94d15cfc0b41a1a5079b2806c514cb2;e8fe4493b9;-;-;Tue Jul 9 12:59:00 2019 +0200;1562669940;-;-;Tue Jul 9 12:59:00 2019 +0200;1562669940
43447a8ee9e22ae6e74e4549c419ea20668f2f17;43447a8ee9;-;-;Tue Jul 9 12:33:55 2019 +0200;1562668435;-;-;Tue Jul 9 12:33:55 2019 +0200;1562668435
ca75c2843a40028c37f8665a4049e5442a725c58;ca75c2843a;-;-;Tue Jul 9 11:33:22 2019 +0200;1562664802;-;-;Tue Jul 9 11:36:26 2019 +0200;1562664986
47d60b34f817d7ab6c95ea0af5871b1fce3ffb92;47d60b34f8;-;-;Mon Jul 8 21:35:00 2019 +0100;1562618100;-;-;Mon Jul 8 21:35:00 2019 +0100;1562618100
7b1a6eb50a3ed32dd7158a8553c60ebc115cc296;7b1a6eb50a;-;-;Mon Jul 8 19:39:54 2019 +0100;1562611194;-;-;Mon Jul 8 19:39:54 2019 +0100;1562611194
2f77541f9c42a10a523ef50d46844dced4bde2a5;2f77541f9c;-;-;Mon Jul 8 18:02:33 2019 +0100;1562605353;-;-;Mon Jul 8 18:02:45 2019 +0100;1562605365
c199cb9054313dad0c46467281f8de187c380884;c199cb9054;-;-;Mon Jul 8 17:04:00 2019 +0100;1562601840;-;-;Mon Jul 8 17:04:23 2019 +0100;1562601863
507d128e1dd821a38b45449b325e4457f2ff48b3;507d128e1d;-;-;Mon Jul 8 14:47:41 2019 +0200;1562590061;-;-;Mon Jul 8 14:47:41 2019 +0200;1562590061
08a5196c3ab34d8f8f7cc0f20383d6ba0a114832;08a5196c3a;-;-;Mon Jul 8 11:40:18 2019 +0200;1562578818;-;-;Mon Jul 8 12:08:40 2019 +0200;1562580520
88d7fede3618b2de12922bd9036c86d20bdc3b05;88d7fede36;-;-;Mon Jul 8 11:07:30 2019 +0200;1562576850;-;-;Mon Jul 8 12:08:26 2019 +0200;1562580506
4bced4682a4c5151e9f74dd232d7f25d1cb3bcc7;4bced4682a;-;-;Mon Jun 24 14:31:43 2019 +0100;1561383103;-;-;Mon Jul 8 10:49:44 2019 +0200;1562575784
2b4d6ce3548ddf97d1bce1a3832f480de9043fa7;2b4d6ce354;-;-;Sun Jul 7 21:03:41 2019 +0200;1562526221;-;-;Sun Jul 7 22:27:57 2019 +0200;1562531277
0fbc9bf46189bc11abb67801f88cec1de29d0770;0fbc9bf461;-;-;Sun Jul 7 19:50:34 2019 +0200;1562521834;-;-;Sun Jul 7 19:50:34 2019 +0200;1562521834
8bfc920ac53d2e914adb8882e55e5e2ec87bc85b;8bfc920ac5;-;-;Mon Jul 8 01:11:50 2019 +0800;1562519510;-;-;Sun Jul 7 19:11:50 2019 +0200;1562519510
a3161dc533a051a491e8fd23a3baff9a0d72a2be;a3161dc533;-;-;Sun Jul 7 18:43:27 2019 +0200;1562517807;-;-;Sun Jul 7 18:43:27 2019 +0200;1562517807
575027af24ec66da52198d3281e1c949e59c8521;575027af24;-;-;Sun Jul 7 16:32:18 2019 +0200;1562509938;-;-;Sun Jul 7 16:34:15 2019 +0200;1562510055
fae75cb238c0c21c0e5618d6150b2a673b544c01;fae75cb238;-;-;Sun Jul 7 16:24:30 2019 +0200;1562509470;-;-;Sun Jul 7 16:29:03 2019 +0200;1562509743
6dcf390fa2ccb92c9fe28744ab596ce86e0dd8f6;6dcf390fa2;-;-;Sun Jul 7 23:28:09 2019 +0900;1562509689;-;-;Sun Jul 7 16:28:09 2019 +0200;1562509689
9f81ffa5ae7a42923ff47f23eb51fad1062cd021;9f81ffa5ae;-;-;Sun Jul 7 17:19:01 2019 +0300;1562509141;-;-;Sun Jul 7 16:19:01 2019 +0200;1562509141
8f5b2b2231b07b3d09dbed7ab93c99fcccbc2803;8f5b2b2231;-;-;Sun Jul 7 14:49:34 2019 +0200;1562503774;-;-;Sun Jul 7 14:49:34 2019 +0200;1562503774
e57845a50fe982ec1ab48bf9e9defe6c8ffbbbd7;e57845a50f;-;-;Sat Jul 6 15:32:54 2019 +0200;1562419974;-;-;Sat Jul 6 15:32:54 2019 +0200;1562419974
a5cb8799fa2fee92db6ffeaf7fabf01985b49bce;a5cb8799fa;-;-;Fri Jul 5 18:22:02 2019 +0200;1562343722;-;-;Fri Jul 5 18:22:02 2019 +0200;1562343722
944b943ea70b4f6e1368b7f98de8c9189b579958;944b943ea7;-;-;Fri Jul 5 16:26:10 2019 +0200;1562336770;-;-;Fri Jul 5 16:26:10 2019 +0200;1562336770
d903b9acf5c8d90f32e5b45ab6ea3c7ab4dffebf;d903b9acf5;-;-;Fri Jul 5 16:25:52 2019 +0200;1562336752;-;-;Fri Jul 5 16:25:52 2019 +0200;1562336752
6990504d17d0daafab1603d7fa10ddf0385acdea;6990504d17;-;-;Fri Jul 5 16:24:45 2019 +0200;1562336685;-;-;Fri Jul 5 16:24:45 2019 +0200;1562336685
2abff1a5b0f98e7c081197f5e5d121814ac9a173;2abff1a5b0;-;-;Fri Jul 5 16:24:37 2019 +0200;1562336677;-;-;Fri Jul 5 16:24:37 2019 +0200;1562336677
7bfe01a0287c5cf56f57e6660f7943351d7f8d9d;7bfe01a028;-;-;Fri Jul 5 16:19:23 2019 +0200;1562336363;-;-;Fri Jul 5 16:19:23 2019 +0200;1562336363
97d020c509f939babbd6a65ce98e6ffef3847af4;97d020c509;-;-;Fri Jul 5 10:55:49 2019 +0100;1562320549;-;-;Fri Jul 5 10:55:49 2019 +0100;1562320549
1f5f22213cfabb0f10f39bd86310af725d5ac93c;1f5f22213c;-;-;Fri Jul 5 09:03:15 2019 +0100;1562313795;-;-;Fri Jul 5 09:03:15 2019 +0100;1562313795
0d3e5db3fff484a1d2812086044660b82c19c910;0d3e5db3ff;-;-;Fri Jul 5 07:36:35 2019 +0100;1562308595;-;-;Fri Jul 5 07:36:35 2019 +0100;1562308595
157df861f94dd7244a505c479bf6ba4ae8f1bf41;157df861f9;-;-;Fri Jul 5 07:07:33 2019 +0100;1562306853;-;-;Fri Jul 5 07:07:59 2019 +0100;1562306879
37f9ce5cc90644c8b157508c3370d1673c92af51;37f9ce5cc9;-;-;Fri Jul 5 07:05:31 2019 +0100;1562306731;-;-;Fri Jul 5 07:07:58 2019 +0100;1562306878
3d913b813412c38e1a235b23e1e61adf39711175;3d913b8134;-;-;Wed Jul 3 17:25:12 2019 +0100;1562171112;-;-;Wed Jul 3 17:25:12 2019 +0100;1562171112
03a342378a99dc19158f0f0504db6da4e79ddbbc;03a342378a;-;-;Tue Jul 2 09:43:58 2019 +0100;1562057038;-;-;Tue Jul 2 09:43:58 2019 +0100;1562057038
64d13c471fbc718e55910968020340488e678ac0;64d13c471f;-;-;Mon Jul 1 00:00:09 2019 +0300;1561928409;-;-;Mon Jul 1 00:00:09 2019 +0300;1561928409
932f771380db98f80c75ccb16cd122db1bfdc970;932f771380;-;-;Sat Jun 29 22:25:57 2019 -0700;1561872357;-;-;Sat Jun 29 22:31:11 2019 -0700;1561872671
b3d56ebf3b2dae906d13ae5cdd7f23b8945f3d85;b3d56ebf3b;-;-;Sat Jun 29 22:15:13 2019 -0700;1561871713;-;-;Sat Jun 29 22:31:11 2019 -0700;1561872671
87c15ba9ad7ddfd44163c298ed69a62559a3b681;87c15ba9ad;-;-;Fri Feb 8 14:14:37 2019 +0100;1549631677;-;-;Sat Jun 29 17:25:45 2019 +0200;1561821945
ba95818b1d19797433f4ee6a9d5dd0d3e8257e3d;ba95818b1d;-;-;Sat Jun 29 11:54:19 2019 +0300;1561798459;-;-;Sat Jun 29 11:54:19 2019 +0300;1561798459
896496341afaa8501ecc8491e8aa8936fea6d80c;896496341a;-;-;Sat Jun 29 11:40:49 2019 +0300;1561797649;-;-;Sat Jun 29 11:41:15 2019 +0300;1561797675
75d1428e24fb2ca61ea5e7854a3072c4c9843c19;75d1428e24;-;-;Sat Jun 29 00:12:43 2019 +0300;1561756363;-;-;Sat Jun 29 11:41:15 2019 +0300;1561797675
5a308ad5bd57203b610b14637b0fdde16f82bfa3;5a308ad5bd;-;-;Sat Jun 29 00:15:30 2019 +0200;1561760130;-;-;Sat Jun 29 00:17:40 2019 +0200;1561760260
511a43090663336ddba0c50a69e3bdddf6b6d532;511a430906;-;-;Fri Jun 28 23:12:58 2019 +0100;1561759978;-;-;Fri Jun 28 23:13:31 2019 +0100;1561760011
1b93ea97ac4fb7011e4afb026bb32d0c589aa198;1b93ea97ac;-;-;Fri Jun 28 23:43:38 2019 +0200;1561758218;-;-;Fri Jun 28 23:43:38 2019 +0200;1561758218
5bf070a857e80333f59c7f071b5fcf7b9e4fedad;5bf070a857;-;-;Fri Jun 28 21:53:30 2019 +0100;1561755210;-;-;Fri Jun 28 22:00:44 2019 +0100;1561755644
3e41f5e6b644e2dd54cfbb3031b75195b1a8df72;3e41f5e6b6;-;-;Fri Jun 28 18:46:49 2019 +0300;1561736809;-;-;Fri Jun 28 18:48:59 2019 +0300;1561736939
5008423408dfd474a49240a5728c7790b8c24bff;5008423408;-;-;Thu Jun 27 17:05:36 2019 +0300;1561644336;-;-;Fri Jun 28 17:13:18 2019 +0300;1561731198
7bc727c895b5542268ea441bfc3217a680cff528;7bc727c895;-;-;Thu Jun 27 16:55:03 2019 +0300;1561643703;-;-;Thu Jun 27 16:55:03 2019 +0300;1561643703
1ef60f2d3b491fbc37762b7e9f2fe425013a06cb;1ef60f2d3b;-;-;Thu Jun 27 16:02:40 2019 +0300;1561640560;-;-;Thu Jun 27 16:05:38 2019 +0300;1561640738
91ae711a541808ff28791da2e0f9bc8b06fd7ae7;91ae711a54;-;-;Thu Jun 27 16:02:13 2019 +0300;1561640533;-;-;Thu Jun 27 16:05:38 2019 +0300;1561640738
4e7d8a8873969755d3bce92c6f3c00d79b082aed;4e7d8a8873;-;-;Thu Jun 27 16:00:02 2019 +0300;1561640402;-;-;Thu Jun 27 16:05:38 2019 +0300;1561640738
8e1cb9a059c45c2a2882fcdaa43b82aa22352c9f;8e1cb9a059;-;-;Thu Jun 27 14:02:41 2019 +0300;1561633361;-;-;Thu Jun 27 14:16:19 2019 +0300;1561634179
d522e9835fedf1c54b52f4fb6d058bc792c44ba1;d522e9835f;-;-;Thu Jun 27 13:45:32 2019 +0300;1561632332;-;-;Thu Jun 27 13:45:32 2019 +0300;1561632332
0b6239cecce110f5c660428f982758f57fd45f75;0b6239cecc;-;-;Wed Jun 26 15:16:54 2019 +0300;1561551414;-;-;Wed Jun 26 15:16:54 2019 +0300;1561551414
7d6be2e26ed312aa78d9d25c5c9c4852fcdf6113;7d6be2e26e;-;-;Wed Jun 26 15:12:32 2019 +0300;1561551152;-;-;Wed Jun 26 15:12:32 2019 +0300;1561551152
14afdb2bbcdeb2f1d34ec83025f819a64499faa4;14afdb2bbc;-;-;Tue Jun 25 17:42:01 2019 -0700;1561509721;-;-;Tue Jun 25 17:42:01 2019 -0700;1561509721
339ee01233a094c9e735091a2886231d139b63a2;339ee01233;-;-;Tue Jun 25 16:05:30 2019 -0700;1561503930;-;-;Tue Jun 25 16:05:30 2019 -0700;1561503930
e947e08638eaceab4bf70fb582df193c9ffc84be;e947e08638;-;-;Tue Jun 25 13:14:21 2019 +0300;1561457661;-;-;Tue Jun 25 13:14:21 2019 +0300;1561457661
33fa55e65841a68ff43a0273d84dbbea649a978f;33fa55e658;-;-;Tue Jun 25 11:04:19 2019 +0300;1561449859;-;-;Tue Jun 25 11:04:19 2019 +0300;1561449859
b2dc4debde857d218ca8122e1fd0953e790b26f1;b2dc4debde;-;-;Tue Jun 25 10:42:14 2019 +0300;1561448534;-;-;Tue Jun 25 10:42:14 2019 +0300;1561448534
1afc2be5aa713f992aa424f6a286786ea0e22405;1afc2be5aa;-;-;Tue Jun 25 16:00:12 2019 +0900;1561446012;-;-;Tue Jun 25 10:00:12 2019 +0300;1561446012
0f1d16bb05d049281478cd355e6718c026f25e9c;0f1d16bb05;-;-;Mon Jun 24 17:54:04 2019 +0300;1561388044;-;-;Mon Jun 24 17:54:04 2019 +0300;1561388044
d0231cb29a4c51ed2cab07238c72ebcebe07523d;d0231cb29a;-;-;Mon Jun 24 14:48:18 2019 +0300;1561376898;-;-;Mon Jun 24 16:26:11 2019 +0300;1561382771
dd15ff79d7223bb33c8e69558d69deb546aadfe1;dd15ff79d7;-;-;Mon Jun 24 15:11:18 2019 +0200;1561381878;-;-;Mon Jun 24 15:11:18 2019 +0200;1561381878
d5a2bdee8dca0ae058d44ac5516844e01d9ac308;d5a2bdee8d;-;-;Mon Jun 24 14:36:04 2019 +0300;1561376164;-;-;Mon Jun 24 14:36:04 2019 +0300;1561376164
6cc6abd40564aad61cf3c2a9c8be55a79baff022;6cc6abd405;-;-;Mon Jun 24 14:13:46 2019 +0300;1561374826;-;-;Mon Jun 24 14:13:46 2019 +0300;1561374826
4357749a63cabf86ef735dc936eef2ad8cbbff42;4357749a63;-;-;Mon Jun 24 13:32:54 2019 +0300;1561372374;-;-;Mon Jun 24 13:32:54 2019 +0300;1561372374
e3b3481c194abf03074ea4fe7d1ca8093e924e96;e3b3481c19;-;-;Mon Jun 24 12:32:41 2019 +0300;1561368761;-;-;Mon Jun 24 12:32:41 2019 +0300;1561368761
9239ab1891385a389a1dea68e703b153eb5d9a66;9239ab1891;-;-;Sun Jun 23 19:11:26 2019 +0300;1561306286;-;-;Sun Jun 23 19:31:35 2019 +0300;1561307495
978adbdae749566fbf458f4f72847dfc0b5aabf7;978adbdae7;-;-;Sun Jun 23 18:31:04 2019 +0300;1561303864;-;-;Sun Jun 23 18:31:04 2019 +0300;1561303864
ed6fbdddaa32acd17668507fe2fd259e27f52633;ed6fbdddaa;-;-;Sun Jun 23 01:04:05 2019 +0530;1561232045;-;-;Sat Jun 22 22:34:05 2019 +0300;1561232045
7576d0d40cebd3f28e897132bb7bc84bf025b0c1;7576d0d40c;-;-;Sat Jun 22 19:06:58 2019 +0300;1561219618;-;-;Sat Jun 22 19:06:58 2019 +0300;1561219618
4568edf6c455f22c232dbfc1ed79ae263a99a7f4;4568edf6c4;-;-;Sat Jun 22 18:39:37 2019 +0300;1561217977;-;-;Sat Jun 22 19:02:49 2019 +0300;1561219369
8f30639a0a10960e47632d225155fdd3cb1396f1;8f30639a0a;-;-;Sat Jun 22 18:18:57 2019 +0300;1561216737;-;-;Sat Jun 22 18:18:57 2019 +0300;1561216737
e2d01bb783126b63f6512a249d0d531415e2af4e;e2d01bb783;-;-;Sat Jun 22 17:11:31 2019 +0200;1561216291;-;-;Sat Jun 22 17:11:31 2019 +0200;1561216291
21267e56b7b4645e145422ee918eb75fab250f56;21267e56b7;-;-;Fri Jun 21 18:27:33 2019 +0300;1561130853;-;-;Fri Jun 21 18:27:33 2019 +0300;1561130853
59901592d2fad020cc44aefd97f04f8f29d06bb0;59901592d2;-;-;Fri Jun 21 17:21:50 2019 +0300;1561126910;-;-;Fri Jun 21 17:21:50 2019 +0300;1561126910
52f1a3aef9d31f620849e410879cefefcac37e8c;52f1a3aef9;-;-;Fri Jun 21 17:11:12 2019 +0300;1561126272;-;-;Fri Jun 21 17:11:12 2019 +0300;1561126272
beb454a29952bc4f2fff533424c88105012039d6;beb454a299;-;-;Fri Jun 21 16:51:44 2019 +0300;1561125104;-;-;Fri Jun 21 16:51:44 2019 +0300;1561125104
eaecf0c00679b196d4aed49b1e4a679a270a0834;eaecf0c006;-;-;Fri Jun 21 14:44:15 2019 +0200;1561121055;-;-;Fri Jun 21 15:26:12 2019 +0200;1561123572
003247dc40dd0a194c69ce51aa64dd1a0dd69657;003247dc40;-;-;Fri Jun 21 14:16:44 2019 +0100;1561123004;-;-;Fri Jun 21 14:16:44 2019 +0100;1561123004
030caea9cf267dba242291956d91f1544fd7a58e;030caea9cf;-;-;Fri Jun 21 14:15:26 2019 +0100;1561122926;-;-;Fri Jun 21 14:15:26 2019 +0100;1561122926
0e5a38591fb7dd7abf42e43df2293b3283b9c5bc;0e5a38591f;-;-;Fri Jun 21 14:09:05 2019 +0300;1561115345;-;-;Fri Jun 21 14:09:05 2019 +0300;1561115345
2759b4b909ab254ca2d6e3eb55a5b2374901c91b;2759b4b909;-;-;Fri Jun 21 13:49:49 2019 +0300;1561114189;-;-;Fri Jun 21 13:49:49 2019 +0300;1561114189
d5554d5d8d81ade481bb3803fe72825dc106c1c5;d5554d5d8d;-;-;Fri Jun 21 13:26:30 2019 +0300;1561112790;-;-;Fri Jun 21 13:26:30 2019 +0300;1561112790
2f4c97cbdb274f4ceeaa7525e4ba51d6bfd5070d;2f4c97cbdb;-;-;Fri Jun 21 12:46:21 2019 +0300;1561110381;-;-;Fri Jun 21 12:46:21 2019 +0300;1561110381
1d2f8e5cc29822b97d8af811e6e1094a29918909;1d2f8e5cc2;-;-;Fri Jun 21 12:41:59 2019 +0300;1561110119;-;-;Fri Jun 21 12:41:59 2019 +0300;1561110119
92981ac9dee2f8145b1253478264643df709cda9;92981ac9de;-;-;Fri Jun 14 10:33:42 2019 +0200;1560501222;-;-;Fri Jun 21 10:59:13 2019 +0200;1561107553
11c7907a596d97585699440538b478d6e0c7edcc;11c7907a59;-;-;Wed Jun 19 13:35:40 2019 +0200;1560944140;-;-;Fri Jun 21 10:59:12 2019 +0200;1561107552
edd86e5dd556429f69f2098676867d77b7044116;edd86e5dd5;-;-;Tue Jun 18 16:04:20 2019 +0200;1560866660;-;-;Fri Jun 21 10:59:12 2019 +0200;1561107552
7f1d5d790ed4f96a03b4f604ff8e9358bb086952;7f1d5d790e;-;-;Fri Jun 21 06:51:59 2019 +0100;1561096319;-;-;Fri Jun 21 06:51:59 2019 +0100;1561096319
c6a2c8940877dba23cd81605913d8b4b97f7bc95;c6a2c89408;-;-;Fri Jun 21 06:49:41 2019 +0100;1561096181;-;-;Fri Jun 21 06:49:59 2019 +0100;1561096199
cc05608ae9a1a33da2158612ed633067a1e3cbf6;cc05608ae9;-;-;Thu Jun 20 20:27:22 2019 +0200;1561055242;-;-;Thu Jun 20 20:27:22 2019 +0200;1561055242
5787fc16fbca3d1e878a6c7dcc3fd6f8a2dff870;5787fc16fb;-;-;Thu Jun 20 20:23:04 2019 +0200;1561054984;-;-;Thu Jun 20 20:23:04 2019 +0200;1561054984
f56c54dfc845ce52011928fea6fdc3628152adc0;f56c54dfc8;-;-;Thu Jun 20 18:09:22 2019 +0300;1561043362;-;-;Thu Jun 20 18:09:22 2019 +0300;1561043362
da582dad7c93ae13302bc3a5f50fd5e4a38dbdbc;da582dad7c;-;-;Thu Jun 20 16:11:20 2019 +0200;1561039880;-;-;Thu Jun 20 16:11:20 2019 +0200;1561039880
772087fe1878976505fbc7378be9c7dfdd4248f1;772087fe18;-;-;Thu Jun 20 12:09:51 2019 +0100;1561028991;-;-;Thu Jun 20 12:16:08 2019 +0100;1561029368
7d68a65dc07e960e6d373f5a258d3e8b80f87819;7d68a65dc0;-;-;Thu Jun 20 11:21:12 2019 +0100;1561026072;-;-;Thu Jun 20 12:16:08 2019 +0100;1561029368
d6b5c2005849e0676781ec1086bf8fc994e1a2c4;d6b5c20058;-;-;Thu Jun 20 11:18:45 2019 +0100;1561025925;-;-;Thu Jun 20 12:16:08 2019 +0100;1561029368
b3d40b3fac5a1f98a6b1e6f34b97bd85669a9b59;b3d40b3fac;-;-;Thu Jun 20 13:20:25 2019 +0300;1561026025;-;-;Thu Jun 20 13:20:25 2019 +0300;1561026025
d2e6d0269ba5816762b497471476193e581266ae;d2e6d0269b;-;-;Thu Jun 20 11:35:18 2019 +0300;1561019718;-;-;Thu Jun 20 11:35:18 2019 +0300;1561019718
e86b937f8c1dbe14633dc0724d8404f90db8214e;e86b937f8c;-;-;Thu Jun 20 10:17:02 2019 +0200;1561018622;-;-;Thu Jun 20 10:17:02 2019 +0200;1561018622
cfb4148982cf3e495043042c5932c60ffed6fae2;cfb4148982;-;-;Thu Jun 20 09:44:14 2019 +0200;1561016654;-;-;Thu Jun 20 09:44:14 2019 +0200;1561016654
521539b68e6b5ec91bbbb43e1601117a141ff670;521539b68e;-;-;Thu Jun 20 08:46:56 2019 +0200;1561013216;-;-;Thu Jun 20 08:46:56 2019 +0200;1561013216
8e1612c68a5caa74085c0ceff2fe98ed4a27bed2;8e1612c68a;-;-;Thu Jun 20 08:35:42 2019 +0200;1561012542;-;-;Thu Jun 20 08:35:42 2019 +0200;1561012542
22fd521e0aa9b18938b3e8be6070e2adf464ed84;22fd521e0a;-;-;Wed Jun 19 18:19:54 2019 +0100;1560964794;-;-;Wed Jun 19 22:19:19 2019 +0100;1560979159
341385acfc4c5660cc1e328f3b5ee60e53dd0370;341385acfc;-;-;Wed Jun 19 13:59:59 2019 +0200;1560945599;-;-;Wed Jun 19 13:59:59 2019 +0200;1560945599
73c2eb1b779725a13e14f4284ec9010537b1001a;73c2eb1b77;-;-;Tue Jun 18 21:31:44 2019 +0100;1560889904;-;-;Tue Jun 18 21:31:44 2019 +0100;1560889904
ef6471fcbfbfe495c5d31f829b041ac6abc3e9fa;ef6471fcbf;-;-;Tue Jun 18 18:53:15 2019 +0300;1560873195;-;-;Tue Jun 18 18:59:18 2019 +0300;1560873558
72adc3d37e449ce6acfe87190da539c86924eba6;72adc3d37e;-;-;Sat Jun 15 20:36:07 2019 +0200;1560623767;-;-;Tue Jun 18 18:57:27 2019 +0300;1560873447
89ebdc766cfb08ab021108070648dedecc67a706;89ebdc766c;-;-;Tue Jun 18 18:05:59 2019 +0300;1560870359;-;-;Tue Jun 18 18:53:47 2019 +0300;1560873227
ea97fefa9809a7b37988ad31197d3ecbe01803e3;ea97fefa98;-;-;Tue Jun 18 16:52:29 2019 +0200;1560869549;-;-;Tue Jun 18 16:52:29 2019 +0200;1560869549
4000b244ff7b1db1f4eba9c4dbf2fc97162da254;4000b244ff;-;-;Tue Jun 18 15:56:50 2019 +0300;1560862610;-;-;Tue Jun 18 16:13:20 2019 +0300;1560863600
8ceac9c015b590c0bfeb2e189f20e92d361bbefd;8ceac9c015;-;-;Tue Jun 18 14:27:09 2019 +0300;1560857229;-;-;Tue Jun 18 14:34:28 2019 +0300;1560857668
da903904c9379d4bebce778e54fdce7cd9b74ba6;da903904c9;-;-;Tue Jun 18 13:00:00 2019 +0300;1560852000;-;-;Tue Jun 18 13:00:00 2019 +0300;1560852000
aa0a8d66a8a0293d550d99551e58fd93673f3f7e;aa0a8d66a8;-;-;Tue Jun 18 10:19:03 2019 +0300;1560842343;-;-;Tue Jun 18 10:19:03 2019 +0300;1560842343
7f67cecd1045890fac8a9b8db2c815e9e2fc45bf;7f67cecd10;-;-;Tue Jun 18 16:10:30 2019 +0900;1560841830;-;-;Tue Jun 18 10:10:30 2019 +0300;1560841830
f6a4595cef9b41729cc687cccd7a1528203deae7;f6a4595cef;-;-;Mon Jun 17 17:06:37 2019 +0300;1560780397;-;-;Mon Jun 17 17:06:37 2019 +0300;1560780397
80c7f7f6baf8fac80794aad55ee4fb602a8e5edb;80c7f7f6ba;-;-;Mon Jun 17 11:41:00 2019 +0200;1560764460;-;-;Mon Jun 17 11:41:01 2019 +0200;1560764461
30af01fd4e9e35c21528e23a64889a1e151cac1e;30af01fd4e;-;-;Fri Jun 14 10:31:17 2019 +0200;1560501077;-;-;Fri Jun 14 14:13:18 2019 +0200;1560514398
f08656c6cb047c29879a86624120cef31eb869d5;f08656c6cb;-;-;Fri Jun 14 10:23:25 2019 +0200;1560500605;-;-;Fri Jun 14 14:13:18 2019 +0200;1560514398
99d10a671c22406d2c9b6d4e1940e5f4243e6451;99d10a671c;-;-;Fri Jun 14 14:51:08 2019 +0300;1560513068;-;-;Fri Jun 14 14:51:08 2019 +0300;1560513068
293506013df26b80693383c078213ab8ec8f3665;293506013d;-;-;Fri Jun 14 20:31:37 2019 +0900;1560511897;-;-;Fri Jun 14 14:31:37 2019 +0300;1560511897
296220f374e542014c8b02ad13b91fe014d79833;296220f374;-;-;Thu Jun 13 16:47:50 2019 +0200;1560437270;-;-;Thu Jun 13 16:47:50 2019 +0200;1560437270
451cce4fe8c0eff189de1e6c08bca4138313337b;451cce4fe8;-;-;Thu Jun 13 17:42:14 2019 +0300;1560436934;-;-;Thu Jun 13 17:42:14 2019 +0300;1560436934
c4075cf216877a96f36143d73d32772903814162;c4075cf216;-;-;Thu Jun 13 17:37:48 2019 +0300;1560436668;-;-;Thu Jun 13 17:40:18 2019 +0300;1560436818
eef9bc899f859445bbcf93980c7df2df02ed97b3;eef9bc899f;-;-;Thu Jun 13 01:40:15 2019 +0300;1560379215;-;-;Thu Jun 13 01:40:22 2019 +0300;1560379222
4690f745ce1a1645bd330b84c5dfbebfa7d7f90b;4690f745ce;-;-;Wed Jun 12 17:19:17 2019 -0400;1560374357;-;-;Wed Jun 12 17:19:17 2019 -0400;1560374357
14e2c6803e1cb2c5ee77c6e0b4aa9305e96d0686;14e2c6803e;-;-;Wed Jun 12 15:30:07 2019 -0400;1560367807;-;-;Wed Jun 12 17:11:30 2019 -0400;1560373890
9fb973d4f36e5cbc0eed6adfad10d0621cd898ee;9fb973d4f3;-;-;Wed Jun 12 22:42:29 2019 +0300;1560368549;-;-;Wed Jun 12 22:42:29 2019 +0300;1560368549
a4f4ef9011ed6aa9c8f625a6c7511cccf0eba81d;a4f4ef9011;-;-;Wed Jun 12 22:40:13 2019 +0300;1560368413;-;-;Wed Jun 12 22:40:13 2019 +0300;1560368413
0a77477d325db2e5b0c83601d3c0bc336f7b506c;0a77477d32;-;-;Wed Jun 12 18:16:30 2019 +0200;1560356190;-;-;Wed Jun 12 18:16:30 2019 +0200;1560356190
49873a30c5eeddc787bdc4b825995e2fe97ce99b;49873a30c5;-;-;Sat Jun 8 18:06:40 2019 +0300;1560006400;-;-;Wed Jun 12 17:32:35 2019 +0200;1560353555
cc4593fda838103c8838a88e7893a44484b82327;cc4593fda8;-;-;Wed Jun 12 16:40:51 2019 +0300;1560346851;-;-;Wed Jun 12 17:00:21 2019 +0300;1560348021
c99b7c1c90f0566a231b1e37f431b396914efdf4;c99b7c1c90;-;-;Wed Jun 12 16:33:39 2019 +0300;1560346419;-;-;Wed Jun 12 16:33:39 2019 +0300;1560346419
8b68400bbe052f00ceb9b6a5b26ce3edac501468;8b68400bbe;-;-;Wed Jun 12 15:31:02 2019 +0300;1560342662;-;-;Wed Jun 12 15:31:54 2019 +0300;1560342714
42c0d8ec7fa11603c08a5638161d254818649213;42c0d8ec7f;-;-;Wed Jun 12 14:14:40 2019 +0200;1560341680;-;-;Wed Jun 12 14:14:40 2019 +0200;1560341680
259dd3d731ddaa9f71bc42183814f0ed23abfe7e;259dd3d731;-;-;Wed Jun 12 14:43:23 2019 +0300;1560339803;-;-;Wed Jun 12 14:43:23 2019 +0300;1560339803
918ffacdf81d27f1027a1ad6dc25f2f823e37928;918ffacdf8;-;-;Wed Jun 12 13:29:35 2019 +0200;1560338975;-;-;Wed Jun 12 13:29:35 2019 +0200;1560338975
98a49b46b7b211e1eb647e055b426e1d07d571bf;98a49b46b7;-;-;Wed Jun 12 13:29:07 2019 +0200;1560338947;-;-;Wed Jun 12 13:29:07 2019 +0200;1560338947
bee4fb0615de36accee473740de9e305cd08a5dd;bee4fb0615;-;-;Wed Jun 12 14:06:54 2019 +0300;1560337614;-;-;Wed Jun 12 14:07:04 2019 +0300;1560337624
049437e11106f45b7fdc155225b06680aeb165cb;049437e111;-;-;Wed Jun 12 13:54:58 2019 +0300;1560336898;-;-;Wed Jun 12 14:07:04 2019 +0300;1560337624
5cbc0cd8a33b18560a053d9a8d42d5921697aa67;5cbc0cd8a3;-;-;Wed Jun 12 09:32:22 2019 +0300;1560321142;-;-;Wed Jun 12 09:32:22 2019 +0300;1560321142
bd76a160bb408b03ee4a3add1d8c43e4a8f6370a;bd76a160bb;-;-;Wed Jun 12 00:58:51 2019 +0200;1560293931;-;-;Wed Jun 12 00:58:51 2019 +0200;1560293931
707c7204414fd57240962decb2536d0d42b775d2;707c720441;-;-;Wed Jun 12 00:05:37 2019 +0200;1560290737;-;-;Wed Jun 12 00:05:37 2019 +0200;1560290737
7e023581661a2601788164c5c2f5cfb485b33710;7e02358166;-;-;Wed Jun 12 00:05:01 2019 +0200;1560290701;-;-;Wed Jun 12 00:05:01 2019 +0200;1560290701
5e505ce3a9db2546422676e6e03ecf31e101aeea;5e505ce3a9;-;-;Tue Jun 11 14:45:04 2019 -0700;1560289504;-;-;Tue Jun 11 14:47:42 2019 -0700;1560289662
a89bfffd8c1a6130781436960caeae384d269438;a89bfffd8c;-;-;Tue Jun 11 23:16:03 2019 +0200;1560287763;-;-;Tue Jun 11 23:16:03 2019 +0200;1560287763
74d520fbfa123b84362f922e49e823adbd2213bc;74d520fbfa;-;-;Tue Jun 11 23:07:23 2019 +0300;1560283643;-;-;Tue Jun 11 23:07:23 2019 +0300;1560283643
6ac68391c17e99a18bba8996685bebbe7b77f215;6ac68391c1;-;-;Tue Jun 11 12:01:20 2019 -0700;1560279680;-;-;Tue Jun 11 12:03:05 2019 -0700;1560279785
b21b27c5acffff1051ffb5b7114823f4121f78ae;b21b27c5ac;-;-;Tue Jun 11 11:45:29 2019 -0700;1560278729;-;-;Tue Jun 11 12:03:05 2019 -0700;1560279785
0757eaee9deab3c75229c91cf0a6999b9bb563e9;0757eaee9d;-;-;Tue Jun 11 13:55:20 2019 -0400;1560275720;-;-;Tue Jun 11 13:55:20 2019 -0400;1560275720
859923b7320d5b222f936f604b89a0b50f02be57;859923b732;-;-;Tue Jun 11 18:27:46 2019 +0200;1560270466;-;-;Tue Jun 11 18:27:46 2019 +0200;1560270466
eeb79c8dde0386f6fea1c8ead500838099d748eb;eeb79c8dde;-;-;Tue Jun 11 18:26:40 2019 +0200;1560270400;-;-;Tue Jun 11 18:26:40 2019 +0200;1560270400
9f92b42d69a41ff6b104431d7dea562fcf0d9ad9;9f92b42d69;-;-;Tue Jun 11 18:26:13 2019 +0200;1560270373;-;-;Tue Jun 11 18:26:13 2019 +0200;1560270373
1af43d7164b885de77d55162fdb69bbaab99d32e;1af43d7164;-;-;Tue Jun 11 17:52:19 2019 +0200;1560268339;-;-;Tue Jun 11 17:54:43 2019 +0200;1560268483
44a00b58c81fede7c26f1c780e8579f0e51bc52d;44a00b58c8;-;-;Tue Jun 11 17:44:49 2019 +0300;1560264289;-;-;Tue Jun 11 17:46:29 2019 +0300;1560264389
b51e553f55ecb622e4034bbf5027ce5e18463216;b51e553f55;-;-;Thu Feb 7 22:03:49 2019 +0100;1549573429;-;-;Tue Jun 11 17:46:12 2019 +0300;1560264372
a5828ca14e2e724633ae6060d101b0a366a5da5a;a5828ca14e;-;-;Tue Jun 11 16:28:25 2019 +0300;1560259705;-;-;Tue Jun 11 16:28:25 2019 +0300;1560259705
dfbf7425476c7250c7707bcf3ad95cd5f93b2c81;dfbf742547;-;-;Tue Jun 11 13:54:11 2019 +0300;1560250451;-;-;Tue Jun 11 13:54:11 2019 +0300;1560250451
74fcb0c5e84889540c528ee67251df6a8393a238;74fcb0c5e8;-;-;Wed May 29 10:09:21 2019 +0200;1559117361;-;-;Tue Jun 11 12:06:42 2019 +0200;1560247602
59d070e12a8cca965b073cc985fb8929ce7b5205;59d070e12a;-;-;Mon Jun 10 17:52:45 2019 +0300;1560178365;-;-;Mon Jun 10 17:57:56 2019 +0300;1560178676
809fc50036de8467c96cedc9c79e9888b0508796;809fc50036;-;-;Mon Jun 10 16:51:47 2019 +0300;1560174707;-;-;Mon Jun 10 16:51:47 2019 +0300;1560174707
7a87d86b801c4e405410b941b8ba08dbea6e4ae7;7a87d86b80;-;-;Mon Jun 10 16:39:54 2019 +0300;1560173994;-;-;Mon Jun 10 16:39:54 2019 +0300;1560173994
2f640fe20569a6e08794934c579e3ad00550325a;2f640fe205;-;-;Mon Jun 10 16:08:04 2019 +0300;1560172084;-;-;Mon Jun 10 16:13:20 2019 +0300;1560172400
ac28de0dc136fd9e56d476b99084be86fc8ba36d;ac28de0dc1;-;-;Mon Jun 10 16:03:16 2019 +0300;1560171796;-;-;Mon Jun 10 16:03:16 2019 +0300;1560171796
b58f34d802f4503789bbf94576e1cb9c8eb92eb8;b58f34d802;-;-;Mon May 20 15:21:32 2019 +0200;1558358492;-;-;Sun Jun 9 16:30:05 2019 +0300;1560087005
9b084bb3ea965e29890696ef79923fd1e0f1a53e;9b084bb3ea;-;-;Sat Jun 8 22:20:58 2019 +0300;1560021658;-;-;Sat Jun 8 22:22:27 2019 +0300;1560021747
ab36a0a82f8b259114c30e8e1b54d097432d5ce7;ab36a0a82f;-;-;Sat Jun 1 02:04:48 2019 +0200;1559347488;-;-;Sat Jun 8 22:21:09 2019 +0300;1560021669
662541a48edbaf083098ec3d7752becfb42b1a23;662541a48e;-;-;Sat Jun 8 14:26:39 2019 +0200;1559996799;-;-;Sat Jun 8 14:26:39 2019 +0200;1559996799
ab8e388412858339099e299f7db34dffcbde8460;ab8e388412;-;-;Fri May 31 15:25:58 2019 +0800;1559287558;-;-;Fri Jun 7 22:48:19 2019 +0200;1559940499
b296545af82f0bd1e35e77dcdf897386d6bbcc5c;b296545af8;-;-;Fri Jun 7 16:40:58 2019 -0400;1559940058;-;-;Fri Jun 7 16:40:58 2019 -0400;1559940058
331463739d3cdb2943f42379d891861132a8dc63;331463739d;-;-;Fri Jun 7 16:26:00 2019 -0400;1559939160;-;-;Fri Jun 7 16:26:00 2019 -0400;1559939160
1f05bd4ef3082c2839b83eb3eda0b82869fc09b2;1f05bd4ef3;-;-;Fri Jun 7 16:08:29 2019 -0400;1559938109;-;-;Fri Jun 7 16:08:29 2019 -0400;1559938109
08afe5d22b230252df62ab8c27a4d9b3d2e6d236;08afe5d22b;-;-;Fri Jun 7 19:45:51 2019 +0300;1559925951;-;-;Fri Jun 7 19:45:51 2019 +0300;1559925951
e352e9ddaae1726a95c4ecc5d09cbea5d5bf90ff;e352e9ddaa;-;-;Fri Jun 7 19:14:04 2019 +0300;1559924044;-;-;Fri Jun 7 18:14:04 2019 +0200;1559924044
e903bf440b7dd25e7299d6fa3d600e578840521e;e903bf440b;-;-;Thu Jun 6 17:57:14 2019 +0300;1559833034;-;-;Thu Jun 6 17:57:14 2019 +0300;1559833034
61bf45c86f286b7249e57625319f8981fe0a4d47;61bf45c86f;-;-;Thu Jun 6 17:40:51 2019 +0300;1559832051;-;-;Thu Jun 6 17:40:51 2019 +0300;1559832051
098ac0bbb88cd178e85b7dc31642bed091560316;098ac0bbb8;-;-;Thu Jun 6 14:18:12 2019 +0200;1559823492;-;-;Thu Jun 6 14:18:30 2019 +0200;1559823510
33becd8258583f17741c8615bcd2d2dc0378c7fc;33becd8258;-;-;Thu Jun 6 11:39:53 2019 +0200;1559813993;-;-;Thu Jun 6 11:39:53 2019 +0200;1559813993
ec9193473052de39006f32279d46210899621062;ec91934730;-;-;Wed Jun 5 10:54:56 2019 -0400;1559746496;-;-;Wed Jun 5 10:54:56 2019 -0400;1559746496
1259b7cb49d264bc789ea1111a13e433513c81f5;1259b7cb49;-;-;Wed Jun 5 14:41:14 2019 +0300;1559734874;-;-;Wed Jun 5 14:41:14 2019 +0300;1559734874
2ed9a61ba0ee185fbf922ca950a8b1baae4434b8;2ed9a61ba0;-;-;Wed Jun 5 14:15:07 2019 +0300;1559733307;-;-;Wed Jun 5 14:15:07 2019 +0300;1559733307
044ea17bf935d651c269baad966d58f8fcf6c9aa;044ea17bf9;-;-;Wed Jun 5 12:13:36 2019 +0200;1559729616;-;-;Wed Jun 5 12:13:36 2019 +0200;1559729616
23e617160f196cd258ad36b2e908aeb58e50d340;23e617160f;-;-;Wed Jun 5 11:52:08 2019 +0200;1559728328;-;-;Wed Jun 5 11:52:08 2019 +0200;1559728328
2a19b8f7a5f9dcc43831b2f674b76c9bd1fa6d31;2a19b8f7a5;-;-;Wed Jun 5 11:52:00 2019 +0200;1559728320;-;-;Wed Jun 5 11:52:00 2019 +0200;1559728320
3b3798977408c25ec38ef1f7fe65bafc3712f7d9;3b37989774;-;-;Wed Jun 5 10:29:24 2019 +0300;1559719764;-;-;Wed Jun 5 10:29:24 2019 +0300;1559719764
1f35bb609b5833384bc59212834f92753655cd62;1f35bb609b;-;-;Tue Jun 4 17:38:30 2019 -0400;1559684310;-;-;Tue Jun 4 17:38:30 2019 -0400;1559684310
69eba32284ae073e7dc0b014c13a3fec8093b266;69eba32284;-;-;Tue Jun 4 17:21:39 2019 -0400;1559683299;-;-;Tue Jun 4 17:21:39 2019 -0400;1559683299
8781c01edf2710060de1bc208077935fa0c78426;8781c01edf;-;-;Tue Jun 4 16:42:13 2019 -0400;1559680933;-;-;Tue Jun 4 16:42:13 2019 -0400;1559680933
2074afc87f5b064828c4c8263def888faa7b5c4e;2074afc87f;-;-;Tue Jun 4 16:55:51 2019 +0300;1559656551;-;-;Tue Jun 4 16:55:51 2019 +0300;1559656551
145610129b1adebd6bbf8de5c5b39570f4f7a9e0;145610129b;-;-;Tue Jun 4 15:30:20 2019 +0200;1559655020;-;-;Tue Jun 4 15:31:27 2019 +0200;1559655087
e92ace730126c8b9f009e430188bfb04f96efd03;e92ace7301;-;-;Tue Jun 4 16:22:08 2019 +0300;1559654528;-;-;Tue Jun 4 16:22:08 2019 +0300;1559654528
410f20416805f0b3d18e982384e131312238712a;410f204168;-;-;Tue Jun 4 14:47:43 2019 +0300;1559648863;-;-;Tue Jun 4 14:47:43 2019 +0300;1559648863
3a8388ec8db6a8d2dc8897bd5916ed5a65949888;3a8388ec8d;-;-;Tue Jun 4 12:01:58 2019 +0300;1559638918;-;-;Tue Jun 4 12:01:58 2019 +0300;1559638918
e89fd5c3bee31fbc2326d19dfefac6fa1a226c94;e89fd5c3be;-;-;Mon Jun 3 16:34:58 2019 -0400;1559594098;-;-;Mon Jun 3 16:34:58 2019 -0400;1559594098
cb97a1b371a92c69fd704619b2fbc71add143344;cb97a1b371;-;-;Mon Jun 3 08:34:43 2019 +0200;1559543683;-;-;Mon Jun 3 08:34:43 2019 +0200;1559543683
e0bb712bfc8b31be0f0a1c4d9027118d7475c566;e0bb712bfc;-;-;Fri May 31 13:28:28 2019 +0200;1559302108;-;-;Fri May 31 14:15:44 2019 +0200;1559304944
3794a576511993131a563b0c5da771dc4b283511;3794a57651;-;-;Thu May 30 12:07:30 2019 +0200;1559210850;-;-;Thu May 30 12:07:30 2019 +0200;1559210850
f66eef1f88fa78e76a18161489ad2411cdf4c258;f66eef1f88;-;-;Thu May 30 10:41:49 2019 +0200;1559205709;-;-;Thu May 30 10:41:49 2019 +0200;1559205709
eacc531cf76594747e3541decdd89f16bc46cf73;eacc531cf7;-;-;Wed May 29 17:05:25 2019 -0400;1559163925;-;-;Wed May 29 17:08:46 2019 -0400;1559164126
64f3dbbee8f10021f475ad4b77ba63cea6351583;64f3dbbee8;-;-;Wed May 29 13:51:19 2019 -0400;1559152279;-;-;Wed May 29 17:08:46 2019 -0400;1559164126
aaeabc3c85befe72c6c22df9ac9b83a6c67bdef2;aaeabc3c85;-;-;Wed May 29 19:00:34 2019 +0300;1559145634;-;-;Wed May 29 18:00:34 2019 +0200;1559145634
5b04b04b69bca21b5c3189f36aa0619252f1494c;5b04b04b69;-;-;Wed May 29 11:54:40 2019 +0200;1559123680;-;-;Wed May 29 11:54:40 2019 +0200;1559123680
4b8ce04bdc45c0e523a2b2e140cdc6b4f8db858a;4b8ce04bdc;-;-;Tue May 28 19:11:35 2019 +0200;1559063495;-;-;Tue May 28 19:11:35 2019 +0200;1559063495
83078eb6fdc6def52902a4f6abc3a4d347ccb485;83078eb6fd;-;-;Tue May 28 11:29:44 2019 +0900;1559010584;-;-;Tue May 28 18:51:25 2019 +0200;1559062285
53597f90e9e7da2739da9b874d16a4b1c5c50c10;53597f90e9;-;-;Tue May 28 18:31:54 2019 +0200;1559061114;-;-;Tue May 28 18:31:54 2019 +0200;1559061114
1cfedb20b89310a4b7cc9d0e4e5e24e79d7921f9;1cfedb20b8;-;-;Tue May 28 16:57:11 2019 +0200;1559055431;-;-;Tue May 28 16:59:51 2019 +0200;1559055591
7ef8cc9fafdbc115a5b2bd1b5e111d791be0e2dc;7ef8cc9faf;-;-;Tue May 28 17:08:58 2019 +0300;1559052538;-;-;Tue May 28 16:08:58 2019 +0200;1559052538
f492e37370809324e61e97bf6ccbc414eea13dcf;f492e37370;-;-;Tue May 28 23:00:35 2019 +0900;1559052035;-;-;Tue May 28 16:00:35 2019 +0200;1559052035
7c9c8220d883df85de886f049be0e5918c2ad067;7c9c8220d8;-;-;Tue May 28 15:27:11 2019 +0200;1559050031;-;-;Tue May 28 15:27:11 2019 +0200;1559050031
c6818fe15b87d1321b96a726e4a71eb02d6079fb;c6818fe15b;-;-;Tue May 28 14:53:24 2019 +0200;1559048004;-;-;Tue May 28 14:53:24 2019 +0200;1559048004
141ef9082fed900c97bc294c95cc48bf7108fb73;141ef9082f;-;-;Tue May 28 13:56:10 2019 +0200;1559044570;-;-;Tue May 28 13:59:43 2019 +0200;1559044783
d495902a9cc50a3b9180e18407886e306b9d4045;d495902a9c;-;-;Tue May 28 12:37:50 2019 +0200;1559039870;-;-;Tue May 28 12:37:50 2019 +0200;1559039870
c39c4211df15500996142a265d7afcc31c23c6f8;c39c4211df;-;-;Tue May 28 11:29:23 2019 +0200;1559035763;-;-;Tue May 28 12:23:56 2019 +0200;1559039036
98079a364dd8b273fcf483641a1e1d1be6b5fb21;98079a364d;-;-;Tue May 28 11:47:30 2019 +0200;1559036850;-;-;Tue May 28 11:47:30 2019 +0200;1559036850
9905200f69b6a7473c2993b289d218c8ecda9a39;9905200f69;-;-;Tue May 28 08:01:23 2019 +0200;1559023283;-;-;Tue May 28 08:01:23 2019 +0200;1559023283
4e4145ac27d15a8078c1f1b468b5fd61ec332d21;4e4145ac27;-;-;Mon May 27 18:14:19 2019 +0200;1558973659;-;-;Tue May 28 07:21:08 2019 +0200;1559020868
bc205e0dbf4b79e9dd2f3527ddfa9fb5a117cc67;bc205e0dbf;-;-;Mon May 27 18:14:19 2019 +0200;1558973659;-;-;Mon May 27 18:14:19 2019 +0200;1558973659
30944ed2e2dde9f61d5c51fd0b1e292bca896a29;30944ed2e2;-;-;Mon May 27 13:02:30 2019 +0200;1558954950;-;-;Mon May 27 13:02:30 2019 +0200;1558954950
bdf3960283cc26b866a5af30825a380cf6d19452;bdf3960283;-;-;Mon May 27 12:15:50 2019 +0200;1558952150;-;-;Mon May 27 12:15:50 2019 +0200;1558952150
32277b74db42c97374013ebab73eceb3865d36da;32277b74db;-;-;Mon May 27 12:01:34 2019 +0200;1558951294;-;-;Mon May 27 12:01:34 2019 +0200;1558951294
4b9f5a35a6d60295e8bd4aa90e2a83ba9d7b74b1;4b9f5a35a6;-;-;Mon May 27 11:22:11 2019 +0200;1558948931;-;-;Mon May 27 11:22:11 2019 +0200;1558948931
6964ed33bf7ce3b8eec3fa4d3beae92e3b44bec8;6964ed33bf;-;-;Mon May 27 12:14:25 2019 +0300;1558948465;-;-;Mon May 27 11:14:25 2019 +0200;1558948465
6f2f5bb8c1a0926c0d2be683bb721c3966cf9c80;6f2f5bb8c1;-;-;Sun May 26 14:55:54 2019 -0700;1558907754;-;-;Sun May 26 14:59:33 2019 -0700;1558907973
e386e53f925ced34f07c39bd26093e308c4eb9ee;e386e53f92;-;-;Sun May 26 13:15:59 2019 -0700;1558901759;-;-;Sun May 26 13:15:59 2019 -0700;1558901759
4f4427f550d132c1b4815f121fbde2465034fb20;4f4427f550;-;-;Sun May 26 18:19:56 2019 +0200;1558887596;-;-;Sun May 26 18:29:39 2019 +0200;1558888179
50cc23ca55293036e950260b8a90f4b4a3472fff;50cc23ca55;-;-;Sun May 26 14:21:40 2019 +0200;1558873300;-;-;Sun May 26 14:28:09 2019 +0200;1558873689
43119deb0860e26b1d45ac197079c4c17c0d406b;43119deb08;-;-;Sun May 26 13:32:57 2019 +0200;1558870377;-;-;Sun May 26 14:28:09 2019 +0200;1558873689
09db8881bba81cdf7a41565b97f055485ff8e96b;09db8881bb;-;-;Sun May 26 14:26:37 2019 +0200;1558873597;-;-;Sun May 26 14:28:09 2019 +0200;1558873689
4cc7b9b9fc162b529fac687580547a5d9ce0e9b6;4cc7b9b9fc;-;-;Wed Mar 13 21:46:53 2019 +0200;1552506413;-;-;Sat May 25 20:32:43 2019 +0200;1558809163
8f972a5a601e20fe5bac00e097b136dd10fc0ff6;8f972a5a60;-;-;Fri May 24 23:46:25 2019 +0200;1558734385;-;-;Fri May 24 23:46:25 2019 +0200;1558734385
3c3d828e6ccb4b255ef1001d2b8e3928b064c56e;3c3d828e6c;-;-;Fri May 24 23:18:10 2019 +0200;1558732690;-;-;Fri May 24 23:18:10 2019 +0200;1558732690
6b9160b3aecbd63ecb961efb7b7ebcc93d006747;6b9160b3ae;-;-;Fri May 24 11:09:44 2019 -0700;1558721384;-;-;Fri May 24 11:09:44 2019 -0700;1558721384
5a1217cafed02d1af941d5fba85f4e69e68f0d6e;5a1217cafe;-;-;Fri May 24 18:24:24 2019 +0200;1558715064;-;-;Fri May 24 18:50:01 2019 +0200;1558716601
f47481749bb9d00a9e8b88c46c787c209856e01d;f47481749b;-;-;Fri May 24 18:33:14 2019 +0200;1558715594;-;-;Fri May 24 18:33:29 2019 +0200;1558715609
ecf45edfb60464cd7625620bc2008ccbae8918a3;ecf45edfb6;-;-;Fri May 24 18:19:35 2019 +0200;1558714775;-;-;Fri May 24 18:19:35 2019 +0200;1558714775
0aaf5785dd6a19455db6eb94a5977c4129783196;0aaf5785dd;-;-;Fri May 24 18:18:21 2019 +0200;1558714701;-;-;Fri May 24 18:18:21 2019 +0200;1558714701
d106ae0d80cef0f683676b47626407bf25e24b8f;d106ae0d80;-;-;Fri May 24 14:22:55 2019 +0200;1558700575;-;-;Fri May 24 14:22:55 2019 +0200;1558700575
40c82d88710ee38c4597e12c35d2896e8e9eb7d7;40c82d8871;-;-;Fri May 24 14:22:19 2019 +0200;1558700539;-;-;Fri May 24 14:22:19 2019 +0200;1558700539
a4cd547b7e98f18ff7aeea64180ff9fdaf0e2da0;a4cd547b7e;-;-;Fri May 24 10:46:50 2019 +0200;1558687610;-;-;Fri May 24 10:46:50 2019 +0200;1558687610
303216f4ebbcaaa028ae8366c86389e34dcd40d6;303216f4eb;-;-;Fri May 24 10:18:25 2019 +0200;1558685905;-;-;Fri May 24 10:18:25 2019 +0200;1558685905
2f8aa368feb889aefc860361bb0edec3673fd611;2f8aa368fe;-;-;Fri May 24 04:41:17 2019 -0300;1558683677;-;-;Fri May 24 09:41:17 2019 +0200;1558683677
82d0e49de96b085e8d1d2e4b9ded8e6d82cd535a;82d0e49de9;-;-;Thu May 23 13:51:49 2019 -0700;1558644709;-;-;Thu May 23 16:38:39 2019 -0700;1558654719
9d74da006c950c464b13247bc5649d6cacff3060;9d74da006c;-;-;Thu May 23 15:51:39 2019 -0700;1558651899;-;-;Thu May 23 15:52:49 2019 -0700;1558651969
95a9d46a87a14ea4e29fa3ead51f4a0fad5ad24c;95a9d46a87;-;-;Thu May 23 15:48:03 2019 -0700;1558651683;-;-;Thu May 23 15:49:59 2019 -0700;1558651799
2294625cf050979808ab46d4f92362b582e8c692;2294625cf0;-;-;Thu May 23 18:32:11 2019 -0400;1558650731;-;-;Thu May 23 18:32:11 2019 -0400;1558650731
e09c5fd9e567d6e9058205789e7bb3ecf54a87fb;e09c5fd9e5;-;-;Thu May 23 14:26:51 2019 -0400;1558636011;-;-;Thu May 23 14:26:51 2019 -0400;1558636011
0b2fcbfe8aa0a24edb3d09a1c0584210cba340ef;0b2fcbfe8a;-;-;Thu May 23 14:01:05 2019 -0400;1558634465;-;-;Thu May 23 14:01:05 2019 -0400;1558634465
d30778458aaeb788ed7b13f29813d5f9234b62f0;d30778458a;-;-;Thu May 23 11:36:52 2019 -0400;1558625812;-;-;Thu May 23 11:36:52 2019 -0400;1558625812
31135cc2c4987f22ea5838feb2540558cfcc1ccd;31135cc2c4;-;-;Thu May 23 10:41:33 2019 -0400;1558622493;-;-;Thu May 23 10:41:33 2019 -0400;1558622493
3a5fb1fdf39fefbcb8d9345b4b1b4df6688ab66a;3a5fb1fdf3;-;-;Thu May 23 10:38:08 2019 -0400;1558622288;-;-;Thu May 23 10:38:08 2019 -0400;1558622288
71396121a7963098cb5d1868218f0c87a7e0317b;71396121a7;-;-;Thu May 23 09:57:29 2019 -0400;1558619849;-;-;Thu May 23 09:57:29 2019 -0400;1558619849
f39fde7460081b7a90be097e16c39a0894e6f8eb;f39fde7460;-;-;Thu May 23 21:22:11 2019 +0800;1558617731;-;-;Thu May 23 15:22:11 2019 +0200;1558617731
f806594e601b364dc3f57c4199953f00ca4484a9;f806594e60;-;-;Wed May 22 15:26:45 2019 +0200;1558531605;-;-;Wed May 22 15:26:45 2019 +0200;1558531605
9ca73541465d0d28a44e8426a2a8d17eb388829e;9ca7354146;-;-;Wed May 22 15:22:29 2019 +0200;1558531349;-;-;Wed May 22 15:22:29 2019 +0200;1558531349
819097a07a9ccc5d609ce00e456952318985cdb5;819097a07a;-;-;Wed May 22 14:48:40 2019 +0200;1558529320;-;-;Wed May 22 14:48:40 2019 +0200;1558529320
8a33ef2d14be1e6d9c862546932b04f88cf0a05c;8a33ef2d14;-;-;Tue May 21 21:06:38 2019 +0200;1558465598;-;-;Tue May 21 21:06:38 2019 +0200;1558465598
438d3710d3f3e2e5d2b7507afec314bc6051cbee;438d3710d3;-;-;Tue May 21 14:05:45 2019 -0400;1558461945;-;-;Tue May 21 14:07:59 2019 -0400;1558462079
3645281c35d82dc73352a100f8bf4095b6cc18c4;3645281c35;-;-;Tue May 21 19:26:39 2019 +0200;1558459599;-;-;Tue May 21 19:26:39 2019 +0200;1558459599
ff838fd01147b5cdb7dc0850e244aa003254a64d;ff838fd011;-;-;Tue May 21 19:26:12 2019 +0200;1558459572;-;-;Tue May 21 19:26:12 2019 +0200;1558459572
9b3c92e8d2a9a284ec031687fdb6aad5c2407f67;9b3c92e8d2;-;-;Tue May 21 12:07:57 2019 +0200;1558433277;-;-;Tue May 21 12:09:36 2019 +0200;1558433376
c329bad42a97c2c1b86e93f3e1c83d41f5754322;c329bad42a;-;-;Tue May 21 00:16:35 2019 +0200;1558390595;-;-;Tue May 21 00:16:35 2019 +0200;1558390595
171e8f56a32c94ba3974f1e83ffdb2976f74cd60;171e8f56a3;-;-;Mon May 20 22:27:37 2019 +0200;1558384057;-;-;Mon May 20 22:27:37 2019 +0200;1558384057
6f07a504b8f505028469944b8aea359aa69dd19e;6f07a504b8;-;-;Thu May 16 22:53:01 2019 +0300;1558036381;-;-;Mon May 20 21:41:15 2019 +0200;1558381275
02850f357f29f3dabe64750a3ab9405a94501b3a;02850f357f;-;-;Mon May 20 10:34:51 2019 -0700;1558373691;-;-;Mon May 20 10:47:53 2019 -0700;1558374473
fb26fc3f943295bd0a04b7f39f2691b88876ca41;fb26fc3f94;-;-;Mon May 20 10:35:20 2019 -0700;1558373720;-;-;Mon May 20 10:46:20 2019 -0700;1558374380
a363fed20948a1814f3f302e2e76be8dbaebc501;a363fed209;-;-;Mon May 20 17:21:07 2019 +0200;1558365667;-;-;Mon May 20 17:21:07 2019 +0200;1558365667
21e163e5da31daaa30ffc9a2c092ba7b290a663a;21e163e5da;-;-;Mon May 20 23:28:41 2019 +0900;1558362521;-;-;Mon May 20 16:41:05 2019 +0200;1558363265
bd910fc62b87b052968cd5a52458159d9fb6333e;bd910fc62b;-;-;Thu May 16 20:49:49 2019 -0400;1558054189;-;-;Thu May 16 20:49:49 2019 -0400;1558054189
60e4649ff320c111836550750fafd2e51a6ac59d;60e4649ff3;-;-;Thu May 16 20:42:09 2019 -0400;1558053729;-;-;Thu May 16 20:42:09 2019 -0400;1558053729
ed2a3bd451ca8a330bb1ef7fb5e9f06a2fb5793c;ed2a3bd451;-;-;Wed May 15 17:31:59 2019 -0400;1557955919;-;-;Wed May 15 17:31:59 2019 -0400;1557955919
013249757a53e9a1eab228b824a9ad8dd5fe9bba;013249757a;-;-;Wed May 15 16:44:05 2019 -0400;1557953045;-;-;Wed May 15 16:44:05 2019 -0400;1557953045
a30a134c2397a7482bfd8c895f7ec1dc633e2067;a30a134c23;-;-;Wed May 15 16:07:05 2019 +0200;1557929225;-;-;Wed May 15 16:07:28 2019 +0200;1557929248
b1912f6accf12235836f4524368b6c5264e6f42e;b1912f6acc;-;-;Wed May 15 08:29:41 2019 -0400;1557923381;-;-;Wed May 15 08:29:41 2019 -0400;1557923381
97c2de915afb34aad64e6a63a448e6e66a6040de;97c2de915a;-;-;Tue May 14 21:44:26 2019 -0400;1557884666;-;-;Tue May 14 21:44:39 2019 -0400;1557884679
afc0ae3752ae29a6fd724cfc79cdc428ea1bfa83;afc0ae3752;-;-;Mon May 13 18:05:24 2019 -0400;1557785124;-;-;Tue May 14 15:36:47 2019 -0400;1557862607
ac6c96a391ebffe40af3f6a500a51eea98fe1d8f;ac6c96a391;-;-;Sat May 11 05:39:58 2019 -0400;1557567598;-;-;Mon May 13 13:45:25 2019 -0400;1557769525
e0654a5b3dcf55a7840cd29d25c55854a071202c;e0654a5b3d;-;-;Mon May 13 19:22:07 2019 +0200;1557768127;-;-;Mon May 13 19:22:07 2019 +0200;1557768127
9755b59197a54691876e967796808e19c01016fe;9755b59197;-;-;Mon May 13 18:05:07 2019 +0200;1557763507;-;-;Mon May 13 18:05:07 2019 +0200;1557763507
9ca8681f79cad3a0c3c6ab1497575eaa9232441c;9ca8681f79;-;-;Mon May 13 14:27:01 2019 +0300;1557746821;-;-;Mon May 13 15:38:13 2019 +0200;1557754693
785e8d81165859681732f0b315ba7d7b93bd825c;785e8d8116;-;-;Mon May 13 13:59:26 2019 +0200;1557748766;-;-;Mon May 13 14:11:29 2019 +0200;1557749489
cfc4a59135ee1d367a1e2de4376edf5bc6335ad7;cfc4a59135;-;-;Mon May 13 13:40:07 2019 +0200;1557747607;-;-;Mon May 13 13:40:07 2019 +0200;1557747607
9a6ce66bd919a36e851989d9b18c8d8c61b9aeee;9a6ce66bd9;-;-;Mon May 13 18:57:54 2019 +0900;1557741474;-;-;Mon May 13 12:04:22 2019 +0200;1557741862
73dbd06361c5b902857d3dae68b770523318288d;73dbd06361;-;-;Sun May 12 15:13:07 2019 +0200;1557666787;-;-;Sun May 12 15:13:07 2019 +0200;1557666787
deecab63114699abfe43e55489300ce0515d2188;deecab6311;-;-;Sun May 12 14:00:27 2019 +0200;1557662427;-;-;Sun May 12 14:46:55 2019 +0200;1557665215
724c805211e26f9ad1ae5c74385a8df4fa0d18ee;724c805211;-;-;Sun May 12 14:46:25 2019 +0200;1557665185;-;-;Sun May 12 14:46:55 2019 +0200;1557665215
5685e9dfa37ef30a30ccc8fbe4c5d5424d33e7b9;5685e9dfa3;-;-;Sun May 12 14:44:27 2019 +0200;1557665067;-;-;Sun May 12 14:46:55 2019 +0200;1557665215
9e1ed6c7718d38c4b9fe5f75921abad33264307c;9e1ed6c771;-;-;Sun May 12 13:46:14 2019 +0200;1557661574;-;-;Sun May 12 13:46:14 2019 +0200;1557661574
da1b0042548f2c0dc33038f9f7188cc24993f592;da1b004254;-;-;Sat May 11 18:21:44 2019 +0200;1557591704;-;-;Sat May 11 18:21:44 2019 +0200;1557591704
33fcde4c3ea210ad4ad93003c424b4c5f76badcb;33fcde4c3e;-;-;Sat May 11 18:04:48 2019 +0200;1557590688;-;-;Sat May 11 18:04:48 2019 +0200;1557590688
6ef7d7124e4b38ef97bc3aa95ee1c8f66b32cbf4;6ef7d7124e;-;-;Sat May 11 15:51:06 2019 +0200;1557582666;-;-;Sat May 11 15:51:06 2019 +0200;1557582666
64819bbc1dda4aa31efe668e0dd84d50b196b94b;64819bbc1d;-;-;Fri May 10 18:00:29 2019 +0200;1557504029;-;-;Fri May 10 18:00:29 2019 +0200;1557504029
0cff7eb32cb4123f72a8dfdccbccf7d4a3cf9a7e;0cff7eb32c;-;-;Fri May 10 17:35:40 2019 +0200;1557502540;-;-;Fri May 10 17:40:03 2019 +0200;1557502803
9b61316c2e24c695f6e541237630648bedf5b195;9b61316c2e;-;-;Fri May 10 17:07:12 2019 +0200;1557500832;-;-;Fri May 10 17:31:23 2019 +0200;1557502283
f188aab5f2f1b95e6898e43a087b69e6b86f094b;f188aab5f2;-;-;Fri May 10 10:49:59 2019 +0200;1557478199;-;-;Fri May 10 10:49:59 2019 +0200;1557478199
6d69a4e03aac1645a69cb69b94115cdb1587ee5e;6d69a4e03a;-;-;Fri May 10 09:57:25 2019 +0200;1557475045;-;-;Fri May 10 09:57:25 2019 +0200;1557475045
4606209ad401ceb506a336ea90fcd76deaf09576;4606209ad4;-;-;Thu May 9 17:09:54 2019 +0200;1557414594;-;-;Thu May 9 17:09:54 2019 +0200;1557414594
d8f1d561001372f1aadcfab62d5f7187073f9dcb;d8f1d56100;-;-;Thu May 9 16:21:54 2019 +0200;1557411714;-;-;Thu May 9 16:21:54 2019 +0200;1557411714
1be29d59333882495c2a20fa926b668a854dcb3d;1be29d5933;-;-;Thu May 9 16:07:21 2019 +0200;1557410841;-;-;Thu May 9 16:16:32 2019 +0200;1557411392
c601ecf1693269f621e600b20652f60f13e96bbf;c601ecf169;-;-;Thu May 9 15:00:53 2019 +0200;1557406853;-;-;Thu May 9 15:00:53 2019 +0200;1557406853
0b50d1eff38e910c920959f29aff6d0ac5804c17;0b50d1eff3;-;-;Thu May 9 14:29:37 2019 +0200;1557404977;-;-;Thu May 9 14:29:37 2019 +0200;1557404977
c80028b71edf5b205d8ad95ee6f7d68c40c208a6;c80028b71e;-;-;Thu May 9 14:45:59 2019 +0300;1557402359;-;-;Thu May 9 13:50:26 2019 +0200;1557402626
8e29eca1eb2e2c2b91cf39b9c4cf92ed546ef85a;8e29eca1eb;-;-;Thu May 9 13:25:21 2019 +0200;1557401121;-;-;Thu May 9 13:25:21 2019 +0200;1557401121
e465f51d5632c98bb361a3f1acf5ed09f82ac97b;e465f51d56;-;-;Thu May 9 13:21:42 2019 +0200;1557400902;-;-;Thu May 9 13:21:42 2019 +0200;1557400902
dc1c1102880f5b6f66287e761643ddbd988dd6cc;dc1c110288;-;-;Thu May 9 13:21:27 2019 +0200;1557400887;-;-;Thu May 9 13:21:27 2019 +0200;1557400887
fd48bf1dbe9d7d619cd9e076d5f5bc60659c25a3;fd48bf1dbe;-;-;Wed May 8 21:05:42 2019 -0400;1557363942;-;-;Wed May 8 21:05:42 2019 -0400;1557363942
ed61f4454502bebf3a5de7c90a2cdd6af125e418;ed61f44545;-;-;Wed May 8 20:55:31 2019 -0400;1557363331;-;-;Wed May 8 20:55:31 2019 -0400;1557363331
06c3a058f4b5be96e7547d5d9bd36c49a4528b2b;06c3a058f4;-;-;Wed May 8 20:34:22 2019 -0400;1557362062;-;-;Wed May 8 20:34:22 2019 -0400;1557362062
8b08b6812a73a49673139ecc3ab922f7010dcb8c;8b08b6812a;-;-;Thu May 9 02:26:23 2019 +0200;1557361583;-;-;Thu May 9 02:26:23 2019 +0200;1557361583
798b51f4a3e83c136904c495f65b3686a51fc930;798b51f4a3;-;-;Wed May 8 13:45:42 2019 -0700;1557348342;-;-;Wed May 8 13:46:13 2019 -0700;1557348373
816bbee8de584676250e2bc5dcff6da6cd81623f;816bbee8de;-;-;Wed May 8 09:20:41 2019 -0700;1557332441;-;-;Wed May 8 09:55:09 2019 -0700;1557334509
1b985fb3da3c0802a410264d13ffdebaebea9986;1b985fb3da;-;-;Wed May 8 09:17:59 2019 -0700;1557332279;-;-;Wed May 8 09:53:01 2019 -0700;1557334381
66eb86f0552b80b03b338c69ac83cd5f70c799e4;66eb86f055;-;-;Wed May 8 09:49:03 2019 -0700;1557334143;-;-;Wed May 8 09:52:39 2019 -0700;1557334359
d3b713d5f0e6bd2a1615b6b062f76f1ebad08cfe;d3b713d5f0;-;-;Wed May 8 17:52:56 2019 +0200;1557330776;-;-;Wed May 8 17:52:56 2019 +0200;1557330776
fb2908867073a273334f67c93923b30b6aea4a2d;fb29088670;-;-;Wed May 8 17:52:28 2019 +0200;1557330748;-;-;Wed May 8 17:52:28 2019 +0200;1557330748
82d32f08758e14a39830a7e6bb0d0a6be1b9648c;82d32f0875;-;-;Wed May 8 17:51:54 2019 +0200;1557330714;-;-;Wed May 8 17:51:54 2019 +0200;1557330714
4038d590a164822220ca296c20d9085a53cdd480;4038d590a1;-;-;Wed May 8 17:18:41 2019 +0200;1557328721;-;-;Wed May 8 17:18:41 2019 +0200;1557328721
44659f4945b38112564c7af177712ed54b6c7449;44659f4945;-;-;Wed May 8 10:58:57 2019 -0400;1557327537;-;-;Wed May 8 10:59:58 2019 -0400;1557327598
6a05b97df328b66a25ac97a0f25b3f0cff560c90;6a05b97df3;-;-;Wed May 8 16:39:23 2019 +0200;1557326363;-;-;Wed May 8 16:39:23 2019 +0200;1557326363
4d1637a9b7f11745f84f12fe6146a4d384a93af0;4d1637a9b7;-;-;Wed May 8 16:29:31 2019 +0200;1557325771;-;-;Wed May 8 16:29:31 2019 +0200;1557325771
d7320de871dba75e0bbc4f5307d37005c3198379;d7320de871;-;-;Wed May 8 07:25:52 2019 -0700;1557325552;-;-;Wed May 8 16:25:52 2019 +0200;1557325552
7e6e3d7027eae5a9792c9a6e9b2c9f85e4ec9fc3;7e6e3d7027;-;-;Wed May 8 09:56:52 2019 -0400;1557323812;-;-;Wed May 8 09:56:52 2019 -0400;1557323812
a9f0eae4ab787c2ae76b32bd32ebc072fbbf00b6;a9f0eae4ab;-;-;Wed May 8 09:41:10 2019 -0400;1557322870;-;-;Wed May 8 09:41:10 2019 -0400;1557322870
77eef47483b3fc6a5b08da457da1fa73606221aa;77eef47483;-;-;Mon May 6 19:34:50 2019 +0200;1557164090;-;-;Wed May 8 14:51:43 2019 +0200;1557319903
eb16e853b16022c88f2fb8a4d593875ca46d6cb7;eb16e853b1;-;-;Wed May 8 14:01:12 2019 +0200;1557316872;-;-;Wed May 8 14:01:12 2019 +0200;1557316872
dc01917daed84640b46b22b4e7f895af719a6936;dc01917dae;-;-;Wed May 8 12:21:00 2019 +0200;1557310860;-;-;Wed May 8 12:21:00 2019 +0200;1557310860
2352688ccb1bd6a78fc2fb398aad869e0b235846;2352688ccb;-;-;Wed May 8 11:48:41 2019 +0200;1557308921;-;-;Wed May 8 12:10:20 2019 +0200;1557310220
e7cca7792d9281aacecb422bc51a758d67d27e6c;e7cca7792d;-;-;Wed May 8 11:45:54 2019 +0200;1557308754;-;-;Wed May 8 12:10:20 2019 +0200;1557310220
32915d8bf5d661b1df4b05971ee3d804684c2864;32915d8bf5;-;-;Wed May 8 11:44:31 2019 +0200;1557308671;-;-;Wed May 8 12:10:20 2019 +0200;1557310220
e625ace8c8c919b3db16cf02ba1ddee9ce9db452;e625ace8c8;-;-;Wed May 8 11:50:42 2019 +0200;1557309042;-;-;Wed May 8 12:09:16 2019 +0200;1557310156
45147c23c1fd61912d82abd42650bb060fa08a7a;45147c23c1;-;-;Tue May 7 22:00:34 2019 -0400;1557280834;-;-;Tue May 7 22:03:36 2019 -0400;1557281016
cdf51c3d511e176965cb5a5af668329f6927dc40;cdf51c3d51;-;-;Wed May 8 00:27:56 2019 +0200;1557268076;-;-;Wed May 8 00:27:56 2019 +0200;1557268076
c5b3848357320d67685744e6ebc32416b0119f66;c5b3848357;-;-;Wed May 8 00:27:47 2019 +0200;1557268067;-;-;Wed May 8 00:27:47 2019 +0200;1557268067
7031964e4940ae0c6d309571d60adc1ccee48a4d;7031964e49;-;-;Mon May 6 09:46:11 2019 -0700;1557161171;-;-;Tue May 7 23:12:42 2019 +0200;1557263562
7fbf3f97cdeffd7e60a7dc9b19ca59ce73cd1cea;7fbf3f97cd;-;-;Mon May 6 10:37:59 2019 -0700;1557164279;-;-;Tue May 7 23:12:42 2019 +0200;1557263562
8c2ccfe6a35381d09ab52060adf3057f08ae808e;8c2ccfe6a3;-;-;Mon May 6 11:00:51 2019 -0700;1557165651;-;-;Tue May 7 23:12:42 2019 +0200;1557263562
30ba80a3c3fe3a551d751436ce606e224c09732a;30ba80a3c3;-;-;Mon Jul 9 07:00:37 2018 +0100;1531116037;-;-;Tue May 7 23:12:42 2019 +0200;1557263562
f592c1f211075d8d0373241dea2766950bca4b07;f592c1f211;-;-;Mon May 6 10:39:12 2019 -0700;1557164352;-;-;Tue May 7 23:12:42 2019 +0200;1557263562
9738e4886c626145b60baa80a0bd0740246ebf0e;9738e4886c;-;-;Mon May 6 10:42:27 2019 -0700;1557164547;-;-;Tue May 7 23:12:42 2019 +0200;1557263562
1fa5937834b271b9b149654ba5b42b6c333bdd8f;1fa5937834;-;-;Fri May 3 19:59:08 2019 -0700;1556938748;-;-;Tue May 7 23:12:42 2019 +0200;1557263562
8a293f51a4d1f7edcb6a4403826b96f7795d2a76;8a293f51a4;-;-;Sat May 4 08:28:30 2019 -0700;1556983710;-;-;Tue May 7 23:12:42 2019 +0200;1557263562
9d6cf57cb740660661c1804a41fe699f5d3b9faa;9d6cf57cb7;-;-;Mon May 6 10:10:55 2019 -0700;1557162655;-;-;Tue May 7 23:12:42 2019 +0200;1557263562
daec3531b3a386074484c3a1ccf82c79b769e96f;daec3531b3;-;-;Mon May 6 13:09:23 2019 -0700;1557173363;-;-;Tue May 7 23:12:42 2019 +0200;1557263562
e11990e63d6d28a840501e234938aa685d188188;e11990e63d;-;-;Mon May 6 10:08:05 2019 -0700;1557162485;-;-;Tue May 7 23:12:42 2019 +0200;1557263562
d4a761abeac3e75d59d481e4ccd5f38ee2e86e19;d4a761abea;-;-;Mon May 6 09:51:26 2019 -0700;1557161486;-;-;Tue May 7 23:12:42 2019 +0200;1557263562
3b145a5a73ae4418d7d5ad2b0f10b0dd48ab3fcf;3b145a5a73;-;-;Mon Apr 29 10:44:52 2019 -0700;1556559892;-;-;Tue May 7 23:12:42 2019 +0200;1557263562
f86affe404a344fda2face7f0f5aad9f36549e41;f86affe404;-;-;Sun May 5 23:21:04 2019 -0700;1557123664;-;-;Tue May 7 23:12:42 2019 +0200;1557263562
fff3813d75588dc17724ab5372ddba2da8dd8812;fff3813d75;-;-;Tue May 7 21:23:47 2019 +0200;1557257027;-;-;Tue May 7 21:23:47 2019 +0200;1557257027
00a5106bfa664d9c310bdd5872927fec4faaf96c;00a5106bfa;-;-;Tue May 7 16:47:05 2019 +0200;1557240425;-;-;Tue May 7 16:49:02 2019 +0200;1557240542
bb002af8af1a9b93517860ab396cf8e4bc55c087;bb002af8af;-;-;Tue May 7 15:43:44 2019 +0200;1557236624;-;-;Tue May 7 15:51:27 2019 +0200;1557237087
55b56b8c5ccd5aa67856ace3d6a0eb184fea42f0;55b56b8c5c;-;-;Tue May 7 15:24:33 2019 +0200;1557235473;-;-;Tue May 7 15:24:33 2019 +0200;1557235473
59f6044c099e88a25989a6d55ba0b4fe38b29bb3;59f6044c09;-;-;Tue May 7 15:06:59 2019 +0200;1557234419;-;-;Tue May 7 15:06:59 2019 +0200;1557234419
49570ae2f391332ead8818b0640716dc325990b7;49570ae2f3;-;-;Tue May 7 21:19:59 2019 +0900;1557231599;-;-;Tue May 7 14:25:22 2019 +0200;1557231922
e3fa4e13503f5cb1427c308b6044140c6b016979;e3fa4e1350;-;-;Tue May 7 14:24:28 2019 +0200;1557231868;-;-;Tue May 7 14:24:28 2019 +0200;1557231868
0e980324e6a9c19b43e698161ff73d0708285dd7;0e980324e6;-;-;Tue May 7 13:13:28 2019 +0200;1557227608;-;-;Tue May 7 13:29:59 2019 +0200;1557228599
ba1c7192c950f7b524ba7df93017dd51e84bcd0b;ba1c7192c9;-;-;Tue May 7 13:09:44 2019 +0200;1557227384;-;-;Tue May 7 13:09:44 2019 +0200;1557227384
ccb01e663a758ceb40628eb25adc64f5726b5a5b;ccb01e663a;-;-;Tue May 7 13:03:45 2019 +0200;1557227025;-;-;Tue May 7 13:03:45 2019 +0200;1557227025
7e5aacf8a26b027d211b84bb016736ad818fc499;7e5aacf8a2;-;-;Tue May 7 12:44:05 2019 +0200;1557225845;-;-;Tue May 7 12:44:05 2019 +0200;1557225845
8eb9782ca205b87b06511427a1baabe16b2df983;8eb9782ca2;-;-;Tue May 7 12:43:36 2019 +0200;1557225816;-;-;Tue May 7 12:43:36 2019 +0200;1557225816
fb642ce7235d390323081d6b158a7a74b623a595;fb642ce723;-;-;Tue May 7 12:14:09 2019 +0200;1557224049;-;-;Tue May 7 12:14:45 2019 +0200;1557224085
f747ba282aea2f7c542e4a59ef6b30f9016325c5;f747ba282a;-;-;Mon May 6 16:32:47 2019 +0200;1557153167;-;-;Tue May 7 12:14:45 2019 +0200;1557224085
b74c09d12e0bdfd21d6da1c90e98256c5c1d2035;b74c09d12e;-;-;Mon May 6 15:49:51 2019 +0200;1557150591;-;-;Tue May 7 12:14:45 2019 +0200;1557224085
1d80cbea35e564a639755a994748cf15dbb9ad2b;1d80cbea35;-;-;Tue May 7 11:08:01 2019 +0200;1557220081;-;-;Tue May 7 11:23:20 2019 +0200;1557221000
28c5d7b586bac659bac2558264a928e1f5dd6b2c;28c5d7b586;-;-;Tue May 7 02:12:11 2019 +0200;1557187931;-;-;Tue May 7 02:12:11 2019 +0200;1557187931
d45f7c48284bfa81c23143b9a0e9e4fcc6c9565b;d45f7c4828;-;-;Mon May 6 16:44:53 2019 -0700;1557186293;-;-;Mon May 6 16:45:01 2019 -0700;1557186301
85cecb66e5526ad29fda44b1d63ab7f202aed0e3;85cecb66e5;-;-;Tue May 7 01:33:07 2019 +0200;1557185587;-;-;Tue May 7 01:33:07 2019 +0200;1557185587
f56c70d2f01f4db36e32bb976d1e997e227e470a;f56c70d2f0;-;-;Tue May 7 01:23:16 2019 +0200;1557184996;-;-;Tue May 7 01:23:16 2019 +0200;1557184996
fd36d1efe6ec3bbbb8971a392f7b2867ff79a09a;fd36d1efe6;-;-;Mon May 6 16:22:25 2019 -0700;1557184945;-;-;Mon May 6 16:22:25 2019 -0700;1557184945
3f8be3416e095acdd60d8aa7ea24ace79cafaa4d;3f8be3416e;-;-;Mon May 6 16:12:03 2019 -0700;1557184323;-;-;Mon May 6 16:13:05 2019 -0700;1557184385
30a1f6fed51c76c1d0c0482997ff6e8a8b060014;30a1f6fed5;-;-;Tue May 7 01:00:45 2019 +0200;1557183645;-;-;Tue May 7 01:00:45 2019 +0200;1557183645
4b06d8e5112e162459a21c50743e7b15b8f2d0c1;4b06d8e511;-;-;Tue May 7 00:59:56 2019 +0200;1557183596;-;-;Tue May 7 00:59:56 2019 +0200;1557183596
47ff92873bc35345a0e0a743be4939527a27f896;47ff92873b;-;-;Mon May 6 18:51:28 2019 +0900;1557136288;-;-;Tue May 7 00:23:48 2019 +0200;1557181428
2b3df1fa303a58b72b960944d0f85190892bd4bf;2b3df1fa30;-;-;Mon May 6 22:11:11 2019 +0200;1557173471;-;-;Mon May 6 22:11:11 2019 +0200;1557173471
53cadf15e776ae6ebd14172fa13fa0766a1c34f9;53cadf15e7;-;-;Mon May 6 12:26:25 2019 -0400;1557159985;-;-;Mon May 6 12:26:25 2019 -0400;1557159985
15e1af2281c9fe616b0902eb053e6e260662c822;15e1af2281;-;-;Mon May 6 09:33:47 2019 -0400;1557149627;-;-;Mon May 6 09:34:21 2019 -0400;1557149661
e16a134075b66dc8d7ee40fba4caa88def6f73f8;e16a134075;-;-;Mon May 6 11:00:37 2019 +0200;1557133237;-;-;Mon May 6 11:00:58 2019 +0200;1557133258
d616e10dca686b12b4cc95ae103e6680bd4e4224;d616e10dca;-;-;Sun May 5 19:14:21 2019 +0200;1557076461;-;-;Sun May 5 19:26:04 2019 +0200;1557077164
47c39304afe43d904a5a48c8273cab187ddeebce;47c39304af;-;-;Sun May 5 18:27:38 2019 +0200;1557073658;-;-;Sun May 5 18:27:38 2019 +0200;1557073658
c79fdfb66871a6bb2d643f0d4a0296bbb4c0bac0;c79fdfb668;-;-;Sun May 5 18:09:11 2019 +0200;1557072551;-;-;Sun May 5 18:09:11 2019 +0200;1557072551
d4379630e24090ce086cc7baced731a38a1753d2;d4379630e2;-;-;Sun May 5 17:31:31 2019 +0200;1557070291;-;-;Sun May 5 17:31:31 2019 +0200;1557070291
0aeb7d1e02baf9d6409361e891017886bbbf6fa4;0aeb7d1e02;-;-;Sun May 5 17:29:54 2019 +0200;1557070194;-;-;Sun May 5 17:29:54 2019 +0200;1557070194
1928167d5ddaf9c4543eda1488e68055fefe4e8a;1928167d5d;-;-;Sun May 5 17:21:15 2019 +0200;1557069675;-;-;Sun May 5 17:21:15 2019 +0200;1557069675
772ef4092078732ebdbbddb5cbcad728ae4faad5;772ef40920;-;-;Sun May 5 16:56:48 2019 +0200;1557068208;-;-;Sun May 5 16:56:48 2019 +0200;1557068208
7ed4df20a85cd90b35b2d367fb57da92af20d618;7ed4df20a8;-;-;Sun May 5 16:46:11 2019 +0200;1557067571;-;-;Sun May 5 16:46:11 2019 +0200;1557067571
3dc38a08c841ecc7bd9169cf682b98f3418a0548;3dc38a08c8;-;-;Sun May 5 16:30:26 2019 +0200;1557066626;-;-;Sun May 5 16:30:26 2019 +0200;1557066626
21864c80d707d8d71934da3723cd2dcbe09c3d47;21864c80d7;-;-;Sun May 5 16:28:45 2019 +0200;1557066525;-;-;Sun May 5 16:28:45 2019 +0200;1557066525
0b97cc9ebd34fd7e96b09eb104aefb9a738a9bb0;0b97cc9ebd;-;-;Sun May 5 09:13:09 2019 +0200;1557040389;-;-;Sun May 5 09:13:09 2019 +0200;1557040389
7d0a49474eeab55c0f2b862b20fc01a9a656cab9;7d0a49474e;-;-;Sun May 5 09:08:58 2019 +0200;1557040138;-;-;Sun May 5 09:08:58 2019 +0200;1557040138
28039057fd48c4380e2270b1ad5d1847d89a02a9;28039057fd;-;-;Sat May 4 18:30:56 2019 +0200;1556987456;-;-;Sat May 4 18:30:56 2019 +0200;1556987456
30bbf91dbada76e156a70c4928e5eef81812646a;30bbf91dba;-;-;Sat May 4 17:35:34 2019 +0200;1556984134;-;-;Sat May 4 17:35:34 2019 +0200;1556984134
57984c570564f26928a8b701ef68b00a3850c05f;57984c5705;-;-;Sat May 4 17:34:32 2019 +0200;1556984072;-;-;Sat May 4 17:34:32 2019 +0200;1556984072
9eb095d92110e9497a1cf2077e449859db0293c6;9eb095d921;-;-;Sat May 4 12:04:48 2019 +0200;1556964288;-;-;Sat May 4 12:04:48 2019 +0200;1556964288
d489227874c166f97de83dbaa88944bedb8bfe38;d489227874;-;-;Sat May 4 09:48:21 2019 +0900;1556930901;-;-;Sat May 4 11:14:08 2019 +0200;1556961248
ffbecf1427019c3d407342df2fa5dc949da35d15;ffbecf1427;-;-;Fri May 3 18:24:30 2019 +0200;1556900670;-;-;Fri May 3 18:24:30 2019 +0200;1556900670
f0f6af2926b8e317d31625bb526347565613c9f2;f0f6af2926;-;-;Fri May 3 18:13:12 2019 +0200;1556899992;-;-;Fri May 3 18:13:12 2019 +0200;1556899992
83046531da12dde914fb677b65c2d2b449e039df;83046531da;-;-;Fri May 3 14:55:49 2019 +0200;1556888149;-;-;Fri May 3 16:13:37 2019 +0200;1556892817
9cff07ce35dcca7c1028885492d246b3f4735dfb;9cff07ce35;-;-;Fri May 3 14:52:55 2019 +0200;1556887975;-;-;Fri May 3 16:13:37 2019 +0200;1556892817
ec8689d1fc2dbc40bb345a256db988c312b15381;ec8689d1fc;-;-;Fri May 3 14:23:59 2019 +0200;1556886239;-;-;Fri May 3 14:23:59 2019 +0200;1556886239
fc8d5c068c67c50a6f9e17c52425ca308ac403c7;fc8d5c068c;-;-;Thu May 2 10:13:59 2019 +0200;1556784839;-;-;Fri May 3 13:45:14 2019 +0200;1556883914
a2a6bc3d47539801ea7c1073c5a013961da530d9;a2a6bc3d47;-;-;Fri May 3 12:28:41 2019 +0200;1556879321;-;-;Fri May 3 12:28:41 2019 +0200;1556879321
eaa9a78d5dc67da26437e415d4cc89bd35a0e396;eaa9a78d5d;-;-;Fri May 3 00:23:57 2019 +0200;1556835837;-;-;Fri May 3 00:23:57 2019 +0200;1556835837
ce9162065cbdbc106a06aa01f01f2ea78d7d07ce;ce9162065c;-;-;Thu May 2 17:52:12 2019 +0200;1556812332;-;-;Thu May 2 17:52:12 2019 +0200;1556812332
8a57997d2106641f48ec3760b966e5721491e63a;8a57997d21;-;-;Thu May 2 16:32:47 2019 +0200;1556807567;-;-;Thu May 2 16:32:47 2019 +0200;1556807567
0be610b0ee43ee23a54a5d9c2d9b89edab35f686;0be610b0ee;-;-;Thu May 2 16:23:48 2019 +0200;1556807028;-;-;Thu May 2 16:23:48 2019 +0200;1556807028
8dabb3e6269ab18bb2256266a70d4c285bbb4ff5;8dabb3e626;-;-;Thu May 2 16:23:37 2019 +0200;1556807017;-;-;Thu May 2 16:23:37 2019 +0200;1556807017
b5e5e3307838359b42c7f4b1ed592b03b249eb4f;b5e5e33078;-;-;Thu May 2 12:04:25 2019 +0200;1556791465;-;-;Thu May 2 12:04:25 2019 +0200;1556791465
beea83b9d2cdc1b7bc092e86c3e5f4ef3d23f626;beea83b9d2;-;-;Fri Mar 22 16:09:30 2019 +0200;1553263770;-;-;Thu May 2 11:59:09 2019 +0200;1556791149
cee7d09e4086e8660ba9f5f58aaa4beb57dc89a4;cee7d09e40;-;-;Thu May 2 11:57:48 2019 +0200;1556791068;-;-;Thu May 2 11:57:48 2019 +0200;1556791068
0f553661a685dc36a85d952d756fb3677c751fcd;0f553661a6;-;-;Wed May 1 15:29:27 2019 -0700;1556749767;-;-;Wed May 1 15:36:19 2019 -0700;1556750179
bd8d71be0e6ff0a6cb5cded33b473c6ba8260e9d;bd8d71be0e;-;-;Wed May 1 16:52:23 2019 -0400;1556743943;-;-;Wed May 1 16:52:23 2019 -0400;1556743943
07c9a0e1f539166a0de15b6eae969118e92c31a8;07c9a0e1f5;-;-;Wed May 1 04:03:21 2019 -0400;1556697801;-;-;Wed May 1 04:03:21 2019 -0400;1556697801
52657b68eaa3d5faafba39e39d2fa51f6d19ccca;52657b68ea;-;-;Tue Apr 30 18:55:34 2019 +0200;1556643334;-;-;Tue Apr 30 18:55:34 2019 +0200;1556643334
2259ab7ff3691936fe5ee5f252bffcd7042ce001;2259ab7ff3;-;-;Tue Apr 30 16:21:11 2019 +0200;1556634071;-;-;Tue Apr 30 16:21:32 2019 +0200;1556634092
89454e69c30e41db84dfa0dc4664b8481e29770e;89454e69c3;-;-;Tue Apr 30 16:05:09 2019 +0200;1556633109;-;-;Tue Apr 30 16:11:50 2019 +0200;1556633510
2e6059f6b0cdca8b87f2d33e16bfa6f554e5822f;2e6059f6b0;-;-;Tue Apr 30 15:42:55 2019 +0200;1556631775;-;-;Tue Apr 30 15:48:18 2019 +0200;1556632098
842e7e5ef71e30e9ff3a37af11b68b626e7fb350;842e7e5ef7;-;-;Tue Apr 30 09:33:00 2019 +0200;1556609580;-;-;Tue Apr 30 09:36:35 2019 +0200;1556609795
089fb5737d7b94310a4873d6f078ec7da45aec6d;089fb5737d;-;-;Mon Apr 29 17:12:28 2019 -0400;1556572348;-;-;Mon Apr 29 17:12:28 2019 -0400;1556572348
a1ad0285ca43f5f6fcdb7d3f14b37c538698f68c;a1ad0285ca;-;-;Mon Apr 29 15:22:01 2019 -0400;1556565721;-;-;Mon Apr 29 15:22:01 2019 -0400;1556565721
8888a65079e84e6f8f6ffa03570bb5edf9f0ba7f;8888a65079;-;-;Mon Apr 29 12:03:29 2019 -0400;1556553809;-;-;Mon Apr 29 12:03:49 2019 -0400;1556553829
5cd67631939fb7e55e580d17601948808a03006b;5cd6763193;-;-;Mon Apr 29 13:13:37 2019 +0200;1556536417;-;-;Mon Apr 29 13:13:37 2019 +0200;1556536417
3d502d90e271514d111433505008281c704a0b4d;3d502d90e2;-;-;Fri Apr 26 23:10:18 2019 +0200;1556313018;-;-;Fri Apr 26 23:10:18 2019 +0200;1556313018
f8dc8523da45fdea69471faa9fc5454862049b5f;f8dc8523da;-;-;Fri Apr 26 23:00:40 2019 +0200;1556312440;-;-;Fri Apr 26 23:00:40 2019 +0200;1556312440
87dba5a4df3bd4b2e9f0b5c31d9ceda2d81ec94d;87dba5a4df;-;-;Fri Apr 26 13:59:16 2019 -0700;1556312356;-;-;Fri Apr 26 13:59:16 2019 -0700;1556312356
55ac110f7bef6d5f0b782e7d49dd2d6b7ef26f2d;55ac110f7b;-;-;Thu Apr 25 15:36:18 2019 -0700;1556231778;-;-;Fri Apr 26 11:17:51 2019 -0700;1556302671
c4bd5abc3b5667bbd30ad99586058f4dac1f40f8;c4bd5abc3b;-;-;Fri Apr 26 17:41:43 2019 +0200;1556293303;-;-;Fri Apr 26 17:41:43 2019 +0200;1556293303
55418b256da906027cfcf7d3f1cb99cf6a56c93e;55418b256d;-;-;Fri Apr 26 16:56:04 2019 +0200;1556290564;-;-;Fri Apr 26 16:56:04 2019 +0200;1556290564
0016f58a8067398c8cbc7f639c0e1a77c51fd230;0016f58a80;-;-;Fri Apr 26 13:34:47 2019 +0200;1556278487;-;-;Fri Apr 26 13:34:47 2019 +0200;1556278487
f5816c92191338e076196e968841b138205d039b;f5816c9219;-;-;Fri Apr 26 13:33:51 2019 +0200;1556278431;-;-;Fri Apr 26 13:33:51 2019 +0200;1556278431
c59acde34ee552a08dee48d91d36c68f53569f8e;c59acde34e;-;-;Fri Apr 26 13:32:25 2019 +0200;1556278345;-;-;Fri Apr 26 13:32:25 2019 +0200;1556278345
5221c3000e0a1a44fea74311b5b8fca781335ec8;5221c3000e;-;-;Fri Apr 26 11:44:57 2019 +0200;1556271897;-;-;Fri Apr 26 11:44:57 2019 +0200;1556271897
92c190fabf26c256fc2169a9572255cc613a70c6;92c190fabf;-;-;Fri Apr 26 11:44:39 2019 +0200;1556271879;-;-;Fri Apr 26 11:44:39 2019 +0200;1556271879
83cb51aec694dd7b6d9100140a1e11ee03571e02;83cb51aec6;-;-;Thu Apr 25 14:14:03 2019 -0700;1556226843;-;-;Thu Apr 25 14:14:03 2019 -0700;1556226843
7cc132b2a9754a5b2ab58b050dd4ae3c49033f35;7cc132b2a9;-;-;Thu Apr 25 17:35:19 2019 +0300;1556202919;-;-;Thu Apr 25 17:35:19 2019 +0300;1556202919
ad497c259ac885c2050967ad3bc99d1bd59e3b19;ad497c259a;-;-;Thu Apr 25 14:55:04 2019 +0200;1556196904;-;-;Thu Apr 25 14:55:04 2019 +0200;1556196904
29d021ae3ce11dacd0793f08524651a23468a06d;29d021ae3c;-;-;Tue Apr 23 18:09:05 2019 +0200;1556035745;-;-;Tue Apr 23 21:07:35 2019 +0200;1556046455
cd5dc84832376c1b0b2b2e8779d6956a91597f5e;cd5dc84832;-;-;Tue Apr 23 17:20:11 2019 +0200;1556032811;-;-;Tue Apr 23 17:20:40 2019 +0200;1556032840
b33d2f463406b71676c7aba6a03892bab9086e40;b33d2f4634;-;-;Tue Apr 23 15:10:11 2019 +0200;1556025011;-;-;Tue Apr 23 15:10:11 2019 +0200;1556025011
02904121a3af819613dfb2d4f976e512d42734ac;02904121a3;-;-;Tue Apr 23 10:55:23 2019 +0200;1556009723;-;-;Tue Apr 23 14:06:15 2019 +0200;1556021175
900abfce47f7dd6c1e6ae89a741602a8bcee9391;900abfce47;-;-;Thu Apr 18 10:20:13 2019 +0800;1555554013;-;-;Tue Apr 23 12:55:18 2019 +0200;1556016918
574dffb60b52c7cb708a436b2939def65b94d0c9;574dffb60b;-;-;Tue Apr 23 18:48:21 2019 +0800;1556016501;-;-;Tue Apr 23 12:48:21 2019 +0200;1556016501
aee2df8919befd7162723b4bd5cbd480cdd6993c;aee2df8919;-;-;Tue Apr 23 11:09:41 2019 +0200;1556010581;-;-;Tue Apr 23 11:32:32 2019 +0200;1556011952
dab90cb7cc2b463cffd0a18751c97ccf80e1ef29;dab90cb7cc;-;-;Sun Apr 21 16:32:09 2019 +0200;1555857129;-;-;Sun Apr 21 16:32:09 2019 +0200;1555857129
e5d64e6680f6d0c5969b1e0b97354928a9113125;e5d64e6680;-;-;Sun Apr 21 15:32:34 2019 +0200;1555853554;-;-;Sun Apr 21 15:33:53 2019 +0200;1555853633
4a090922d7ae84802c2f9370ad3f7a7286f1ad95;4a090922d7;-;-;Sun Apr 21 15:19:15 2019 +0200;1555852755;-;-;Sun Apr 21 15:33:53 2019 +0200;1555853633
e187a42bfca79b75548cdf6dd5c46298ccfa8134;e187a42bfc;-;-;Sun Apr 21 15:17:40 2019 +0200;1555852660;-;-;Sun Apr 21 15:20:24 2019 +0200;1555852824
fe92486cca981d3040124748221345f2fbc8dfe3;fe92486cca;-;-;Thu Apr 18 23:11:08 2019 -0400;1555643468;-;-;Thu Apr 18 23:11:08 2019 -0400;1555643468
87dd62a4a376577340554d1ab9cdc97d23510ec2;87dd62a4a3;-;-;Thu Apr 18 22:49:35 2019 -0400;1555642175;-;-;Thu Apr 18 22:49:35 2019 -0400;1555642175
c09e711eb2658c33b08c1cc19dc9b9daac649568;c09e711eb2;-;-;Thu Apr 18 22:40:12 2019 -0400;1555641612;-;-;Thu Apr 18 22:40:12 2019 -0400;1555641612
4e6315388676d49171e03846f2e53402cc4237cb;4e63153886;-;-;Thu Apr 18 12:49:36 2019 -0400;1555606176;-;-;Thu Apr 18 12:49:36 2019 -0400;1555606176
dbc45319b3b5e2db4c0b6af8188e13e5d1e61843;dbc45319b3;-;-;Thu Apr 18 11:51:34 2019 -0400;1555602694;-;-;Thu Apr 18 11:51:34 2019 -0400;1555602694
86835e8e5a64404a606e05733b2d3c217e3adb87;86835e8e5a;-;-;Wed Apr 17 14:23:44 2019 -0400;1555525424;-;-;Wed Apr 17 14:23:44 2019 -0400;1555525424
60d6b5a92238823c18494a8a14bbfec96cf9737a;60d6b5a922;-;-;Wed Apr 17 10:37:21 2019 -0400;1555511841;-;-;Wed Apr 17 13:11:34 2019 -0400;1555521094
18af3892ddd32ef5c263b566b064be483cb093ae;18af3892dd;-;-;Wed Apr 17 17:37:42 2019 +0300;1555511862;-;-;Wed Apr 17 19:05:24 2019 +0200;1555520724
261dcab8cee7faa1ed175dd13ac806478bd41f89;261dcab8ce;-;-;Wed Apr 17 12:34:22 2019 -0400;1555518862;-;-;Wed Apr 17 12:34:22 2019 -0400;1555518862
30dbff340a10708f4ef3fd75fb39728e731ba2b3;30dbff340a;-;-;Wed Apr 17 09:09:43 2019 -0400;1555506583;-;-;Wed Apr 17 12:30:02 2019 -0400;1555518602
2cfd2a33c8ea4fdd0de07be93e991a4281139c31;2cfd2a33c8;-;-;Wed Apr 17 11:49:51 2019 +0200;1555494591;-;-;Wed Apr 17 11:49:51 2019 +0200;1555494591
de3238dbeafa9cdd43360333aa16429c5049e172;de3238dbea;-;-;Tue Apr 16 21:08:54 2019 -0400;1555463334;-;-;Tue Apr 16 21:08:54 2019 -0400;1555463334
ed650891cad795cbabb078d6ae023a9da18105fa;ed650891ca;-;-;Tue Apr 16 10:06:53 2019 -0400;1555423613;-;-;Tue Apr 16 10:08:20 2019 -0400;1555423700
c99d904665f845b0117e2691e4e881fba3c5bbde;c99d904665;-;-;Tue Apr 16 14:46:02 2019 +0200;1555418762;-;-;Tue Apr 16 14:46:02 2019 +0200;1555418762
e4da7cb47f621fcaf58c5de2bc88ca12fd3d180d;e4da7cb47f;-;-;Mon Apr 15 08:41:27 2019 -0400;1555332087;-;-;Mon Apr 15 08:41:27 2019 -0400;1555332087
e131815babbb4958a29a3206a539abf22e99739c;e131815bab;-;-;Sat Apr 13 13:15:51 2019 +0200;1555154151;-;-;Sat Apr 13 13:15:51 2019 +0200;1555154151
44df98c82da75114081ba02364e467004252bb77;44df98c82d;-;-;Fri Apr 12 11:37:07 2019 +0200;1555061827;-;-;Fri Apr 12 11:37:07 2019 +0200;1555061827
e84347554e586ce8470fe46277c5b3f9460e8f1a;e84347554e;-;-;Fri Apr 12 11:17:19 2019 +0200;1555060639;-;-;Fri Apr 12 11:17:19 2019 +0200;1555060639
f9903bbf69458440e7b3e1dcaa8c1ecc63d67a51;f9903bbf69;-;-;Fri Apr 12 10:28:15 2019 +0200;1555057695;-;-;Fri Apr 12 10:28:15 2019 +0200;1555057695
07738b9529a2c1c3a3b63aa75918c7f1f19c0488;07738b9529;-;-;Fri Apr 12 10:26:42 2019 +0200;1555057602;-;-;Fri Apr 12 10:26:42 2019 +0200;1555057602
e27e54317f37949d7f5e45e43eb75ab52273484a;e27e54317f;-;-;Thu Apr 11 19:02:48 2019 -0400;1555023768;-;-;Thu Apr 11 19:02:48 2019 -0400;1555023768
3d0ec509abfffddfb6c618e645e9f3f88d1a7bcf;3d0ec509ab;-;-;Thu Apr 11 16:46:50 2019 +0200;1554994010;-;-;Thu Apr 11 16:46:50 2019 +0200;1554994010
7f58e395d3aade1e3e44ceeecc4bc3d924d8962c;7f58e395d3;-;-;Thu Apr 11 16:17:33 2019 +0200;1554992253;-;-;Thu Apr 11 16:17:58 2019 +0200;1554992278
6e7da62085494ee6f720ac74e56d81421b85e737;6e7da62085;-;-;Wed Apr 10 16:09:28 2019 -0400;1554926968;-;-;Wed Apr 10 16:09:28 2019 -0400;1554926968
bb28477587ab323926133ce2a175965321bef59a;bb28477587;-;-;Wed Apr 10 15:37:02 2019 -0400;1554925022;-;-;Wed Apr 10 15:37:02 2019 -0400;1554925022
88e3b841644bd860d144acb37c13da3f6a8c2d01;88e3b84164;-;-;Wed Apr 10 15:57:51 2019 +0200;1554904671;-;-;Wed Apr 10 16:00:05 2019 +0200;1554904805
6d7bf8050fe710c5253e6032233021d5e025e1d5;6d7bf8050f;-;-;Wed Apr 10 13:15:16 2019 +0200;1554894916;-;-;Wed Apr 10 13:15:16 2019 +0200;1554894916
0f76acc9456ce4dc5cb13a16257a009b67a3f97e;0f76acc945;-;-;Wed Apr 10 10:04:29 2019 +0200;1554883469;-;-;Wed Apr 10 10:04:29 2019 +0200;1554883469
d707d382b4cd18e1889df29e65f9cb6d048eb2d8;d707d382b4;-;-;Tue Apr 9 22:38:15 2019 -0400;1554863895;-;-;Tue Apr 9 22:38:15 2019 -0400;1554863895
849a848f23872d85ba3bee64cdbdb2977b0876d5;849a848f23;-;-;Wed Apr 10 00:32:20 2019 +0200;1554849140;-;-;Wed Apr 10 00:32:20 2019 +0200;1554849140
66c95dc241e091b0cf4f71f3f21510737cea9336;66c95dc241;-;-;Tue Apr 9 23:48:06 2019 +0200;1554846486;-;-;Tue Apr 9 23:54:22 2019 +0200;1554846862
ff1f3687518c92aea35df041167ea443dd77d136;ff1f368751;-;-;Tue Apr 9 23:34:30 2019 +0200;1554845670;-;-;Tue Apr 9 23:54:22 2019 +0200;1554846862
cd69a4a03b9d09bfdcc4b9ddb0848f97c44b4338;cd69a4a03b;-;-;Tue Apr 9 22:56:08 2019 +0200;1554843368;-;-;Tue Apr 9 22:56:08 2019 +0200;1554843368
a0826a20c3dd9dfd31dae5f056754092cb04383f;a0826a20c3;-;-;Tue Apr 9 15:43:43 2019 -0400;1554839023;-;-;Tue Apr 9 15:43:43 2019 -0400;1554839023
d1f888a7a963a143628d899e4b2911b7c5ef7726;d1f888a7a9;-;-;Tue Apr 9 15:03:24 2019 -0400;1554836604;-;-;Tue Apr 9 15:03:43 2019 -0400;1554836623
f839c1f9cde435f35c0289d4e7639b55c98259e9;f839c1f9cd;-;-;Tue Apr 9 13:12:35 2019 -0400;1554829955;-;-;Tue Apr 9 15:03:43 2019 -0400;1554836623
5b17bb2e14b0faa960227b99641483f354dd8701;5b17bb2e14;-;-;Tue Apr 9 19:12:06 2019 +0200;1554829926;-;-;Tue Apr 9 19:12:06 2019 +0200;1554829926
85597f29f2a2192bc5e7e0a230ffd523a3e84736;85597f29f2;-;-;Tue Apr 9 19:03:30 2019 +0200;1554829410;-;-;Tue Apr 9 19:03:30 2019 +0200;1554829410
eb971690d239f9f3c91ce1e68c46988ae1900eba;eb971690d2;-;-;Tue Apr 9 18:09:20 2019 +0200;1554826160;-;-;Tue Apr 9 18:09:20 2019 +0200;1554826160
604361ee1f8bab4e4720e0fd1d18ca77eefc1b5f;604361ee1f;-;-;Tue Apr 9 11:44:16 2019 +0300;1554799456;-;-;Tue Apr 9 13:23:22 2019 +0200;1554809002
cd0b517abfa7c4053297159ccf3fc9b29a7046c9;cd0b517abf;-;-;Tue Apr 9 11:55:02 2019 +0200;1554803702;-;-;Tue Apr 9 12:28:00 2019 +0200;1554805680
80ad60e91ba2492889cd689f576b4e5902c95048;80ad60e91b;-;-;Tue Apr 9 11:30:59 2019 +0200;1554802259;-;-;Tue Apr 9 11:30:59 2019 +0200;1554802259
85f05023c63801af514979889edf1783a0f179a9;85f05023c6;-;-;Tue Apr 9 10:56:27 2019 +0200;1554800187;-;-;Tue Apr 9 10:58:04 2019 +0200;1554800284
dc14ea86eb2e2b7fca4f0882a3717f8ecdfaf197;dc14ea86eb;-;-;Tue Apr 9 09:40:53 2019 +0200;1554795653;-;-;Tue Apr 9 09:40:53 2019 +0200;1554795653
0a03d8e248c27efe4215e064817e86fa2b4f2cac;0a03d8e248;-;-;Mon Apr 8 23:52:04 2019 -0400;1554781924;-;-;Mon Apr 8 23:52:04 2019 -0400;1554781924
c8609b83b6b24a7c258b32167ca4ae67e87f0034;c8609b83b6;-;-;Mon Apr 8 20:19:03 2019 +0200;1554747543;-;-;Mon Apr 8 20:19:03 2019 +0200;1554747543
4d17eb4f0e96439cbf749b596a1d2bddcd0969d7;4d17eb4f0e;-;-;Mon Apr 8 17:37:59 2019 +0200;1554737879;-;-;Mon Apr 8 17:37:59 2019 +0200;1554737879
b115789fd3fd517472a30d26d9cfaa706deecfe9;b115789fd3;-;-;Mon Apr 8 17:28:44 2019 +0200;1554737324;-;-;Mon Apr 8 17:28:44 2019 +0200;1554737324
9a93615ec49c2c718c8edc7bad5aa49e0a5604ba;9a93615ec4;-;-;Mon Apr 8 17:05:08 2019 +0200;1554735908;-;-;Mon Apr 8 17:20:24 2019 +0200;1554736824
bd414df9443f0bdda7681f32a1141b8041c8518d;bd414df944;-;-;Mon Apr 8 17:02:19 2019 +0200;1554735739;-;-;Mon Apr 8 17:05:16 2019 +0200;1554735916
fd8fa301a69e9ce586769c12b7572255d0f83f3c;fd8fa301a6;-;-;Mon Apr 8 15:59:06 2019 +0200;1554731946;-;-;Mon Apr 8 15:59:06 2019 +0200;1554731946
2e7ed915cd8bdac0e92e10717ca48c03a1304a8c;2e7ed915cd;-;-;Mon Apr 8 15:46:47 2019 +0200;1554731207;-;-;Mon Apr 8 15:46:47 2019 +0200;1554731207
cf5d0e6aa952812354d1aec378b22bd725e7dd91;cf5d0e6aa9;-;-;Mon Apr 8 14:43:41 2019 +0200;1554727421;-;-;Mon Apr 8 15:14:39 2019 +0200;1554729279
a7425c81c000cd385417f0626759b3efc070c10b;a7425c81c0;-;-;Mon Apr 8 13:22:30 2019 +0200;1554722550;-;-;Mon Apr 8 13:22:30 2019 +0200;1554722550
8f5d2d65a1ed8fff94c1ca28c7d124880a6b567f;8f5d2d65a1;-;-;Sun Apr 7 22:05:33 2019 +0200;1554667533;-;-;Sun Apr 7 22:05:33 2019 +0200;1554667533
353e092bf6a71231d0e08d0127fe680462b583a7;353e092bf6;-;-;Sat Apr 6 15:33:47 2019 +0200;1554557627;-;-;Sat Apr 6 16:39:26 2019 +0200;1554561566
c3d0459a4eef9587dbbc854f641aeb4461e62448;c3d0459a4e;-;-;Sat Apr 6 15:25:30 2019 +0200;1554557130;-;-;Sat Apr 6 16:00:33 2019 +0200;1554559233
ab1b8dee58532f704bd7cc41365a63226f6e5fd3;ab1b8dee58;-;-;Sat Apr 6 15:59:14 2019 +0200;1554559154;-;-;Sat Apr 6 16:00:33 2019 +0200;1554559233
55b764bac323da88dedb55cbec290408ed0badf0;55b764bac3;-;-;Sat Apr 6 12:14:46 2019 +0200;1554545686;-;-;Sat Apr 6 12:14:46 2019 +0200;1554545686
164ee2a4e128b797510b28cdf9ed82f13055c3e6;164ee2a4e1;-;-;Sat Apr 6 11:25:44 2019 +0200;1554542744;-;-;Sat Apr 6 11:25:44 2019 +0200;1554542744
021909dac2207bd7e1d3388595d63de1cce4c966;021909dac2;-;-;Sat Apr 6 11:22:15 2019 +0200;1554542535;-;-;Sat Apr 6 11:22:15 2019 +0200;1554542535
510c0c5ef718f6220cd8674619199634b0c27ba2;510c0c5ef7;-;-;Sat Apr 6 11:18:25 2019 +0200;1554542305;-;-;Sat Apr 6 11:18:25 2019 +0200;1554542305
dacda5859acc024000c90f6208becad1aec40bfa;dacda5859a;-;-;Fri Apr 5 18:43:38 2019 -0700;1554515018;-;-;Sat Apr 6 11:02:45 2019 +0200;1554541365
02da8486a3c1cf34893be3096dbd95abfb44fd0f;02da8486a3;-;-;Fri Apr 5 21:53:55 2019 -0400;1554515635;-;-;Fri Apr 5 21:53:55 2019 -0400;1554515635
e905f1712e7113d3a5ebd6c65b5765dc54654d0b;e905f1712e;-;-;Fri Apr 5 11:10:17 2019 -0700;1554487817;-;-;Fri Apr 5 13:22:18 2019 -0700;1554495738
ef151f578d9f8cc3209fb4093c666fabfe9f324d;ef151f578d;-;-;Fri Apr 5 11:15:05 2019 -0700;1554488105;-;-;Fri Apr 5 13:22:18 2019 -0700;1554495738
1221b0650b3e8b8a034faeaf09bfcb8916b961e2;1221b0650b;-;-;Fri Apr 5 11:20:35 2019 -0700;1554488435;-;-;Fri Apr 5 13:21:46 2019 -0700;1554495706
8bc74ad18d8081ffc55f2d11536e9a0eaabee227;8bc74ad18d;-;-;Fri Apr 5 11:10:56 2019 -0700;1554487856;-;-;Fri Apr 5 13:20:47 2019 -0700;1554495647
72027b1746c5dfd3f6e35b57e522b78290a4a4f0;72027b1746;-;-;Fri Apr 5 19:48:30 2019 +0200;1554486510;-;-;Fri Apr 5 19:55:22 2019 +0200;1554486922
e4525cf4c1628940c36d62aff01e976d5432324d;e4525cf4c1;-;-;Fri Apr 5 19:27:11 2019 +0200;1554485231;-;-;Fri Apr 5 19:55:22 2019 +0200;1554486922
898494a5380f04469d92f2d5db3fb1b8a128514d;898494a538;-;-;Fri Apr 5 14:01:28 2019 +0200;1554465688;-;-;Fri Apr 5 14:03:10 2019 +0200;1554465790
d04a640baf0b4958a12bdcf269cbc530c494f07d;d04a640baf;-;-;Fri Apr 5 13:39:07 2019 +0200;1554464347;-;-;Fri Apr 5 14:03:10 2019 +0200;1554465790
9de83674cd89930b26ded7c18d1b7c92c5180ec7;9de83674cd;-;-;Fri Apr 5 13:56:33 2019 +0200;1554465393;-;-;Fri Apr 5 13:56:33 2019 +0200;1554465393
b90e6ef8a0292ff2788c6647382979c0384180a0;b90e6ef8a0;-;-;Fri Apr 5 12:48:34 2019 +0200;1554461314;-;-;Fri Apr 5 12:48:34 2019 +0200;1554461314
279508a0f0f09212238132529b31cedebe43477a;279508a0f0;-;-;Thu Apr 4 17:15:18 2019 -0400;1554412518;-;-;Thu Apr 4 17:15:18 2019 -0400;1554412518
ed709780714fb4d5c52e491dbf804d7c388fd177;ed70978071;-;-;Thu Apr 4 16:49:46 2019 -0400;1554410986;-;-;Thu Apr 4 16:49:46 2019 -0400;1554410986
4be605eb1e9e65fa94c8928e0d89486e5085d3b6;4be605eb1e;-;-;Thu Apr 4 18:58:31 2019 +0200;1554397111;-;-;Thu Apr 4 19:10:58 2019 +0200;1554397858
d6ba5259d86f893793f18e096bc33dce42297780;d6ba5259d8;-;-;Thu Apr 4 18:58:17 2019 +0200;1554397097;-;-;Thu Apr 4 19:10:58 2019 +0200;1554397858
a66e6d323106dd3cd9b8a95fe5c9fa53d67d55e3;a66e6d3231;-;-;Thu Apr 4 18:57:46 2019 +0200;1554397066;-;-;Thu Apr 4 19:10:58 2019 +0200;1554397858
f7a5b3013e3e1b0db75950faecf1dcb04fcb534d;f7a5b3013e;-;-;Thu Apr 4 18:57:27 2019 +0200;1554397047;-;-;Thu Apr 4 19:10:58 2019 +0200;1554397858
a8d6ba9965c0e084b7ed85fd11cb97a0af63bb2a;a8d6ba9965;-;-;Thu Apr 4 17:27:07 2019 +0200;1554391627;-;-;Thu Apr 4 19:06:32 2019 +0200;1554397592
a5e297a161999e34358348f5b7be0435e9a73bd8;a5e297a161;-;-;Thu Apr 4 18:41:57 2019 +0200;1554396117;-;-;Thu Apr 4 18:41:57 2019 +0200;1554396117
df15b64e8647c0ddf53a641f1a98e1adc98fa6e8;df15b64e86;-;-;Thu Apr 4 18:31:04 2019 +0200;1554395464;-;-;Thu Apr 4 18:31:04 2019 +0200;1554395464
e1080f8b5f5dd300ff57b016ebc1854b835b3c51;e1080f8b5f;-;-;Thu Apr 4 18:18:35 2019 +0200;1554394715;-;-;Thu Apr 4 18:18:35 2019 +0200;1554394715
3a9262ca1e8f95e175299d1af6092ae3ff4e4240;3a9262ca1e;-;-;Thu Apr 4 17:49:33 2019 +0200;1554392973;-;-;Thu Apr 4 17:49:33 2019 +0200;1554392973
c0b52d09f57fcabd75e664b7994dea12ba28f408;c0b52d09f5;-;-;Thu Apr 4 16:55:54 2019 +0200;1554389754;-;-;Thu Apr 4 17:33:59 2019 +0200;1554392039
de69871354d4d264e28b3e7f5b2eab4a69b7ae73;de69871354;-;-;Thu Apr 4 17:12:12 2019 +0200;1554390732;-;-;Thu Apr 4 17:13:08 2019 +0200;1554390788
1a2e372186f3bc3a20dc5faf35d98aa536f85c3f;1a2e372186;-;-;Thu Apr 4 16:54:36 2019 +0200;1554389676;-;-;Thu Apr 4 16:56:03 2019 +0200;1554389763
23b8f471dcf53c414e84610ff073b57f8b733e4e;23b8f471dc;-;-;Thu Apr 4 16:43:40 2019 +0200;1554389020;-;-;Thu Apr 4 16:43:40 2019 +0200;1554389020
1741b6dcd956e445c0ad83ccb95d414b4de5031f;1741b6dcd9;-;-;Thu Apr 4 16:12:07 2019 +0200;1554387127;-;-;Thu Apr 4 16:12:07 2019 +0200;1554387127
383f18e214b4782558974b8f5db026d01d0802c7;383f18e214;-;-;Thu Apr 4 16:54:31 2019 +0300;1554386071;-;-;Thu Apr 4 16:11:32 2019 +0200;1554387092
07e9f802f21ddf8be9a428c78c0c1a8fbbbd5f31;07e9f802f2;-;-;Thu Apr 4 12:55:55 2019 +0200;1554375355;-;-;Thu Apr 4 12:55:55 2019 +0200;1554375355
86fb7362b1d517d6f6282373eab65e96ca597b36;86fb7362b1;-;-;Thu Apr 4 12:55:06 2019 +0200;1554375306;-;-;Thu Apr 4 12:55:06 2019 +0200;1554375306
40e4c8068d44af67e51e48ae9a5b5438b559e2cc;40e4c8068d;-;-;Thu Apr 4 12:06:24 2019 +0200;1554372384;-;-;Thu Apr 4 12:16:18 2019 +0200;1554372978
9217f0b63e2b1995559391ab0d13fa94a2b727df;9217f0b63e;-;-;Thu Apr 4 11:58:27 2019 +0200;1554371907;-;-;Thu Apr 4 12:14:27 2019 +0200;1554372867
2eb631aaadfc3e9e13370e3256afb3e84bd3f0e1;2eb631aaad;-;-;Thu Apr 4 11:56:20 2019 +0200;1554371780;-;-;Thu Apr 4 12:14:27 2019 +0200;1554372867
e6171fb47df503536e0932b498e38422e358811c;e6171fb47d;-;-;Thu Apr 4 11:20:54 2019 +0200;1554369654;-;-;Thu Apr 4 12:14:27 2019 +0200;1554372867
92d5f6395ead66a91f887f8464cc6f5518f9cfaf;92d5f6395e;-;-;Thu Apr 4 08:12:15 2019 +0200;1554358335;-;-;Thu Apr 4 12:14:27 2019 +0200;1554372867
b3d3778269ccd3b8ba84c770915268d154b6e296;b3d3778269;-;-;Thu Apr 4 12:10:10 2019 +0200;1554372610;-;-;Thu Apr 4 12:10:10 2019 +0200;1554372610
65365d91c8eebfcbc4efa9cd687b00d959763492;65365d91c8;-;-;Thu Apr 4 11:19:31 2019 +0200;1554369571;-;-;Thu Apr 4 11:19:31 2019 +0200;1554369571
52f90c303e1960987e43b6700d1a964ea8f9f37d;52f90c303e;-;-;Thu Apr 4 10:39:42 2019 +0200;1554367182;-;-;Thu Apr 4 10:39:42 2019 +0200;1554367182
9080ae24f98de6353b2582b62ee34ad590ddb95a;9080ae24f9;-;-;Thu Apr 4 01:52:51 2019 +0200;1554335571;-;-;Thu Apr 4 01:52:51 2019 +0200;1554335571
5616eb2e8e8ab4819b798677d21b090aa25f5512;5616eb2e8e;-;-;Wed Apr 3 19:38:21 2019 -0400;1554334701;-;-;Wed Apr 3 19:38:21 2019 -0400;1554334701
88a7a68a7158ca7b720392333714d8bd18dc273e;88a7a68a71;-;-;Wed Apr 3 19:25:34 2019 -0400;1554333934;-;-;Wed Apr 3 19:25:34 2019 -0400;1554333934
2c28e4e97206c3d567cd90fe08a40e48dcc0042b;2c28e4e972;-;-;Wed Apr 3 16:29:28 2019 -0400;1554323368;-;-;Wed Apr 3 16:29:28 2019 -0400;1554323368
1c5aa6a8d34c4760d322cfffe433e80028bb6f06;1c5aa6a8d3;-;-;Wed Apr 3 14:56:39 2019 -0400;1554317799;-;-;Wed Apr 3 14:56:39 2019 -0400;1554317799
8f967129b93cde9796e8c70104782dd01b7a6d5e;8f967129b9;-;-;Wed Apr 3 19:05:42 2019 +0200;1554311142;-;-;Wed Apr 3 19:05:42 2019 +0200;1554311142
13543f5e0fce10f87753a16754fe6f6cc7847b0f;13543f5e0f;-;-;Wed Apr 3 18:31:16 2019 +0200;1554309076;-;-;Wed Apr 3 18:31:16 2019 +0200;1554309076
d6173512fe1de2dc109b695b793704ca338910c9;d6173512fe;-;-;Wed Apr 3 18:18:39 2019 +0200;1554308319;-;-;Wed Apr 3 18:18:39 2019 +0200;1554308319
a63d23492ac2e68a8cbb5fee58b737e2e591aa8d;a63d23492a;-;-;Wed Apr 3 17:52:44 2019 +0200;1554306764;-;-;Wed Apr 3 18:02:27 2019 +0200;1554307347
807828b2b71f70b149c9f090211e4d83d215dadf;807828b2b7;-;-;Wed Apr 3 16:41:27 2019 +0200;1554302487;-;-;Wed Apr 3 16:55:34 2019 +0200;1554303334
a4279c5d00157c8f15e1e1497b7862c2df6b15fb;a4279c5d00;-;-;Wed Apr 3 14:21:34 2019 +0200;1554294094;-;-;Wed Apr 3 16:44:36 2019 +0200;1554302676
d39e3cc0ba54b296c989caa9bae359cb190df451;d39e3cc0ba;-;-;Wed Apr 3 14:43:22 2019 +0200;1554295402;-;-;Wed Apr 3 14:43:22 2019 +0200;1554295402
e0fe32af05ac525ef5e11c3ac5195a08759bb85e;e0fe32af05;-;-;Wed Apr 3 13:07:47 2019 +0200;1554289667;-;-;Wed Apr 3 13:07:47 2019 +0200;1554289667
dee88d931a34a390626f13ed975d0bcf5c761053;dee88d931a;-;-;Wed Apr 3 12:58:13 2019 +0200;1554289093;-;-;Wed Apr 3 12:58:13 2019 +0200;1554289093
47c8d1de7bde543089792cb9517ec540993b113c;47c8d1de7b;-;-;Thu Mar 14 18:51:23 2019 +0100;1552585883;-;-;Wed Apr 3 10:16:41 2019 +0200;1554279401
83ce8ad79afe78f65412b18f6ad0499d11049843;83ce8ad79a;-;-;Wed Apr 3 10:16:11 2019 +0200;1554279371;-;-;Wed Apr 3 10:16:11 2019 +0200;1554279371
e2e91e21969ae77cc2d91f9ac3a87b49b8854c31;e2e91e2196;-;-;Tue Apr 2 21:01:56 2019 +0200;1554231716;-;-;Tue Apr 2 21:01:56 2019 +0200;1554231716
59226423332e32319e0cb81c519af4880671851c;5922642333;-;-;Tue Apr 2 20:31:58 2019 +0200;1554229918;-;-;Tue Apr 2 20:31:58 2019 +0200;1554229918
2e63c66b0d21872f72e6217510dc2232aca80693;2e63c66b0d;-;-;Tue Apr 2 20:13:29 2019 +0200;1554228809;-;-;Tue Apr 2 20:13:29 2019 +0200;1554228809
3ac88bed234acf27d539397bafb659a20c1c4339;3ac88bed23;-;-;Tue Apr 2 19:13:05 2019 +0200;1554225185;-;-;Tue Apr 2 19:13:05 2019 +0200;1554225185
208a1ae0ead4e038d26b4c5b992e4372cbc8cb7a;208a1ae0ea;-;-;Tue Apr 2 11:06:11 2019 -0400;1554217571;-;-;Tue Apr 2 11:06:11 2019 -0400;1554217571
89a29598d5a493d932d809b489d4aa6daa3402ff;89a29598d5;-;-;Tue Apr 2 11:05:30 2019 -0400;1554217530;-;-;Tue Apr 2 11:05:30 2019 -0400;1554217530
c366e205e5b9f4834eb8e4420705c183e7282ac4;c366e205e5;-;-;Tue Apr 2 16:52:36 2019 +0200;1554216756;-;-;Tue Apr 2 16:52:36 2019 +0200;1554216756
b2dbefcfc53222befcf45a1fda6460c6b84c067e;b2dbefcfc5;-;-;Tue Apr 2 16:05:18 2019 +0200;1554213918;-;-;Tue Apr 2 16:05:18 2019 +0200;1554213918
d2fa5536dbfa1095d74d17a12441f79495d9de30;d2fa5536db;-;-;Tue Apr 2 15:11:00 2019 +0200;1554210660;-;-;Tue Apr 2 15:49:59 2019 +0200;1554212999
b1231de062f58571702e77ad9a3896fdbad092ef;b1231de062;-;-;Tue Apr 2 15:17:34 2019 +0200;1554211054;-;-;Tue Apr 2 15:17:34 2019 +0200;1554211054
6899624155e9c450d5166577d8b40e9783d718f4;6899624155;-;-;Fri Jan 11 11:25:27 2019 +0100;1547202327;-;-;Tue Apr 2 15:09:13 2019 +0200;1554210553
7b11c3b599c82782d3e48328715926c1296d921f;7b11c3b599;-;-;Sat Mar 30 20:52:19 2019 +0800;1553950339;-;-;Tue Apr 2 15:06:12 2019 +0200;1554210372
a11a592734b4518332239425973cf11cb4f80fcf;a11a592734;-;-;Tue Apr 2 14:56:38 2019 +0200;1554209798;-;-;Tue Apr 2 14:56:38 2019 +0200;1554209798
4a5b9d39d4aad8ae71d1247a075be097cf57ac33;4a5b9d39d4;-;-;Tue Apr 2 14:56:20 2019 +0200;1554209780;-;-;Tue Apr 2 14:56:20 2019 +0200;1554209780
d6c1a657378861a46ee71bc8aac3c0b9319d856c;d6c1a65737;-;-;Tue Apr 2 14:55:56 2019 +0200;1554209756;-;-;Tue Apr 2 14:55:56 2019 +0200;1554209756
271445b89e9dfd8840b1298b3ba7b0c8a080e451;271445b89e;-;-;Tue Apr 2 14:55:39 2019 +0200;1554209739;-;-;Tue Apr 2 14:55:39 2019 +0200;1554209739
c1a74de48dfc40e1171939b0ba27d1c6495a7ec1;c1a74de48d;-;-;Tue Apr 2 14:55:27 2019 +0200;1554209727;-;-;Tue Apr 2 14:55:27 2019 +0200;1554209727
03bda290329e1ba56b42d7d7ece5e75812df7b76;03bda29032;-;-;Tue Apr 2 14:55:13 2019 +0200;1554209713;-;-;Tue Apr 2 14:55:13 2019 +0200;1554209713
a94868158ece76925342d9b06d75a2d2abe0cfbb;a94868158e;-;-;Mon Apr 1 17:22:54 2019 -0400;1554153774;-;-;Mon Apr 1 17:22:54 2019 -0400;1554153774
20742c74dcb939b052f5233d3c572f04eebce166;20742c74dc;-;-;Mon Apr 1 17:16:17 2019 -0400;1554153377;-;-;Mon Apr 1 17:16:17 2019 -0400;1554153377
eb753679340847ffdcd90958254fb6e8d78c1fe7;eb75367934;-;-;Mon Apr 1 17:43:20 2019 +0200;1554133400;-;-;Mon Apr 1 17:43:20 2019 +0200;1554133400
d27b5d0ab6e8b91a77e272ad57ae83c7d81d810b;d27b5d0ab6;-;-;Mon Apr 1 14:36:38 2019 +0200;1554122198;-;-;Mon Apr 1 17:42:51 2019 +0200;1554133371
8714710170dae03824416bf5aa8a19e14190c723;8714710170;-;-;Mon Apr 1 14:02:23 2019 +0200;1554120143;-;-;Mon Apr 1 14:02:23 2019 +0200;1554120143
4b5c370701e8e58b123b2940b4c5eb6d36e11b1b;4b5c370701;-;-;Mon Apr 1 13:55:44 2019 +0200;1554119744;-;-;Mon Apr 1 13:55:44 2019 +0200;1554119744
085cb1dd92c3d9ce87677d239d908c84e3b6c776;085cb1dd92;-;-;Sun Mar 31 14:36:35 2019 +0200;1554035795;-;-;Sun Mar 31 14:36:35 2019 +0200;1554035795
e8cfc4df45fe06117cd3afe9703b3825c2c36df0;e8cfc4df45;-;-;Sun Mar 31 13:26:38 2019 +0200;1554031598;-;-;Sun Mar 31 13:26:38 2019 +0200;1554031598
7625fc02622a238d41a62c56412ad7d6b93741f4;7625fc0262;-;-;Sun Mar 31 10:59:30 2019 +0200;1554022770;-;-;Sun Mar 31 10:59:30 2019 +0200;1554022770
beb491b840ee416d6fca23b8db4a6d9df6040911;beb491b840;-;-;Sun Mar 31 10:56:05 2019 +0200;1554022565;-;-;Sun Mar 31 10:56:05 2019 +0200;1554022565
3387d3ec892fcac724191c39cebebf24262f9fc1;3387d3ec89;-;-;Sun Mar 31 10:55:13 2019 +0200;1554022513;-;-;Sun Mar 31 10:55:13 2019 +0200;1554022513
76e5a2a53b4c71c33a7cd9bfb373df15d1299909;76e5a2a53b;-;-;Sat Mar 30 00:26:58 2019 +0100;1553902018;-;-;Sat Mar 30 00:26:58 2019 +0100;1553902018
2e832c03ae51f066ce0c0a04e159912127f6558b;2e832c03ae;-;-;Sat Mar 30 00:25:10 2019 +0100;1553901910;-;-;Sat Mar 30 00:25:10 2019 +0100;1553901910
43004328c8cb4227fd2c9ca2722e6cb54659bb5f;43004328c8;-;-;Fri Mar 29 22:42:05 2019 +0100;1553895725;-;-;Fri Mar 29 22:42:05 2019 +0100;1553895725
8dc535c15c15a71ce29bc21a45e9daeb064dd35e;8dc535c15c;-;-;Fri Mar 29 17:03:25 2019 -0400;1553893405;-;-;Fri Mar 29 17:03:40 2019 -0400;1553893420
c0be1c5100cce673a00a92cd9ef241024ce8a4b0;c0be1c5100;-;-;Fri Mar 22 13:47:18 2019 -0400;1553276838;-;-;Fri Mar 29 16:01:22 2019 -0400;1553889682
6c33af0a1c873d858b3e74fa5ec4612c4b329dd1;6c33af0a1c;-;-;Fri Mar 29 15:56:07 2019 -0400;1553889367;-;-;Fri Mar 29 15:56:07 2019 -0400;1553889367
57de2e09008e0bd80683df63b40f0748945e83aa;57de2e0900;-;-;Fri Mar 29 11:12:49 2019 +0100;1553854369;-;-;Fri Mar 29 11:12:49 2019 +0100;1553854369
f273fa990c5231684b0dedf4895d9e6bd8f66235;f273fa990c;-;-;Thu Mar 28 14:32:30 2019 -0700;1553808750;-;-;Thu Mar 28 14:39:29 2019 -0700;1553809169
800cbf2524c5548ddc259f62f30d1845801cd665;800cbf2524;-;-;Thu Mar 28 13:44:35 2019 -0700;1553805875;-;-;Thu Mar 28 14:39:29 2019 -0700;1553809169
45e42214b2a811a78b7317bc32b5ff1e14ce7996;45e42214b2;-;-;Thu Mar 28 17:37:21 2019 -0400;1553809041;-;-;Thu Mar 28 17:37:21 2019 -0400;1553809041
52b109ae68797690be3af80eafba6dbfdef8f78f;52b109ae68;-;-;Thu Mar 28 17:19:51 2019 -0400;1553807991;-;-;Thu Mar 28 17:19:51 2019 -0400;1553807991
3f85530efd3aaf66a8ced6e89d95b468000386a4;3f85530efd;-;-;Thu Mar 28 17:17:32 2019 +0100;1553789852;-;-;Thu Mar 28 17:23:13 2019 +0100;1553790193
faa3bde99152343deed45b678bce97511cae8ae5;faa3bde991;-;-;Thu Mar 28 17:05:35 2019 +0100;1553789135;-;-;Thu Mar 28 17:05:35 2019 +0100;1553789135
e09d6e2efd8a8bb204d4587f56b2f1b0599353e6;e09d6e2efd;-;-;Thu Mar 28 16:47:25 2019 +0100;1553788045;-;-;Thu Mar 28 16:47:25 2019 +0100;1553788045
2950958f35de1a6d5a265017c5111f640b9887aa;2950958f35;-;-;Thu Mar 28 16:16:37 2019 +0100;1553786197;-;-;Thu Mar 28 16:19:57 2019 +0100;1553786397
49fccfb158135d72b586bdf16e79f01c40ba63a3;49fccfb158;-;-;Thu Mar 28 14:38:55 2019 +0100;1553780335;-;-;Thu Mar 28 14:38:55 2019 +0100;1553780335
f9d59570deaa21bec497b7ba9a281597e1f86d25;f9d59570de;-;-;Thu Mar 28 14:05:21 2019 +0100;1553778321;-;-;Thu Mar 28 14:05:21 2019 +0100;1553778321
eec183ef2840d0e3cc20af01f69cda1adea7383e;eec183ef28;-;-;Thu Mar 28 13:47:33 2019 +0100;1553777253;-;-;Thu Mar 28 13:47:33 2019 +0100;1553777253
7e6a5f5875682475c25c220b57143d9600a66099;7e6a5f5875;-;-;Thu Mar 28 13:04:33 2019 +0100;1553774673;-;-;Thu Mar 28 13:04:33 2019 +0100;1553774673
025eaf688f1c1269cd51139b7b1beadf2c103f35;025eaf688f;-;-;Thu Mar 28 12:15:02 2019 +0100;1553771702;-;-;Thu Mar 28 12:32:58 2019 +0100;1553772778
09690f2750e457cdc27777843e9d19bae577b5a5;09690f2750;-;-;Thu Mar 28 12:02:35 2019 +0100;1553770955;-;-;Thu Mar 28 12:02:35 2019 +0100;1553770955
c5c4ac164b9c942d9e4a539fa55556347b2a14ef;c5c4ac164b;-;-;Thu Mar 28 10:17:12 2019 +0100;1553764632;-;-;Thu Mar 28 10:22:50 2019 +0100;1553764970
811f3154404c435d87442b8300256fbb09ebfbdd;811f315440;-;-;Thu Mar 28 09:01:20 2019 +0100;1553760080;-;-;Thu Mar 28 09:01:20 2019 +0100;1553760080
bf9dea42549fa104887f8fa777a0e851434c984e;bf9dea4254;-;-;Wed Mar 27 13:48:51 2019 -0700;1553719731;-;-;Wed Mar 27 13:50:30 2019 -0700;1553719830
0589989eb43413e8a5990be7da2046870d448fe5;0589989eb4;-;-;Wed Mar 27 16:19:31 2019 -0400;1553717971;-;-;Wed Mar 27 16:19:31 2019 -0400;1553717971
ac0ffda3117da4610754bc89464877a5e1c8445f;ac0ffda311;-;-;Wed Mar 27 19:39:28 2019 +0100;1553711968;-;-;Wed Mar 27 19:39:28 2019 +0100;1553711968
864dddee7a67ec4c60841a02a347de1c7f386a11;864dddee7a;-;-;Wed Mar 27 17:13:06 2019 +0100;1553703186;-;-;Wed Mar 27 17:13:06 2019 +0100;1553703186
673be7fb0d4f28f8e93325d7061248c6f3c61236;673be7fb0d;-;-;Wed Mar 27 16:02:07 2019 +0100;1553698927;-;-;Wed Mar 27 16:02:07 2019 +0100;1553698927
8003aa4f2668c2e4328c800972351f484f0790b3;8003aa4f26;-;-;Wed Mar 27 15:05:31 2019 +0100;1553695531;-;-;Wed Mar 27 15:12:16 2019 +0100;1553695936
fb1da014103b821f93859dca20cc50f144e49e22;fb1da01410;-;-;Wed Mar 27 14:30:39 2019 +0100;1553693439;-;-;Wed Mar 27 14:47:42 2019 +0100;1553694462
c9857702e40afb5aa13980420f15f307bacee9e1;c9857702e4;-;-;Wed Mar 27 12:56:11 2019 +0100;1553687771;-;-;Wed Mar 27 12:56:11 2019 +0100;1553687771
cb84c56f19addc17156a4b63c1b4c52de808531a;cb84c56f19;-;-;Wed Mar 27 12:54:34 2019 +0100;1553687674;-;-;Wed Mar 27 12:54:34 2019 +0100;1553687674
cbb5a78aa0f052724f4a9e0a5d25f62d8425f610;cbb5a78aa0;-;-;Wed Mar 27 08:50:42 2019 +0100;1553673042;-;-;Wed Mar 27 09:03:32 2019 +0100;1553673812
68a529b91584505a3b8e0fd7cbb54e5db5d33573;68a529b915;-;-;Tue Mar 26 21:14:51 2019 -0400;1553649291;-;-;Tue Mar 26 21:14:51 2019 -0400;1553649291
b646943350942974abcd1fad49de8a95bee8dc37;b646943350;-;-;Tue Mar 26 23:59:16 2019 +0100;1553641156;-;-;Tue Mar 26 23:59:16 2019 +0100;1553641156
ea51270895238b4bb3d89b784720d329129caa89;ea51270895;-;-;Tue Mar 26 23:48:09 2019 +0100;1553640489;-;-;Tue Mar 26 23:48:09 2019 +0100;1553640489
49b6c5800a7739794f7f461c9d44aaf213e55374;49b6c5800a;-;-;Tue Mar 26 18:29:17 2019 +0100;1553621357;-;-;Tue Mar 26 18:29:17 2019 +0100;1553621357
e3b6174b6ded5a2f70d64d361b3113957d851f4d;e3b6174b6d;-;-;Tue Mar 26 18:02:20 2019 +0100;1553619740;-;-;Tue Mar 26 18:02:20 2019 +0100;1553619740
4ca27db0ccc35b31ac7a9fdfd66a9a6fd91d13ca;4ca27db0cc;-;-;Tue Mar 26 16:32:02 2019 +0100;1553614322;-;-;Tue Mar 26 16:32:54 2019 +0100;1553614374
771d436680a1beb598e8a1596bbb4ad3c430a8ec;771d436680;-;-;Tue Mar 26 16:19:57 2019 +0100;1553613597;-;-;Tue Mar 26 16:19:57 2019 +0100;1553613597
635305647c44a9459ea6dd2f6017ffa8c3c6e5db;635305647c;-;-;Tue Mar 26 16:13:51 2019 +0100;1553613231;-;-;Tue Mar 26 16:13:51 2019 +0100;1553613231
210b178922bcc1580e2c54eb9a95f707749fdf45;210b178922;-;-;Tue Mar 26 16:13:41 2019 +0100;1553613221;-;-;Tue Mar 26 16:13:41 2019 +0100;1553613221
f7a4850675ae3408fb4dbc2c3c01d83ce6ca073a;f7a4850675;-;-;Tue Mar 26 16:13:23 2019 +0100;1553613203;-;-;Tue Mar 26 16:13:23 2019 +0100;1553613203
0db317575b5eead35896530338ace74f9354574f;0db317575b;-;-;Tue Mar 26 15:47:58 2019 +0100;1553611678;-;-;Tue Mar 26 15:47:58 2019 +0100;1553611678
dba04a733829244a0a998da16019050aeba03a88;dba04a7338;-;-;Tue Mar 26 15:34:48 2019 +0100;1553610888;-;-;Tue Mar 26 15:34:48 2019 +0100;1553610888
6bf52ff8b945e2aaf4314e959a5bfdcc32f8eece;6bf52ff8b9;-;-;Tue Mar 26 14:30:49 2019 +0100;1553607049;-;-;Tue Mar 26 14:30:49 2019 +0100;1553607049
2a94cb2fe95d04cc91178672999bb5d87f527748;2a94cb2fe9;-;-;Tue Mar 26 14:06:28 2019 +0100;1553605588;-;-;Tue Mar 26 14:06:28 2019 +0100;1553605588
0ace0be29b43ca5a567d69f6804ba41880c63c29;0ace0be29b;-;-;Mon Mar 25 16:32:42 2019 -0700;1553556762;-;-;Mon Mar 25 17:19:12 2019 -0700;1553559552
88a2729fba506e13260ecfe2b7ed85797e9ef1dd;88a2729fba;-;-;Mon Mar 25 21:41:03 2019 +0100;1553546463;-;-;Mon Mar 25 21:57:53 2019 +0100;1553547473
837be3eaa010962fe91c4283f90d900b7e8eb39f;837be3eaa0;-;-;Mon Mar 25 18:17:23 2019 +0100;1553534243;-;-;Mon Mar 25 18:17:23 2019 +0100;1553534243
94c14c469e6cc7a7b568a08589b159dc27489411;94c14c469e;-;-;Mon Mar 25 17:18:47 2019 +0100;1553530727;-;-;Mon Mar 25 17:18:47 2019 +0100;1553530727
1c46a9a6ff2dd094dc3d08e77bce1ad29e77617e;1c46a9a6ff;-;-;Mon Mar 25 16:16:12 2019 +0100;1553526972;-;-;Mon Mar 25 16:16:20 2019 +0100;1553526980
cb7f997962661a9a1b502123f778b67ad8cf4853;cb7f997962;-;-;Mon Mar 25 07:51:01 2019 -0700;1553525461;-;-;Mon Mar 25 07:53:42 2019 -0700;1553525622
78fd8821419159ad7f5560db301c3376b5606f5c;78fd882141;-;-;Mon Mar 25 14:21:49 2019 +0100;1553520109;-;-;Mon Mar 25 14:21:49 2019 +0100;1553520109
3c0233198353cc4bbaf8b19542be590cbfb140cb;3c02331983;-;-;Mon Mar 25 13:59:24 2019 +0100;1553518764;-;-;Mon Mar 25 13:59:24 2019 +0100;1553518764
8494c7a75a0e5fcc1410b4ee335a8776a180de1b;8494c7a75a;-;-;Mon Mar 25 09:33:03 2019 +0100;1553502783;-;-;Mon Mar 25 09:34:55 2019 +0100;1553502895
67c8d3753bcbc6d16dac3916c89b3f7529d39e8f;67c8d3753b;-;-;Mon Mar 25 09:27:44 2019 +0100;1553502464;-;-;Mon Mar 25 09:34:55 2019 +0100;1553502895
4517f40f57df6ee5ef339d21b135ba4b79ffa4e9;4517f40f57;-;-;Sun Mar 24 18:57:06 2019 +0800;1553425026;-;-;Mon Mar 25 09:34:29 2019 +0100;1553502869
80c48648d760a0d5943c24eb7b614912e193d4c0;80c48648d7;-;-;Mon Mar 25 09:25:32 2019 +0100;1553502332;-;-;Mon Mar 25 09:25:32 2019 +0100;1553502332
3a0f309e2c9fdbbf7fb2d348be861528177f8555;3a0f309e2c;-;-;Sat Mar 23 19:43:34 2019 +0100;1553366614;-;-;Sat Mar 23 19:43:34 2019 +0100;1553366614
d41c4522dac6d97c40f9ade82d1d0e2661e899f6;d41c4522da;-;-;Sat Mar 23 19:32:01 2019 +0100;1553365921;-;-;Sat Mar 23 19:32:01 2019 +0100;1553365921
4f619787ad687e9ea85e39052b847791fbe1eb80;4f619787ad;-;-;Sat Mar 23 19:20:40 2019 +0100;1553365240;-;-;Sat Mar 23 19:20:40 2019 +0100;1553365240
57ab877f0d7162261b487783c26b9cc4603e34e3;57ab877f0d;-;-;Sat Mar 23 18:04:44 2019 +0100;1553360684;-;-;Sat Mar 23 18:04:44 2019 +0100;1553360684
cd19170ffb54a66817defcc7b5bd7d2deb175270;cd19170ffb;-;-;Sat Mar 23 16:19:42 2019 +0100;1553354382;-;-;Sat Mar 23 16:19:42 2019 +0100;1553354382
670aa4b7ef33bd1d8944f335cc6521859d39b9be;670aa4b7ef;-;-;Sun Mar 24 00:15:07 2019 +0900;1553354107;-;-;Sat Mar 23 16:15:07 2019 +0100;1553354107
9ac2e034e75094861527b83c2df61ea0a1673c79;9ac2e034e7;-;-;Sat Mar 23 16:03:42 2019 +0100;1553353422;-;-;Sat Mar 23 16:09:47 2019 +0100;1553353787
14b1a6fdcb2c430f87605ced1163819c85a74b60;14b1a6fdcb;-;-;Sat Mar 23 23:48:47 2019 +0900;1553352527;-;-;Sat Mar 23 15:48:47 2019 +0100;1553352527
7bb66c4f496771ad5d9e288b1c4984ff6a63127f;7bb66c4f49;-;-;Sat Mar 23 13:54:40 2019 +0100;1553345680;-;-;Sat Mar 23 13:54:40 2019 +0100;1553345680
0c8b473cace55a090d7e03f28803784656a04fb0;0c8b473cac;-;-;Sat Mar 23 13:44:59 2019 +0100;1553345099;-;-;Sat Mar 23 13:44:59 2019 +0100;1553345099
9b7215e640760da426b704afb46d80b0ee4b0cf2;9b7215e640;-;-;Sat Mar 23 13:11:10 2019 +0100;1553343070;-;-;Sat Mar 23 13:11:10 2019 +0100;1553343070
20764685ecd1390508129b3df667f6392b5cc96f;20764685ec;-;-;Sat Mar 23 13:00:46 2019 +0100;1553342446;-;-;Sat Mar 23 13:01:57 2019 +0100;1553342517
bddba685497040548f87cf0ebaabd761093fc06f;bddba68549;-;-;Sat Mar 23 12:14:35 2019 +0100;1553339675;-;-;Sat Mar 23 12:14:35 2019 +0100;1553339675
32b46866c766c829bf8e7cdc67dc0a4cf9da16c4;32b46866c7;-;-;Sat Mar 23 12:14:21 2019 +0100;1553339661;-;-;Sat Mar 23 12:14:21 2019 +0100;1553339661
62e5585c2e00d6dcf820ebe92e082abe0e765174;62e5585c2e;-;-;Sat Mar 23 12:14:03 2019 +0100;1553339643;-;-;Sat Mar 23 12:14:03 2019 +0100;1553339643
5e15338a09b76c5ff2cc453edd34bfa38a865178;5e15338a09;-;-;Sat Mar 23 12:13:38 2019 +0100;1553339618;-;-;Sat Mar 23 12:13:38 2019 +0100;1553339618
75b52309a75a49ca6753546cf978596aa3495a04;75b52309a7;-;-;Fri Mar 8 17:10:07 2019 -0800;1552093807;-;-;Fri Mar 22 20:40:05 2019 +0100;1553283605
50c257794f7845829ac9ce78a102ef94e7e28a2e;50c257794f;-;-;Fri Mar 8 17:09:13 2019 -0800;1552093753;-;-;Fri Mar 22 20:40:05 2019 +0100;1553283605
857371ba679e850bb2ffa75e92b4daf8bbaa2170;857371ba67;-;-;Fri Mar 8 17:06:52 2019 -0800;1552093612;-;-;Fri Mar 22 20:40:05 2019 +0100;1553283605
f065abac93f2bc55f18150c9ecabd45bb22141e2;f065abac93;-;-;Sat Mar 9 22:45:59 2019 -0800;1552200359;-;-;Fri Mar 22 20:40:05 2019 +0100;1553283605
7244c9aea191d5afba4179e69a0139925206a9bd;7244c9aea1;-;-;Sat Mar 9 23:54:41 2019 -0800;1552204481;-;-;Fri Mar 22 20:40:05 2019 +0100;1553283605
db8eaec1315f445746331d2f7c9f66cbf33e8911;db8eaec131;-;-;Fri Mar 8 17:16:56 2019 -0800;1552094216;-;-;Fri Mar 22 20:40:05 2019 +0100;1553283605
a57d6ba5f3cf8afd6f333435d47035d5fe61fcf3;a57d6ba5f3;-;-;Fri Mar 8 17:20:50 2019 -0800;1552094450;-;-;Fri Mar 22 20:40:05 2019 +0100;1553283605
19fb697d038e1af0f3b49534a7a6cfe2c2ebca8d;19fb697d03;-;-;Fri Mar 8 17:19:55 2019 -0800;1552094395;-;-;Fri Mar 22 20:40:05 2019 +0100;1553283605
e3a86be12218840c3b68dda4f4f18deddb3b384f;e3a86be122;-;-;Fri Mar 8 17:19:01 2019 -0800;1552094341;-;-;Fri Mar 22 20:40:05 2019 +0100;1553283605
aa4e56b251521610999d72fb8c962575bb8bc27a;aa4e56b251;-;-;Fri Mar 8 17:15:03 2019 -0800;1552094103;-;-;Fri Mar 22 20:40:05 2019 +0100;1553283605
37255afca49b0787ecfd074a7ba4c91788694e5a;37255afca4;-;-;Sat Mar 9 22:43:12 2019 -0800;1552200192;-;-;Fri Mar 22 20:40:05 2019 +0100;1553283605
a14bfe9a216e1911ee51cc13c588eb7e5cb3c550;a14bfe9a21;-;-;Wed Jan 23 15:21:09 2019 -0800;1548285669;-;-;Fri Mar 22 20:40:05 2019 +0100;1553283605
b91ccf038f309dfd1f91101133598b79c0b7efdf;b91ccf038f;-;-;Wed Nov 21 21:35:48 2018 -0800;1542864948;-;-;Fri Mar 22 20:40:05 2019 +0100;1553283605
4972d85ae01014e98b94c4714c49ca7540d7c3ff;4972d85ae0;-;-;Thu Jan 31 11:03:57 2019 -0800;1548961437;-;-;Fri Mar 22 20:40:05 2019 +0100;1553283605
fdacda8b01d9dcc478026bc450b07f2d06300837;fdacda8b01;-;-;Sun Mar 10 13:56:33 2019 -0700;1552251393;-;-;Fri Mar 22 20:40:05 2019 +0100;1553283605
8ef609a1b74ad359ae764c4d4052365ac5483fcf;8ef609a1b7;-;-;Fri Mar 8 17:20:32 2019 -0800;1552094432;-;-;Fri Mar 22 20:40:05 2019 +0100;1553283605
5044ee8fe6568abc1e9134873853040e136bde57;5044ee8fe6;-;-;Mon Jan 7 21:10:08 2019 -0800;1546924208;-;-;Fri Mar 22 20:40:05 2019 +0100;1553283605
ecbad874bfb6550eb0aa87e0d8fec506b48d25a3;ecbad874bf;-;-;Wed Jan 23 12:13:08 2019 -0800;1548274388;-;-;Fri Mar 22 20:40:05 2019 +0100;1553283605
9c92b21af87e271e13efc3dc8e3d6f030bfd07e6;9c92b21af8;-;-;Fri Mar 8 17:14:41 2019 -0800;1552094081;-;-;Fri Mar 22 20:40:05 2019 +0100;1553283605
f8121515bfaa4933472dfb5f873875470aedffd3;f8121515bf;-;-;Fri Mar 22 14:50:51 2019 -0400;1553280651;-;-;Fri Mar 22 14:50:51 2019 -0400;1553280651
14902e17443099d1529eb70a8abc55bb540e466e;14902e1744;-;-;Fri Mar 22 13:32:24 2019 +0100;1553257944;-;-;Fri Mar 22 13:32:24 2019 +0100;1553257944
517812d30a11cc92692bbcfd6052a8455ea2a7fb;517812d30a;-;-;Fri Mar 22 12:17:53 2019 +0400;1553242673;-;-;Fri Mar 22 09:25:21 2019 +0100;1553243121
2f95859715a49fbd7a6b58c1c0ed4e0f4c369843;2f95859715;-;-;Thu Mar 21 19:31:06 2019 -0400;1553211066;-;-;Thu Mar 21 19:31:06 2019 -0400;1553211066
3e4f8905a7d75aa009099c1a95fbac8edec4729d;3e4f8905a7;-;-;Thu Mar 21 22:32:10 2019 +0400;1553193130;-;-;Thu Mar 21 19:32:10 2019 +0100;1553193130
5a0ac42b854ccf1c02874c3d53058f49779aead6;5a0ac42b85;-;-;Thu Mar 21 19:17:22 2019 +0100;1553192242;-;-;Thu Mar 21 19:17:22 2019 +0100;1553192242
0d8fbb4c656c1f85fa4ae6d12c93e48ad9de0e4c;0d8fbb4c65;-;-;Thu Mar 21 11:34:10 2019 +0100;1553164450;-;-;Thu Mar 21 11:34:10 2019 +0100;1553164450
b7f5d1f03198c975f29e7f1e9e6f57094a528ee7;b7f5d1f031;-;-;Wed Mar 20 23:41:10 2019 +0400;1553110870;-;-;Thu Mar 21 10:05:31 2019 +0100;1553159131
49388315751160b1801a5063d665b5b1381f8555;4938831575;-;-;Wed Mar 20 20:52:57 2019 -0400;1553129577;-;-;Wed Mar 20 20:52:57 2019 -0400;1553129577
e9819b7535841a27586edfcbe83c5ab1adf47339;e9819b7535;-;-;Wed Mar 20 20:27:53 2019 -0400;1553128073;-;-;Wed Mar 20 20:30:36 2019 -0400;1553128236
b67039d19ab81ebfae5af7ffe111be9d7cc735c6;b67039d19a;-;-;Wed Mar 20 20:16:18 2019 +0100;1553109378;-;-;Wed Mar 20 20:29:43 2019 +0100;1553110183
2e7f98d7f6ebcc6aac8f07a0db2d4faef9fc4eae;2e7f98d7f6;-;-;Wed Mar 20 14:47:02 2019 -0400;1553107622;-;-;Wed Mar 20 14:47:02 2019 -0400;1553107622
c6a655275df9baca4c9d35a01e0fa93308b8f308;c6a655275d;-;-;Wed Mar 20 09:32:48 2019 -0400;1553088768;-;-;Wed Mar 20 14:46:38 2019 -0400;1553107598
0e9ea2c94d9e2ca136d93e1abbd40d58901eb5e8;0e9ea2c94d;-;-;Wed Mar 13 15:30:50 2019 +0100;1552487450;-;-;Wed Mar 20 16:47:50 2019 +0100;1553096870
2f682e1035889ca8eebd7de04e452e5515e0587f;2f682e1035;-;-;Wed Mar 6 15:59:17 2019 +0100;1551884357;-;-;Wed Mar 20 16:47:27 2019 +0100;1553096847
e638fef508cda935bfbac64d966d564592e4d6de;e638fef508;-;-;Wed Mar 6 16:00:29 2019 +0100;1551884429;-;-;Wed Mar 20 16:47:27 2019 +0100;1553096847
85082fc10c42debcd0a18bf8749853ce4d50ea83;85082fc10c;-;-;Wed Mar 6 15:57:56 2019 +0100;1551884276;-;-;Wed Mar 20 16:47:27 2019 +0100;1553096847
5d2fd75cf98324fc583453e2bde0c5a06987ab0f;5d2fd75cf9;-;-;Wed Mar 6 15:56:33 2019 +0100;1551884193;-;-;Wed Mar 20 16:47:27 2019 +0100;1553096847
7d498ba6812724d12992382e3aae08ff34dde732;7d498ba681;-;-;Wed Mar 20 11:03:54 2019 +0100;1553076234;-;-;Wed Mar 20 11:03:54 2019 +0100;1553076234
4a397f108a51c1b9a0ba5372232315beeb8c6b61;4a397f108a;-;-;Tue Mar 19 17:50:06 2019 -0400;1553032206;-;-;Tue Mar 19 17:50:06 2019 -0400;1553032206
5a3ff3521538725695da77d250c97fb49783b10f;5a3ff35215;-;-;Tue Mar 19 16:41:26 2019 -0400;1553028086;-;-;Tue Mar 19 16:41:26 2019 -0400;1553028086
a2fcf0a82140a854936add621fb3f2edc2688f3b;a2fcf0a821;-;-;Tue Mar 19 15:42:06 2019 -0400;1553024526;-;-;Tue Mar 19 15:42:06 2019 -0400;1553024526
48ec875a7f39e2b1e52cf4879ae7c4a808cf4893;48ec875a7f;-;-;Tue Mar 19 14:41:00 2019 -0400;1553020860;-;-;Tue Mar 19 14:41:00 2019 -0400;1553020860
581e77c0fbafaa344613580562673ef38ca7a55f;581e77c0fb;-;-;Tue Mar 19 14:18:52 2019 -0400;1553019532;-;-;Tue Mar 19 14:18:52 2019 -0400;1553019532
3e2dbd03b91430eca380c2b29cb05ffc1e6a0949;3e2dbd03b9;-;-;Tue Mar 19 19:00:12 2019 +0100;1553018412;-;-;Tue Mar 19 19:00:12 2019 +0100;1553018412
2bbd52c9f3758155d378c7a843c44c6d733f494a;2bbd52c9f3;-;-;Tue Mar 19 18:46:05 2019 +0100;1553017565;-;-;Tue Mar 19 18:46:05 2019 +0100;1553017565
228cae216e123b1c5522a33fd79f8a314c74302e;228cae216e;-;-;Tue Mar 19 11:30:43 2019 +0100;1552991443;-;-;Tue Mar 19 11:30:43 2019 +0100;1552991443
0fc0849c0a13eb504cd2f308d3824148f8f36806;0fc0849c0a;-;-;Sun Mar 17 23:01:44 2019 +0100;1552860104;-;-;Sun Mar 17 23:01:44 2019 +0100;1552860104
2b88c47477faa7072958f94d2b87338109d5b4d6;2b88c47477;-;-;Sun Mar 17 20:21:47 2019 +0100;1552850507;-;-;Sun Mar 17 20:21:47 2019 +0100;1552850507
e6d206b45a460c2ac2e1ccde8098815163cb6124;e6d206b45a;-;-;Fri Mar 15 16:12:58 2019 -0400;1552680778;-;-;Fri Mar 15 16:25:43 2019 -0400;1552681543
495ba2f58cdd195c4c0d16be5b43c22a8a193d81;495ba2f58c;-;-;Fri Mar 15 19:37:09 2019 +0100;1552675029;-;-;Fri Mar 15 19:38:14 2019 +0100;1552675094
9a81d0276e4b94093b3c6a5a1d409d68a64204f7;9a81d0276e;-;-;Fri Mar 15 19:02:33 2019 +0100;1552672953;-;-;Fri Mar 15 19:02:33 2019 +0100;1552672953
13822200215650c9924ffe60e16f0eb10b90d2fc;1382220021;-;-;Fri Mar 15 18:22:19 2019 +0100;1552670539;-;-;Fri Mar 15 18:22:19 2019 +0100;1552670539
1c9cbaf3994bb8ce293b3bf7645a0f92f0875fa6;1c9cbaf399;-;-;Fri Mar 15 18:22:06 2019 +0100;1552670526;-;-;Fri Mar 15 18:22:06 2019 +0100;1552670526
22cf83edba218661f5c74349a86eef4d65520bdf;22cf83edba;-;-;Fri Mar 15 16:38:05 2019 +0100;1552664285;-;-;Fri Mar 15 18:21:50 2019 +0100;1552670510
3cce85b402fa57fb15f0f9697d9fbcc369e1ee65;3cce85b402;-;-;Fri Mar 15 16:49:41 2019 +0100;1552664981;-;-;Fri Mar 15 16:49:41 2019 +0100;1552664981
3967082c77b654decb6346c360a45c863ad48b8c;3967082c77;-;-;Fri Mar 15 16:32:20 2019 +0100;1552663940;-;-;Fri Mar 15 16:32:20 2019 +0100;1552663940
a46a6e843ba4f0fd8413e974ebbbfdc7e2cb05bf;a46a6e843b;-;-;Fri Mar 15 10:51:59 2019 +0100;1552643519;-;-;Fri Mar 15 10:51:59 2019 +0100;1552643519
fef43048b2f3e2c64cf14aed023a4c04b926334e;fef43048b2;-;-;Thu Mar 14 23:13:41 2019 +0100;1552601621;-;-;Thu Mar 14 23:13:41 2019 +0100;1552601621
0b53dbf38f2073acf76c211bc428a135831452b0;0b53dbf38f;-;-;Thu Mar 14 17:35:04 2019 +0100;1552581304;-;-;Thu Mar 14 17:35:04 2019 +0100;1552581304
e94af525104239d0a46e0c6e94992741f0210429;e94af52510;-;-;Thu Mar 14 16:28:08 2019 +0200;1552573688;-;-;Thu Mar 14 17:24:51 2019 +0100;1552580691
29f382b04eda1c3b8cabb231bcb014395643c725;29f382b04e;-;-;Thu Mar 14 12:37:08 2019 +0200;1552559828;-;-;Thu Mar 14 17:24:33 2019 +0100;1552580673
9d2e7ced89588ab05863f123e1b2b8de7dc21057;9d2e7ced89;-;-;Thu Mar 14 16:48:44 2019 +0100;1552578524;-;-;Thu Mar 14 16:48:44 2019 +0100;1552578524
9cf9d0fa21492e58ee54f4e3f6a029b5e2f1771a;9cf9d0fa21;-;-;Wed Mar 13 19:22:33 2019 +0300;1552494153;-;-;Wed Mar 13 17:22:33 2019 +0100;1552494153
840d80b9940bc1fa12789e13c585d477a02f0349;840d80b994;-;-;Wed Mar 13 16:24:01 2019 +0100;1552490641;-;-;Wed Mar 13 16:24:01 2019 +0100;1552490641
1e417146c93e52894cdbcb5a72c1bc38534b865f;1e417146c9;-;-;Wed Mar 13 15:28:58 2019 +0100;1552487338;-;-;Wed Mar 13 15:28:58 2019 +0100;1552487338
f9e22a0f02295ca5c72d32dcd87ae8c12aeafb4a;f9e22a0f02;-;-;Wed Mar 13 15:16:24 2019 +0100;1552486584;-;-;Wed Mar 13 15:16:24 2019 +0100;1552486584
4bee5073a015b261b7ea4556dcded4d7414df4f6;4bee5073a0;-;-;Wed Mar 13 14:04:17 2019 +0100;1552482257;-;-;Wed Mar 13 14:04:17 2019 +0100;1552482257
88ca255c95c66e87e7dd6b54cc6f159a7fea7c0b;88ca255c95;-;-;Wed Mar 13 11:00:07 2019 +0100;1552471207;-;-;Wed Mar 13 11:00:07 2019 +0100;1552471207
c0ddaae5c0272af8b4eeb330bb8660da7411e99d;c0ddaae5c0;-;-;Tue Mar 12 22:45:24 2019 +0100;1552427124;-;-;Tue Mar 12 22:45:24 2019 +0100;1552427124
62c923711d86bad0cd662bd6afba1ac87a727440;62c923711d;-;-;Tue Mar 12 22:44:15 2019 +0100;1552427055;-;-;Tue Mar 12 22:44:15 2019 +0100;1552427055
a7adafdb6a65fcd721bf389e49fb1a89884d0ae9;a7adafdb6a;-;-;Tue Mar 12 22:44:00 2019 +0100;1552427040;-;-;Tue Mar 12 22:44:00 2019 +0100;1552427040
57a67a3c06828d36f725660bcd84b5b4c2bb760b;57a67a3c06;-;-;Tue Mar 12 17:05:40 2019 -0400;1552424740;-;-;Tue Mar 12 17:05:40 2019 -0400;1552424740
19c024f91f103686a2fa3620ba2cabae3dbc866e;19c024f91f;-;-;Tue Mar 12 16:39:26 2019 -0400;1552423166;-;-;Tue Mar 12 16:39:26 2019 -0400;1552423166
b88aad6b39f23bb0dd67b69be9a1104049eadf3c;b88aad6b39;-;-;Tue Mar 12 16:17:39 2019 -0400;1552421859;-;-;Tue Mar 12 16:17:39 2019 -0400;1552421859
baa7e2e228c4a32e3b979ee7b2d676789abf76b0;baa7e2e228;-;-;Tue Mar 12 15:59:19 2019 -0400;1552420759;-;-;Tue Mar 12 15:59:19 2019 -0400;1552420759
2b4cd5cf569a23aea05eba1783f6253afcbc91e4;2b4cd5cf56;-;-;Tue Mar 12 15:05:35 2019 -0400;1552417535;-;-;Tue Mar 12 15:10:35 2019 -0400;1552417835
7dc522f0d67aa7cf48c13b9698acecea148a54b3;7dc522f0d6;-;-;Tue Mar 12 19:36:14 2019 +0100;1552415774;-;-;Tue Mar 12 19:36:14 2019 +0100;1552415774
79f416ddb8d238fcdf867cbc4c6080d0d85d73fe;79f416ddb8;-;-;Tue Mar 12 18:39:27 2019 +0100;1552412367;-;-;Tue Mar 12 18:39:27 2019 +0100;1552412367
40c62139ae6f8faa09fc0047ebc8ec65c5a2e809;40c62139ae;-;-;Tue Mar 12 17:17:24 2019 +0100;1552407444;-;-;Tue Mar 12 17:17:24 2019 +0100;1552407444
a35adc6ea651d82fed1458bab745f3201922c6f6;a35adc6ea6;-;-;Tue Mar 12 14:15:59 2019 +0200;1552392959;-;-;Tue Mar 12 13:15:59 2019 +0100;1552392959
96cd4411e521c7d4604405b761bf085c5ae1f8f8;96cd4411e5;-;-;Tue Mar 12 09:10:49 2019 +0100;1552378249;-;-;Tue Mar 12 09:10:49 2019 +0100;1552378249
e3a9826e56e8fcb9e57f31b255998a095d8f8155;e3a9826e56;-;-;Tue Mar 12 00:12:22 2019 +0100;1552345942;-;-;Tue Mar 12 00:12:22 2019 +0100;1552345942
6266370a7aca5e03dc88dbaf95252bb13333dbcc;6266370a7a;-;-;Mon Mar 11 15:26:20 2019 +0100;1552314380;-;-;Mon Mar 11 15:34:46 2019 +0100;1552314886
aabfc5f0a18921dc727d82d43cded32c78e232e2;aabfc5f0a1;-;-;Mon Mar 11 15:25:46 2019 +0100;1552314346;-;-;Mon Mar 11 15:34:46 2019 +0100;1552314886
256f8549d0cc3f8e8931f5b39ecad904832486e4;256f8549d0;-;-;Mon Mar 11 09:23:23 2019 -0400;1552310603;-;-;Mon Mar 11 09:23:23 2019 -0400;1552310603
b09e6c8aaff8dadbfe0530902ef3c7fb189422d6;b09e6c8aaf;-;-;Sat Mar 9 16:53:09 2019 +0100;1552146789;-;-;Sat Mar 9 16:53:09 2019 +0100;1552146789
8ddb1e7201f6726fee6ebc798e43a80094a2df0f;8ddb1e7201;-;-;Sat Mar 9 16:46:15 2019 +0100;1552146375;-;-;Sat Mar 9 16:46:15 2019 +0100;1552146375
b109f140a7be2ccc6f7aad34a9bbe3d4b03da6d4;b109f140a7;-;-;Sat Mar 9 16:30:30 2019 +0100;1552145430;-;-;Sat Mar 9 16:30:30 2019 +0100;1552145430
c04eaf6b844b093ec40cacbb50aaa68a1f6b3c18;c04eaf6b84;-;-;Fri Mar 8 23:06:37 2019 +0100;1552082797;-;-;Fri Mar 8 23:06:37 2019 +0100;1552082797
1a8b3fba9421461869d65318470b3432b62c1f9b;1a8b3fba94;-;-;Fri Mar 8 15:59:11 2019 +0100;1552057151;-;-;Fri Mar 8 15:59:11 2019 +0100;1552057151
f5248ff13fdc55f1d5dc697d6fe3324011b470f7;f5248ff13f;-;-;Fri Mar 8 09:58:16 2019 +0100;1552035496;-;-;Fri Mar 8 09:58:16 2019 +0100;1552035496
a06ab6d0adfb8cc7b8e6866cee6b76754c103b7f;a06ab6d0ad;-;-;Fri Mar 8 09:54:44 2019 +0100;1552035284;-;-;Fri Mar 8 09:54:44 2019 +0100;1552035284
a98e3f048183528a0e99c3894e24e03873916166;a98e3f0481;-;-;Fri Mar 8 01:30:55 2019 +0100;1552005055;-;-;Fri Mar 8 09:12:19 2019 +0100;1552032739
238286caaf6d3e46cb620993ac737d1610d8f8d8;238286caaf;-;-;Thu Mar 7 19:25:44 2019 +0100;1551983144;-;-;Thu Mar 7 19:25:44 2019 +0100;1551983144
45ae47d5cb7f25e950ce4768941c3cc93058bf60;45ae47d5cb;-;-;Thu Mar 7 18:13:17 2019 +0100;1551978797;-;-;Thu Mar 7 18:13:17 2019 +0100;1551978797
ac4c37d8e21b05099a01748f795f578f53ccb395;ac4c37d8e2;-;-;Thu Mar 7 18:05:46 2019 +0100;1551978346;-;-;Thu Mar 7 18:05:46 2019 +0100;1551978346
17930d6c27210a0eeeed3262b3587ce519701963;17930d6c27;-;-;Thu Mar 7 17:25:48 2019 +0100;1551975948;-;-;Thu Mar 7 17:25:48 2019 +0100;1551975948
60b72d721dc2f02279ff360d4ea1de98ae62d986;60b72d721d;-;-;Thu Mar 7 12:50:16 2019 +0200;1551955816;-;-;Thu Mar 7 16:51:44 2019 +0100;1551973904
cb4d6f097c59ee320957c283cfa05c07525d6506;cb4d6f097c;-;-;Thu Mar 7 10:58:23 2019 +0200;1551949103;-;-;Thu Mar 7 16:51:18 2019 +0100;1551973878
f087fd5a93dbd43700e96f81088d1372263087c2;f087fd5a93;-;-;Wed Mar 6 16:40:20 2019 +0100;1551886820;-;-;Wed Mar 6 16:44:41 2019 +0100;1551887081
0b8733747c3659fb1c87da587b43cf53d3342963;0b8733747c;-;-;Wed Mar 6 16:40:06 2019 +0100;1551886806;-;-;Wed Mar 6 16:40:06 2019 +0100;1551886806
5c1776ae8f3d0b001ad5e76611ce16972b4968ab;5c1776ae8f;-;-;Wed Mar 6 16:26:00 2019 +0100;1551885960;-;-;Wed Mar 6 16:26:00 2019 +0100;1551885960
7abe9c6a081a2184f93ab887ce81362c35f3fab7;7abe9c6a08;-;-;Wed Mar 6 14:21:58 2019 +0100;1551878518;-;-;Wed Mar 6 14:22:16 2019 +0100;1551878536
777b4c809d27575334abb4b954dd0089ceb8e1d4;777b4c809d;-;-;Wed Mar 6 14:06:06 2019 +0100;1551877566;-;-;Wed Mar 6 14:06:06 2019 +0100;1551877566
fd5a7c2dccd91500b3c794794f409b64ce773cb1;fd5a7c2dcc;-;-;Wed Mar 6 19:12:17 2019 +0800;1551870737;-;-;Wed Mar 6 12:12:17 2019 +0100;1551870737
9302cb2f85fbde03f85da841d694edb10064fc27;9302cb2f85;-;-;Wed Dec 13 16:16:05 2017 +0100;1513178165;-;-;Wed Mar 6 10:14:34 2019 +0100;1551863674
5938742afd899b52523e194858ba0e83a98875a7;5938742afd;-;-;Tue Mar 5 16:21:36 2019 -0600;1551824496;-;-;Tue Mar 5 23:21:36 2019 +0100;1551824496
18f2e6a12de6dd435c28d5fa2a694f66a1a5c046;18f2e6a12d;-;-;Tue Mar 5 18:26:04 2019 +0100;1551806764;-;-;Tue Mar 5 18:26:04 2019 +0100;1551806764
eeed20d8d93e7024a69ca5253410289baf83f17b;eeed20d8d9;-;-;Tue Mar 5 18:25:36 2019 +0100;1551806736;-;-;Tue Mar 5 18:25:36 2019 +0100;1551806736
c0b6488ed5b28106f25904ab4338bde9c4cebfb1;c0b6488ed5;-;-;Tue Mar 5 16:47:26 2019 +0100;1551800846;-;-;Tue Mar 5 16:47:26 2019 +0100;1551800846
ef91313342a5f6173080575207d3b93fc6185df6;ef91313342;-;-;Tue Mar 5 00:24:39 2019 +0800;1551716679;-;-;Tue Mar 5 14:32:56 2019 +0100;1551792776
b2b0df893adc9c22e1c256aaa4c579956f929d3a;b2b0df893a;-;-;Tue Mar 5 14:20:02 2019 +0100;1551792002;-;-;Tue Mar 5 14:20:02 2019 +0100;1551792002
412c673db23fda8232f9174292805d209021527a;412c673db2;-;-;Tue Mar 5 09:35:39 2019 +0100;1551774939;-;-;Tue Mar 5 09:35:39 2019 +0100;1551774939
1ec3261062d751869c3f508c7ffe2f944295a84f;1ec3261062;-;-;Mon Mar 4 23:36:27 2019 -0500;1551760587;-;-;Mon Mar 4 23:36:27 2019 -0500;1551760587
9e873af6abf664100f68d00adcdd34266371de6d;9e873af6ab;-;-;Mon Mar 4 19:15:12 2019 +0100;1551723312;-;-;Mon Mar 4 19:17:21 2019 +0100;1551723441
0c332286f167ee5a431be8b2705a9178c273e14e;0c332286f1;-;-;Fri Feb 22 13:16:52 2019 +0100;1550837812;-;-;Mon Mar 4 18:00:49 2019 +0100;1551718849
b7d60b9b898a3915ddf7f92449d8c9b7aa6458a2;b7d60b9b89;-;-;Mon Mar 4 14:44:44 2019 +0100;1551707084;-;-;Mon Mar 4 14:44:44 2019 +0100;1551707084
70cf597484ecc850f9f1bb48812df18014e95ba0;70cf597484;-;-;Mon Mar 4 14:07:31 2019 +0100;1551704851;-;-;Mon Mar 4 14:07:48 2019 +0100;1551704868
3ac1dddb9d6ccea0dde5a8cb16258d0a1348e4ff;3ac1dddb9d;-;-;Mon Mar 4 13:58:41 2019 +0100;1551704321;-;-;Mon Mar 4 13:58:41 2019 +0100;1551704321
45b6c0fcb565c67dc2c790872fab3dbf0c2fe64c;45b6c0fcb5;-;-;Mon Mar 4 09:42:10 2019 +0100;1551688930;-;-;Mon Mar 4 09:42:10 2019 +0100;1551688930
0ca5afd8e469321230cae7004f75c1a955737aa6;0ca5afd8e4;-;-;Sun Mar 3 23:08:44 2019 +0100;1551650924;-;-;Sun Mar 3 23:08:44 2019 +0100;1551650924
e7bd305e870cb39d364ab45a9587190152b31a3b;e7bd305e87;-;-;Sun Mar 3 22:17:30 2019 +0100;1551647850;-;-;Sun Mar 3 22:17:52 2019 +0100;1551647872
4112ca7da8af815894dc6cc11e91fcdca3d43839;4112ca7da8;-;-;Sun Mar 3 21:30:49 2019 +0100;1551645049;-;-;Sun Mar 3 21:30:49 2019 +0100;1551645049
6daf33defff4452725881ad268df50f2742f5a48;6daf33deff;-;-;Sun Mar 3 18:29:45 2019 +0100;1551634185;-;-;Sun Mar 3 18:29:45 2019 +0100;1551634185
a9f251db42469bf6cad3ccdad2b7171eb5e5bcb8;a9f251db42;-;-;Sun Mar 3 17:04:19 2019 +0100;1551629059;-;-;Sun Mar 3 17:18:18 2019 +0100;1551629898
8e2b14a2b6fc59aebeebcdebcaed67177cd3eacd;8e2b14a2b6;-;-;Sun Mar 3 16:46:01 2019 +0100;1551627961;-;-;Sun Mar 3 17:04:34 2019 +0100;1551629074
b5fb7437c9c818ef2f4f83c76be32e4ceafc1fef;b5fb7437c9;-;-;Sun Mar 3 16:36:00 2019 +0100;1551627360;-;-;Sun Mar 3 16:36:00 2019 +0100;1551627360
6853d50ddb10a7347b4340f455fbba52c92300e8;6853d50ddb;-;-;Sun Mar 3 16:29:49 2019 +0100;1551626989;-;-;Sun Mar 3 16:29:49 2019 +0100;1551626989
e272e2e151b9995ef906f5ed0fc3206de22df1dc;e272e2e151;-;-;Sat Mar 2 17:26:57 2019 +0100;1551544017;-;-;Sat Mar 2 17:26:57 2019 +0100;1551544017
f6d62eda8b397fada13f4764512fa1bbb7ac9898;f6d62eda8b;-;-;Sat Mar 2 16:36:23 2019 +0100;1551540983;-;-;Sat Mar 2 16:36:23 2019 +0100;1551540983
8649061acc5b629449c29934a218d0a63ba63901;8649061acc;-;-;Sat Mar 2 16:25:23 2019 +0100;1551540323;-;-;Sat Mar 2 16:25:23 2019 +0100;1551540323
abda6a6c667c7b4388bea42fff5c89d439a3aa62;abda6a6c66;-;-;Sat Mar 2 16:17:58 2019 +0100;1551539878;-;-;Sat Mar 2 16:17:58 2019 +0100;1551539878
d4f544d42fbbacfb22bbe5d62d4e37cffa706ccd;d4f544d42f;-;-;Sat Mar 2 14:39:43 2019 +0100;1551533983;-;-;Sat Mar 2 14:39:43 2019 +0100;1551533983
02be21d0dce6a94739bbaf8fa4c42b524db13a4f;02be21d0dc;-;-;Sat Mar 2 14:15:43 2019 +0100;1551532543;-;-;Sat Mar 2 14:22:28 2019 +0100;1551532948
7d926a847d5bad2b9f89c801b58813826dd7214c;7d926a847d;-;-;Fri Mar 1 21:26:37 2019 +0100;1551471997;-;-;Fri Mar 1 21:26:37 2019 +0100;1551471997
a16dd95ab720e9acb8dbd5b6e123f77209e8ee19;a16dd95ab7;-;-;Fri Mar 1 20:39:25 2019 +0100;1551469165;-;-;Fri Mar 1 20:39:25 2019 +0100;1551469165
74e9825a654b9699ccea7b481629a8c297f6ef73;74e9825a65;-;-;Fri Mar 1 20:18:04 2019 +0100;1551467884;-;-;Fri Mar 1 20:18:04 2019 +0100;1551467884
416346200f123c229a6ed748f8bd7fe684c82a10;416346200f;-;-;Fri Mar 1 20:07:09 2019 +0100;1551467229;-;-;Fri Mar 1 20:07:09 2019 +0100;1551467229
297fd7629adb631760f28b3663fef4caddd4e5c1;297fd7629a;-;-;Fri Mar 1 19:34:13 2019 +0100;1551465253;-;-;Fri Mar 1 19:34:13 2019 +0100;1551465253
dd1330d05ee139987000ce8802357611090fef49;dd1330d05e;-;-;Fri Mar 1 17:40:32 2019 +0100;1551458432;-;-;Fri Mar 1 17:40:32 2019 +0100;1551458432
2d6624de710b1b2383afa1ebf92b2cd1e69c56ab;2d6624de71;-;-;Fri Mar 1 10:17:31 2019 +0100;1551431851;-;-;Fri Mar 1 15:25:35 2019 +0100;1551450335
34fee867d2930ad102b94f193ff3a5d37712883c;34fee867d2;-;-;Tue Feb 26 20:46:41 2019 +0100;1551210401;-;-;Fri Mar 1 15:22:54 2019 +0100;1551450174
a7db395d9ba1de1246ec54941f43a8329d2a4393;a7db395d9b;-;-;Thu Feb 28 19:29:04 2019 +0100;1551378544;-;-;Thu Feb 28 19:29:04 2019 +0100;1551378544
c41616e82dfe725c06506b70fbfa308929402802;c41616e82d;-;-;Thu Feb 28 11:14:49 2019 +0100;1551348889;-;-;Thu Feb 28 11:14:49 2019 +0100;1551348889
fc7948c96b57cf09d401c77dc8e7e3113cf7e0a1;fc7948c96b;-;-;Wed Feb 27 17:34:46 2019 +0100;1551285286;-;-;Wed Feb 27 17:34:46 2019 +0100;1551285286
a07245caf8a5ba9debd11d3ace3b47e0b68d8422;a07245caf8;-;-;Wed Feb 27 15:13:45 2019 +0100;1551276825;-;-;Wed Feb 27 16:57:08 2019 +0100;1551283028
f2a541511185dd960852d15b87fd18524dfc312b;f2a5415111;-;-;Wed Feb 27 16:41:00 2019 +0100;1551282060;-;-;Wed Feb 27 16:41:00 2019 +0100;1551282060
40da78e9df4132044643c93ba46bb093aa731541;40da78e9df;-;-;Wed Feb 27 16:30:05 2019 +0100;1551281405;-;-;Wed Feb 27 16:30:05 2019 +0100;1551281405
6f6be27aaecd972f2c960b0786a56c3ee58d7b50;6f6be27aae;-;-;Wed Feb 27 16:25:34 2019 +0100;1551281134;-;-;Wed Feb 27 16:25:34 2019 +0100;1551281134
d77b36bf3b3689cc6dca999e432e3979fb49859a;d77b36bf3b;-;-;Wed Feb 27 15:15:45 2019 +0100;1551276945;-;-;Wed Feb 27 15:15:45 2019 +0100;1551276945
3a42f1154d8c85bae1ece307ee286fb52e7bf160;3a42f1154d;-;-;Wed Feb 27 14:01:19 2019 +0100;1551272479;-;-;Wed Feb 27 14:03:11 2019 +0100;1551272591
846ec31dfe13b9c013059831c84bec4aa032eb4e;846ec31dfe;-;-;Wed Feb 27 13:57:40 2019 +0100;1551272260;-;-;Wed Feb 27 13:57:40 2019 +0100;1551272260
3a641d92975113f2cfba23538431388850283358;3a641d9297;-;-;Tue Feb 26 17:50:35 2019 +0100;1551199835;-;-;Tue Feb 26 17:50:35 2019 +0100;1551199835
a7770e7448af16cb2028b4c4bab30be676cd53ec;a7770e7448;-;-;Tue Feb 26 15:22:25 2019 +0100;1551190945;-;-;Tue Feb 26 15:22:25 2019 +0100;1551190945
49bbbb060d1cf9ac6e54231b9cb455033ae6b1f5;49bbbb060d;-;-;Tue Feb 26 08:57:16 2019 +0100;1551167836;-;-;Tue Feb 26 08:57:16 2019 +0100;1551167836
7158acb8dff1a3cd50bb03dd375e375e381e1cf8;7158acb8df;-;-;Mon Feb 25 23:20:42 2019 +0100;1551133242;-;-;Mon Feb 25 23:20:42 2019 +0100;1551133242
6a7a4a21452fd6a86c8cbb077efe8f157b2b95ab;6a7a4a2145;-;-;Mon Feb 25 23:15:01 2019 +0100;1551132901;-;-;Mon Feb 25 23:15:01 2019 +0100;1551132901
5c2f3079fde1b5e9a751b0195189d616bdbc39ac;5c2f3079fd;-;-;Mon Feb 25 23:14:37 2019 +0100;1551132877;-;-;Mon Feb 25 23:14:37 2019 +0100;1551132877
c31613dc74407a4fcace3d3f422f55e38aad1947;c31613dc74;-;-;Mon Feb 25 23:57:48 2019 +0800;1551110268;-;-;Mon Feb 25 23:13:35 2019 +0100;1551132815
bc0317af3be059ff7612b93e2494170ba47b4944;bc0317af3b;-;-;Mon Feb 25 17:57:49 2019 +0100;1551113869;-;-;Mon Feb 25 17:57:49 2019 +0100;1551113869
d61c3d429c586dd1161d159c134a065d3838d7bc;d61c3d429c;-;-;Mon Feb 25 14:19:29 2019 +0100;1551100769;-;-;Mon Feb 25 14:21:23 2019 +0100;1551100883
8dc82b968941c506c9814264951d1bd14f3ecbb4;8dc82b9689;-;-;Mon Feb 25 14:09:39 2019 +0100;1551100179;-;-;Mon Feb 25 14:21:23 2019 +0100;1551100883
625e210676f804bd915e94849468f02d20a25640;625e210676;-;-;Thu Feb 21 01:38:36 2019 +0900;1550680716;-;-;Mon Feb 25 12:17:53 2019 +0100;1551093473
1c24dc1f27fda6736c5a7b123f0476a1bc124a94;1c24dc1f27;-;-;Sun Feb 24 23:06:48 2019 +0200;1551042408;-;-;Mon Feb 25 12:13:35 2019 +0100;1551093215
dc8fb8bc5eef5ad84d1d30fcc3639b464265a16d;dc8fb8bc5e;-;-;Mon Feb 18 14:50:27 2019 +0100;1550497827;-;-;Mon Feb 25 12:11:57 2019 +0100;1551093117
766a23bd93987f29b97a7e9be3915326f786ae05;766a23bd93;-;-;Mon Feb 25 08:42:56 2019 +0100;1551080576;-;-;Mon Feb 25 08:42:56 2019 +0100;1551080576
9093b870ddbe9e595e090bf589afc0fea566a3c3;9093b870dd;-;-;Sat Feb 23 00:50:57 2019 +0100;1550879457;-;-;Sat Feb 23 00:50:57 2019 +0100;1550879457
9f751ef914988ceecd1abb8db08811de30ab0e2d;9f751ef914;-;-;Fri Feb 22 19:19:59 2019 +0100;1550859599;-;-;Fri Feb 22 19:19:59 2019 +0100;1550859599
b4fc7b410b2f3a9ce0935b4ecb1a339f6b419238;b4fc7b410b;-;-;Wed Feb 5 14:12:31 2014 -0500;1391627551;-;-;Fri Feb 22 17:56:19 2019 +0100;1550854579
0652e4b485c7d72c8493defe0bf27b4aa23a9adb;0652e4b485;-;-;Fri Feb 22 14:51:00 2019 +0100;1550843460;-;-;Fri Feb 22 14:51:00 2019 +0100;1550843460
e5a595e77d7e3b53d9934d8bfa6f82bb1365e0a5;e5a595e77d;-;-;Fri Feb 22 09:50:28 2019 +0100;1550825428;-;-;Fri Feb 22 09:50:28 2019 +0100;1550825428
fb6661918773c3d92fd522b86a5fd006ad3087e4;fb66619187;-;-;Thu Feb 21 17:52:17 2019 +0100;1550767937;-;-;Thu Feb 21 17:52:17 2019 +0100;1550767937
25d7f09f8dacbd51d1551b4d7fed1687b068ec11;25d7f09f8d;-;-;Mon Feb 18 14:50:27 2019 +0100;1550497827;-;-;Mon Feb 18 14:50:27 2019 +0100;1550497827
caa173016926231c54a175f5d27c0416689922fd;caa1730169;-;-;Mon Feb 18 14:13:51 2019 +0100;1550495631;-;-;Mon Feb 18 14:13:51 2019 +0100;1550495631
19f792db66231e95f19105c7e6067595431b3716;19f792db66;-;-;Mon Feb 18 09:11:12 2019 +0100;1550477472;-;-;Mon Feb 18 09:23:31 2019 +0100;1550478211
04bb114f05847be0dc5728287b39775fb2ee8d3e;04bb114f05;-;-;Sun Feb 17 20:08:43 2019 +0100;1550430523;-;-;Mon Feb 18 09:11:52 2019 +0100;1550477512
c95ffe3db267ba309276e595d0f2c8a58339f420;c95ffe3db2;-;-;Sun Feb 17 17:25:47 2019 +0100;1550420747;-;-;Sun Feb 17 17:25:47 2019 +0100;1550420747
1d866053ed5e80ab023da40fc93e67159494b243;1d866053ed;-;-;Sun Feb 17 17:18:40 2019 +0100;1550420320;-;-;Sun Feb 17 17:20:11 2019 +0100;1550420411
175c27657e2a1c5fb7d062a153b21557db8f4ab7;175c27657e;-;-;Sun Feb 17 10:39:15 2019 +0100;1550396355;-;-;Sun Feb 17 10:39:15 2019 +0100;1550396355
c515de138aa659ba9697383a07a9bc1bf5be4d81;c515de138a;-;-;Fri Feb 15 17:19:21 2019 +0100;1550247561;-;-;Fri Feb 15 17:19:21 2019 +0100;1550247561
6db75956b93ee42dca4b83958e4e0723a0d186c6;6db75956b9;-;-;Fri Feb 15 17:16:28 2019 +0100;1550247388;-;-;Fri Feb 15 17:16:28 2019 +0100;1550247388
5e29ea30a370186e6d540c268abab09a8b814b8b;5e29ea30a3;-;-;Fri Feb 1 15:34:27 2019 +0200;1549028067;-;-;Fri Feb 15 14:55:35 2019 +0100;1550238935
e44d3dabc4e445f297f22496ef492e8b91d2b2b4;e44d3dabc4;-;-;Tue Jan 15 11:53:52 2019 +0200;1547546032;-;-;Fri Feb 15 14:53:26 2019 +0100;1550238806
e7dc439f90def307e781ee51c57d84c36e94db5a;e7dc439f90;-;-;Tue Feb 5 13:52:00 2019 +0200;1549367520;-;-;Fri Feb 15 14:27:43 2019 +0100;1550237263
d2bfca7900301330e688a85cf17b2cbfc7bfac01;d2bfca7900;-;-;Mon Feb 11 16:44:31 2019 +0200;1549896271;-;-;Fri Feb 15 14:26:44 2019 +0100;1550237204
92053bb84e3ca683e2f6f60025a3040b16394a63;92053bb84e;-;-;Thu Feb 14 18:31:27 2019 +0200;1550161887;-;-;Fri Feb 15 14:25:13 2019 +0100;1550237113
5e0cd9fb6074e73a7bd7909c56d9637d329ba0ed;5e0cd9fb60;-;-;Thu Feb 14 13:39:58 2019 +0100;1550147998;-;-;Thu Feb 14 13:39:58 2019 +0100;1550147998
9967ece49cd630808f496084be40f8ff101a8ded;9967ece49c;-;-;Thu Feb 14 10:18:46 2019 +0100;1550135926;-;-;Thu Feb 14 10:18:46 2019 +0100;1550135926
77e815135b1f849b229307f92ef4a1d585b3aa59;77e815135b;-;-;Tue Feb 12 21:30:32 2019 +0100;1550003432;-;-;Tue Feb 12 21:30:32 2019 +0100;1550003432
d463598c09ad653d821bb9048c19f34661198390;d463598c09;-;-;Tue Feb 12 10:52:49 2019 +0100;1549965169;-;-;Tue Feb 12 10:52:49 2019 +0100;1549965169
4e47006a17831129019ec93af319418e3a0c1010;4e47006a17;-;-;Tue Feb 12 09:09:19 2019 +0100;1549958959;-;-;Tue Feb 12 09:09:19 2019 +0100;1549958959
0bdacddc53c576768151485055f739d606dd91f6;0bdacddc53;-;-;Mon Feb 11 14:20:51 2019 +0100;1549891251;-;-;Mon Feb 11 14:20:51 2019 +0100;1549891251
9d0f97fa007380fb3d96dd86fbb121b0dfd5528c;9d0f97fa00;-;-;Mon Feb 11 13:09:35 2019 +0100;1549886975;-;-;Mon Feb 11 13:09:35 2019 +0100;1549886975
4ca376ef310d2aedb35a3d5db9f3f8889f8bd40f;4ca376ef31;-;-;Mon Feb 11 11:55:59 2019 +0100;1549882559;-;-;Mon Feb 11 11:55:59 2019 +0100;1549882559
b5e9fa5f1e583e184f3165afaa5801b3b839fdbb;b5e9fa5f1e;-;-;Mon Feb 11 11:45:43 2019 +0100;1549881943;-;-;Mon Feb 11 11:45:43 2019 +0100;1549881943
afbe7b31bb9c0fc2b9d541279cc96efda2dfe37b;afbe7b31bb;-;-;Mon Feb 11 10:46:27 2019 +0100;1549878387;-;-;Mon Feb 11 10:46:27 2019 +0100;1549878387
fb4a28f90425d13c3ad64093ce247311e35addac;fb4a28f904;-;-;Mon Feb 11 10:45:50 2019 +0100;1549878350;-;-;Mon Feb 11 10:45:50 2019 +0100;1549878350
f7e53a071b8613ce9312d282770b29211da219b7;f7e53a071b;-;-;Fri Feb 8 19:41:10 2019 +0100;1549651270;-;-;Fri Feb 8 19:41:10 2019 +0100;1549651270
783a7ca46b4043c158d9a0d52f3db0ce0a68c6a6;783a7ca46b;-;-;Fri Feb 8 18:16:27 2019 +0100;1549646187;-;-;Fri Feb 8 18:16:27 2019 +0100;1549646187
4f57d717baf05f7698e75d96b9f45895142b661d;4f57d717ba;-;-;Fri Feb 8 13:22:27 2019 +0100;1549628547;-;-;Fri Feb 8 13:22:34 2019 +0100;1549628554
f5ae2889900eff093f31eaccefc0ae800f1f6c18;f5ae288990;-;-;Fri Feb 8 08:54:18 2019 +0100;1549612458;-;-;Fri Feb 8 08:54:18 2019 +0100;1549612458
aff9e37b8d24b239e0b8b69d4152fcf556088826;aff9e37b8d;-;-;Fri Feb 8 08:41:21 2019 +0100;1549611681;-;-;Fri Feb 8 08:41:21 2019 +0100;1549611681
7cde28306600cdf47450f3dc5b20740ec749d2f8;7cde283066;-;-;Thu Feb 7 23:07:22 2019 +0100;1549577242;-;-;Thu Feb 7 23:07:22 2019 +0100;1549577242
b4de3845c063d1da06a577ec9d7f439ff1be674a;b4de3845c0;-;-;Thu Feb 7 14:35:53 2019 -0500;1549568153;-;-;Thu Feb 7 14:35:53 2019 -0500;1549568153
cb9db70857087c84885d519232f3f5db86820db2;cb9db70857;-;-;Thu Feb 7 12:00:44 2019 -0500;1549558844;-;-;Thu Feb 7 12:00:44 2019 -0500;1549558844
0b617a8c93a7628d305f745a823fb78a362fc851;0b617a8c93;-;-;Thu Feb 7 16:53:05 2019 +0100;1549554785;-;-;Thu Feb 7 16:53:05 2019 +0100;1549554785
d25783329a6be1f26b531711964af134f6689ba2;d25783329a;-;-;Thu Feb 7 16:01:14 2019 +0100;1549551674;-;-;Thu Feb 7 16:01:14 2019 +0100;1549551674
bb05ee7bffed45316d8573eb83eadf2bbf644c77;bb05ee7bff;-;-;Thu Feb 7 15:28:43 2019 +0100;1549549723;-;-;Thu Feb 7 15:28:43 2019 +0100;1549549723
05d7ab4328473cca09225df5aa4c92a667330924;05d7ab4328;-;-;Wed Feb 6 20:00:02 2019 +0100;1549479602;-;-;Wed Feb 6 20:00:02 2019 +0100;1549479602
72ed274c6f6840508831ab32521023c0eff6b8d1;72ed274c6f;-;-;Wed Feb 6 19:35:20 2019 +0100;1549478120;-;-;Wed Feb 6 19:35:20 2019 +0100;1549478120
9bc2c99ce5e08b8cf24ba7fbdd23c7ca320102bf;9bc2c99ce5;-;-;Wed Feb 6 16:37:23 2019 +0100;1549467443;-;-;Wed Feb 6 16:37:23 2019 +0100;1549467443
3787b23a98d94b4698a71640bedb9702b9091c2c;3787b23a98;-;-;Wed Feb 6 16:00:24 2019 +0100;1549465224;-;-;Wed Feb 6 16:00:24 2019 +0100;1549465224
0ad9349d84a725dc37499bcb0ed2aad0de770c73;0ad9349d84;-;-;Tue Feb 5 16:54:29 2019 +0100;1549382069;-;-;Tue Feb 5 16:59:56 2019 +0100;1549382396
34ddb1e3cdc0603273f38b33b3fedeeb5e8ea59b;34ddb1e3cd;-;-;Tue Feb 5 16:32:58 2019 +0100;1549380778;-;-;Tue Feb 5 16:32:58 2019 +0100;1549380778
0b9522c84e28f5784bb8d9b5eaf8d9c5cf46bc37;0b9522c84e;-;-;Tue Feb 5 15:42:12 2019 +0100;1549377732;-;-;Tue Feb 5 15:47:08 2019 +0100;1549378028
00855c4f5f4e0f028212268a98a23b3009c3f7d4;00855c4f5f;-;-;Tue Feb 5 15:39:46 2019 +0100;1549377586;-;-;Tue Feb 5 15:39:46 2019 +0100;1549377586
4c9ae6494f181967f5f28f06574f6d5f3ff7f9d8;4c9ae6494f;-;-;Tue Feb 5 15:38:41 2019 +0100;1549377521;-;-;Tue Feb 5 15:38:41 2019 +0100;1549377521
1bf3b36ce8a1496a1bcd56c89f2f869e51d7707a;1bf3b36ce8;-;-;Tue Feb 5 14:48:17 2019 +0100;1549374497;-;-;Tue Feb 5 15:06:33 2019 +0100;1549375593
ba8849dda3b22e33588734ec2aea9e4457070e94;ba8849dda3;-;-;Tue Feb 5 14:25:36 2019 +0100;1549373136;-;-;Tue Feb 5 14:33:43 2019 +0100;1549373623
862fa557bde6698252c3fbb6f295dbf12461a630;862fa557bd;-;-;Tue Feb 5 12:14:51 2019 +0100;1549365291;-;-;Tue Feb 5 12:14:51 2019 +0100;1549365291
4ec2f3cd17e2828afda3e68262973bb984e8fa1d;4ec2f3cd17;-;-;Tue Feb 5 00:55:20 2019 +0100;1549324520;-;-;Tue Feb 5 00:55:20 2019 +0100;1549324520
c700ccbc0027c9cf840e8b8379eb05125a408fe1;c700ccbc00;-;-;Tue Feb 5 00:10:40 2019 +0100;1549321840;-;-;Tue Feb 5 00:10:40 2019 +0100;1549321840
a27a6470f7a5def69447f23bb1b3c51767520614;a27a6470f7;-;-;Tue Feb 5 00:10:22 2019 +0100;1549321822;-;-;Tue Feb 5 00:10:22 2019 +0100;1549321822
85474297be4a71fbdab5ffa6fcaf62969b51f89b;85474297be;-;-;Tue Feb 5 01:31:21 2019 +0300;1549319481;-;-;Mon Feb 4 23:31:21 2019 +0100;1549319481
248d3f8e8b9e337c6eedc8a4f9fcb5755c2ddc65;248d3f8e8b;-;-;Fri Jan 18 14:18:41 2019 +0200;1547813921;-;-;Mon Feb 4 23:22:20 2019 +0100;1549318940
e402a93e4188e74a5c066de9fcf57c27e0e47c6b;e402a93e41;-;-;Mon Feb 4 10:34:40 2019 +0100;1549272880;-;-;Mon Feb 4 10:34:40 2019 +0100;1549272880
0742986e0e060b866a214557df2a528fc9d828a4;0742986e0e;-;-;Fri Feb 1 11:13:53 2019 +0100;1549016033;-;-;Fri Feb 1 11:13:53 2019 +0100;1549016033
5e7065d8292983bf4ac3c0a0c2d6ef7cb6530729;5e7065d829;-;-;Fri Feb 1 10:59:20 2019 +0100;1549015160;-;-;Fri Feb 1 10:59:20 2019 +0100;1549015160
af13580fd52be266df4e10b058c134bf05373d9f;af13580fd5;-;-;Thu Jan 31 15:30:20 2019 +0200;1548941420;-;-;Thu Jan 31 09:00:22 2019 -0500;1548943222
7a77e83e1099d29fd68f1f0a94216bb1e3d5cec7;7a77e83e10;-;-;Mon Jan 28 22:50:56 2019 +0100;1548712256;-;-;Mon Jan 28 22:50:56 2019 +0100;1548712256
5aed117b68bd937f1b9d9fad78d70669b7ab3f73;5aed117b68;-;-;Mon Jan 28 22:50:29 2019 +0100;1548712229;-;-;Mon Jan 28 22:50:29 2019 +0100;1548712229
80385ced4c5cc27aa88c7efcfc0c2fd023f5e799;80385ced4c;-;-;Mon Jan 28 22:50:11 2019 +0100;1548712211;-;-;Mon Jan 28 22:50:11 2019 +0100;1548712211
d3b5ba7a361866ea96fcc64d3f76be9b5be3b8e4;d3b5ba7a36;-;-;Mon Jan 28 16:42:25 2019 +0100;1548690145;-;-;Mon Jan 28 16:43:46 2019 +0100;1548690226
b8f7c37cc409e9ea21c891614e4791ce586f5c3e;b8f7c37cc4;-;-;Fri Jan 25 17:01:51 2019 -0500;1548453711;-;-;Fri Jan 25 17:01:51 2019 -0500;1548453711
439bc65b0ea211d67dc031e7c1ca98a1cf29dd13;439bc65b0e;-;-;Fri Jan 25 15:48:00 2019 +0100;1548427680;-;-;Fri Jan 25 15:56:16 2019 +0100;1548428176
05f1ea85154847a4ae9eaf94a94203210e03af7d;05f1ea8515;-;-;Fri Jan 25 15:46:01 2019 +0100;1548427561;-;-;Fri Jan 25 15:46:01 2019 +0100;1548427561
6bdf2c26852611b3c3fd1505cd3ddc782739ad52;6bdf2c2685;-;-;Tue Jan 15 10:31:04 2019 +0100;1547544664;-;-;Thu Jan 24 17:53:22 2019 +0100;1548348802
6004be9d31e6cb5f5e35d076c8ce6cd707d87f42;6004be9d31;-;-;Thu Jan 24 15:55:46 2019 +0100;1548341746;-;-;Thu Jan 24 15:55:46 2019 +0100;1548341746
160ecdf956b80aa1a5fe8390ba326494fe1fb593;160ecdf956;-;-;Thu Jan 24 15:35:28 2019 +0100;1548340528;-;-;Thu Jan 24 15:35:28 2019 +0100;1548340528
8bed7d9bb02c0d664e6d3d75d687652aa29133d6;8bed7d9bb0;-;-;Thu Jan 24 15:02:30 2019 +0100;1548338550;-;-;Thu Jan 24 15:02:30 2019 +0100;1548338550
b07b10de8cad085bd1c8106ac966052e4ad5f618;b07b10de8c;-;-;Thu Jan 24 15:02:13 2019 +0100;1548338533;-;-;Thu Jan 24 15:02:13 2019 +0100;1548338533
83d06b8f4e30f5292de4741af27da84005399f28;83d06b8f4e;-;-;Wed Jan 23 16:45:10 2019 +0100;1548258310;-;-;Wed Jan 23 16:45:10 2019 +0100;1548258310
a5cef3845ca4d7625e17a460441bd6f8656ca2f8;a5cef3845c;-;-;Wed Jan 23 11:42:55 2019 +0100;1548240175;-;-;Wed Jan 23 11:44:00 2019 +0100;1548240240
155ef5fd778579c9bae3469244a3aee64f079ac5;155ef5fd77;-;-;Tue Jan 22 12:04:09 2019 -0500;1548176649;-;-;Tue Jan 22 12:04:09 2019 -0500;1548176649
46c036659472fd7ea87fc27229392a9d13bb5933;46c0366594;-;-;Tue Jan 22 14:56:02 2019 +0100;1548165362;-;-;Tue Jan 22 14:56:02 2019 +0100;1548165362
81ec1d8284bb1be26f35df04f4a6da78ff49ac71;81ec1d8284;-;-;Tue Jan 22 10:55:06 2019 +0100;1548150906;-;-;Tue Jan 22 10:55:06 2019 +0100;1548150906
f6c16815b416b57729efdbb437d75ea9a569b560;f6c16815b4;-;-;Mon Jan 21 10:00:15 2019 -0500;1548082815;-;-;Mon Jan 21 10:00:15 2019 -0500;1548082815
bd3d7dbc0cd93122e7b4c9dee0c4e27ab63f0be2;bd3d7dbc0c;-;-;Sun Jan 20 17:38:06 2019 +0100;1548002286;-;-;Sun Jan 20 17:38:06 2019 +0100;1548002286
b0a3a6f79f6cfae8e4677da6f6220468cf289aeb;b0a3a6f79f;-;-;Fri Jan 18 18:29:39 2019 -0500;1547854179;-;-;Fri Jan 18 18:29:39 2019 -0500;1547854179
f9ba069b9de19bd5bca3466fdfba8eb5ec5d024c;f9ba069b9d;-;-;Fri Jan 18 15:27:43 2019 -0500;1547843263;-;-;Fri Jan 18 15:27:43 2019 -0500;1547843263
4fdfa4246ff24872e2e17d86cc86dd8471f0da17;4fdfa4246f;-;-;Thu Jan 17 18:01:41 2019 -0500;1547766101;-;-;Thu Jan 17 18:01:41 2019 -0500;1547766101
2a57b405154b8653faa4074a941d51052269e509;2a57b40515;-;-;Thu Jan 17 17:13:30 2019 -0500;1547763210;-;-;Thu Jan 17 17:13:30 2019 -0500;1547763210
ffe888ca1818f8e9901d3daeeb3dfb1464161d25;ffe888ca18;-;-;Thu Jan 17 12:56:46 2019 -0500;1547747806;-;-;Thu Jan 17 12:56:46 2019 -0500;1547747806
2043793899e04aa4681769b2e9fc9b86b2fe29b2;2043793899;-;-;Thu Jan 17 12:31:46 2019 -0500;1547746306;-;-;Thu Jan 17 12:31:46 2019 -0500;1547746306
0450b07c21fb97f1dcfa7a259232922269c516fb;0450b07c21;-;-;Thu Jan 17 11:26:35 2019 -0500;1547742395;-;-;Thu Jan 17 11:26:35 2019 -0500;1547742395
0db4c22656c4208301e121da44b6b96fc311fb92;0db4c22656;-;-;Tue Jan 15 06:24:59 2019 -0500;1547551499;-;-;Tue Jan 15 06:24:59 2019 -0500;1547551499
7a9e2f5edc7115c19c1a210216707337b04cc1e8;7a9e2f5edc;-;-;Mon Jan 14 19:26:23 2019 -0500;1547511983;-;-;Mon Jan 14 19:26:23 2019 -0500;1547511983
f557f313c2d18f772b4e4ee8c887a81c908b8fb3;f557f313c2;-;-;Mon Jan 14 13:48:59 2019 -0500;1547491739;-;-;Mon Jan 14 13:48:59 2019 -0500;1547491739
2b530bac39e353e09aa3d3ce95f3cce0d851afaa;2b530bac39;-;-;Mon Jan 14 12:26:38 2019 -0500;1547486798;-;-;Mon Jan 14 12:26:38 2019 -0500;1547486798
66359e2e9e58f9b0fecba459e05fbe887f1a55d8;66359e2e9e;-;-;Mon Jan 14 09:40:51 2019 -0500;1547476851;-;-;Mon Jan 14 09:40:51 2019 -0500;1547476851
5938ca9a7c77a20d7670e806e4d09c910a97d70d;5938ca9a7c;-;-;Mon Jan 14 11:48:41 2019 +0100;1547462921;-;-;Mon Jan 14 11:57:15 2019 +0100;1547463435
89a7e752efcacdc07558c03a3e1dcb6dd981acf1;89a7e752ef;-;-;Mon Jan 14 11:25:27 2019 +0100;1547461527;-;-;Mon Jan 14 11:28:16 2019 +0100;1547461696
bfff9ca0ce4bcc515f1a30d988c723c1f31b8df0;bfff9ca0ce;-;-;Mon Jan 14 10:49:11 2019 +0100;1547459351;-;-;Mon Jan 14 10:49:11 2019 +0100;1547459351
33cbe2e77a4c74a77c371a8a23d6e954df3a943d;33cbe2e77a;-;-;Mon Nov 26 23:15:55 2018 +0100;1543270555;-;-;Wed Jan 9 18:38:31 2019 +0100;1547055511
8c768e48fa7ee8654665f0f8aa0e66a787a56559;8c768e48fa;-;-;Mon Nov 26 16:18:48 2018 +0100;1543245528;-;-;Wed Jan 9 18:38:31 2019 +0100;1547055511
df13e4dd5e85cc1fde12277f17ad7a7f64ce7e3d;df13e4dd5e;-;-;Wed Jan 9 16:37:56 2019 +0100;1547048276;-;-;Wed Jan 9 16:37:56 2019 +0100;1547048276
bd9d3334a29b74a3f2a93dd7c286b90c17d9633b;bd9d3334a2;-;-;Wed Jan 9 15:39:56 2019 +0100;1547044796;-;-;Wed Jan 9 15:39:56 2019 +0100;1547044796
9ea618ede970d8b76d65c741bbe609d3e14c9ca6;9ea618ede9;-;-;Wed Jan 9 14:54:14 2019 +0100;1547042054;-;-;Wed Jan 9 14:54:14 2019 +0100;1547042054
2a76a65708bef8b86d47485a747d6005866b0e32;2a76a65708;-;-;Wed Jan 9 14:12:05 2019 +0100;1547039525;-;-;Wed Jan 9 14:12:05 2019 +0100;1547039525
754ad4d0d3b3a9f884deb887f68487f335a9f1eb;754ad4d0d3;-;-;Wed Jan 9 12:43:27 2019 +0000;1547037807;-;-;Wed Jan 9 12:43:27 2019 +0000;1547037807
72dddfbc7be0e6aff25b710e62d8bb7101e78aab;72dddfbc7b;-;-;Wed Jan 9 12:26:58 2019 +0100;1547033218;-;-;Wed Jan 9 12:26:58 2019 +0100;1547033218
dc3f953f4b82e411a1f4b35fe0ab2cd4973c4967;dc3f953f4b;-;-;Tue Jan 8 22:43:42 2019 -0500;1547005422;-;-;Tue Jan 8 22:43:42 2019 -0500;1547005422
4058361e8430b48777c811d0e0558220330806f6;4058361e84;-;-;Tue Jan 8 23:37:26 2019 +0100;1546987046;-;-;Tue Jan 8 23:37:26 2019 +0100;1546987046
952045c216d5d95e0dcfed346b6f06f8303bd13b;952045c216;-;-;Tue Jan 8 22:24:15 2019 +0100;1546982655;-;-;Tue Jan 8 22:24:15 2019 +0100;1546982655
815f15144814d9ee47bcc3246a0c6784c5168e03;815f151448;-;-;Tue Jan 8 21:57:24 2019 +0100;1546981044;-;-;Tue Jan 8 21:57:24 2019 +0100;1546981044
605e2477b947c90e6550e7cc2e1d4424f546bba2;605e2477b9;-;-;Tue Jan 8 21:57:13 2019 +0100;1546981033;-;-;Tue Jan 8 21:57:13 2019 +0100;1546981033
304c85ec7029a6f24b7569516c8ad8ac2b4288c2;304c85ec70;-;-;Tue Jan 8 18:08:31 2019 +0100;1546967311;-;-;Tue Jan 8 18:08:31 2019 +0100;1546967311
f56fa9143084cc28a75c7f2a3e99fe0a5105ac4b;f56fa91430;-;-;Tue Jan 8 17:11:34 2019 +0100;1546963894;-;-;Tue Jan 8 17:11:34 2019 +0100;1546963894
9cb5369cb9ead57245a945a4a3c21cfe321891b0;9cb5369cb9;-;-;Tue Jan 8 17:11:27 2019 +0100;1546963887;-;-;Tue Jan 8 17:11:27 2019 +0100;1546963887
a82f04908345faf943c033082642fda34eb16f6d;a82f049083;-;-;Tue Jan 8 17:11:07 2019 +0100;1546963867;-;-;Tue Jan 8 17:11:07 2019 +0100;1546963867
b219c6ce15637a7a190a657f864e631e428b5378;b219c6ce15;-;-;Tue Jan 8 11:02:55 2019 -0500;1546963375;-;-;Tue Jan 8 11:06:33 2019 -0500;1546963593
17a4193810e567ae15cc18fe2a74d1dab41efb74;17a4193810;-;-;Tue Jan 8 16:29:46 2019 +0100;1546961386;-;-;Tue Jan 8 16:29:46 2019 +0100;1546961386
29ab38acb2b712c39f44914abed14f2dc0bbc8b0;29ab38acb2;-;-;Tue Jan 8 16:19:01 2019 +0100;1546960741;-;-;Tue Jan 8 16:19:01 2019 +0100;1546960741
4938dab0ae8b508a4933f14f18e39c3d84aa6e69;4938dab0ae;-;-;Sun Jan 6 22:35:44 2019 +0100;1546810544;-;-;Tue Jan 8 15:36:01 2019 +0100;1546958161
b94e8c4bef90c78231063ad2c6f5bec8fc11b899;b94e8c4bef;-;-;Tue Jan 8 13:57:56 2019 +0800;1546927076;-;-;Tue Jan 8 12:19:51 2019 +0100;1546946391
abc68ef8eae4024a784ad06f20cafe06d479b65e;abc68ef8ea;-;-;Tue Jan 8 10:31:00 2019 +0100;1546939860;-;-;Tue Jan 8 10:31:00 2019 +0100;1546939860
d37a18ff03617f5014bf3dbed84394dac7960261;d37a18ff03;-;-;Tue Jan 8 00:50:44 2019 +0100;1546905044;-;-;Tue Jan 8 00:50:44 2019 +0100;1546905044
11976fa9495d2e699bccaa469f17106a53f82c0d;11976fa949;-;-;Tue Jan 8 00:32:46 2019 +0100;1546903966;-;-;Tue Jan 8 00:32:46 2019 +0100;1546903966
6e3f974951b71b6566392f58135b71ffca6fd135;6e3f974951;-;-;Tue Jan 8 00:32:27 2019 +0100;1546903947;-;-;Tue Jan 8 00:32:27 2019 +0100;1546903947
1faeeaea14f8961a49d280da528fa4623fe7cfee;1faeeaea14;-;-;Tue Jan 8 00:32:09 2019 +0100;1546903929;-;-;Tue Jan 8 00:32:09 2019 +0100;1546903929
dc2535516c4e92ec28de9ecc268589d0f4e01bda;dc2535516c;-;-;Mon Jan 7 20:53:56 2019 +0100;1546890836;-;-;Mon Jan 7 20:53:56 2019 +0100;1546890836
673a20cb10fae3c6aa3a13b136a3829f0b685a73;673a20cb10;-;-;Fri Jan 4 22:18:15 2019 -0500;1546658295;-;-;Mon Jan 7 13:52:46 2019 -0500;1546887166
f52f3a2f35250cd696999380770725e180313889;f52f3a2f35;-;-;Mon Jan 7 18:10:55 2019 +0100;1546881055;-;-;Mon Jan 7 18:10:55 2019 +0100;1546881055
77129f5a2b3b85262a006dc6edfe962550cfa8b4;77129f5a2b;-;-;Sat Jan 5 09:57:37 2019 +0100;1546678657;-;-;Sat Jan 5 09:57:46 2019 +0100;1546678666
d289befa2bbe2a9f1c1f84ec37825216d9373fe8;d289befa2b;-;-;Thu Jan 3 14:20:57 2019 +0100;1546521657;-;-;Thu Jan 3 14:20:57 2019 +0100;1546521657
b802c28d27979f350b86b4d028e4d5d32ea702d0;b802c28d27;-;-;Thu Jan 3 13:55:40 2019 +0100;1546520140;-;-;Thu Jan 3 13:55:40 2019 +0100;1546520140
63984800e4c94e6a5a98e561a4c9284db705babf;63984800e4;-;-;Wed Jan 2 16:36:08 2019 -0500;1546464968;-;-;Wed Jan 2 16:36:08 2019 -0500;1546464968
4b24bcb79983dce73c0d957ab9f9ccb37c1ca955;4b24bcb799;-;-;Wed Jan 2 14:32:50 2019 -0500;1546457570;-;-;Wed Jan 2 14:32:50 2019 -0500;1546457570
1cb9f2c7b2a25daae014349ba3df7823b3584171;1cb9f2c7b2;-;-;Wed Jan 2 09:23:05 2019 -0500;1546438985;-;-;Wed Jan 2 09:23:05 2019 -0500;1546438985
72fbbb24035c79f0c95e698aa26f913497b26323;72fbbb2403;-;-;Tue Jan 1 11:07:29 2019 +0100;1546337249;-;-;Tue Jan 1 11:07:29 2019 +0100;1546337249
78a6429c3295ecdbc35b064f7ebfa568079856df;78a6429c32;-;-;Fri Dec 28 09:58:25 2018 +0100;1545987505;-;-;Fri Dec 28 09:58:25 2018 +0100;1545987505
bd6432cb798aa0ed155b613e6847d206ef779238;bd6432cb79;-;-;Wed Dec 26 22:08:44 2018 +0800;1545833324;-;-;Wed Dec 26 15:08:44 2018 +0100;1545833324
fced4e1f9c673d91735fd26c4408bf7dca27c38e;fced4e1f9c;-;-;Wed Dec 26 13:54:48 2018 +0100;1545828888;-;-;Wed Dec 26 13:54:48 2018 +0100;1545828888
8d1de75b60b5d1a014aec6156e6c858106d196fe;8d1de75b60;-;-;Tue Dec 25 13:22:17 2018 +0100;1545740537;-;-;Tue Dec 25 13:22:17 2018 +0100;1545740537
b2756f5bd2075138ee03f64946bdc391f85b6647;b2756f5bd2;-;-;Tue Dec 25 13:22:00 2018 +0100;1545740520;-;-;Tue Dec 25 13:22:00 2018 +0100;1545740520
31a24720a6c7c2c6d1f088dd9d0623facb5afea1;31a24720a6;-;-;Tue Dec 25 13:20:31 2018 +0100;1545740431;-;-;Tue Dec 25 13:20:31 2018 +0100;1545740431
7a7958f2758df2fd6630d840d1ce11ada880d1de;7a7958f275;-;-;Tue Dec 25 13:20:09 2018 +0100;1545740409;-;-;Tue Dec 25 13:20:09 2018 +0100;1545740409
ca9c34710f7a2ec782c065fe534eb9968c93ba0f;ca9c34710f;-;-;Tue Dec 25 09:46:53 2018 +0100;1545727613;-;-;Tue Dec 25 09:46:53 2018 +0100;1545727613
93e7a0a59d0c94a08208fc1542365077043eccb1;93e7a0a59d;-;-;Fri Dec 21 15:10:05 2018 +0100;1545401405;-;-;Fri Dec 21 15:10:05 2018 +0100;1545401405
5a8b8b11e429042ebcbe141f2fcb0fabd1dfae4d;5a8b8b11e4;-;-;Thu Dec 20 21:33:56 2018 +0100;1545338036;-;-;Thu Dec 20 21:34:15 2018 +0100;1545338055
a00be62b046d989c94879f03711e82b5eedfdd10;a00be62b04;-;-;Thu Dec 20 21:33:50 2018 +0100;1545338030;-;-;Thu Dec 20 21:33:50 2018 +0100;1545338030
4955d08f2891810627961ac4df660b9bed64a30b;4955d08f28;-;-;Thu Dec 20 21:33:44 2018 +0100;1545338024;-;-;Thu Dec 20 21:33:44 2018 +0100;1545338024
6361b0cb236e62b24a07af5d0a20f42d78d4efaa;6361b0cb23;-;-;Thu Dec 20 21:33:33 2018 +0100;1545338013;-;-;Thu Dec 20 21:33:33 2018 +0100;1545338013
5e4a8966eecfa45404e47f2a21a999eebbabb8be;5e4a8966ee;-;-;Wed Dec 19 12:15:30 2018 +0100;1545218130;-;-;Wed Dec 19 12:16:14 2018 +0100;1545218174
09da10cc6c585995f4623793aa2b2f6a38b5284d;09da10cc6c;-;-;Thu Dec 13 23:02:30 2018 +0200;1544734950;-;-;Tue Dec 18 15:04:08 2018 -0500;1545163448
44f39d4ce022398da9dfc5242bb28cb9abc558ed;44f39d4ce0;-;-;Tue Dec 18 13:22:24 2018 +0100;1545135744;-;-;Tue Dec 18 13:22:24 2018 +0100;1545135744
1d593a970a254095bc0803e67dc43b268a9bcea1;1d593a970a;-;-;Tue Dec 18 07:56:43 2018 +0100;1545116203;-;-;Tue Dec 18 07:56:43 2018 +0100;1545116203
0e8ed5931de5d420180473290deaa65d59a9ea54;0e8ed5931d;-;-;Mon Dec 17 17:55:54 2018 +0100;1545065754;-;-;Mon Dec 17 18:19:21 2018 +0100;1545067161
a240cfcf2f906cfcad6fd2dd0fcddf1bdee94e6a;a240cfcf2f;-;-;Mon Dec 17 16:21:39 2018 +0100;1545060099;-;-;Mon Dec 17 16:21:39 2018 +0100;1545060099
199be6aec598b8786ee2ad1792d074d33c1193cc;199be6aec5;-;-;Mon Dec 17 14:24:56 2018 +0100;1545053096;-;-;Mon Dec 17 14:24:56 2018 +0100;1545053096
99da8e1477a7cf04a0492a8ef021b0cbe23c046b;99da8e1477;-;-;Mon Dec 17 14:24:43 2018 +0100;1545053083;-;-;Mon Dec 17 14:24:43 2018 +0100;1545053083
2f04cbba51cc5b9ecbd50d88163753858d52e35a;2f04cbba51;-;-;Mon Dec 17 14:24:34 2018 +0100;1545053074;-;-;Mon Dec 17 14:24:34 2018 +0100;1545053074
fc9d1760befd30570f57b8cc63b5be5d84fb482a;fc9d1760be;-;-;Mon Dec 17 14:24:21 2018 +0100;1545053061;-;-;Mon Dec 17 14:24:21 2018 +0100;1545053061
aab421167bcde87fcb19f1a4b0693624ae85b2ae;aab421167b;-;-;Thu Dec 13 17:19:50 2018 +0100;1544717990;-;-;Thu Dec 13 17:19:50 2018 +0100;1544717990
112cc70231172176aef70d855890aeee3762563e;112cc70231;-;-;Tue Dec 11 18:02:19 2018 +0200;1544544139;-;-;Thu Dec 13 16:57:48 2018 +0100;1544716668
93189a67330b0aaa1ab92d05a46044d38b930eda;93189a6733;-;-;Fri Dec 7 00:12:32 2018 +0300;1544130752;-;-;Thu Dec 13 12:29:31 2018 +0100;1544700571
81d77b9872b696e57dc6f2d2c96fef3dee113511;81d77b9872;-;-;Thu Dec 13 10:18:08 2018 +0100;1544692688;-;-;Thu Dec 13 10:18:08 2018 +0100;1544692688
c48672c4c7c7746ef353686df3e71b637aad8052;c48672c4c7;-;-;Wed Dec 12 21:56:17 2018 +0100;1544648177;-;-;Wed Dec 12 21:56:17 2018 +0100;1544648177
ef72baad3a078c455157b7ed37737927a8691f5e;ef72baad3a;-;-;Wed Dec 12 21:56:01 2018 +0100;1544648161;-;-;Wed Dec 12 21:56:01 2018 +0100;1544648161
14e87d27334f90141f10733b57de810f08c6a6ac;14e87d2733;-;-;Wed Dec 12 11:57:51 2018 -0500;1544633871;-;-;Wed Dec 12 11:57:51 2018 -0500;1544633871
388ce928615919c356e4b4c7576902c139f47b0b;388ce92861;-;-;Wed Dec 12 11:35:50 2018 -0500;1544632550;-;-;Wed Dec 12 11:40:33 2018 -0500;1544632833
38ae282c3b9246089f98d6e99b230c642093de92;38ae282c3b;-;-;Wed Dec 12 11:32:01 2018 -0500;1544632321;-;-;Wed Dec 12 11:40:33 2018 -0500;1544632833
05d616240ad08f69926368f5549b6472c27a0d5c;05d616240a;-;-;Wed Dec 12 11:18:53 2018 -0500;1544631533;-;-;Wed Dec 12 11:40:33 2018 -0500;1544632833
8eef97da336c6b4f7bacb3c573e23d02b0d204cb;8eef97da33;-;-;Wed Dec 12 11:10:10 2018 -0500;1544631010;-;-;Wed Dec 12 11:40:33 2018 -0500;1544632833
270099383be3020948967d9615143ad6d30675a7;270099383b;-;-;Wed Dec 12 09:40:23 2018 -0500;1544625623;-;-;Wed Dec 12 11:40:33 2018 -0500;1544632833
0ad35053fbb07761c29e55a97563f4aff984426d;0ad35053fb;-;-;Wed Dec 12 16:03:31 2018 +0100;1544627011;-;-;Wed Dec 12 16:03:31 2018 +0100;1544627011
058608021eac30e10d79ae0fd47b1b4936d6ce5d;058608021e;-;-;Wed Dec 12 15:33:11 2018 +0100;1544625191;-;-;Wed Dec 12 15:33:33 2018 +0100;1544625213
106ae0cc5bcff7dd705c1719053056948ad23828;106ae0cc5b;-;-;Wed Dec 12 13:21:06 2018 +0100;1544617266;-;-;Wed Dec 12 13:21:06 2018 +0100;1544617266
7b7a8196f5af20edd7a09c9920d476b47faf203c;7b7a8196f5;-;-;Wed Dec 12 12:54:01 2018 +0100;1544615641;-;-;Wed Dec 12 13:20:58 2018 +0100;1544617258
2c98c1b81a2bfb6d0d13415a2fd222b642106146;2c98c1b81a;-;-;Wed Dec 12 12:16:14 2018 +0100;1544613374;-;-;Wed Dec 12 12:16:14 2018 +0100;1544613374
7b9c30f26e9dcedf1cb4a7ffe827ad458c3556bb;7b9c30f26e;-;-;Wed Dec 12 12:15:34 2018 +0100;1544613334;-;-;Wed Dec 12 12:15:34 2018 +0100;1544613334
474ac2d9755718364b661e8acf3710c97a6cda09;474ac2d975;-;-;Wed Dec 12 12:11:15 2018 +0100;1544613075;-;-;Wed Dec 12 12:11:15 2018 +0100;1544613075
6eb0a60df99e56d9fa66d387d6c03a275722770e;6eb0a60df9;-;-;Wed Dec 12 11:16:53 2018 +0100;1544609813;-;-;Wed Dec 12 11:16:53 2018 +0100;1544609813
5bbbc82e19e4c2ed443ce955949137ec8c0a2e02;5bbbc82e19;-;-;Wed Dec 12 11:16:45 2018 +0100;1544609805;-;-;Wed Dec 12 11:16:45 2018 +0100;1544609805
4b4503085a41b21c3de4612180946c87d1fca3f6;4b4503085a;-;-;Wed Dec 12 11:16:36 2018 +0100;1544609796;-;-;Wed Dec 12 11:16:36 2018 +0100;1544609796
73a96c5152dbebf664bd995f3178706f8f0eb779;73a96c5152;-;-;Wed Dec 12 08:00:48 2018 +0100;1544598048;-;-;Wed Dec 12 08:00:48 2018 +0100;1544598048
894044cea0d5f693de79815a1bd6e8a355a513d2;894044cea0;-;-;Tue Dec 11 12:12:15 2018 +0100;1544526735;-;-;Tue Dec 11 12:12:15 2018 +0100;1544526735
0550c08f86fe5c8138985feac9d998708b83b590;0550c08f86;-;-;Sat Dec 8 16:03:17 2018 +0100;1544281397;-;-;Sat Dec 8 16:03:17 2018 +0100;1544281397
58a99e3983fb138113588dfbe6e769918d883d50;58a99e3983;-;-;Sat Dec 8 16:00:48 2018 +0100;1544281248;-;-;Sat Dec 8 16:00:48 2018 +0100;1544281248
528b9c17ec409e1134bbcd360c439d0366a751cd;528b9c17ec;-;-;Sat Dec 8 16:00:00 2018 +0100;1544281200;-;-;Sat Dec 8 16:00:00 2018 +0100;1544281200
f15bd882112886a7ac5f384b45e947af3488d9dd;f15bd88211;-;-;Fri Dec 7 15:06:48 2018 +0100;1544191608;-;-;Fri Dec 7 15:06:56 2018 +0100;1544191616
220951707b841b1589dfa6f411b183203589311f;220951707b;-;-;Fri Dec 7 11:29:56 2018 +0100;1544178596;-;-;Fri Dec 7 11:29:56 2018 +0100;1544178596
3258ac1ec4159b3fe69cc9daad4ab054b90d0e6c;3258ac1ec4;-;-;Fri Dec 7 11:04:18 2018 +0100;1544177058;-;-;Fri Dec 7 11:08:02 2018 +0100;1544177282
54f5b7d0ee63366ef7e1401c3bfedee84bccdce2;54f5b7d0ee;-;-;Fri Dec 7 10:54:03 2018 +0100;1544176443;-;-;Fri Dec 7 10:54:03 2018 +0100;1544176443
aaaf81ed99eaf83630eab2bedebb454819bfd4d0;aaaf81ed99;-;-;Thu Dec 6 15:53:57 2018 +0100;1544108037;-;-;Thu Dec 6 15:53:57 2018 +0100;1544108037
6a012147c4566f0ae75a8f1fb017cd380c1d68c6;6a012147c4;-;-;Thu Dec 6 15:53:47 2018 +0100;1544108027;-;-;Thu Dec 6 15:53:47 2018 +0100;1544108027
9abd4ed33d009d6cfc7cc1e3600bb8433c25860a;9abd4ed33d;-;-;Thu Dec 6 01:38:16 2018 +0100;1544056696;-;-;Thu Dec 6 14:49:12 2018 +0100;1544104152
cf7ee0739f096b6fae755751483cb7ab02256135;cf7ee0739f;-;-;Wed Dec 5 14:13:57 2018 +0100;1544015637;-;-;Wed Dec 5 14:13:57 2018 +0100;1544015637
db63f7dd4a20f03019e9f63864342643cc6d8b46;db63f7dd4a;-;-;Wed Dec 5 14:13:24 2018 +0100;1544015604;-;-;Wed Dec 5 14:13:24 2018 +0100;1544015604
7a5f8e03bc53ad78f76be82ecdd5fc8b8e86797a;7a5f8e03bc;-;-;Tue Dec 4 21:17:44 2018 -0500;1543976264;-;-;Tue Dec 4 21:27:37 2018 -0500;1543976857
50e5bdb81356d30c274068d1a3c3051ad01556c6;50e5bdb813;-;-;Tue Dec 4 22:09:06 2018 +0100;1543957746;-;-;Tue Dec 4 22:09:06 2018 +0100;1543957746
9efea7eb73d1437f5556251c43417f50037c7c81;9efea7eb73;-;-;Tue Dec 4 22:07:43 2018 +0100;1543957663;-;-;Tue Dec 4 22:07:43 2018 +0100;1543957663
d3cdecc6219f33d14d77d9ccd2058f7a0a40a599;d3cdecc621;-;-;Tue Dec 4 02:16:03 2018 +0100;1543886163;-;-;Tue Dec 4 02:16:03 2018 +0100;1543886163
c024bdcc6f0eba90067fa5341a71f2044092ed95;c024bdcc6f;-;-;Tue Dec 4 02:15:47 2018 +0100;1543886147;-;-;Tue Dec 4 02:15:47 2018 +0100;1543886147
6d7827e36bf9371c673d985768a5e7dbf35d9810;6d7827e36b;-;-;Mon Dec 3 23:53:00 2018 +0100;1543877580;-;-;Mon Dec 3 23:53:00 2018 +0100;1543877580
d5dab129097f98ed3148473422eb706c20fd10c9;d5dab12909;-;-;Mon Dec 3 23:52:35 2018 +0100;1543877555;-;-;Mon Dec 3 23:52:35 2018 +0100;1543877555
7854b7ac401af4f332be3e7fff0f16abee7f2b30;7854b7ac40;-;-;Mon Dec 3 23:50:50 2018 +0100;1543877450;-;-;Mon Dec 3 23:50:50 2018 +0100;1543877450
26b1c848b828baf80d535d88e946be3c66b64582;26b1c848b8;-;-;Mon Dec 3 20:45:42 2018 +0100;1543866342;-;-;Mon Dec 3 22:09:06 2018 +0100;1543871346
5e153e4a77fc77ae0cbb6a632c97355aabfa00a0;5e153e4a77;-;-;Mon Dec 3 19:52:25 2018 +0100;1543863145;-;-;Mon Dec 3 19:52:25 2018 +0100;1543863145
16e9b83d4358fd55e075a6ad0bdc0cdd97bedc81;16e9b83d43;-;-;Mon Dec 3 19:49:21 2018 +0100;1543862961;-;-;Mon Dec 3 19:49:21 2018 +0100;1543862961
516c01c43853f52a03c53fd4046ffedf07dceb2d;516c01c438;-;-;Mon Dec 3 19:09:39 2018 +0100;1543860579;-;-;Mon Dec 3 19:09:39 2018 +0100;1543860579
43077072ad6ab817ad188b0945ee1a71da9511b4;43077072ad;-;-;Mon Dec 3 18:28:50 2018 +0100;1543858130;-;-;Mon Dec 3 18:28:50 2018 +0100;1543858130
0841dc5f99e004554c66dcb36981bf63e82ddd95;0841dc5f99;-;-;Mon Dec 3 18:27:30 2018 +0100;1543858050;-;-;Mon Dec 3 18:27:30 2018 +0100;1543858050
15f8863f19738ab3d3745f46ffe997ca6307b9f8;15f8863f19;-;-;Fri Nov 30 10:56:29 2018 -0500;1543593389;-;-;Fri Nov 30 10:56:29 2018 -0500;1543593389
bc3b95db92c8775e6405d3510d15d16fbb0a2499;bc3b95db92;-;-;Thu Nov 29 17:38:39 2018 +0100;1543509519;-;-;Thu Nov 29 16:32:28 2018 -0500;1543527148
66f822e600f5fe0493acf6d70b1e7e45e779c299;66f822e600;-;-;Thu Nov 29 16:36:56 2018 +0100;1543505816;-;-;Thu Nov 29 16:36:56 2018 +0100;1543505816
dfc193b85e4c50105c0c05bbcd3e74b208aee067;dfc193b85e;-;-;Tue Nov 27 09:29:05 2018 +0000;1543310945;-;-;Tue Nov 27 09:29:05 2018 +0000;1543310945
029101c79a881d22b51dc2de8490fffca71ce3b6;029101c79a;-;-;Mon Nov 26 16:02:08 2018 -0500;1543266128;-;-;Mon Nov 26 16:02:08 2018 -0500;1543266128
82eb82a04064ddd69a9b2e93d6e7f50bff60baf4;82eb82a040;-;-;Sun Nov 25 21:44:12 2018 +0100;1543178652;-;-;Sun Nov 25 21:44:12 2018 +0100;1543178652
80b8382f00dcb2eb0a3fee8073f8de92aa57d09e;80b8382f00;-;-;Sun Nov 25 21:27:49 2018 +0100;1543177669;-;-;Sun Nov 25 21:27:49 2018 +0100;1543177669
ebbe14c3630703d4245960116e0edc3c5813dc2d;ebbe14c363;-;-;Sun Nov 25 21:27:19 2018 +0100;1543177639;-;-;Sun Nov 25 21:27:19 2018 +0100;1543177639
c2e545776dc034544aef14c2b97527684b268855;c2e545776d;-;-;Fri Nov 23 23:46:37 2018 +0100;1543013197;-;-;Fri Nov 23 23:46:37 2018 +0100;1543013197
97ac1c22c5adde64ae72a3b0d874a913a349c1fb;97ac1c22c5;-;-;Fri Nov 23 19:27:47 2018 +0100;1542997667;-;-;Fri Nov 23 19:27:47 2018 +0100;1542997667
a528407d0ce8261d8f2ca2bb2c7a54af3605b565;a528407d0c;-;-;Fri Nov 23 18:05:20 2018 +0100;1542992720;-;-;Fri Nov 23 18:05:47 2018 +0100;1542992747
58cde3c2e6fc6c03b581d15cf6a0e2deb9d86a59;58cde3c2e6;-;-;Fri Nov 23 18:04:51 2018 +0100;1542992691;-;-;Fri Nov 23 18:05:34 2018 +0100;1542992734
fedbb09ad900ab47dec2d15da90b3ba3ed4a67e6;fedbb09ad9;-;-;Fri Nov 23 17:47:48 2018 +0100;1542991668;-;-;Fri Nov 23 17:48:11 2018 +0100;1542991691
81fde5ec4103e3db28bf79073691938a4743b121;81fde5ec41;-;-;Fri Nov 23 17:36:19 2018 +0100;1542990979;-;-;Fri Nov 23 17:37:20 2018 +0100;1542991040
aa7f69a5d1790b2a2bc9e82e70ead060763c4ec9;aa7f69a5d1;-;-;Fri Nov 23 16:30:24 2018 +0100;1542987024;-;-;Fri Nov 23 16:35:19 2018 +0100;1542987319
91de8d265e332ba378f191105592190d4f90bb48;91de8d265e;-;-;Fri Nov 23 13:44:38 2018 +0100;1542977078;-;-;Fri Nov 23 14:22:58 2018 +0100;1542979378
77ab88b1441dd71341e6070d677b265f314407d1;77ab88b144;-;-;Fri Nov 23 13:56:02 2018 +0100;1542977762;-;-;Fri Nov 23 13:56:02 2018 +0100;1542977762
738097def2407166ff9d58c25836180f95eda77d;738097def2;-;-;Fri Nov 23 13:55:50 2018 +0100;1542977750;-;-;Fri Nov 23 13:55:50 2018 +0100;1542977750
b90553db5c5dbcbff78ff68d4f5432a4049c980a;b90553db5c;-;-;Thu Nov 22 22:03:56 2018 +0100;1542920636;-;-;Thu Nov 22 22:03:56 2018 +0100;1542920636
56234fe877c9995bf9f0368ebc7840c416569242;56234fe877;-;-;Thu Nov 22 22:03:36 2018 +0100;1542920616;-;-;Thu Nov 22 22:03:36 2018 +0100;1542920616
c16f36b537d17b947a73165da0dcbed9861327f5;c16f36b537;-;-;Thu Nov 22 18:24:18 2018 +0100;1542907458;-;-;Thu Nov 22 18:24:18 2018 +0100;1542907458
ae8f680d2ea09de16edb64091c18d1b6b9c65894;ae8f680d2e;-;-;Thu Nov 22 18:21:56 2018 +0100;1542907316;-;-;Thu Nov 22 18:21:56 2018 +0100;1542907316
bf272b0b21f2fa1b5b90a9b7aeba96c106f5e090;bf272b0b21;-;-;Thu Nov 22 16:12:38 2018 +0100;1542899558;-;-;Thu Nov 22 16:12:38 2018 +0100;1542899558
b1b28d46414c6aff08684705fc3997718dcf5205;b1b28d4641;-;-;Thu Nov 22 16:11:59 2018 +0100;1542899519;-;-;Thu Nov 22 16:11:59 2018 +0100;1542899519
17b2b8af868e97744b1e78c8f6181a8275402987;17b2b8af86;-;-;Thu Nov 22 20:56:28 2018 +0900;1542887788;-;-;Thu Nov 22 13:56:22 2018 +0100;1542891382
262c702da4588e5f467fd24774357113379666b2;262c702da4;-;-;Thu Nov 22 11:20:47 2018 +0100;1542882047;-;-;Thu Nov 22 11:20:47 2018 +0100;1542882047
548126ddd83d5f8cf7e7b0e9473a42db23669106;548126ddd8;-;-;Wed Nov 21 14:41:42 2018 -0500;1542829302;-;-;Wed Nov 21 14:41:42 2018 -0500;1542829302
7e9857a663136f48b70443fa338710180f1a553d;7e9857a663;-;-;Wed Nov 21 10:54:39 2018 -0500;1542815679;-;-;Wed Nov 21 10:54:39 2018 -0500;1542815679
0134c9d608ab6cdef78c791e946a1a85aaacd476;0134c9d608;-;-;Wed Nov 21 09:35:06 2018 -0500;1542810906;-;-;Wed Nov 21 09:35:33 2018 -0500;1542810933
5fe628a8118b0bd35e68d9a5db72faeb1bc52d42;5fe628a811;-;-;Wed Nov 21 10:27:49 2018 +0100;1542792469;-;-;Wed Nov 21 10:27:49 2018 +0100;1542792469
759013eb17cf1a0d6ecd69b0769f90a74cae6f87;759013eb17;-;-;Tue Nov 20 23:02:53 2018 -0500;1542772973;-;-;Tue Nov 20 23:02:53 2018 -0500;1542772973
a55ca56e344577fc771e72513e013781df0e792b;a55ca56e34;-;-;Tue Nov 20 22:31:02 2018 -0500;1542771062;-;-;Tue Nov 20 22:31:02 2018 -0500;1542771062
d6a5c3428be0f2d011c042761e18f822ebb4aba0;d6a5c3428b;-;-;Tue Nov 20 21:59:47 2018 -0500;1542769187;-;-;Tue Nov 20 21:59:47 2018 -0500;1542769187
24848ec1bcec59d3fc93ddd77a084b637266db93;24848ec1bc;-;-;Tue Nov 20 21:20:21 2018 -0500;1542766821;-;-;Tue Nov 20 21:20:21 2018 -0500;1542766821
fef0e21d8b938d2a5bce0fe9b1f38332458e7f45;fef0e21d8b;-;-;Tue Nov 20 22:16:51 2018 +0100;1542748611;-;-;Tue Nov 20 22:16:51 2018 +0100;1542748611
8c7579eba8cd13cb24ec2228e4a26f41cbba8e89;8c7579eba8;-;-;Tue Nov 20 22:06:44 2018 +0100;1542748004;-;-;Tue Nov 20 22:06:44 2018 +0100;1542748004
a3d763d137f954e86378dc2fdce31f06a8cfc0e3;a3d763d137;-;-;Tue Nov 20 22:05:53 2018 +0100;1542747953;-;-;Tue Nov 20 22:05:53 2018 +0100;1542747953
2a5d7690b6259c4f8a00be387d4b38f554ac9b88;2a5d7690b6;-;-;Tue Nov 20 22:04:28 2018 +0100;1542747868;-;-;Tue Nov 20 22:04:28 2018 +0100;1542747868
f5aeb8147302138c74127c312b2f3af661c98da7;f5aeb81473;-;-;Tue Nov 20 22:02:10 2018 +0100;1542747730;-;-;Tue Nov 20 22:02:10 2018 +0100;1542747730
02d3cfa42d1cae6d84dea559efa096a86fd2b611;02d3cfa42d;-;-;Sat Nov 17 21:38:02 2018 +0200;1542483482;-;-;Tue Nov 20 21:54:51 2018 +0100;1542747291
12f168290d114006b187bf1b1231609c1a5ba7d4;12f168290d;-;-;Tue Nov 13 22:04:46 2018 +0100;1542143086;-;-;Tue Nov 20 17:08:01 2018 +0100;1542730081
88cb126511779608d377b33793a8b00cfded7602;88cb126511;-;-;Thu Oct 4 09:38:53 2018 +0200;1538638733;-;-;Tue Nov 20 14:05:17 2018 +0100;1542719117
f3c29fe2e6d2b1b1da4acc09d00bf2c67f10ff3e;f3c29fe2e6;-;-;Tue Nov 20 10:51:19 2018 +0100;1542707479;-;-;Tue Nov 20 10:51:19 2018 +0100;1542707479
abf9ce8a34d8e386a36d265fc558ee21a02d5d16;abf9ce8a34;-;-;Mon Nov 19 16:47:51 2018 -0500;1542664071;-;-;Mon Nov 19 16:48:38 2018 -0500;1542664118
63275ae2b750af8d5ea78cc1f0395b536c8b0a55;63275ae2b7;-;-;Mon Nov 19 16:55:50 2018 +0100;1542642950;-;-;Mon Nov 19 16:56:25 2018 +0100;1542642985
3203d39821dc25e4a481697d5a298f0303d0a3e0;3203d39821;-;-;Mon Nov 19 15:33:06 2018 +0100;1542637986;-;-;Mon Nov 19 15:49:54 2018 +0100;1542638994
ce5c65c0b0390ef2da5d65a3fd41ba94715fcd0a;ce5c65c0b0;-;-;Mon Nov 19 12:41:26 2018 +0100;1542627686;-;-;Mon Nov 19 12:41:26 2018 +0100;1542627686
afa38f5f97b0101f4b0f11768ca0c512c0dab45a;afa38f5f97;-;-;Mon Nov 19 08:50:49 2018 +0100;1542613849;-;-;Mon Nov 19 08:50:49 2018 +0100;1542613849
729ce4108de953d27e860394f04a0483a2d41e88;729ce4108d;-;-;Sun Nov 18 00:31:01 2018 +0900;1542468661;-;-;Sat Nov 17 16:31:01 2018 +0100;1542468661
1a37345e84698f57a2ef6a0dbffcbd306d1cd50a;1a37345e84;-;-;Fri Nov 16 19:42:42 2018 -0500;1542415362;-;-;Fri Nov 16 19:42:42 2018 -0500;1542415362
c89e6c616ab2ff47f987eb8db6a3ad68b1ed3b4e;c89e6c616a;-;-;Fri Nov 16 17:30:18 2018 -0500;1542407418;-;-;Fri Nov 16 17:30:18 2018 -0500;1542407418
539cfc24c6a738a22fd00c0b4096fc1511877ddd;539cfc24c6;-;-;Fri Nov 16 14:33:03 2018 +0100;1542375183;-;-;Fri Nov 16 14:33:26 2018 +0100;1542375206
39ce989d1a0187f8f94fc493ff9a86d2ecb050d4;39ce989d1a;-;-;Fri Nov 16 10:56:21 2018 +0100;1542362181;-;-;Fri Nov 16 14:33:26 2018 +0100;1542375206
0f2d9df79f2be58af9924f91d12e0440700a9525;0f2d9df79f;-;-;Fri Nov 16 11:13:17 2018 +0100;1542363197;-;-;Fri Nov 16 11:13:17 2018 +0100;1542363197
b9603680bc1de8d472ee463d99c11cc229dad2aa;b9603680bc;-;-;Wed Nov 14 14:45:29 2018 -0600;1542228329;-;-;Wed Nov 14 16:10:17 2018 -0500;1542229817
7bbd4c681fd009898a62cac6e11eae77039a4119;7bbd4c681f;-;-;Tue Nov 13 23:05:07 2018 -0500;1542168307;-;-;Tue Nov 13 23:05:07 2018 -0500;1542168307
46a5fb7a9133a0c4a392ce23597623c64a16aa3c;46a5fb7a91;-;-;Tue Nov 13 16:56:56 2018 -0500;1542146216;-;-;Tue Nov 13 16:56:56 2018 -0500;1542146216
093254b2b35395f2afd797dd956a4a08fcc3ba06;093254b2b3;-;-;Tue Nov 13 21:17:55 2018 +0100;1542140275;-;-;Tue Nov 13 21:17:55 2018 +0100;1542140275
9f857c1f16bf634ec2e595d74c0ad39ccaaff98b;9f857c1f16;-;-;Tue Nov 13 14:49:23 2018 -0500;1542138563;-;-;Tue Nov 13 14:49:23 2018 -0500;1542138563
75b1396768079f4044db0fef70dd5f889c1c8931;75b1396768;-;-;Tue Nov 13 14:10:48 2018 -0500;1542136248;-;-;Tue Nov 13 14:10:48 2018 -0500;1542136248
4182935b7a61a3ba02b2f9fa3db0b50c918bdb06;4182935b7a;-;-;Tue Nov 13 10:55:54 2018 +0100;1542102954;-;-;Tue Nov 13 13:38:13 2018 +0100;1542112693
445b76bbe819ba45ac2d887e355c42bba3d5395b;445b76bbe8;-;-;Mon Nov 12 14:11:58 2018 +0100;1542028318;-;-;Tue Nov 13 13:35:37 2018 +0100;1542112537
3bab3515b1daa5780d10c27bf6b4e92549c2b241;3bab3515b1;-;-;Mon Nov 12 16:12:09 2018 +0100;1542035529;-;-;Tue Nov 13 13:35:37 2018 +0100;1542112537
0c0de851f4fb053f14b805028554962685db5d2f;0c0de851f4;-;-;Mon Nov 12 16:11:40 2018 +0100;1542035500;-;-;Tue Nov 13 13:35:37 2018 +0100;1542112537
e31914badaaf10def9824db0afe383b6753a8e85;e31914bada;-;-;Mon Nov 12 16:05:50 2018 +0100;1542035150;-;-;Tue Nov 13 13:35:37 2018 +0100;1542112537
40148c05604fb3949956908f62c0647e3d00a0fc;40148c0560;-;-;Mon Nov 12 20:29:37 2018 +0100;1542050977;-;-;Mon Nov 12 20:29:37 2018 +0100;1542050977
3a66927bd26b64d8ca929603032ca36c462748f2;3a66927bd2;-;-;Mon Nov 12 16:43:43 2018 +0100;1542037423;-;-;Mon Nov 12 16:43:43 2018 +0100;1542037423
c58da71006cbc37c6bf062693c2d96a8fafab6f4;c58da71006;-;-;Mon Nov 12 16:23:14 2018 +0100;1542036194;-;-;Mon Nov 12 16:23:14 2018 +0100;1542036194
818c2aa3b92297578b485fda011c434310ef2943;818c2aa3b9;-;-;Mon Nov 12 16:22:42 2018 +0100;1542036162;-;-;Mon Nov 12 16:22:42 2018 +0100;1542036162
d96a7b4bfc50b40723b3edeba793243af542e027;d96a7b4bfc;-;-;Mon Nov 12 11:52:21 2018 +0100;1542019941;-;-;Mon Nov 12 11:52:21 2018 +0100;1542019941
b3aad549c9abfb04ea54346b4ce5690acf098025;b3aad549c9;-;-;Sat Nov 10 16:56:39 2018 +0100;1541865399;-;-;Sat Nov 10 16:56:39 2018 +0100;1541865399
865f1f692a8bbac4f6ea3d1600ca1924c08c654a;865f1f692a;-;-;Sat Nov 10 15:47:04 2018 +0100;1541861224;-;-;Sat Nov 10 15:47:30 2018 +0100;1541861250
93df24af164cdd78555b1fd40c4dd7ed54352200;93df24af16;-;-;Sat Nov 10 15:38:42 2018 +0100;1541860722;-;-;Sat Nov 10 15:47:29 2018 +0100;1541861249
a5339d71eae50e2cb6e572d52a823a26d1d103f1;a5339d71ea;-;-;Fri Nov 9 16:16:03 2018 -0500;1541798163;-;-;Fri Nov 9 16:16:03 2018 -0500;1541798163
e4c84ec7576bc2986357b5bf12b646d663ef9730;e4c84ec757;-;-;Fri Nov 9 14:13:51 2018 -0500;1541790831;-;-;Fri Nov 9 14:13:51 2018 -0500;1541790831
f5da737bd459a86a59c347040625715fcf55f57b;f5da737bd4;-;-;Thu Nov 8 20:05:58 2018 -0500;1541725558;-;-;Thu Nov 8 23:13:48 2018 -0500;1541736828
c187cb2fa13af2a6ff6e92d588ba70b458707460;c187cb2fa1;-;-;Thu Nov 8 13:26:41 2018 -0500;1541701601;-;-;Thu Nov 8 22:41:22 2018 -0500;1541734882
ed1d63dcc3ea21c0f5460da776c32baa22df8c5a;ed1d63dcc3;-;-;Tue Nov 6 14:14:12 2018 -0500;1541531652;-;-;Thu Nov 8 13:29:21 2018 -0500;1541701761
e26ae9853efe08f6a6d8a208f3b7e6137e22cc1d;e26ae9853e;-;-;Thu Nov 8 16:56:48 2018 +0100;1541692608;-;-;Thu Nov 8 16:56:48 2018 +0100;1541692608
362c59c3102acb68145cf1689b6391cb1fb94486;362c59c310;-;-;Thu Nov 8 13:43:07 2018 +0100;1541680987;-;-;Thu Nov 8 13:43:07 2018 +0100;1541680987
b6e867470041d67f1bae7d4eabf0d2e2d065825d;b6e8674700;-;-;Wed Nov 7 07:48:22 2018 +0100;1541573302;-;-;Wed Nov 7 07:48:22 2018 +0100;1541573302
3232825a5550742e8ab91ee540e731d341112ba0;3232825a55;-;-;Tue Nov 6 08:30:30 2018 +0100;1541489430;-;-;Tue Nov 6 08:30:30 2018 +0100;1541489430
e71ff2901a3c0651507796376217f269c7d461cd;e71ff2901a;-;-;Mon Nov 5 22:59:33 2018 +0100;1541455173;-;-;Mon Nov 5 22:59:33 2018 +0100;1541455173
d9c1811d21b421976fa50576b0f30f751056ebb1;d9c1811d21;-;-;Mon Nov 5 22:59:18 2018 +0100;1541455158;-;-;Mon Nov 5 22:59:18 2018 +0100;1541455158
5e7a8b275d94586237a6725a80cedb761194b3d3;5e7a8b275d;-;-;Mon Nov 5 19:33:24 2018 +0100;1541442804;-;-;Mon Nov 5 19:33:24 2018 +0100;1541442804
ea3250c8d618bf638b69f1917b2cbacfe26b9225;ea3250c8d6;-;-;Mon Nov 5 19:32:34 2018 +0100;1541442754;-;-;Mon Nov 5 19:32:34 2018 +0100;1541442754
b1f5f51503e0e5d2e2434c43a02efce58f789bcf;b1f5f51503;-;-;Mon Nov 5 19:27:43 2018 +0100;1541442463;-;-;Mon Nov 5 19:27:43 2018 +0100;1541442463
2ce03f34d97e826e885342d5b33274d4e1fc69aa;2ce03f34d9;-;-;Mon Nov 5 13:16:04 2018 -0500;1541441764;-;-;Mon Nov 5 13:16:04 2018 -0500;1541441764
9280e32d5d627c21e40521e2457b1a7ed71900d9;9280e32d5d;-;-;Mon Nov 5 13:10:58 2018 -0500;1541441458;-;-;Mon Nov 5 13:12:18 2018 -0500;1541441538
5cd525a2b06fdb4e54a958c0741921c17345b455;5cd525a2b0;-;-;Mon Nov 5 17:44:46 2018 +0100;1541436286;-;-;Mon Nov 5 17:44:46 2018 +0100;1541436286
2ac4355ec075fec77a8fbafd635fb4fefba81d4e;2ac4355ec0;-;-;Mon Nov 5 17:44:23 2018 +0100;1541436263;-;-;Mon Nov 5 17:44:23 2018 +0100;1541436263
a3cd7af72df2a833aa716c0179a9636d12a897e1;a3cd7af72d;-;-;Mon Nov 5 12:27:35 2018 +0100;1541417255;-;-;Mon Nov 5 12:27:35 2018 +0100;1541417255
6a9f91081e341539a71eedfc2f46662ecc277fc4;6a9f91081e;-;-;Mon Nov 5 12:27:20 2018 +0100;1541417240;-;-;Mon Nov 5 12:27:20 2018 +0100;1541417240
f65408f646cd42e9bc7701b3294938d393a36905;f65408f646;-;-;Mon Nov 5 12:27:07 2018 +0100;1541417227;-;-;Mon Nov 5 12:27:07 2018 +0100;1541417227
59fa647e2d57392b3a43af2c107a237948a92b12;59fa647e2d;-;-;Mon Nov 5 12:26:35 2018 +0100;1541417195;-;-;Mon Nov 5 12:26:35 2018 +0100;1541417195
0a7dcf14f97913aa9de540d003cb3d9d6403b1e4;0a7dcf14f9;-;-;Mon Nov 5 12:26:20 2018 +0100;1541417180;-;-;Mon Nov 5 12:26:20 2018 +0100;1541417180
86846507e2196ec8dbd7ea14bd9ee0f218761ddc;86846507e2;-;-;Mon Nov 5 07:44:36 2018 +0100;1541400276;-;-;Mon Nov 5 07:44:36 2018 +0100;1541400276
133b8b0b5a3fc63ef70b188831f94b4c643291ac;133b8b0b5a;-;-;Fri Nov 2 11:01:44 2018 -0400;1541170904;-;-;Fri Nov 2 16:19:53 2018 -0400;1541189993
dc8f6f7177369a94c0b99c49909dd5f9313f563b;dc8f6f7177;-;-;Fri Nov 2 19:55:13 2018 +0100;1541184913;-;-;Fri Nov 2 19:55:13 2018 +0100;1541184913
c2b55e60cd6d802114b8ea07de54c28b0873f65c;c2b55e60cd;-;-;Thu Nov 1 15:27:39 2018 -0400;1541100459;-;-;Thu Nov 1 15:27:39 2018 -0400;1541100459
48654c6483c15235191cdcb7e88d95346af10e87;48654c6483;-;-;Thu Nov 1 14:20:43 2018 -0400;1541096443;-;-;Thu Nov 1 14:21:00 2018 -0400;1541096460
47aec509170adf3e89d5420d2b1406943f97929c;47aec50917;-;-;Thu Nov 1 10:22:27 2018 +0900;1541035347;-;-;Thu Nov 1 10:22:27 2018 +0900;1541035347
9da9bb9652ae96d2f252c062d343e487d29ad485;9da9bb9652;-;-;Wed Oct 31 10:56:17 2018 -0400;1540997777;-;-;Wed Oct 31 10:56:17 2018 -0400;1540997777
3f42e161721537b1d97ff995ca67e3d522dcf561;3f42e16172;-;-;Tue Oct 30 17:15:09 2018 -0400;1540934109;-;-;Tue Oct 30 17:15:09 2018 -0400;1540934109
7c36549e3a6b93970bbcaa16d828beb505d76c15;7c36549e3a;-;-;Tue Oct 30 16:36:01 2018 -0400;1540931761;-;-;Tue Oct 30 16:36:01 2018 -0400;1540931761
991e9f4269e7a22be49942584d5b1c5a3d0e252d;991e9f4269;-;-;Mon Oct 29 18:33:36 2018 +0100;1540834416;-;-;Mon Oct 29 18:33:36 2018 +0100;1540834416
2a41067a17e0acfc5098cc4cfba2399746f92d15;2a41067a17;-;-;Mon Oct 29 15:10:03 2018 +0100;1540822203;-;-;Mon Oct 29 15:10:03 2018 +0100;1540822203
42a95b8f35708612e40ad3b2ecd215da3216b6c1;42a95b8f35;-;-;Mon Oct 29 14:47:20 2018 +0100;1540820840;-;-;Mon Oct 29 14:47:20 2018 +0100;1540820840
76d203fc61a954642ab30c874b7c45189afae18d;76d203fc61;-;-;Mon Oct 29 09:28:18 2018 -0400;1540819698;-;-;Mon Oct 29 09:28:18 2018 -0400;1540819698
a82d726f76cf192d2a68a3580e91aa10ef084c24;a82d726f76;-;-;Mon Oct 29 10:33:23 2018 +0000;1540809203;-;-;Mon Oct 29 10:33:23 2018 +0000;1540809203
5fb8dec50e9c6102c66165db3cc135a37842c58b;5fb8dec50e;-;-;Mon Oct 29 10:31:29 2018 +0100;1540805489;-;-;Mon Oct 29 10:31:29 2018 +0100;1540805489
dc1e3b46282e4ef6c8266b7cfdaa04cf890a30a9;dc1e3b4628;-;-;Sat Oct 27 14:36:56 2018 +0200;1540643816;-;-;Sat Oct 27 14:36:56 2018 +0200;1540643816
fa096dc60f0e78dd1d0d061f9fb7053954a52fb4;fa096dc60f;-;-;Fri Oct 26 13:19:50 2018 -0400;1540574390;-;-;Fri Oct 26 13:24:53 2018 -0400;1540574693
fc957e95bb8c65e042b5eeb5d11ead60c277c53d;fc957e95bb;-;-;Fri Oct 26 13:48:45 2018 +0200;1540554525;-;-;Fri Oct 26 13:56:00 2018 +0200;1540554960
3fee8cb62502eaede7edd65f9435feeb823352c3;3fee8cb625;-;-;Fri Oct 26 11:43:46 2018 +0200;1540547026;-;-;Fri Oct 26 11:43:46 2018 +0200;1540547026
e68bf010dad4067e9a72d6ffa9502047b44f53ee;e68bf010da;-;-;Fri Oct 26 11:36:05 2018 +0200;1540546565;-;-;Fri Oct 26 11:36:05 2018 +0200;1540546565
f32e1bcbe3b558cb93ff56b59ebe6c4ee9bc899e;f32e1bcbe3;-;-;Fri Oct 26 11:07:29 2018 +0200;1540544849;-;-;Fri Oct 26 11:07:29 2018 +0200;1540544849
8df3fd3f1dfb20d649ec7300d5c1840cc53f7575;8df3fd3f1d;-;-;Thu Oct 25 21:33:28 2018 -0400;1540517608;-;-;Fri Oct 26 10:17:04 2018 +0200;1540541824
4faee165db315afe47fc2daca4e1db41ec256c0d;4faee165db;-;-;Thu Oct 25 23:43:45 2018 -0400;1540525425;-;-;Thu Oct 25 23:46:39 2018 -0400;1540525599
8223ed38c8e99a03268ce22862d8faaa602cca0c;8223ed38c8;-;-;Wed Oct 24 15:18:58 2018 -0400;1540408738;-;-;Thu Oct 25 23:45:09 2018 -0400;1540525509
3681d58e98797f67592f930fa3b11229a7876a18;3681d58e98;-;-;Thu Oct 25 18:06:06 2018 +0200;1540483566;-;-;Thu Oct 25 18:06:06 2018 +0200;1540483566
2146e137873f51cddcff9b1d01bd6c229778098c;2146e13787;-;-;Thu Oct 25 14:44:45 2018 +0200;1540471485;-;-;Thu Oct 25 16:42:47 2018 +0200;1540478567
a61d1076067162106c49e399322676093174167d;a61d107606;-;-;Thu Oct 25 15:15:58 2018 +0200;1540473358;-;-;Thu Oct 25 15:15:58 2018 +0200;1540473358
67bd3f670f8c430aa2c2aa4dd3b6f2533de38b61;67bd3f670f;-;-;Thu Oct 25 15:15:47 2018 +0200;1540473347;-;-;Thu Oct 25 15:15:47 2018 +0200;1540473347
95542778ad215b350100b5341bf36671af31b855;95542778ad;-;-;Thu Oct 25 12:12:47 2018 +0200;1540462367;-;-;Thu Oct 25 12:13:03 2018 +0200;1540462383
7a8a2d96080188838c135ed409e50e2467cd9f05;7a8a2d9608;-;-;Thu Oct 25 12:02:13 2018 +0200;1540461733;-;-;Thu Oct 25 12:13:03 2018 +0200;1540462383
256a6fe6cbf4c9aa827db4191a5a7189bc137a18;256a6fe6cb;-;-;Wed Oct 24 16:54:07 2018 +0200;1540392847;-;-;Thu Oct 25 12:13:03 2018 +0200;1540462383
d28b73ad220110d1179dbaddb6ae0ceab96ae75f;d28b73ad22;-;-;Thu Oct 25 10:12:01 2018 +0200;1540455121;-;-;Thu Oct 25 10:12:01 2018 +0200;1540455121
56a8526f3cb5ce3645cb47eca1fc7ba8b06c1e55;56a8526f3c;-;-;Thu Oct 25 00:29:08 2018 +0200;1540420148;-;-;Thu Oct 25 00:29:08 2018 +0200;1540420148
fb2565f2fead03840383fc1c0fa244287b398cc6;fb2565f2fe;-;-;Wed Oct 24 23:57:33 2018 +0200;1540418253;-;-;Wed Oct 24 23:57:33 2018 +0200;1540418253
50a4769162061f2e16dca7176f8b431093f08a27;50a4769162;-;-;Wed Oct 24 21:18:57 2018 +0200;1540408737;-;-;Wed Oct 24 21:18:57 2018 +0200;1540408737
ffa032e78f573bc37652112cbe3ff6e48299ef14;ffa032e78f;-;-;Wed Oct 24 20:46:26 2018 +0200;1540406786;-;-;Wed Oct 24 20:46:26 2018 +0200;1540406786
f0f1979fc534ff6d742c0ab62fce84fd6aa3e7f1;f0f1979fc5;-;-;Wed Oct 24 20:44:58 2018 +0200;1540406698;-;-;Wed Oct 24 20:44:58 2018 +0200;1540406698
488a1d45618b9d9f0ad204dfc97edca463184e8c;488a1d4561;-;-;Wed Oct 24 16:27:12 2018 +0200;1540391232;-;-;Wed Oct 24 16:28:21 2018 +0200;1540391301
611019b73ca1f8edc83d5a2961267655002c3ab7;611019b73c;-;-;Wed Oct 24 10:52:17 2018 +0200;1540371137;-;-;Wed Oct 24 16:28:21 2018 +0200;1540391301
11a017d8b7396e1fd2cd29a01cde7ec38ce37590;11a017d8b7;-;-;Wed Oct 24 10:10:24 2018 +0200;1540368624;-;-;Wed Oct 24 16:28:21 2018 +0200;1540391301
2439f87a48554baed2de64afad8d3bdd7a7de37b;2439f87a48;-;-;Tue Oct 23 21:41:27 2018 -0400;1540345287;-;-;Tue Oct 23 21:41:27 2018 -0400;1540345287
2ba5ded3068c7de411267857b999364c263bbf17;2ba5ded306;-;-;Tue Oct 23 21:34:42 2018 -0400;1540344882;-;-;Tue Oct 23 21:34:42 2018 -0400;1540344882
2eae37dde038cdc92a08a41d083f7b9c7cd0074d;2eae37dde0;-;-;Tue Oct 23 16:42:31 2018 -0400;1540327351;-;-;Tue Oct 23 16:42:31 2018 -0400;1540327351
42b7c5a79b3651dfac622ca1429656832787c0ba;42b7c5a79b;-;-;Tue Oct 23 15:12:05 2018 -0400;1540321925;-;-;Tue Oct 23 15:52:05 2018 -0400;1540324325
1cb08f5782bc2c9dc2a2be1364440b44cafc43f2;1cb08f5782;-;-;Tue Oct 23 19:34:39 2018 +0200;1540316079;-;-;Tue Oct 23 19:34:39 2018 +0200;1540316079
feeec344e530aeb32c0d9d36588b7fb821ac0e9e;feeec344e5;-;-;Tue Oct 23 11:52:09 2018 -0400;1540309929;-;-;Tue Oct 23 11:53:46 2018 -0400;1540310026
51bb96db4784c5da02c3d1e72926415d8aa4c5c7;51bb96db47;-;-;Tue Oct 23 16:34:33 2018 +0200;1540305273;-;-;Tue Oct 23 16:41:48 2018 +0200;1540305708
eac9e66c4688a97fd21b45875c31a85b83d748df;eac9e66c46;-;-;Tue Oct 23 16:23:12 2018 +0200;1540304592;-;-;Tue Oct 23 16:41:48 2018 +0200;1540305708
28cf7b728f6967eba4f2cf645a41c591d41f78cb;28cf7b728f;-;-;Mon Oct 22 20:31:41 2018 +0200;1540233101;-;-;Mon Oct 22 20:31:41 2018 +0200;1540233101
f68b1e0bce23b0d09c9b6da5f80505813a41515a;f68b1e0bce;-;-;Mon Oct 22 18:54:18 2018 +0200;1540227258;-;-;Mon Oct 22 18:54:18 2018 +0200;1540227258
c3c2383b0ddccb4fd0fb25d41efa36ebe9e13a3b;c3c2383b0d;-;-;Mon Oct 22 18:53:23 2018 +0200;1540227203;-;-;Mon Oct 22 18:53:23 2018 +0200;1540227203
41e6aa6de2f2d8f8a322d41241ee99e75b39c1b2;41e6aa6de2;-;-;Mon Oct 22 12:03:19 2018 -0400;1540224199;-;-;Mon Oct 22 12:13:18 2018 -0400;1540224798
de453ace86074886b87184bf09a770e07e933d45;de453ace86;-;-;Mon Oct 22 11:46:02 2018 -0400;1540223162;-;-;Mon Oct 22 11:46:02 2018 -0400;1540223162
0176d362beec843620ff74b3f6c44d1db9226e06;0176d362be;-;-;Mon Oct 22 15:28:51 2018 +0200;1540214931;-;-;Mon Oct 22 16:00:32 2018 +0200;1540216832
946ec7e22e114e297bc099c89cac1ab5ead9cbb4;946ec7e22e;-;-;Mon Oct 22 13:39:22 2018 +0200;1540208362;-;-;Mon Oct 22 16:00:32 2018 +0200;1540216832
a64e85fcc669e04adb2152547d748ef15ea99aa3;a64e85fcc6;-;-;Mon Oct 22 13:38:23 2018 +0200;1540208303;-;-;Mon Oct 22 16:00:32 2018 +0200;1540216832
47fe05066d987aa6d523a399b6fe832daf1fef75;47fe05066d;-;-;Mon Oct 22 12:46:32 2018 +0200;1540205192;-;-;Mon Oct 22 16:00:32 2018 +0200;1540216832
a37efc98813e4f04621b51fc5462af2e205a5941;a37efc9881;-;-;Mon Oct 22 12:44:32 2018 +0200;1540205072;-;-;Mon Oct 22 16:00:32 2018 +0200;1540216832
f738273486204becf7bce1f25df9bf6d6d8b0507;f738273486;-;-;Mon Oct 22 12:28:06 2018 +0200;1540204086;-;-;Mon Oct 22 16:00:32 2018 +0200;1540216832
1c67ef4bed5e067ae1427683d917aab2750b4418;1c67ef4bed;-;-;Mon Oct 22 15:14:08 2018 +0200;1540214048;-;-;Mon Oct 22 15:14:08 2018 +0200;1540214048
dd2ce20687f14f1a501c54ef75eeb56d1bd501f5;dd2ce20687;-;-;Mon Oct 22 15:13:58 2018 +0200;1540214038;-;-;Mon Oct 22 15:13:58 2018 +0200;1540214038
83a54dba7e6c279e85e9e57b2bb979e686002acc;83a54dba7e;-;-;Mon Oct 22 15:13:49 2018 +0200;1540214029;-;-;Mon Oct 22 15:13:49 2018 +0200;1540214029
85262a7932eaafc466dbb805366811da5e91b23b;85262a7932;-;-;Mon Oct 22 14:53:14 2018 +0200;1540212794;-;-;Mon Oct 22 14:53:14 2018 +0200;1540212794
862dd239759053db0a6afc6c8f1703570f21a73f;862dd23975;-;-;Fri Oct 19 21:45:14 2018 -0400;1539999914;-;-;Fri Oct 19 21:45:14 2018 -0400;1539999914
149d416e8e7a256838c4e0a2b65c9023e31a5e3b;149d416e8e;-;-;Fri Oct 19 11:16:26 2018 +0200;1539940586;-;-;Fri Oct 19 12:16:18 2018 +0200;1539944178
1621125ccf183412280293bff9523e06c44d1e58;1621125ccf;-;-;Thu Oct 18 22:22:04 2018 -0400;1539915724;-;-;Thu Oct 18 22:49:47 2018 -0400;1539917387
a0b42a3dfd83d5a7bdafa8cd50338899b0f279c1;a0b42a3dfd;-;-;Thu Oct 18 18:05:26 2018 +0200;1539878726;-;-;Thu Oct 18 18:05:26 2018 +0200;1539878726
5b5f7190bf9a2a90e5faa13fedcae2895b6e67e4;5b5f7190bf;-;-;Thu Oct 18 18:05:07 2018 +0200;1539878707;-;-;Thu Oct 18 18:05:07 2018 +0200;1539878707
7ff938b3ef0e20e3f18544abb53c3bf17d3a15ec;7ff938b3ef;-;-;Thu Oct 18 18:04:32 2018 +0200;1539878672;-;-;Thu Oct 18 18:04:32 2018 +0200;1539878672
da23505e94e7108a7c6e16485a50f16ec66bd03a;da23505e94;-;-;Thu Oct 18 18:04:04 2018 +0200;1539878644;-;-;Thu Oct 18 18:04:04 2018 +0200;1539878644
00b7782b5f09c46f17b30ea0dda28f87efe242b8;00b7782b5f;-;-;Thu Oct 18 18:03:44 2018 +0200;1539878624;-;-;Thu Oct 18 18:03:44 2018 +0200;1539878624
6f0c869afef7807e9ef43eea21e05b4c5f5f2a8e;6f0c869afe;-;-;Thu Oct 18 17:16:34 2018 +0200;1539875794;-;-;Thu Oct 18 17:16:34 2018 +0200;1539875794
857b6006758e2509d6108a104735382ed0e9010d;857b600675;-;-;Thu Oct 18 17:09:53 2018 +0200;1539875393;-;-;Thu Oct 18 17:09:53 2018 +0200;1539875393
d303c8a20f70f623ebdf6861868041f8664de403;d303c8a20f;-;-;Thu Oct 18 14:48:45 2018 +0200;1539866925;-;-;Thu Oct 18 14:48:45 2018 +0200;1539866925
ab8310b5f37df0e1e86595acec05aff402c8f574;ab8310b5f3;-;-;Thu Oct 18 11:18:29 2018 +0200;1539854309;-;-;Thu Oct 18 11:18:29 2018 +0200;1539854309
fdaceeb6c97ae166a9c09f00678383b266dfe2e3;fdaceeb6c9;-;-;Tue Oct 16 16:49:46 2018 -0400;1539722986;-;-;Tue Oct 16 16:49:46 2018 -0400;1539722986
2c5a1af236e6c90460b2279fd0a871d0fc6c9d6e;2c5a1af236;-;-;Tue Oct 16 16:40:02 2018 +0200;1539700802;-;-;Tue Oct 16 16:40:02 2018 +0200;1539700802
f8859108871a98191c76c7780e5e88634ac4dd9d;f885910887;-;-;Mon Oct 15 14:39:20 2018 -0400;1539628760;-;-;Mon Oct 15 14:39:20 2018 -0400;1539628760
e14cf699c8926f219d5a91cdfa0fd25ebf6b8b6d;e14cf699c8;-;-;Mon Oct 15 14:04:15 2018 -0400;1539626655;-;-;Mon Oct 15 14:04:15 2018 -0400;1539626655
93bb78ec235c691a1a092cb6b6c19c236deaa5ab;93bb78ec23;-;-;Mon Oct 15 12:26:38 2018 +0200;1539599198;-;-;Mon Oct 15 12:26:38 2018 +0200;1539599198
b2bf5fe0f312f48e7d38678b103cf3692ba6ccb5;b2bf5fe0f3;-;-;Mon Oct 15 07:20:38 2018 +0000;1539588038;-;-;Mon Oct 15 07:20:38 2018 +0000;1539588038
423aa28ed584b4ff6e5bad218c09beef5e91951e;423aa28ed5;-;-;Wed Oct 3 14:13:56 2018 -0400;1538590436;-;-;Sun Oct 14 22:49:25 2018 -0400;1539571765
50949415d71dea9ff07d4f5d2ad85732e46918a0;50949415d7;-;-;Mon Oct 15 00:39:25 2018 +0200;1539556765;-;-;Mon Oct 15 00:39:25 2018 +0200;1539556765
608fd766cb0ba461992101579ecc3223a23ace86;608fd766cb;-;-;Mon Oct 15 00:01:45 2018 +0200;1539554505;-;-;Mon Oct 15 00:01:45 2018 +0200;1539554505
58b3af94758ea8e6f5521dfecfcf3ab9d3610456;58b3af9475;-;-;Sun Oct 14 23:29:46 2018 +0200;1539552586;-;-;Sun Oct 14 23:29:46 2018 +0200;1539552586
5f2d47a17eaba88a19e011e600f4f09f262e88bf;5f2d47a17e;-;-;Sun Oct 14 21:07:56 2018 +0200;1539544076;-;-;Sun Oct 14 21:07:56 2018 +0200;1539544076
2255d222e311ade8813308626ea2da954c7825c0;2255d222e3;-;-;Sat Oct 13 10:44:49 2018 +0200;1539420289;-;-;Sat Oct 13 11:44:49 2018 +0300;1539420289
ecd0d7f0f6bc26c12f7bc1ed85aad4618bc726e2;ecd0d7f0f6;-;-;Fri Oct 12 17:09:51 2018 -0400;1539378591;-;-;Fri Oct 12 17:11:35 2018 -0400;1539378695
309e70a48e6c8ce5e3199d31a753f08d82f60020;309e70a48e;-;-;Fri Oct 12 22:53:50 2018 +0200;1539377630;-;-;Fri Oct 12 22:53:50 2018 +0200;1539377630
658c7f99d7a2ce6a931bf6b0c61d662ca6f57afb;658c7f99d7;-;-;Fri Oct 12 15:41:42 2018 -0400;1539373302;-;-;Fri Oct 12 15:41:42 2018 -0400;1539373302
c5ca56bd50af8e86be58feb8f69080f719045ff7;c5ca56bd50;-;-;Fri Oct 12 12:15:45 2018 -0400;1539360945;-;-;Fri Oct 12 12:15:45 2018 -0400;1539360945
05830912a563ee60a67616167a78b08c5c9e9e4e;05830912a5;-;-;Fri Oct 12 16:15:12 2018 +0200;1539353712;-;-;Fri Oct 12 16:15:12 2018 +0200;1539353712
bfc5ad890ed8519f23e8e3983e5e29dcc3fdcaf7;bfc5ad890e;-;-;Fri Oct 12 16:00:31 2018 +0200;1539352831;-;-;Fri Oct 12 16:00:31 2018 +0200;1539352831
b7e4a56e5c2b4773479fc9c7a301f523d314b587;b7e4a56e5c;-;-;Fri Oct 12 13:17:28 2018 +0200;1539343048;-;-;Fri Oct 12 13:17:28 2018 +0200;1539343048
0b2c482e29d43d0fc7d938bb28f35eb9bf4df772;0b2c482e29;-;-;Fri Oct 12 13:17:14 2018 +0200;1539343034;-;-;Fri Oct 12 13:17:14 2018 +0200;1539343034
dcf2861db506f0be7fb1789424651a1406c1e18a;dcf2861db5;-;-;Fri Oct 12 13:17:01 2018 +0200;1539343021;-;-;Fri Oct 12 13:17:01 2018 +0200;1539343021
547499528883a584651fdc12279331d56a32c5e7;5474995288;-;-;Fri Oct 12 12:14:00 2018 +0200;1539339240;-;-;Fri Oct 12 12:14:00 2018 +0200;1539339240
a2ae5f6972cd1b989e04d3aba46c226bf6ab9f2b;a2ae5f6972;-;-;Fri Oct 12 12:01:50 2018 +0200;1539338510;-;-;Fri Oct 12 12:01:50 2018 +0200;1539338510
4ee704cedfb6c7e02843bde24cf75f630f6b64b6;4ee704cedf;-;-;Thu Oct 11 14:01:40 2018 +0800;1539237700;-;-;Thu Oct 11 20:26:01 2018 -0400;1539303961
8df0bc88d2f9f662919881ed3081f133656e37c8;8df0bc88d2;-;-;Thu Oct 11 19:10:11 2018 -0400;1539299411;-;-;Thu Oct 11 20:25:56 2018 -0400;1539303956
c567e65eea1f2bee2776c4b4df020bb4d036cf90;c567e65eea;-;-;Thu Oct 11 13:51:38 2018 -0400;1539280298;-;-;Thu Oct 11 19:47:37 2018 -0400;1539301657
050f44d75bd06386477e34ffb1ca700653ccbd9a;050f44d75b;-;-;Thu Oct 11 12:15:32 2018 -0400;1539274532;-;-;Thu Oct 11 19:47:37 2018 -0400;1539301657
60b5161fbe0d209fc9191d4edca7a92247cef6a3;60b5161fbe;-;-;Thu Oct 11 20:30:43 2018 +0200;1539282643;-;-;Thu Oct 11 20:30:43 2018 +0200;1539282643
10d5de7d630587bfa96f4f6998ab141693d55386;10d5de7d63;-;-;Thu Oct 11 14:37:14 2018 +0200;1539261434;-;-;Thu Oct 11 14:37:14 2018 +0200;1539261434
8de5c05af0015dca8aad94e474a33814c13539ad;8de5c05af0;-;-;Thu Oct 11 13:43:13 2018 +0200;1539258193;-;-;Thu Oct 11 13:44:06 2018 +0200;1539258246
f12c28e402e584075f26b91a4a482e98e4b9dcb8;f12c28e402;-;-;Tue Oct 9 22:58:00 2018 +0200;1539118680;-;-;Thu Oct 11 12:11:47 2018 +0200;1539252707
ce7278aaf4f20348862267c2081c20dc5bd77128;ce7278aaf4;-;-;Wed Oct 3 21:18:24 2018 +0200;1538594304;-;-;Thu Oct 11 12:11:47 2018 +0200;1539252707
61403e3bd38da03e3eec41b331aaf71a48e26122;61403e3bd3;-;-;Thu Oct 11 10:38:49 2018 +0200;1539247129;-;-;Thu Oct 11 10:52:32 2018 +0200;1539247952
cc172bcedcb44aa7eda242cf76fee715e908e857;cc172bcedc;-;-;Thu Oct 11 10:46:01 2018 +0200;1539247561;-;-;Thu Oct 11 10:46:01 2018 +0200;1539247561
e18149878cb21fb7508ce29fde4813e30845d51c;e18149878c;-;-;Wed Oct 10 23:53:33 2018 +0200;1539208413;-;-;Wed Oct 10 23:53:33 2018 +0200;1539208413
c89e3e6e0da9947dc1d9b9957577986e5599343b;c89e3e6e0d;-;-;Wed Oct 10 23:53:13 2018 +0200;1539208393;-;-;Wed Oct 10 23:53:13 2018 +0200;1539208393
d05924165b4709e85efaa9465068358657f15a3b;d05924165b;-;-;Wed Oct 10 14:33:51 2018 -0400;1539196431;-;-;Wed Oct 10 14:33:51 2018 -0400;1539196431
82a211fa966767bc1ac78fbaa79f210a5a99f5b1;82a211fa96;-;-;Wed Oct 10 10:45:08 2018 +0200;1539161108;-;-;Wed Oct 10 10:45:08 2018 +0200;1539161108
062805fcb3012d5bdad6c93c6b9e33b62ffc4312;062805fcb3;-;-;Tue Oct 9 10:55:18 2018 +0200;1539075318;-;-;Wed Oct 10 10:19:11 2018 +0200;1539159551
053820c4ffd98193f8c1c90f50b09203972e7283;053820c4ff;-;-;Tue Oct 9 23:14:49 2018 +0200;1539119689;-;-;Tue Oct 9 23:14:49 2018 +0200;1539119689
f662e3b85eb4c41087fcf5bb35f23fbfb1020b42;f662e3b85e;-;-;Tue Oct 9 23:14:27 2018 +0200;1539119667;-;-;Tue Oct 9 23:14:27 2018 +0200;1539119667
44afed426aaf5a78bcc41e11873d42f5fde73210;44afed426a;-;-;Tue Oct 9 23:14:19 2018 +0200;1539119659;-;-;Tue Oct 9 23:14:19 2018 +0200;1539119659
83909e6e1e1c70090ebdbb791bf9a8a21e901430;83909e6e1e;-;-;Tue Oct 9 23:14:13 2018 +0200;1539119653;-;-;Tue Oct 9 23:14:13 2018 +0200;1539119653
fdf340306dc337e1de575ce40fc0c80e439679e3;fdf340306d;-;-;Tue Oct 9 23:14:05 2018 +0200;1539119645;-;-;Tue Oct 9 23:14:05 2018 +0200;1539119645
d9e72535328ff56e447a9ec69b95263da8a8495b;d9e7253532;-;-;Tue Oct 9 23:13:58 2018 +0200;1539119638;-;-;Tue Oct 9 23:13:58 2018 +0200;1539119638
2b986af310f4bbbfbd3b19816fe243e60152a9ac;2b986af310;-;-;Tue Oct 9 23:13:46 2018 +0200;1539119626;-;-;Tue Oct 9 23:13:46 2018 +0200;1539119626
c8c0737ce712569a7e03a97dfe7ef11cbbc33e39;c8c0737ce7;-;-;Tue Oct 9 23:13:37 2018 +0200;1539119617;-;-;Tue Oct 9 23:13:37 2018 +0200;1539119617
19f33479322c17543b48d2a2ee9d68e95a3925f0;19f3347932;-;-;Tue Oct 9 23:13:25 2018 +0200;1539119605;-;-;Tue Oct 9 23:13:25 2018 +0200;1539119605
efdbddd358eceb8cbd7b6ae2f6066b978fed089d;efdbddd358;-;-;Tue Oct 9 23:13:18 2018 +0200;1539119598;-;-;Tue Oct 9 23:13:18 2018 +0200;1539119598
cf3635b42df3a8a0a14c5f12f2b2846155ce4bb1;cf3635b42d;-;-;Tue Oct 9 23:13:11 2018 +0200;1539119591;-;-;Tue Oct 9 23:13:11 2018 +0200;1539119591
1e0de072f950bc804edb564c23af4bf3ac101731;1e0de072f9;-;-;Tue Oct 9 23:13:02 2018 +0200;1539119582;-;-;Tue Oct 9 23:13:02 2018 +0200;1539119582
bb5c8ed4e8061eaf8ba990f1d54c3a6f761cf868;bb5c8ed4e8;-;-;Tue Oct 9 16:51:41 2018 -0400;1539118301;-;-;Tue Oct 9 16:51:41 2018 -0400;1539118301
c01f350abee4dee43873d79acf0ec85980d98755;c01f350abe;-;-;Tue Oct 9 16:26:24 2018 -0400;1539116784;-;-;Tue Oct 9 16:26:24 2018 -0400;1539116784
928c5414014ef5f812198422c0e4be03cad936ce;928c541401;-;-;Tue Oct 9 15:22:19 2018 -0400;1539112939;-;-;Tue Oct 9 15:22:19 2018 -0400;1539112939
bef22ec9b5aad7a030a033e2271b1e7be6adf37d;bef22ec9b5;-;-;Tue Oct 9 14:55:04 2018 -0400;1539111304;-;-;Tue Oct 9 14:55:04 2018 -0400;1539111304
29ff8a8d121af3223b33236215068762ea74d46f;29ff8a8d12;-;-;Tue Oct 9 11:51:21 2018 -0400;1539100281;-;-;Tue Oct 9 11:56:47 2018 -0400;1539100607
af6a5566a30adcace0a05ed7285e7f40e49d8f0b;af6a5566a3;-;-;Mon Oct 8 13:08:00 2018 +0200;1538996880;-;-;Mon Oct 8 14:00:12 2018 +0200;1539000012
635d2146dbcf2b1792bcbbf93615fa5391da04b9;635d2146db;-;-;Sun Oct 7 13:46:13 2018 +0200;1538912773;-;-;Sun Oct 7 13:46:13 2018 +0200;1538912773
963044525350a84d20a5ea0b5e21cdff4cd609c6;9630445253;-;-;Fri Oct 5 21:27:07 2018 -0400;1538789227;-;-;Fri Oct 5 21:27:07 2018 -0400;1538789227
1c90d481d5f313cebde3689b30b29b9a28f77ca1;1c90d481d5;-;-;Fri Oct 5 16:37:56 2018 -0400;1538771876;-;-;Fri Oct 5 16:37:56 2018 -0400;1538771876
d16a710d1378467793f908abd51f7d787992ca02;d16a710d13;-;-;Fri Oct 5 16:36:19 2018 -0400;1538771779;-;-;Fri Oct 5 16:36:19 2018 -0400;1538771779
4d245033174be5a4067d86ef25f2768736227bad;4d24503317;-;-;Fri Oct 5 15:54:38 2018 -0400;1538769278;-;-;Fri Oct 5 15:54:38 2018 -0400;1538769278
1489457025e64de16bfccf376e509cf313bf3e90;1489457025;-;-;Fri Oct 5 13:50:41 2018 -0400;1538761841;-;-;Fri Oct 5 13:50:41 2018 -0400;1538761841
9064ef59f90dc4ee0fad390ad306fbf4b6ee3576;9064ef59f9;-;-;Fri Oct 5 12:12:49 2018 -0400;1538755969;-;-;Fri Oct 5 12:12:49 2018 -0400;1538755969
983bce125f3e7b4e0be809cc60ae372c0083d441;983bce125f;-;-;Thu Oct 4 19:24:16 2018 +0300;1538670256;-;-;Fri Oct 5 11:39:19 2018 -0400;1538753959
80e7819d6f253c3c51013f717f1dbdbe3ea23cbc;80e7819d6f;-;-;Fri Oct 5 12:09:47 2018 +0100;1538737787;-;-;Fri Oct 5 13:20:28 2018 +0200;1538738428
cb4fa3795a5ef7d15230901b65087ccec331e65a;cb4fa3795a;-;-;Fri Oct 5 09:21:23 2018 +0200;1538724083;-;-;Fri Oct 5 09:21:23 2018 +0200;1538724083
ff7ccf0d4eeb081858f270bb154f911a1960f871;ff7ccf0d4e;-;-;Thu Oct 4 15:20:18 2018 +0200;1538659218;-;-;Thu Oct 4 16:50:11 2018 +0200;1538664611
9975646ffb2eea135a9094fb65a65f617325e242;9975646ffb;-;-;Thu Oct 4 15:18:08 2018 +0200;1538659088;-;-;Thu Oct 4 15:18:08 2018 +0200;1538659088
38e5c01c3c3822c52188c6f1dfa04c52149a5df4;38e5c01c3c;-;-;Thu Oct 4 15:15:36 2018 +0200;1538658936;-;-;Thu Oct 4 15:15:36 2018 +0200;1538658936
3ff573142954a88625bf23d590582b225f9795ca;3ff5731429;-;-;Wed Oct 3 11:17:35 2018 +0200;1538558255;-;-;Wed Oct 3 14:14:47 2018 +0200;1538568887
1320fed7fef6d8be480a020d46ae9a0bff4a131f;1320fed7fe;-;-;Tue Oct 2 09:35:14 2018 -0400;1538487314;-;-;Tue Oct 2 09:37:32 2018 -0400;1538487452
e63bffcfa0c741577edb826c0256493178e23389;e63bffcfa0;-;-;Tue Oct 2 13:07:20 2018 +0200;1538478440;-;-;Tue Oct 2 13:07:20 2018 +0200;1538478440
77205ca165b504cf61fe0619285364bb620f79d0;77205ca165;-;-;Tue Oct 2 13:06:16 2018 +0200;1538478376;-;-;Tue Oct 2 13:06:16 2018 +0200;1538478376
31095f1d4e9eb270da9ec83a35733c0528e81e6c;31095f1d4e;-;-;Tue Oct 2 12:43:17 2018 +0200;1538476997;-;-;Tue Oct 2 12:43:17 2018 +0200;1538476997
49bc7466406d4c5c4cbec97fc82692516470b721;49bc746640;-;-;Tue Oct 2 12:41:07 2018 +0200;1538476867;-;-;Tue Oct 2 12:41:07 2018 +0200;1538476867
1b8421c7fe8ff7d2c1b2f36ebd33ab6e6dd22973;1b8421c7fe;-;-;Tue Oct 2 03:18:45 2018 -0700;1538475525;-;-;Tue Oct 2 06:18:45 2018 -0400;1538475525
00353a073c23c5fbe5ac180c8b0847c5db57ea3a;00353a073c;-;-;Mon Oct 1 21:29:33 2018 +0200;1538422173;-;-;Mon Oct 1 21:48:49 2018 +0200;1538423329
9fed4d0375c9f6bec71672f1d25c0e4ace972c57;9fed4d0375;-;-;Mon Oct 1 21:28:48 2018 +0200;1538422128;-;-;Mon Oct 1 21:48:02 2018 +0200;1538423282
fc03707445b330e9cde86725af72a3afbc6b5d14;fc03707445;-;-;Mon Oct 1 18:23:02 2018 +0200;1538410982;-;-;Mon Oct 1 21:47:46 2018 +0200;1538423266
7aa933437c874122fef10a3cb8282359312e8d6e;7aa933437c;-;-;Mon Oct 1 12:01:28 2018 -0400;1538409688;-;-;Mon Oct 1 12:01:28 2018 -0400;1538409688
a8f4c596fde0b9dff23a111187f7a03615f1aa5b;a8f4c596fd;-;-;Wed Sep 26 21:17:07 2018 +0300;1537985827;-;-;Sun Sep 30 20:29:11 2018 +0200;1538332151
058f027c5befb92bc1e20378d7f483589ab951f5;058f027c5b;-;-;Sat Sep 29 18:58:13 2018 +0200;1538240293;-;-;Sat Sep 29 18:58:13 2018 +0200;1538240293
2ec41c815389a61625b110a4ca6e94f8315ca225;2ec41c8153;-;-;Sat Sep 29 18:57:56 2018 +0200;1538240276;-;-;Sat Sep 29 18:57:56 2018 +0200;1538240276
ad29f97a05d01d4d92a925194fb64108188764c9;ad29f97a05;-;-;Sat Sep 29 17:16:25 2018 +0200;1538234185;-;-;Sat Sep 29 17:16:25 2018 +0200;1538234185
9063e66c5d114855e46b910ab33ae2276fe2bdc2;9063e66c5d;-;-;Sat Sep 29 17:15:53 2018 +0200;1538234153;-;-;Sat Sep 29 17:15:53 2018 +0200;1538234153
d6dfde3e5bb7131d6dc5bcdeb409f00017799bbb;d6dfde3e5b;-;-;Sat Sep 29 17:10:03 2018 +0200;1538233803;-;-;Sat Sep 29 17:10:03 2018 +0200;1538233803
333e3272892444511c5c5ec101b18cbc49293092;333e327289;-;-;Sat Sep 29 17:09:30 2018 +0200;1538233770;-;-;Sat Sep 29 17:09:30 2018 +0200;1538233770
255015fc6b0547cfc2fbf3feec3d7e85333d1d40;255015fc6b;-;-;Sat Sep 29 17:08:57 2018 +0200;1538233737;-;-;Sat Sep 29 17:08:57 2018 +0200;1538233737
6ff8cd8a9ff571cfef82d472b3835853be3afd6d;6ff8cd8a9f;-;-;Tue Sep 25 14:21:45 2018 -0400;1537899705;-;-;Tue Sep 25 14:21:45 2018 -0400;1537899705
a76b8deda58926d9850aa6a5076a920a631ce098;a76b8deda5;-;-;Mon Sep 24 00:27:50 2018 +0200;1537741670;-;-;Mon Sep 24 00:27:50 2018 +0200;1537741670
7ca6b9f7d2196153307b93ea7df6fc52abb06902;7ca6b9f7d2;-;-;Sun Sep 23 17:26:40 2018 +0200;1537716400;-;-;Sun Sep 23 17:26:40 2018 +0200;1537716400
51ba322947a17a477ca1b93784224a8711de0a6c;51ba322947;-;-;Sun Sep 23 14:44:15 2018 +0200;1537706655;-;-;Sun Sep 23 14:44:15 2018 +0200;1537706655
9e2912e1dd214f613a1b25810c3b08f785543a9d;9e2912e1dd;-;-;Sun Sep 23 13:30:17 2018 +0200;1537702217;-;-;Sun Sep 23 13:30:17 2018 +0200;1537702217
6d226326c942843e454d9f261e296a5120672ef5;6d226326c9;-;-;Fri Sep 21 16:06:09 2018 -0500;1537563969;-;-;Fri Sep 21 23:27:03 2018 +0200;1537565223
45ecfc6df9be349b80b937b17546bd417f360ea0;45ecfc6df9;-;-;Fri Sep 21 16:33:04 2018 +0200;1537540384;-;-;Fri Sep 21 16:33:04 2018 +0200;1537540384
59e87f950b892b43e549c52b9b7cf05959072355;59e87f950b;-;-;Fri Sep 21 16:32:06 2018 +0200;1537540326;-;-;Fri Sep 21 16:32:06 2018 +0200;1537540326
917bb53718625323d54fbe24635a7ae5c3d07e60;917bb53718;-;-;Fri Sep 21 15:40:00 2018 +0200;1537537200;-;-;Fri Sep 21 15:40:34 2018 +0200;1537537234
f7263abbf0df4950d19fd59236c7a61be6d6f77a;f7263abbf0;-;-;Fri Sep 21 14:45:25 2018 +0200;1537533925;-;-;Fri Sep 21 15:29:49 2018 +0200;1537536589
2a6da6a6236640668cc10f9104587569bbc208d7;2a6da6a623;-;-;Fri Sep 21 07:27:05 2018 +0000;1537514825;-;-;Fri Sep 21 07:27:05 2018 +0000;1537514825
92b3f2aee7c742ad55bd2ae657937d2f449de5e1;92b3f2aee7;-;-;Thu Sep 20 10:37:31 2018 -0400;1537454251;-;-;Thu Sep 20 10:38:28 2018 -0400;1537454308
80e52de2313b38defaf61bdd0657d976cb55d8d3;80e52de231;-;-;Thu Sep 20 11:55:50 2018 +0200;1537437350;-;-;Thu Sep 20 11:55:50 2018 +0200;1537437350
75627617c971333e60a9635f4b762853e3989da5;75627617c9;-;-;Thu Sep 20 11:31:42 2018 +0200;1537435902;-;-;Thu Sep 20 11:31:42 2018 +0200;1537435902
3f5a7bbf049ff63f0f7b7c99925442efae6af636;3f5a7bbf04;-;-;Thu Sep 20 11:29:59 2018 +0200;1537435799;-;-;Thu Sep 20 11:29:59 2018 +0200;1537435799
093a863906da8e455966cf6cb2e96ebd22e8bc6c;093a863906;-;-;Thu Sep 20 11:11:50 2018 +0200;1537434710;-;-;Thu Sep 20 11:11:50 2018 +0200;1537434710
90c29b3af3a4fe5d1bb735a80273826658e406cb;90c29b3af3;-;-;Thu Sep 20 10:49:07 2018 +0200;1537433347;-;-;Thu Sep 20 10:49:07 2018 +0200;1537433347
f7839675f6e6097144fb2d4125c8bbc85fd11cc3;f7839675f6;-;-;Wed Sep 19 23:44:16 2018 +0200;1537393456;-;-;Thu Sep 20 00:21:38 2018 +0200;1537395698
47d6e9122751efc78f41632483302d365bb1a2ca;47d6e91227;-;-;Wed Sep 19 23:40:32 2018 +0200;1537393232;-;-;Thu Sep 20 00:21:38 2018 +0200;1537395698
b6b880ce274396b93a85fe8fb9225f2b5a6b798d;b6b880ce27;-;-;Wed Sep 19 23:05:40 2018 +0200;1537391140;-;-;Wed Sep 19 23:05:40 2018 +0200;1537391140
7481d73456b0e5a845912efe323ce8fddd8eb712;7481d73456;-;-;Wed Sep 19 16:53:57 2018 -0400;1537390437;-;-;Wed Sep 19 16:53:57 2018 -0400;1537390437
288a9ecd186f35e47c401108e04575ed570e2e2e;288a9ecd18;-;-;Wed Sep 19 16:27:17 2018 -0400;1537388837;-;-;Wed Sep 19 16:28:57 2018 -0400;1537388937
a278e878e8e7bc16818d8a7f757e19b878554045;a278e878e8;-;-;Wed Sep 19 22:20:14 2018 +0200;1537388414;-;-;Wed Sep 19 22:20:14 2018 +0200;1537388414
082c524cbe51c0e478e6e315f236f9b542a48ee0;082c524cbe;-;-;Wed Sep 19 22:19:49 2018 +0200;1537388389;-;-;Wed Sep 19 22:19:49 2018 +0200;1537388389
d3c08552e9f9c5e0061cd1b518e4167d4a02ef9b;d3c08552e9;-;-;Wed Sep 19 22:19:43 2018 +0200;1537388383;-;-;Wed Sep 19 22:19:43 2018 +0200;1537388383
50c95427960c620d86068ac2deae8a6220eac636;50c9542796;-;-;Wed Sep 19 22:19:28 2018 +0200;1537388368;-;-;Wed Sep 19 22:19:28 2018 +0200;1537388368
a6f9c4c59913420eb1fdbfac9c82e3e6d83303db;a6f9c4c599;-;-;Wed Sep 19 11:54:05 2018 -0400;1537372445;-;-;Wed Sep 19 11:54:05 2018 -0400;1537372445
af58263744e16d9bac7ee6bb4688189afa621b48;af58263744;-;-;Wed Sep 19 16:37:50 2018 +0200;1537367870;-;-;Wed Sep 19 16:37:50 2018 +0200;1537367870
8a4835368dadf1df14a149dd997722edf3efd8c5;8a4835368d;-;-;Tue Sep 11 13:24:03 2018 +0200;1536665043;-;-;Wed Sep 19 13:24:45 2018 +0200;1537356285
1756f837013a9fe4384ff75b364ae5705f831e01;1756f83701;-;-;Tue Sep 18 21:25:36 2018 +0200;1537298736;-;-;Tue Sep 18 21:25:36 2018 +0200;1537298736
d94e9225f465f2ace799c9c775d4ba88358b82e7;d94e9225f4;-;-;Tue Sep 18 18:50:37 2018 +0200;1537289437;-;-;Tue Sep 18 18:50:37 2018 +0200;1537289437
65ca7f49099e83e9fd7b911839321b10625ce852;65ca7f4909;-;-;Tue Sep 18 17:19:37 2018 +0200;1537283977;-;-;Tue Sep 18 17:19:37 2018 +0200;1537283977
0204b082b1d4b008fc6dc94a0085f1a3baf03ca1;0204b082b1;-;-;Tue Sep 18 20:09:58 2018 +0500;1537283398;-;-;Tue Sep 18 17:17:47 2018 +0200;1537283867
5b25aaacb6ed65e1d5cd922df0f7fbe3e74e2cf2;5b25aaacb6;-;-;Tue Sep 18 16:42:09 2018 +0200;1537281729;-;-;Tue Sep 18 16:42:09 2018 +0200;1537281729
6431b2504596b27fa6268ea744ba7b699bb2d73c;6431b25045;-;-;Tue Sep 18 15:43:14 2018 +0200;1537278194;-;-;Tue Sep 18 15:47:37 2018 +0200;1537278457
745aeda581fc555831219aa3e16a24927c5d2c82;745aeda581;-;-;Tue Sep 18 15:38:06 2018 +0200;1537277886;-;-;Tue Sep 18 15:44:36 2018 +0200;1537278276
c634b2fae786a67c6f075a1130e5079192731bf1;c634b2fae7;-;-;Tue Sep 18 15:30:43 2018 +0200;1537277443;-;-;Tue Sep 18 15:30:43 2018 +0200;1537277443
00a3afcda8019a8bcc7c0289fd2f3d41e34b1313;00a3afcda8;-;-;Mon Sep 17 09:36:43 2018 -0500;1537195003;-;-;Tue Sep 18 11:37:48 2018 +0200;1537263468
b29a278b2a89aeb60130c8bc29f0552523592e39;b29a278b2a;-;-;Wed Sep 5 10:15:53 2018 -0500;1536160553;-;-;Tue Sep 18 11:37:12 2018 +0200;1537263432
95ff22cb7e4dcb5b133997a1e5f3d347109232f2;95ff22cb7e;-;-;Thu Aug 30 10:29:17 2018 -0500;1535642957;-;-;Tue Sep 18 11:36:23 2018 +0200;1537263383
395e3d008cc3fa63dbfc7319fad0f29120e84053;395e3d008c;-;-;Fri Aug 24 16:18:42 2018 -0500;1535145522;-;-;Tue Sep 18 11:35:33 2018 +0200;1537263333
d0ada5653f02954c7d1b5014e798400e6846828e;d0ada5653f;-;-;Tue Sep 18 11:20:33 2018 +0200;1537262433;-;-;Tue Sep 18 11:20:33 2018 +0200;1537262433
0948edb39de875cd7fd7e336e5e98a635886b4e4;0948edb39d;-;-;Mon Sep 17 19:09:55 2018 +0200;1537204195;-;-;Mon Sep 17 19:09:55 2018 +0200;1537204195
c8869d99f58c697bf69a6761a27ced75ad771980;c8869d99f5;-;-;Mon Sep 17 19:09:21 2018 +0200;1537204161;-;-;Mon Sep 17 19:09:21 2018 +0200;1537204161
69e8bcdf401ececad932e9502b67ddeacfe2e36e;69e8bcdf40;-;-;Mon Sep 17 19:09:07 2018 +0200;1537204147;-;-;Mon Sep 17 19:09:07 2018 +0200;1537204147
c385a1de83b8712fa5c53f85c23a82d66531e7eb;c385a1de83;-;-;Mon Sep 17 15:00:33 2018 +0200;1537189233;-;-;Mon Sep 17 15:17:39 2018 +0200;1537190259
88ab911cf1d712b00167f64c17b714a4822a0e32;88ab911cf1;-;-;Mon Sep 17 14:49:40 2018 +0200;1537188580;-;-;Mon Sep 17 14:50:05 2018 +0200;1537188605
51f7a3e40fe520ba596d0dac1b5aa1f260966375;51f7a3e40f;-;-;Mon Sep 17 14:26:56 2018 +0200;1537187216;-;-;Mon Sep 17 14:26:56 2018 +0200;1537187216
34663300a6952e1c708e0ec39296e4fdf3d85feb;34663300a6;-;-;Mon Sep 17 14:22:19 2018 +0200;1537186939;-;-;Mon Sep 17 14:22:19 2018 +0200;1537186939
cc87fbcb7fba7c4f630842d5f88692ae1228a7b3;cc87fbcb7f;-;-;Mon Sep 17 11:07:48 2018 +0100;1537178868;-;-;Mon Sep 17 12:25:39 2018 +0200;1537179939
c4aea626fe1772e4522ba14457d496e2b77f3c6a;c4aea626fe;-;-;Mon Sep 17 11:59:04 2018 +0200;1537178344;-;-;Mon Sep 17 12:01:33 2018 +0200;1537178493
a680880a9bd86b160283ed22de925955b48e70df;a680880a9b;-;-;Tue Sep 11 13:24:03 2018 +0200;1536665043;-;-;Mon Sep 17 10:34:52 2018 +0200;1537173292
8e83f140d43b5dd6552d6c0b83d0ba3a3824c580;8e83f140d4;-;-;Sat Sep 15 00:17:17 2018 +0200;1536963437;-;-;Sat Sep 15 00:17:17 2018 +0200;1536963437
db8e9eafb208860f53911c5f352074142b7f74ea;db8e9eafb2;-;-;Fri Sep 14 14:38:11 2018 -0400;1536950291;-;-;Fri Sep 14 18:06:46 2018 -0400;1536962806
41d4cb5cbf608a3ef6b0585f675091c427dba5d7;41d4cb5cbf;-;-;Fri Sep 14 23:56:25 2018 +0200;1536962185;-;-;Fri Sep 14 23:56:25 2018 +0200;1536962185
12240c7524ee81deab6049dbfa59b5963f4ff2e7;12240c7524;-;-;Fri Sep 14 12:37:00 2018 -0400;1536943020;-;-;Fri Sep 14 12:37:00 2018 -0400;1536943020
e62298eaadf2e6b0587c18dd309bd7b2f2686e74;e62298eaad;-;-;Fri Sep 14 12:20:03 2018 -0400;1536942003;-;-;Fri Sep 14 12:20:03 2018 -0400;1536942003
66c66baa8f5f55e6cabb1165093f0e27d9d681c2;66c66baa8f;-;-;Fri Sep 14 14:03:53 2018 +0200;1536926633;-;-;Fri Sep 14 14:03:53 2018 +0200;1536926633
cf9641686bcd17c3d256405743a61e63a4744c92;cf9641686b;-;-;Thu Sep 13 20:58:24 2018 -0400;1536886704;-;-;Thu Sep 13 20:59:22 2018 -0400;1536886762
97cea7f36e264c2b193ae71609a44b6bd34e31b7;97cea7f36e;-;-;Thu Sep 13 20:24:36 2018 +0200;1536863076;-;-;Thu Sep 13 20:24:36 2018 +0200;1536863076
77887ef739d3cb6a85bee6cc1027fc200bea3698;77887ef739;-;-;Thu Sep 13 20:24:27 2018 +0200;1536863067;-;-;Thu Sep 13 20:24:27 2018 +0200;1536863067
cbc0fad961034493436c29e14bce0ed457a776f5;cbc0fad961;-;-;Thu Sep 13 18:23:42 2018 +0200;1536855822;-;-;Thu Sep 13 18:23:42 2018 +0200;1536855822
65c8fa400f7b6b42c97468eba9c5f12beaccac41;65c8fa400f;-;-;Thu Sep 13 18:23:19 2018 +0200;1536855799;-;-;Thu Sep 13 18:23:19 2018 +0200;1536855799
068565172e5d95f971dd6ee9a126d148d8ea028d;068565172e;-;-;Thu Sep 13 16:38:59 2018 +0200;1536849539;-;-;Thu Sep 13 16:53:28 2018 +0200;1536850408
cde677a1f4f12e8337ab0fa25c36b63ddc792103;cde677a1f4;-;-;Tue Sep 11 13:24:03 2018 +0200;1536665043;-;-;Thu Sep 13 16:12:13 2018 +0200;1536847933
184340ff8ef9aba9510e1c94817cf49cf27bd9bb;184340ff8e;-;-;Wed Sep 12 21:17:08 2018 +0200;1536779828;-;-;Wed Sep 12 21:32:43 2018 +0200;1536780763
9cb8b4bb0a6c9b715d4bf51abee6b65ccc9bea9d;9cb8b4bb0a;-;-;Wed Sep 12 17:30:19 2018 +0200;1536766219;-;-;Wed Sep 12 17:30:19 2018 +0200;1536766219
b6d32ef55f6fcc7aeaf5a874f125e0172a8e5362;b6d32ef55f;-;-;Wed Sep 12 14:59:10 2018 +0200;1536757150;-;-;Wed Sep 12 14:59:10 2018 +0200;1536757150
b83bc39ecd7a2b10f95a40d1f35cceeaf7bcecf1;b83bc39ecd;-;-;Wed Sep 12 14:02:45 2018 +0200;1536753765;-;-;Wed Sep 12 14:02:45 2018 +0200;1536753765
45936f0ddd1435b2d86885b7000cfa418c850f6e;45936f0ddd;-;-;Wed Sep 12 12:26:29 2018 +0200;1536747989;-;-;Wed Sep 12 12:26:29 2018 +0200;1536747989
43a814b070c73b0d36701080cebfbc22ff8a9bc4;43a814b070;-;-;Tue Sep 11 23:39:19 2018 +0900;1536676759;-;-;Tue Sep 11 17:19:32 2018 +0200;1536679172
bffa4b88afea035d209cffe63e643c2b8688802f;bffa4b88af;-;-;Tue Sep 11 13:19:40 2018 +0200;1536664780;-;-;Tue Sep 11 15:57:30 2018 +0200;1536674250
dcac30c41cbf91ccc818ed7a1c97e8efa3fd9bd2;dcac30c41c;-;-;Tue Sep 11 14:57:31 2018 +0200;1536670651;-;-;Tue Sep 11 14:57:31 2018 +0200;1536670651
f35f7db29bb1cc02ce602dceb4846ccef551423e;f35f7db29b;-;-;Tue Sep 11 13:34:57 2018 +0200;1536665697;-;-;Tue Sep 11 13:36:44 2018 +0200;1536665804
09af706af6857d67708071703c515b3554b2576a;09af706af6;-;-;Tue Sep 11 13:24:41 2018 +0200;1536665081;-;-;Tue Sep 11 13:36:44 2018 +0200;1536665804
1a0522b8057dead47c90404d629c7597d0787dce;1a0522b805;-;-;Tue Sep 11 13:24:03 2018 +0200;1536665043;-;-;Tue Sep 11 13:36:44 2018 +0200;1536665804
1da4d504c4e9c2f8f290c24c1f786f8bfc18904b;1da4d504c4;-;-;Tue Sep 11 13:10:45 2018 +0200;1536664245;-;-;Tue Sep 11 13:10:45 2018 +0200;1536664245
e47355078c131ee572afad1692128bfcfe2ca642;e47355078c;-;-;Mon Sep 10 12:36:40 2018 +0200;1536575800;-;-;Mon Sep 10 12:36:40 2018 +0200;1536575800
28208310dc18a4b7e1ee42003d7f9766bdfad922;28208310dc;-;-;Mon Sep 10 12:36:07 2018 +0200;1536575767;-;-;Mon Sep 10 12:36:07 2018 +0200;1536575767
c06b9525ac780f4020d9d78059633eba9b887de6;c06b9525ac;-;-;Mon Sep 10 11:31:37 2018 +0200;1536571897;-;-;Mon Sep 10 11:31:37 2018 +0200;1536571897
e49896d95f9e75d69745dfdfc7db450039042f8c;e49896d95f;-;-;Mon Sep 10 10:52:24 2018 +0200;1536569544;-;-;Mon Sep 10 10:52:24 2018 +0200;1536569544
6c487f7799facf630dfcf93e81eaf3044d245d38;6c487f7799;-;-;Fri Sep 7 18:11:18 2018 +0200;1536336678;-;-;Fri Sep 7 18:11:18 2018 +0200;1536336678
aa848d54ffa281165cf258ae020811b2d9b18fc7;aa848d54ff;-;-;Fri Sep 7 10:42:33 2018 -0500;1536334953;-;-;Fri Sep 7 18:00:06 2018 +0200;1536336006
3abebb3799e3a549a3ad9b17ac56e93678ff8e9c;3abebb3799;-;-;Fri Sep 7 13:23:22 2018 +0200;1536319402;-;-;Fri Sep 7 13:23:22 2018 +0200;1536319402
87fac79b90bbc270dd613baa7f8a05d9e7ea8ee2;87fac79b90;-;-;Fri Sep 7 12:58:20 2018 +0200;1536317900;-;-;Fri Sep 7 12:58:20 2018 +0200;1536317900
90a4740279dbc5b747093613a5d3b1bca750e1d4;90a4740279;-;-;Fri Sep 7 12:56:53 2018 +0200;1536317813;-;-;Fri Sep 7 12:56:53 2018 +0200;1536317813
c803ad7998e5b6b59975e844fce69b9171a59731;c803ad7998;-;-;Fri Sep 7 12:56:23 2018 +0200;1536317783;-;-;Fri Sep 7 12:56:23 2018 +0200;1536317783
84ec382201b1f786660219d5e5e3c51a2d0bcfae;84ec382201;-;-;Fri Sep 7 12:56:15 2018 +0200;1536317775;-;-;Fri Sep 7 12:56:15 2018 +0200;1536317775
8d45e3e7ef2722f47ba3e5d402e80ec686effe4f;8d45e3e7ef;-;-;Fri Sep 7 11:17:52 2018 +0200;1536311872;-;-;Fri Sep 7 11:39:30 2018 +0200;1536313170
c8627c05edb7fa5a9299edbc520dd57f7f4e3dcc;c8627c05ed;-;-;Fri Sep 7 09:10:48 2018 +0200;1536304248;-;-;Fri Sep 7 09:10:48 2018 +0200;1536304248
f30d19b72411485dc50057d7a21a05472c697747;f30d19b724;-;-;Thu Sep 6 16:20:03 2018 -0400;1536265203;-;-;Thu Sep 6 16:20:03 2018 -0400;1536265203
2163fa94a7f0b8bf5de1398f0a79249f342f497c;2163fa94a7;-;-;Thu Sep 6 15:13:45 2018 -0400;1536261225;-;-;Thu Sep 6 15:16:01 2018 -0400;1536261361
f55a6051dfe0ea51fc82196cb6ca3c9a4e1570ff;f55a6051df;-;-;Thu Sep 6 18:36:49 2018 +0200;1536251809;-;-;Thu Sep 6 18:36:49 2018 +0200;1536251809
c450f8dd82a19bbabe164f607a450dc6dc1f12bb;c450f8dd82;-;-;Thu Sep 6 15:58:41 2018 +0200;1536242321;-;-;Thu Sep 6 15:58:58 2018 +0200;1536242338
fd352b84b36bf65099c387b812cd7d62190ae5c6;fd352b84b3;-;-;Thu Sep 6 14:31:36 2018 +0200;1536237096;-;-;Thu Sep 6 14:36:19 2018 +0200;1536237379
8658a357c822564e2b3fe9408a17ada5f6e48bdd;8658a357c8;-;-;Wed Sep 5 21:49:33 2018 -0400;1536198573;-;-;Wed Sep 5 21:49:33 2018 -0400;1536198573
d537a1cfb48b628af19d45641be87e6dec2460e8;d537a1cfb4;-;-;Wed Sep 5 21:17:04 2018 -0400;1536196624;-;-;Wed Sep 5 21:17:04 2018 -0400;1536196624
3302798e2ff515205183f9a26a2aca8d92cc5352;3302798e2f;-;-;Wed Sep 5 19:48:28 2018 -0400;1536191308;-;-;Wed Sep 5 19:48:28 2018 -0400;1536191308
d570f8245630e16a9e556c92b0cb18d36f76ae36;d570f82456;-;-;Sat Aug 18 01:20:59 2018 +0900;1534522859;-;-;Wed Sep 5 17:16:14 2018 -0400;1536182174
f87a37fd0d9519d2b6a9efb4395acf9a1cf05bc8;f87a37fd0d;-;-;Wed Sep 5 09:41:13 2018 -0700;1536165673;-;-;Wed Sep 5 09:41:13 2018 -0700;1536165673
48c660fa41ec954a566ea1891018aa83fece9667;48c660fa41;-;-;Wed Sep 5 16:53:59 2018 +0200;1536159239;-;-;Wed Sep 5 16:53:59 2018 +0200;1536159239
f8a0e3d08436f2ebe787c18d5744cfdd21aa9805;f8a0e3d084;-;-;Wed Sep 5 16:46:12 2018 +0200;1536158772;-;-;Wed Sep 5 16:46:12 2018 +0200;1536158772
259b2ca5f4de3fd97ae8a06ab6c5b4b49fb69c99;259b2ca5f4;-;-;Wed Sep 5 11:03:55 2018 +0200;1536138235;-;-;Wed Sep 5 11:08:07 2018 +0200;1536138487
196c0adf47868467ec9242daea81ce7e0246a152;196c0adf47;-;-;Mon Sep 3 10:10:14 2018 +0200;1535962214;-;-;Wed Sep 5 11:07:57 2018 +0200;1536138477
306768234785fd8f88dfeddca123837f99c3bdc8;3067682347;-;-;Tue Sep 4 23:02:35 2018 +0200;1536094955;-;-;Tue Sep 4 23:02:35 2018 +0200;1536094955
7041e5e8e37041ae5e609f334ba78536da4dbe17;7041e5e8e3;-;-;Tue Sep 4 22:13:37 2018 +0200;1536092017;-;-;Tue Sep 4 22:13:37 2018 +0200;1536092017
1bdbc7bdef75709bec7abc3972db23c8211b17d1;1bdbc7bdef;-;-;Tue Sep 4 16:42:46 2018 +0200;1536072166;-;-;Tue Sep 4 16:42:46 2018 +0200;1536072166
bff2d2cc8567f576c5831b17463287016f8fb035;bff2d2cc85;-;-;Tue Sep 4 14:47:37 2018 +0200;1536065257;-;-;Tue Sep 4 14:47:37 2018 +0200;1536065257
ab086f4225c6e39ad322c162d997981bc27ac5f8;ab086f4225;-;-;Fri Aug 24 13:17:42 2018 +1000;1535080662;-;-;Tue Sep 4 14:20:05 2018 +0200;1536063605
326895246d85a26721fee56209366bd44bbc5f96;326895246d;-;-;Tue Sep 4 13:55:22 2018 +0200;1536062122;-;-;Tue Sep 4 13:55:22 2018 +0200;1536062122
2c1dca5b5e5089af3ed092ffb1fd2b7fd65db776;2c1dca5b5e;-;-;Tue Sep 4 13:46:41 2018 +0200;1536061601;-;-;Tue Sep 4 13:46:41 2018 +0200;1536061601
454cd933d474db8a42b64abe5acd0008dd849b38;454cd933d4;-;-;Mon Sep 3 22:17:02 2018 +0200;1536005822;-;-;Mon Sep 3 22:17:02 2018 +0200;1536005822
dcdf9c09f5b352b9f81c18a22f9b6baa791f5eaf;dcdf9c09f5;-;-;Mon Sep 3 10:24:35 2018 +0200;1535963075;-;-;Mon Sep 3 10:24:35 2018 +0200;1535963075
95a56cd28dd2feb78d1f5d670a8e5f9a118a41e4;95a56cd28d;-;-;Fri Aug 31 12:41:40 2018 +0200;1535712100;-;-;Fri Aug 31 12:41:40 2018 +0200;1535712100
51cee658d5da9de2f0749129d7f0904fd0e2af91;51cee658d5;-;-;Fri Aug 31 12:41:22 2018 +0200;1535712082;-;-;Fri Aug 31 12:41:22 2018 +0200;1535712082
8c6f3505c42efe05120c7acb180497f67cedc026;8c6f3505c4;-;-;Fri Aug 31 12:40:43 2018 +0200;1535712043;-;-;Fri Aug 31 12:40:43 2018 +0200;1535712043
78cad0fdd3c0e0cac6f5460380605a4d970b8825;78cad0fdd3;-;-;Fri Aug 31 12:40:04 2018 +0200;1535712004;-;-;Fri Aug 31 12:40:04 2018 +0200;1535712004
a689daadf9e4b47c2cbcfa20dff0658e5e1cbda3;a689daadf9;-;-;Tue Aug 28 13:53:01 2018 +0200;1535457181;-;-;Tue Aug 28 13:53:01 2018 +0200;1535457181
fb3c1881ca4a31bae111cc1511612bc2feb105fe;fb3c1881ca;-;-;Tue Aug 28 11:31:50 2018 +0200;1535448710;-;-;Tue Aug 28 11:32:40 2018 +0200;1535448760
280da61d5c9594e6541725ea67af9dda1a5943a7;280da61d5c;-;-;Mon Aug 27 21:16:37 2018 +0200;1535397397;-;-;Mon Aug 27 21:17:10 2018 +0200;1535397430
1dac0df38b3063bb6edecf766028af58c5169868;1dac0df38b;-;-;Mon Aug 27 22:35:00 2018 +0900;1535376900;-;-;Mon Aug 27 15:35:00 2018 +0200;1535376900
7dba79c7c1e46b8154980fe64e29e1acba065eb5;7dba79c7c1;-;-;Sun Aug 26 22:43:50 2018 +0300;1535312630;-;-;Sun Aug 26 22:48:21 2018 +0200;1535316501
4883b8aa0362b71a62bc806843d9e14c988509c1;4883b8aa03;-;-;Sun Aug 26 22:07:07 2018 +0200;1535314027;-;-;Sun Aug 26 22:07:07 2018 +0200;1535314027
08ba53dd0e0206fcfd72658c58371ccbe5a1ffaa;08ba53dd0e;-;-;Sun Aug 26 21:49:21 2018 +0200;1535312961;-;-;Sun Aug 26 21:49:21 2018 +0200;1535312961
52c91910b28f3046b3fd2f68040fdf9bc95bc2dc;52c91910b2;-;-;Sun Aug 26 15:03:05 2018 +0200;1535288585;-;-;Sun Aug 26 15:03:05 2018 +0200;1535288585
4b86d428906e718d7f6e9e63e284ac23b7a90ade;4b86d42890;-;-;Fri Aug 24 13:45:40 2018 +0200;1535111140;-;-;Fri Aug 24 13:45:40 2018 +0200;1535111140
03f1920106456c76ceddcb7fd486345a4d0de0bb;03f1920106;-;-;Fri Aug 24 12:06:52 2018 +0200;1535105212;-;-;Fri Aug 24 12:06:52 2018 +0200;1535105212
70568087162ca59350e601c4d52f239fc834aeaa;7056808716;-;-;Fri Aug 24 11:21:50 2018 +0200;1535102510;-;-;Fri Aug 24 11:21:50 2018 +0200;1535102510
9614817e884367da0c20539da5391968d74a0b51;9614817e88;-;-;Fri Aug 24 00:49:01 2018 +0200;1535064541;-;-;Fri Aug 24 00:49:01 2018 +0200;1535064541
f6ee2508efdb77555d6884bbcb545deddad73065;f6ee2508ef;-;-;Thu Aug 23 18:24:18 2018 +0200;1535041458;-;-;Thu Aug 23 18:24:18 2018 +0200;1535041458
2bb15f7ed221bb1206a4551ebc93e2c94dd116e4;2bb15f7ed2;-;-;Thu Aug 23 17:59:44 2018 +0200;1535039984;-;-;Thu Aug 23 17:59:44 2018 +0200;1535039984
482115f3ceb502ccda98002c9a885de41aac88e6;482115f3ce;-;-;Thu Aug 23 16:52:16 2018 +0200;1535035936;-;-;Thu Aug 23 16:52:16 2018 +0200;1535035936
35c847a708d58876bed07869c78676af042d9fcd;35c847a708;-;-;Thu Aug 23 16:45:10 2018 +0200;1535035510;-;-;Thu Aug 23 16:45:10 2018 +0200;1535035510
253ffd719d5942dc5f6ff6a7cb7c264dd02188e1;253ffd719d;-;-;Thu Aug 23 15:09:12 2018 +0200;1535029752;-;-;Thu Aug 23 15:09:12 2018 +0200;1535029752
62cb8ba6ba335f0664efef7b49e276baa262a5dc;62cb8ba6ba;-;-;Thu Aug 16 15:43:37 2018 -0500;1534452217;-;-;Thu Aug 23 10:56:54 2018 +0200;1535014614
7fdd1372aeb1c4a2ad25e4de44fef4d726601215;7fdd1372ae;-;-;Thu Aug 23 09:48:09 2018 +0200;1535010489;-;-;Thu Aug 23 09:48:09 2018 +0200;1535010489
f13f041fae58cbb8bd45a7321d4d88e4e91be93e;f13f041fae;-;-;Wed Aug 22 14:13:12 2018 +0200;1534939992;-;-;Wed Aug 22 14:13:12 2018 +0200;1534939992
6ef0938a9206d0034bf4d565554ec82b9735cd23;6ef0938a92;-;-;Wed Aug 22 14:12:39 2018 +0200;1534939959;-;-;Wed Aug 22 14:12:39 2018 +0200;1534939959
c55a9072aa7c95796d67b7322b3bed4c26890f60;c55a9072aa;-;-;Wed Aug 22 19:04:07 2018 +0800;1534935847;-;-;Wed Aug 22 13:04:07 2018 +0200;1534935847
709b18517717f2237b24d290095da99d0df02cf7;709b185177;-;-;Tue Aug 21 16:16:28 2018 +0200;1534860988;-;-;Tue Aug 21 16:16:28 2018 +0200;1534860988
89e2caa4f3a823f2e704a3d59209ba1fa324f7ae;89e2caa4f3;-;-;Mon Aug 20 09:43:57 2018 +0200;1534751037;-;-;Mon Aug 20 09:43:57 2018 +0200;1534751037
a8fbac8472ffaf5df2aad9cdb0f9c649c9b5b128;a8fbac8472;-;-;Sat Aug 18 18:15:05 2018 +0200;1534608905;-;-;Sat Aug 18 18:15:05 2018 +0200;1534608905
1d59e52f118fe36b1321bc51e58759d8cd93c377;1d59e52f11;-;-;Sat Aug 18 12:05:39 2018 +0200;1534586739;-;-;Sat Aug 18 12:05:39 2018 +0200;1534586739
a6a6cf7d97c1e2c91fbfdf004abdcb9e133ce901;a6a6cf7d97;-;-;Fri Aug 17 16:01:15 2018 +0200;1534514475;-;-;Fri Aug 17 16:01:15 2018 +0200;1534514475
2ac23badee02697c5eb87c46f955387b32a0d581;2ac23badee;-;-;Fri Aug 17 09:54:14 2018 +0200;1534492454;-;-;Fri Aug 17 09:54:14 2018 +0200;1534492454
ad88c02bc3bc031916e65b0a777cbce561848bca;ad88c02bc3;-;-;Fri Aug 17 09:53:47 2018 +0300;1534488827;-;-;Fri Aug 17 09:53:47 2018 +0300;1534488827
498984324dab871b43a9aff9021d44df443ee0a3;498984324d;-;-;Fri Aug 17 09:47:00 2018 +0300;1534488420;-;-;Fri Aug 17 09:47:00 2018 +0300;1534488420
0dd9e8ce022d2dce6d612ba52681ac97fdc39d4e;0dd9e8ce02;-;-;Thu Aug 16 21:04:23 2018 +0200;1534446263;-;-;Thu Aug 16 21:47:02 2018 +0200;1534448822
6bcb454a0d653c9deaa4b18b38e6f1f6bd68fae1;6bcb454a0d;-;-;Thu Aug 16 19:31:10 2018 +0200;1534440670;-;-;Thu Aug 16 19:31:10 2018 +0200;1534440670
84300b796cbd974b81ff3406502e3a7cd6cf1397;84300b796c;-;-;Thu Aug 16 18:51:31 2018 +0200;1534438291;-;-;Thu Aug 16 18:51:31 2018 +0200;1534438291
1eb06fcd9093c3aee754bd0084daa2c2229c14c1;1eb06fcd90;-;-;Thu Aug 16 16:34:36 2018 +0200;1534430076;-;-;Thu Aug 16 18:17:07 2018 +0200;1534436227
50b6f9da1dec8b4402490b91114e3e007e75162c;50b6f9da1d;-;-;Thu Aug 16 17:30:44 2018 +0200;1534433444;-;-;Thu Aug 16 17:30:44 2018 +0200;1534433444
31c7807ac94ecccf1432740d1f138f333952b3ee;31c7807ac9;-;-;Thu Aug 16 17:39:19 2018 +0300;1534430359;-;-;Thu Aug 16 18:21:00 2018 +0300;1534432860
04d2d1da0dc3a904862697035a118b62deaad637;04d2d1da0d;-;-;Thu Aug 16 15:32:44 2018 +0200;1534426364;-;-;Thu Aug 16 15:32:44 2018 +0200;1534426364
dc55da09888cfb2e85a01449602aab1ba7d1cee7;dc55da0988;-;-;Thu Aug 16 13:02:27 2018 +0200;1534417347;-;-;Thu Aug 16 13:02:27 2018 +0200;1534417347
5d7fb1a1c2e4925d23a6e4aed37362a174184154;5d7fb1a1c2;-;-;Thu Aug 16 12:08:26 2018 +0200;1534414106;-;-;Thu Aug 16 12:08:26 2018 +0200;1534414106
2ec8fa9cac25c2d0de10aedc5f64d53c5a5fc638;2ec8fa9cac;-;-;Thu Aug 16 12:08:02 2018 +0200;1534414082;-;-;Thu Aug 16 12:08:02 2018 +0200;1534414082
446a604ad032b7a7f63f1c9d2d007913102edcc3;446a604ad0;-;-;Thu Aug 16 09:30:20 2018 +0200;1534404620;-;-;Thu Aug 16 09:30:20 2018 +0200;1534404620
cd403f4180cefea7ab7893125389eedb6f89464c;cd403f4180;-;-;Wed Aug 15 20:56:27 2018 +0200;1534359387;-;-;Wed Aug 15 20:56:27 2018 +0200;1534359387
23fc6f6b1d9a77a5b391502572d137e3bdd7e5f4;23fc6f6b1d;-;-;Wed Aug 15 20:52:40 2018 +0200;1534359160;-;-;Wed Aug 15 20:52:40 2018 +0200;1534359160
432cdd7802b9d1109eb02925d45782b6c99b9e01;432cdd7802;-;-;Wed Aug 15 20:24:14 2018 +0200;1534357454;-;-;Wed Aug 15 20:24:14 2018 +0200;1534357454
d3be1cc6cb2ef68e0fc1d5b6b30cd62905bedd44;d3be1cc6cb;-;-;Wed Aug 15 17:57:56 2018 +0200;1534348676;-;-;Wed Aug 15 17:57:56 2018 +0200;1534348676
69e4f21f9023c319f36e49b239b5388485b22480;69e4f21f90;-;-;Wed Aug 15 17:43:23 2018 +0200;1534347803;-;-;Wed Aug 15 17:43:23 2018 +0200;1534347803
109a2b49e5bf843721a2db8ca4e79899ac2d4ca6;109a2b49e5;-;-;Wed Aug 15 17:30:14 2018 +0200;1534347014;-;-;Wed Aug 15 17:30:14 2018 +0200;1534347014
50dc8c2358b531bb36f01932480c677c172eb1cc;50dc8c2358;-;-;Wed Aug 15 17:17:24 2018 +0200;1534346244;-;-;Wed Aug 15 17:17:24 2018 +0200;1534346244
d20d95b7acc2c754bdbbfb0c54f2ebbf9b016b35;d20d95b7ac;-;-;Wed Aug 15 16:17:05 2018 +0200;1534342625;-;-;Wed Aug 15 16:17:05 2018 +0200;1534342625
4d7b265258f82d25e1398b0188922d153b1064f7;4d7b265258;-;-;Wed Aug 15 15:37:49 2018 +0200;1534340269;-;-;Wed Aug 15 15:37:49 2018 +0200;1534340269
f2506ca7a1fa5cc437e351d991e80461284246d1;f2506ca7a1;-;-;Wed Aug 15 15:15:35 2018 +0200;1534338935;-;-;Wed Aug 15 15:15:35 2018 +0200;1534338935
1b54d2119d26672139031ea9ffce1c9a28e6f2ea;1b54d2119d;-;-;Wed Aug 15 12:27:45 2018 +0200;1534328865;-;-;Wed Aug 15 12:27:45 2018 +0200;1534328865
a87b319a6fce130b8b13a2cacf21ed2b1b4bcbd9;a87b319a6f;-;-;Wed Aug 15 12:16:47 2018 +0200;1534328207;-;-;Wed Aug 15 12:16:47 2018 +0200;1534328207
7e9173350270377354d5518a4604da695fed33d0;7e91733502;-;-;Wed Aug 15 10:58:41 2018 +0200;1534323521;-;-;Wed Aug 15 11:59:16 2018 +0200;1534327156
04141dee65ff5e078e2a9137ff7052351f6ab66c;04141dee65;-;-;Wed Aug 15 10:57:51 2018 +0300;1534319871;-;-;Wed Aug 15 10:57:51 2018 +0300;1534319871
6027cf22558d6c92cd8de9bfd5fb0bc68dd299dd;6027cf2255;-;-;Tue Aug 14 20:42:40 2018 +0200;1534272160;-;-;Tue Aug 14 20:42:40 2018 +0200;1534272160
c0c9e08bf9b0844fdfd05cb96cbc74a7b83e7c52;c0c9e08bf9;-;-;Tue Aug 14 20:36:29 2018 +0200;1534271789;-;-;Tue Aug 14 20:36:29 2018 +0200;1534271789
de38af684309eadefa3b5e817dfb7e4e24a04017;de38af6843;-;-;Tue Aug 14 20:33:30 2018 +0200;1534271610;-;-;Tue Aug 14 20:33:30 2018 +0200;1534271610
3e4d3052919c817d45ca6c6e33528266251a7db8;3e4d305291;-;-;Tue Aug 14 17:34:17 2018 +0300;1534257257;-;-;Tue Aug 14 17:34:17 2018 +0300;1534257257
7a0c03e05e0206e350e24ee647970b064ce5f21f;7a0c03e05e;-;-;Tue Aug 14 15:48:14 2018 +0300;1534250894;-;-;Tue Aug 14 15:48:46 2018 +0300;1534250926
2f732a8dea7c056a24afbafd59747118d56f5106;2f732a8dea;-;-;Tue Aug 14 13:01:09 2018 +0300;1534240869;-;-;Tue Aug 14 13:01:09 2018 +0300;1534240869
1bc08c61e1edd3f3afc655ef03f3d5bcf2017b8f;1bc08c61e1;-;-;Tue Aug 14 12:29:31 2018 +0300;1534238971;-;-;Tue Aug 14 12:29:31 2018 +0300;1534238971
bdac39150f7137ab244590131d3d8b825ccc9e5d;bdac39150f;-;-;Mon Aug 13 14:31:19 2018 +0200;1534163479;-;-;Mon Aug 13 14:40:04 2018 +0200;1534164004
24ed6de6aaece130fa38e758712cedf6987212d0;24ed6de6aa;-;-;Mon Aug 6 20:49:01 2018 +0100;1533584941;-;-;Mon Aug 13 14:40:04 2018 +0200;1534164004
ac544924c8c8fba65fa12f0cfacf64ac603dd22c;ac544924c8;-;-;Mon Aug 13 14:29:36 2018 +0200;1534163376;-;-;Mon Aug 13 14:36:37 2018 +0200;1534163797
04a7f0884be7f586d423533460e533a644e73151;04a7f0884b;-;-;Mon Aug 13 12:43:59 2018 +0200;1534157039;-;-;Mon Aug 13 12:43:59 2018 +0200;1534157039
999c7809a7acc0edd5e6a7e673dbc7560993d303;999c7809a7;-;-;Mon Aug 13 12:43:52 2018 +0200;1534157032;-;-;Mon Aug 13 12:43:52 2018 +0200;1534157032
347852e86ab72b16949abeb70f1d470276f7edb2;347852e86a;-;-;Mon Aug 13 12:43:41 2018 +0200;1534157021;-;-;Mon Aug 13 12:43:41 2018 +0200;1534157021
777bd0d022cb61d5570ccb6617a4b77616674a1b;777bd0d022;-;-;Mon Aug 13 12:40:34 2018 +0200;1534156834;-;-;Mon Aug 13 12:40:34 2018 +0200;1534156834
aebbd949a8544d933e69030e5ee0447bb2d9ef99;aebbd949a8;-;-;Mon Aug 13 12:35:19 2018 +0200;1534156519;-;-;Mon Aug 13 12:35:19 2018 +0200;1534156519
8126ffbc8c003ad50ca4e559f28102ee93f65044;8126ffbc8c;-;-;Mon Aug 13 12:22:52 2018 +0200;1534155772;-;-;Mon Aug 13 12:22:52 2018 +0200;1534155772
13c090b41d45d5c3e0e278ad44d784f5a5cdc7aa;13c090b41d;-;-;Mon Aug 13 11:56:18 2018 +0200;1534154178;-;-;Mon Aug 13 11:56:18 2018 +0200;1534154178
1dcb6236a639ff74f9060487ed968a289c13f97f;1dcb6236a6;-;-;Mon Aug 13 11:54:05 2018 +0200;1534154045;-;-;Mon Aug 13 11:54:05 2018 +0200;1534154045
99f012971185bedd86d59cf7e19c8e8b581e36e7;99f0129711;-;-;Mon Aug 13 11:51:18 2018 +0300;1534150278;-;-;Mon Aug 13 11:56:34 2018 +0300;1534150594
430065c31d2c8f6cd332f87bb045e124390fc3aa;430065c31d;-;-;Mon Aug 13 10:48:17 2018 +0300;1534146497;-;-;Mon Aug 13 11:56:34 2018 +0300;1534150594
5322fa0fb71a55fdda1bf22396863d329026ce39;5322fa0fb7;-;-;Mon Aug 13 10:34:17 2018 +0200;1534149257;-;-;Mon Aug 13 10:38:23 2018 +0200;1534149503
20d0221d4f315842ced55ffcf9d26f0bdb139e90;20d0221d4f;-;-;Mon Aug 13 10:15:08 2018 +0200;1534148108;-;-;Mon Aug 13 10:23:00 2018 +0200;1534148580
df51ff03862c6a299f2ff243828ec23608899311;df51ff0386;-;-;Sun Aug 12 20:52:55 2018 +0200;1534099975;-;-;Sun Aug 12 20:52:55 2018 +0200;1534099975
cfb1ed1009bebe7d7fbb10908dbdbf3bae934548;cfb1ed1009;-;-;Sun Aug 12 15:54:38 2018 +0200;1534082078;-;-;Sun Aug 12 15:55:11 2018 +0200;1534082111
c4a7567a5e031cf5e2f58394ff9f01dd6083dc7b;c4a7567a5e;-;-;Sun Aug 12 11:47:28 2018 +0200;1534067248;-;-;Sun Aug 12 11:47:28 2018 +0200;1534067248
8d08935c49c2b56b812e34d186776ea5b08b4e31;8d08935c49;-;-;Sun Aug 12 11:12:53 2018 +0200;1534065173;-;-;Sun Aug 12 11:12:53 2018 +0200;1534065173
30b8d478143cbc044b945b2d787712c6e5e7d4e3;30b8d47814;-;-;Sun Aug 12 10:49:29 2018 +0200;1534063769;-;-;Sun Aug 12 10:49:29 2018 +0200;1534063769
71d4dbea13a993d8801ea814c49bcf562b918c0a;71d4dbea13;-;-;Sat Aug 11 23:10:57 2018 +0200;1534021857;-;-;Sat Aug 11 23:10:57 2018 +0200;1534021857
8bf8092740b439496cd9507fa0c8ccaf5b2e97df;8bf8092740;-;-;Sat Aug 11 22:20:07 2018 +0200;1534018807;-;-;Sat Aug 11 22:20:07 2018 +0200;1534018807
fc16b2d3fb32660f2a1217330083e26fedb70d34;fc16b2d3fb;-;-;Sat Aug 11 01:20:17 2018 +0200;1533943217;-;-;Sat Aug 11 01:20:17 2018 +0200;1533943217
2b2a5a414bcab0711128eb2da7d3e056faf02c99;2b2a5a414b;-;-;Fri Aug 10 19:23:44 2018 +0200;1533921824;-;-;Fri Aug 10 19:23:44 2018 +0200;1533921824
f931a3fb593acc11465057f72e8640412cb02bf6;f931a3fb59;-;-;Fri Aug 10 18:21:09 2018 +0200;1533918069;-;-;Fri Aug 10 18:21:09 2018 +0200;1533918069
aef39e8954a3bde51d20eab598741898d5f7eeaa;aef39e8954;-;-;Fri Aug 10 16:57:32 2018 +0300;1533909452;-;-;Fri Aug 10 16:57:46 2018 +0300;1533909466
aebb2d52e0a33dbf9779ebf3054a110c280d23ff;aebb2d52e0;-;-;Fri Aug 10 15:45:46 2018 +0200;1533908746;-;-;Fri Aug 10 15:45:46 2018 +0200;1533908746
def6fbba89864ee1d8d654f4b2ba2a2d3d14a73e;def6fbba89;-;-;Fri Aug 10 15:45:37 2018 +0200;1533908737;-;-;Fri Aug 10 15:45:37 2018 +0200;1533908737
c437a0d1c3067e781ae3ae73ba197640402e6555;c437a0d1c3;-;-;Fri Aug 10 15:42:30 2018 +0200;1533908550;-;-;Fri Aug 10 15:42:30 2018 +0200;1533908550
309ffc6d0d2e62c85c09ad0ed0eca86eedad8df8;309ffc6d0d;-;-;Fri Aug 10 16:14:22 2018 +0300;1533906862;-;-;Fri Aug 10 16:15:21 2018 +0300;1533906921
61c52d64c568b0992cb197ed49e6ea7ba3dbd548;61c52d64c5;-;-;Fri Aug 10 15:40:48 2018 +0300;1533904848;-;-;Fri Aug 10 16:15:21 2018 +0300;1533906921
282a4ad2f6c5fa5ebd3ca0c4a9fda8be3611e02e;282a4ad2f6;-;-;Fri Aug 10 14:43:16 2018 +0200;1533904996;-;-;Fri Aug 10 14:43:16 2018 +0200;1533904996
8a1588ae295614858089c3382364825aa9f8b7e7;8a1588ae29;-;-;Fri Aug 10 14:28:36 2018 +0200;1533904116;-;-;Fri Aug 10 14:28:46 2018 +0200;1533904126
85ad2a566db13e055e8dd6c28b05673642a9f82f;85ad2a566d;-;-;Fri Aug 10 08:48:21 2018 +0200;1533883701;-;-;Fri Aug 10 08:48:21 2018 +0200;1533883701
20f2e23bfb33488ac495323adba660cfb2aa9a14;20f2e23bfb;-;-;Thu Aug 9 23:57:25 2018 +0200;1533851845;-;-;Thu Aug 9 23:57:25 2018 +0200;1533851845
8ea913392ce71f6a1ee0ee2458d213617f7b2d27;8ea913392c;-;-;Thu Aug 9 18:49:24 2018 +0200;1533833364;-;-;Thu Aug 9 18:49:24 2018 +0200;1533833364
b3ca2d50a28b540b429c2f5a3936a3eaefe60a4f;b3ca2d50a2;-;-;Thu Aug 9 17:31:29 2018 +0200;1533828689;-;-;Thu Aug 9 17:31:29 2018 +0200;1533828689
3a5def047f2aeb8b01d94febdabb52c013c1f676;3a5def047f;-;-;Thu Aug 9 16:12:05 2018 +0200;1533823925;-;-;Thu Aug 9 16:12:05 2018 +0200;1533823925
eddbf13d5d0804e6b4a705933b776969318dec93;eddbf13d5d;-;-;Thu Aug 9 16:06:05 2018 +0200;1533823565;-;-;Thu Aug 9 16:06:05 2018 +0200;1533823565
6b6384a09ed643252e46551d2cf58dbf5b485c88;6b6384a09e;-;-;Thu Aug 9 12:03:40 2018 +0200;1533809020;-;-;Thu Aug 9 15:47:45 2018 +0200;1533822465
8e571decc1ee44daa87347d88475ca50a5f3038f;8e571decc1;-;-;Thu Aug 9 11:59:15 2018 +0200;1533808755;-;-;Thu Aug 9 11:59:15 2018 +0200;1533808755
8f513f85616c606910b2b3ed8569d3cdcb15e85e;8f513f8561;-;-;Thu Aug 9 11:58:57 2018 +0200;1533808737;-;-;Thu Aug 9 11:58:57 2018 +0200;1533808737
57ded51de03825b4acc6c6660d1633b8e211c9f4;57ded51de0;-;-;Thu Aug 9 10:27:45 2018 +0300;1533799665;-;-;Thu Aug 9 10:28:08 2018 +0300;1533799688
915afa77f46a95a13332286b4ab99705c6bec02e;915afa77f4;-;-;Thu Aug 9 03:02:52 2018 +0200;1533776572;-;-;Thu Aug 9 03:07:05 2018 +0200;1533776825
58e970699122e590c0a1413e5c1ecc67f69887c8;58e9706991;-;-;Thu Aug 9 02:26:36 2018 +0200;1533774396;-;-;Thu Aug 9 02:26:36 2018 +0200;1533774396
65f29a39ca055c0001701ab936bf27b55cea3246;65f29a39ca;-;-;Thu Aug 9 01:52:16 2018 +0200;1533772336;-;-;Thu Aug 9 02:26:28 2018 +0200;1533774388
7cf98261ced7035604f5d22068feb354c475aea3;7cf98261ce;-;-;Wed Aug 8 23:56:17 2018 +0200;1533765377;-;-;Wed Aug 8 23:56:17 2018 +0200;1533765377
247ec572b27297561857f0fc551f2a909bb25227;247ec572b2;-;-;Wed Aug 8 23:54:56 2018 +0200;1533765296;-;-;Wed Aug 8 23:54:56 2018 +0200;1533765296
3f7d4b107e5ffaa3ab773e611ff24f8e22071b8f;3f7d4b107e;-;-;Wed Aug 8 23:53:45 2018 +0200;1533765225;-;-;Wed Aug 8 23:53:45 2018 +0200;1533765225
4521a79b2dfd4802bcbe2fba4c841510b5f0da54;4521a79b2d;-;-;Wed Aug 8 23:52:47 2018 +0200;1533765167;-;-;Wed Aug 8 23:52:47 2018 +0200;1533765167
fa72186e28b3541e618be69741317d2655d9f19e;fa72186e28;-;-;Wed Aug 8 23:52:24 2018 +0200;1533765144;-;-;Wed Aug 8 23:52:24 2018 +0200;1533765144
b8b6367f9b22e24f90b758cc9e49fac97b58db89;b8b6367f9b;-;-;Wed Aug 8 23:51:55 2018 +0200;1533765115;-;-;Wed Aug 8 23:51:55 2018 +0200;1533765115
7077af14f1b8e3c34f20acf4a554ecffc0ef36fb;7077af14f1;-;-;Wed Aug 8 17:18:37 2018 +0200;1533741517;-;-;Wed Aug 8 17:19:15 2018 +0200;1533741555
1c628293a2eda10ab07d77f4d2ae832d134c578c;1c628293a2;-;-;Wed Aug 8 17:04:25 2018 +0200;1533740665;-;-;Wed Aug 8 17:16:23 2018 +0200;1533741383
a06e63f6196b1fda18c63128871942a4f46948ec;a06e63f619;-;-;Wed Aug 8 16:48:37 2018 +0300;1533736117;-;-;Wed Aug 8 15:51:05 2018 +0200;1533736265
eacf1d35ee7aacba60f6a736b41731c61cd4a1d1;eacf1d35ee;-;-;Wed Aug 8 16:35:47 2018 +0300;1533735347;-;-;Wed Aug 8 16:35:47 2018 +0300;1533735347
a0dfdfcac3bec6ffdf72ef2b02938a82c04f2a98;a0dfdfcac3;-;-;Wed Aug 8 14:07:01 2018 +0300;1533726421;-;-;Wed Aug 8 15:34:08 2018 +0300;1533731648
c90ab5fb0aa9e295aa4d805929055b881bb6ad39;c90ab5fb0a;-;-;Wed Aug 8 13:34:27 2018 +0300;1533724467;-;-;Wed Aug 8 15:34:08 2018 +0300;1533731648
52f6dcf52567a0582d4d1ec8d5639d37a3ca7a8a;52f6dcf525;-;-;Wed Aug 8 13:25:14 2018 +0200;1533727514;-;-;Wed Aug 8 13:25:14 2018 +0200;1533727514
7b608ab99502fa91d4c5efa40c9709b30623185a;7b608ab995;-;-;Wed Aug 8 13:23:51 2018 +0200;1533727431;-;-;Wed Aug 8 13:23:51 2018 +0200;1533727431
be211ceeadcc5b524e1835348f38ea0c22053bd1;be211ceead;-;-;Wed Aug 8 19:26:40 2018 +0900;1533724000;-;-;Wed Aug 8 12:50:46 2018 +0200;1533725446
896eb5687ab2a0b8bddce46ab9ec766c9987f26e;896eb5687a;-;-;Wed Aug 8 11:31:18 2018 +0200;1533720678;-;-;Wed Aug 8 12:19:42 2018 +0200;1533723582
7e9b7102b7d2f590243613c7459b10d25fdcc8ff;7e9b7102b7;-;-;Wed Aug 8 09:25:23 2018 +0200;1533713123;-;-;Wed Aug 8 10:08:55 2018 +0200;1533715735
b325c74216fd9564a36602158fa1269e2e832874;b325c74216;-;-;Tue Aug 7 20:36:47 2018 +0200;1533667007;-;-;Tue Aug 7 20:36:47 2018 +0200;1533667007
2b051b8b321768a4cfef83077db65c6328ffd60f;2b051b8b32;-;-;Tue Aug 7 20:35:53 2018 +0200;1533666953;-;-;Tue Aug 7 20:35:53 2018 +0200;1533666953
34ddb888510105e2e32e18f1116487c440c42988;34ddb88851;-;-;Tue Aug 7 20:35:34 2018 +0200;1533666934;-;-;Tue Aug 7 20:35:34 2018 +0200;1533666934
a4c750e94c6c9cc4ab37b76ee08720c84d94f3f2;a4c750e94c;-;-;Tue Aug 7 11:24:20 2018 +0200;1533633860;-;-;Tue Aug 7 11:24:20 2018 +0200;1533633860
2d05f2ed47d62a4f23421fe8d6046e239ecdfb09;2d05f2ed47;-;-;Tue Aug 7 11:15:43 2018 +0200;1533633343;-;-;Tue Aug 7 11:15:43 2018 +0200;1533633343
4a18488f30a382ef3bb706053e8aa83faa240a25;4a18488f30;-;-;Tue Aug 7 10:10:27 2018 +0300;1533625827;-;-;Tue Aug 7 10:10:27 2018 +0300;1533625827
6b82a6c38c62aac17010bb9dd9446fc3397d8f2f;6b82a6c38c;-;-;Tue Aug 7 02:47:00 2018 +0200;1533602820;-;-;Tue Aug 7 02:47:00 2018 +0200;1533602820
2938a95435ba1827bcf603076812f8efa8805510;2938a95435;-;-;Tue Aug 7 01:35:57 2018 +0200;1533598557;-;-;Tue Aug 7 01:35:57 2018 +0200;1533598557
d72d376f035a22cd7128a337cfdcf22cf91badd6;d72d376f03;-;-;Tue Aug 7 01:35:32 2018 +0200;1533598532;-;-;Tue Aug 7 01:35:32 2018 +0200;1533598532
f155d21c9508ae7d22a9d0d5544db15d6c750521;f155d21c95;-;-;Mon Aug 6 19:46:41 2018 +0200;1533577601;-;-;Mon Aug 6 19:46:41 2018 +0200;1533577601
28565e25fa6e93bc3ea16d7f9e5fbf0127261cc7;28565e25fa;-;-;Mon Aug 6 19:45:06 2018 +0200;1533577506;-;-;Mon Aug 6 19:45:06 2018 +0200;1533577506
943b39499238166c4f8285d34fc08ba80c747356;943b394992;-;-;Mon Aug 6 18:34:00 2018 +0200;1533573240;-;-;Mon Aug 6 18:34:00 2018 +0200;1533573240
8a9d042320515edcc92c970c8c328d05432be7ca;8a9d042320;-;-;Mon Aug 6 18:33:41 2018 +0200;1533573221;-;-;Mon Aug 6 18:33:41 2018 +0200;1533573221
e64c6dfa3d7b1e34c7f6368c0512d498f0e3ed83;e64c6dfa3d;-;-;Mon Aug 6 15:41:35 2018 +0200;1533562895;-;-;Mon Aug 6 15:41:35 2018 +0200;1533562895
69c6a40c501789165732c7fe6d1f7cfddf72881b;69c6a40c50;-;-;Mon Aug 6 14:11:59 2018 +0200;1533557519;-;-;Mon Aug 6 14:11:59 2018 +0200;1533557519
a9a38fe67e5750d8cd71e68273462bd1e8f2a60a;a9a38fe67e;-;-;Mon Aug 6 14:32:18 2018 +0300;1533555138;-;-;Mon Aug 6 14:32:18 2018 +0300;1533555138
2216964b54dee4a64d634ecb6dc9922f4f07b4bf;2216964b54;-;-;Mon Aug 6 14:27:08 2018 +0300;1533554828;-;-;Mon Aug 6 14:29:10 2018 +0300;1533554950
7f0e3481a562a8bf63efced9ef2b06712ac573bf;7f0e3481a5;-;-;Mon Jul 2 19:43:10 2018 +0200;1530553390;-;-;Mon Aug 6 14:29:10 2018 +0300;1533554950
2054fa21913b6699a68f5d032f238d2a1ad1015e;2054fa2191;-;-;Mon Aug 6 12:01:29 2018 +0200;1533549689;-;-;Mon Aug 6 12:01:29 2018 +0200;1533549689
821ab62492a36450ab2b04e15a686641f78a3243;821ab62492;-;-;Fri Aug 3 23:18:10 2018 +0200;1533331090;-;-;Fri Aug 3 23:18:10 2018 +0200;1533331090
c55c9eb0296dbb04df4bb178f93a68b63e310dc8;c55c9eb029;-;-;Fri Aug 3 17:41:38 2018 +0300;1533307298;-;-;Fri Aug 3 17:41:38 2018 +0300;1533307298
bb2db87c2f3e038de4da504db479b097dbd081d7;bb2db87c2f;-;-;Wed Aug 1 14:38:06 2018 +0200;1533127086;-;-;Fri Aug 3 16:44:14 2018 +0300;1533303854
a8a1fc6de5be2307eb56844ac1df1a09168f2ad9;a8a1fc6de5;-;-;Fri Aug 3 14:41:33 2018 +0300;1533296493;-;-;Fri Aug 3 15:16:09 2018 +0300;1533298569
0878e438e58e1f797c0a66698969619dd18505b8;0878e438e5;-;-;Thu Aug 2 18:36:48 2018 +0300;1533224208;-;-;Fri Aug 3 10:07:04 2018 +0300;1533280024
aec98268feb84f4a82a5aaad0ded2be82dbc5779;aec98268fe;-;-;Thu Aug 2 21:16:06 2018 +0300;1533233766;-;-;Thu Aug 2 21:19:22 2018 +0300;1533233962
5095ec40b5bbc01b710c9ffad34b281599f1e378;5095ec40b5;-;-;Thu Aug 2 15:00:56 2018 +0300;1533211256;-;-;Thu Aug 2 21:19:22 2018 +0300;1533233962
542ed81d5cc28c7b520ad8eb672add83634c443a;542ed81d5c;-;-;Thu Aug 2 14:08:12 2018 +0300;1533208092;-;-;Thu Aug 2 21:19:22 2018 +0300;1533233962
217aa38cbb86596118cdd3d53aa33ce037911929;217aa38cbb;-;-;Thu Aug 2 17:45:46 2018 +0200;1533224746;-;-;Thu Aug 2 18:00:42 2018 +0200;1533225642
2474c487499c3a6b77dedbcbedf7fa8c2c5e3ba4;2474c48749;-;-;Thu Aug 2 16:55:53 2018 +0200;1533221753;-;-;Thu Aug 2 16:55:53 2018 +0200;1533221753
dc36bb34c7388e12f821de0f6cb08de58dd5202c;dc36bb34c7;-;-;Thu Aug 2 14:41:27 2018 +0200;1533213687;-;-;Thu Aug 2 14:41:27 2018 +0200;1533213687
6735e2387c3aba886228120eab7aa0cd9c26647b;6735e2387c;-;-;Thu Aug 2 14:38:30 2018 +0200;1533213510;-;-;Thu Aug 2 14:38:30 2018 +0200;1533213510
50550717d68449c310bfad3acd3e03849ccf22f1;50550717d6;-;-;Thu Aug 2 14:36:53 2018 +0200;1533213413;-;-;Thu Aug 2 14:36:53 2018 +0200;1533213413
c46dacc209bf36d175896ebd6d5e7aa82866653d;c46dacc209;-;-;Thu Aug 2 14:30:55 2018 +0200;1533213055;-;-;Thu Aug 2 14:30:55 2018 +0200;1533213055
fa97aab8be10df62cc13bb799604e15bc94b6a61;fa97aab8be;-;-;Thu Aug 2 14:30:02 2018 +0200;1533213002;-;-;Thu Aug 2 14:30:02 2018 +0200;1533213002
b5c691bdac421416361406e8bc87d539201c7251;b5c691bdac;-;-;Wed Aug 1 23:04:05 2018 +0300;1533153845;-;-;Thu Aug 2 12:07:00 2018 +0200;1533204420
29ce6685cad0f6caf829c49024b1885ab31d62e0;29ce6685ca;-;-;Wed Aug 1 22:12:01 2018 +0300;1533150721;-;-;Thu Aug 2 00:49:28 2018 +0300;1533160168
78eda961f26cef67f45da81bda5a84e42ef0d342;78eda961f2;-;-;Wed Aug 1 13:11:35 2018 +0200;1533121895;-;-;Wed Aug 1 13:11:35 2018 +0200;1533121895
70dbaf9751961fc9105241830fd206b873fb738c;70dbaf9751;-;-;Wed Aug 1 12:49:41 2018 +0200;1533120581;-;-;Wed Aug 1 13:07:41 2018 +0200;1533121661
0001f87d59c9a247838ce0090771f351607263ce;0001f87d59;-;-;Wed Aug 1 12:52:50 2018 +0200;1533120770;-;-;Wed Aug 1 12:52:50 2018 +0200;1533120770
589b7048ecad8c7f0df734139a2ad1ba79dc9262;589b7048ec;-;-;Wed Aug 1 11:43:28 2018 +0200;1533116608;-;-;Wed Aug 1 11:43:28 2018 +0200;1533116608
9b671f84083f7e6ea01d7922f9b7476e974eba04;9b671f8408;-;-;Tue Jul 31 23:57:19 2018 +0200;1533074239;-;-;Tue Jul 31 23:57:19 2018 +0200;1533074239
65d5cb36634f18b27cda593d1403e00bc4d6c292;65d5cb3663;-;-;Tue Jul 31 23:27:00 2018 +0300;1533068820;-;-;Tue Jul 31 23:27:00 2018 +0300;1533068820
31024b1f933cd951a67cb543ad51126b44b7da59;31024b1f93;-;-;Tue Jul 31 03:08:24 2018 +0300;1532995704;-;-;Tue Jul 31 23:06:48 2018 +0300;1533067608
92eaf9906776144ef066a17f982089a593ec9f29;92eaf99067;-;-;Tue Jul 31 21:04:36 2018 +0200;1533063876;-;-;Tue Jul 31 21:04:36 2018 +0200;1533063876
6cd906018373b8760d520cb0982f3869cb53d1d3;6cd9060183;-;-;Tue Jul 31 20:54:10 2018 +0200;1533063250;-;-;Tue Jul 31 20:54:10 2018 +0200;1533063250
f8340838b32ab4ae002dd720025073c16fa01c65;f8340838b3;-;-;Tue Jul 31 14:03:18 2018 +0300;1533034998;-;-;Tue Jul 31 13:03:18 2018 +0200;1533034998
487e14d549876e93830fca72964773e95aaf4dd2;487e14d549;-;-;Mon Jul 30 23:30:36 2018 +0200;1532986236;-;-;Mon Jul 30 23:30:36 2018 +0200;1532986236
9b1eb397ee092f69b9544ce2c83bcb55b5be673c;9b1eb397ee;-;-;Tue Jul 31 05:16:12 2018 +0800;1532985372;-;-;Mon Jul 30 23:26:13 2018 +0200;1532985973
f74a631ea1714e1448c2c374bf83a2f48da1c992;f74a631ea1;-;-;Mon Jul 30 22:08:11 2018 +0200;1532981291;-;-;Mon Jul 30 22:08:11 2018 +0200;1532981291
4a147d26fcd086ffc4d495e34b6d1b54854c345b;4a147d26fc;-;-;Mon Jul 30 22:07:31 2018 +0200;1532981251;-;-;Mon Jul 30 22:07:31 2018 +0200;1532981251
457d586859ba03741a992c40fd8667cd547186e2;457d586859;-;-;Thu Jul 26 23:08:14 2018 +0300;1532635694;-;-;Mon Jul 30 21:27:55 2018 +0200;1532978875
aa656c47b87b75f5bf28f864c28d8a220ac25fbc;aa656c47b8;-;-;Fri Jul 27 17:40:38 2018 +0200;1532706038;-;-;Fri Jul 27 14:13:19 2018 -0400;1532715199
109552d86853bbf4b026bd556842f7ffa78d281b;109552d868;-;-;Fri Jul 27 18:48:09 2018 +0200;1532710089;-;-;Fri Jul 27 18:58:18 2018 +0200;1532710698
1c40e36839b45c5a1dfb06ad85c65a21dd3be235;1c40e36839;-;-;Fri Jul 27 17:46:37 2018 +0200;1532706397;-;-;Fri Jul 27 17:46:37 2018 +0200;1532706397
1fd6248d84ab33e16bf7221583028a5bad3ab0a6;1fd6248d84;-;-;Fri Jul 27 17:46:21 2018 +0200;1532706381;-;-;Fri Jul 27 17:46:21 2018 +0200;1532706381
c037e75f26ac5ef69e4d5fc3045e101ca674dcaf;c037e75f26;-;-;Fri Jul 27 17:46:05 2018 +0200;1532706365;-;-;Fri Jul 27 17:46:05 2018 +0200;1532706365
23bda9a5a74780dd2c56829caa23766e5ffbbb31;23bda9a5a7;-;-;Fri Jul 27 08:49:45 2018 -0400;1532695785;-;-;Fri Jul 27 08:49:45 2018 -0400;1532695785
91d17cf62882a436d506694ee840d59a2d751fed;91d17cf628;-;-;Fri Jul 27 08:32:59 2018 -0400;1532694779;-;-;Fri Jul 27 08:41:20 2018 -0400;1532695280
fcbf06f0505cb4e5fbefae0c162e40eb42519a61;fcbf06f050;-;-;Fri Jul 27 08:14:07 2018 -0400;1532693647;-;-;Fri Jul 27 08:40:56 2018 -0400;1532695256
f5ff1dc3f93d88b1983ace34a8152529c86394de;f5ff1dc3f9;-;-;Fri Jul 27 07:52:12 2018 -0400;1532692332;-;-;Fri Jul 27 08:40:36 2018 -0400;1532695236
025fd2962e81afc55487a44fa96e2240bb3fd5a3;025fd2962e;-;-;Thu Jul 26 23:40:32 2018 +0200;1532641232;-;-;Thu Jul 26 23:51:52 2018 +0200;1532641912
7c9ba80f850464892c141790729559e12a5af6cb;7c9ba80f85;-;-;Thu Jul 26 23:20:50 2018 +0200;1532640050;-;-;Thu Jul 26 23:20:50 2018 +0200;1532640050
e82efbc7e3739626cd46a924658a29ecbe6c813b;e82efbc7e3;-;-;Thu Jul 26 23:11:54 2018 +0200;1532639514;-;-;Thu Jul 26 23:11:54 2018 +0200;1532639514
bcb485b5ed708c352bcdd141b7a83f495561e010;bcb485b5ed;-;-;Thu Jul 26 15:52:36 2018 -0400;1532634756;-;-;Thu Jul 26 15:53:41 2018 -0400;1532634821
c022f7c19d1dd47d47c36a9ec4dcc448f1fddad9;c022f7c19d;-;-;Thu Jul 26 15:42:30 2018 -0400;1532634150;-;-;Thu Jul 26 15:53:41 2018 -0400;1532634821
ee95f171c8a934080421e802fa6868843af1c45f;ee95f171c8;-;-;Thu Jul 26 14:36:46 2018 -0400;1532630206;-;-;Thu Jul 26 20:48:50 2018 +0200;1532630930
8277ea579485412bd7a1623cc22c94289fb72d68;8277ea5794;-;-;Thu Jul 26 18:48:34 2018 +0200;1532623714;-;-;Thu Jul 26 18:48:34 2018 +0200;1532623714
e366b20037bf59119ea638353b2f5917ce484fe7;e366b20037;-;-;Thu Jul 26 15:46:55 2018 +0200;1532612815;-;-;Thu Jul 26 15:46:55 2018 +0200;1532612815
38525ceff609e4ae5c3d1c06a35c0e96e7da748d;38525ceff6;-;-;Thu Jul 26 22:40:03 2018 +0900;1532612403;-;-;Thu Jul 26 15:45:42 2018 +0200;1532612742
964467d2691180a7f01de441a190fb998801df91;964467d269;-;-;Thu Jul 26 22:21:56 2018 +0900;1532611316;-;-;Thu Jul 26 15:37:35 2018 +0200;1532612255
e458777925176e3cbfb597e234eadd76f8498912;e458777925;-;-;Thu Jul 26 14:41:53 2018 +0200;1532608913;-;-;Thu Jul 26 14:41:53 2018 +0200;1532608913
142530874bb06b6fdea253451e21370cc7906167;142530874b;-;-;Thu Jul 26 13:12:23 2018 +0300;1532599943;-;-;Thu Jul 26 13:48:38 2018 +0200;1532605718
c2a5fcd3538e031525d3656f1b7c9d5f4702ee06;c2a5fcd353;-;-;Thu Jul 26 05:59:18 2018 +0200;1532577558;-;-;Thu Jul 26 05:59:18 2018 +0200;1532577558
14d0fee86c207df1d88ac63ff159d06337f34817;14d0fee86c;-;-;Wed Jul 25 17:50:03 2018 -0400;1532555403;-;-;Wed Jul 25 17:50:03 2018 -0400;1532555403
4e03d3fdcb0ed67c1d3280a6f1617ea0e8b0f7d4;4e03d3fdcb;-;-;Wed Jul 25 20:12:14 2018 +0200;1532542334;-;-;Wed Jul 25 20:12:14 2018 +0200;1532542334
9ab63b8494ae490eeccbffa5cfc1a32bf439fee5;9ab63b8494;-;-;Wed Jul 25 19:03:13 2018 +0200;1532538193;-;-;Wed Jul 25 19:03:13 2018 +0200;1532538193
2b2bf27933155345186e30e5f6ecf2a4da1ecefb;2b2bf27933;-;-;Wed Jul 25 15:26:52 2018 +0200;1532525212;-;-;Wed Jul 25 15:26:52 2018 +0200;1532525212
3881a4aded753e40fe8fc9c7e936dfdc08bfb745;3881a4aded;-;-;Wed Jul 25 14:16:02 2018 +0200;1532520962;-;-;Wed Jul 25 14:16:02 2018 +0200;1532520962
3899b7a909b15f521f99b2d267cb74264ac9682e;3899b7a909;-;-;Wed Jul 25 14:15:50 2018 +0200;1532520950;-;-;Wed Jul 25 14:15:50 2018 +0200;1532520950
fd8e4abe5d5d55cf4910c2745eed2e9b4963fcec;fd8e4abe5d;-;-;Wed Jul 25 14:15:19 2018 +0200;1532520919;-;-;Wed Jul 25 14:15:19 2018 +0200;1532520919
31bfc1dc2b7cb75531b691ed5d9ea0da1f2c5d7a;31bfc1dc2b;-;-;Wed Jul 25 14:14:38 2018 +0200;1532520878;-;-;Wed Jul 25 14:14:38 2018 +0200;1532520878
d3b244a81b6daae152e0f8dc2d5980eef461af12;d3b244a81b;-;-;Wed Jul 25 10:55:07 2018 +0200;1532508907;-;-;Wed Jul 25 11:09:42 2018 +0200;1532509782
32faf09a8069ee33822216317d5965db2d1e9064;32faf09a80;-;-;Tue Jul 24 20:45:48 2018 -0400;1532479548;-;-;Tue Jul 24 20:47:26 2018 -0400;1532479646
0be8c20fca26357aa61c28dec2f3720f1d7488be;0be8c20fca;-;-;Tue Jul 24 18:32:04 2018 -0400;1532471524;-;-;Tue Jul 24 20:47:26 2018 -0400;1532479646
36a07aa89747bb5942bd4a1bf7f5192a2c48c5ef;36a07aa897;-;-;Mon Mar 19 18:16:46 2018 +0100;1521479806;-;-;Wed Jul 25 01:17:06 2018 +0200;1532474226
4475c67ba86fa31b086704dff111d5970836bcf8;4475c67ba8;-;-;Tue Jul 24 22:44:54 2018 +0200;1532465094;-;-;Tue Jul 24 22:44:54 2018 +0200;1532465094
195f3f07e7ea01b58ffc5633447f48c63128d662;195f3f07e7;-;-;Tue Jul 24 22:21:30 2018 +0200;1532463690;-;-;Tue Jul 24 22:21:30 2018 +0200;1532463690
90d395edcf8e7c114e9d4b39868ca6fea7060585;90d395edcf;-;-;Tue Jul 24 22:18:12 2018 +0200;1532463492;-;-;Tue Jul 24 22:18:12 2018 +0200;1532463492
2e4f5a7923993cc1d135d8a1bf75dc5a09c29d65;2e4f5a7923;-;-;Tue Jul 24 14:59:57 2018 -0400;1532458797;-;-;Tue Jul 24 16:05:47 2018 -0400;1532462747
41aa4218af442f94f889ad03082ffddcd4e7da1c;41aa4218af;-;-;Tue Jul 24 14:37:55 2018 -0400;1532457475;-;-;Tue Jul 24 16:05:47 2018 -0400;1532462747
02403f6a34835d6067b506205aaeae4c3260c3d5;02403f6a34;-;-;Tue Jul 24 21:44:43 2018 +0200;1532461483;-;-;Tue Jul 24 21:44:43 2018 +0200;1532461483
11881ff21147c7d6e50d44928558bcf91dfb9647;11881ff211;-;-;Tue Jul 24 18:45:52 2018 +0200;1532450752;-;-;Tue Jul 24 18:45:52 2018 +0200;1532450752
a18cfd71b99c38a77cefbf9a7864fe6ddae18963;a18cfd71b9;-;-;Tue Jul 24 18:45:15 2018 +0200;1532450715;-;-;Tue Jul 24 18:45:15 2018 +0200;1532450715
2fdb8c9c8c0025c533d99e3a8c793af5cae404ac;2fdb8c9c8c;-;-;Tue Jul 24 12:18:56 2018 -0400;1532449136;-;-;Tue Jul 24 12:23:13 2018 -0400;1532449393
9b2c8404dcc45efc06960d264c3d536df34bc0d2;9b2c8404dc;-;-;Tue Jul 24 09:56:43 2018 -0400;1532440603;-;-;Tue Jul 24 12:23:13 2018 -0400;1532449393
23c379d5c0df5a986212490bf32276843997cc10;23c379d5c0;-;-;Tue Jul 24 09:06:11 2018 -0400;1532437571;-;-;Tue Jul 24 12:23:13 2018 -0400;1532449393
36bbbab02da4d5c4500523f23a5ce28fa6a87dfb;36bbbab02d;-;-;Tue Jul 24 17:18:53 2018 +0200;1532445533;-;-;Tue Jul 24 17:25:55 2018 +0200;1532445955
dd4468a74a40c3e6d879ea2dd6d4b563b1f5240c;dd4468a74a;-;-;Tue Jul 24 16:16:52 2018 +0200;1532441812;-;-;Tue Jul 24 16:16:52 2018 +0200;1532441812
7f1a8d78b58be0d259795256eb18f5ddbc5caa9f;7f1a8d78b5;-;-;Tue Jul 24 16:16:44 2018 +0200;1532441804;-;-;Tue Jul 24 16:16:44 2018 +0200;1532441804
47d8fe83dfe6c12a393dd8eb144a227405d35376;47d8fe83df;-;-;Tue Jul 24 14:44:56 2018 +0200;1532436296;-;-;Tue Jul 24 14:44:56 2018 +0200;1532436296
fac2e35f967a808b71c6710796af316d65149d04;fac2e35f96;-;-;Tue Jul 24 14:44:34 2018 +0200;1532436274;-;-;Tue Jul 24 14:44:34 2018 +0200;1532436274
20c34cbb9b233ddaeac3022fc806feb41b7f5b12;20c34cbb9b;-;-;Tue Jul 24 13:27:02 2018 +0200;1532431622;-;-;Tue Jul 24 13:27:02 2018 +0200;1532431622
8e5f243320524410fece33d4677fd831210a292e;8e5f243320;-;-;Tue Jul 24 13:09:32 2018 +0200;1532430572;-;-;Tue Jul 24 13:09:32 2018 +0200;1532430572
a9c9ba660153678dd4e9533619baf426af990a08;a9c9ba6601;-;-;Tue Jul 24 13:03:54 2018 +0200;1532430234;-;-;Tue Jul 24 13:03:54 2018 +0200;1532430234
6372c0f47c5fe0f9765e3fa2bbf9a2c48de6de67;6372c0f47c;-;-;Tue Jul 24 00:24:29 2018 -0400;1532406269;-;-;Tue Jul 24 00:24:29 2018 -0400;1532406269
7500b144ae3bd56bff9f60683a98089b78a7cb41;7500b144ae;-;-;Mon Jul 23 23:22:16 2018 -0400;1532402536;-;-;Mon Jul 23 23:24:39 2018 -0400;1532402679
430250c80fcab445b4307ee19721c05e7cd885c1;430250c80f;-;-;Tue Jul 24 01:10:27 2018 +0200;1532387427;-;-;Tue Jul 24 01:10:27 2018 +0200;1532387427
5f51e86185228b6f49b7788c5e6afe0caaa2419a;5f51e86185;-;-;Tue Jul 24 01:04:47 2018 +0200;1532387087;-;-;Tue Jul 24 01:04:47 2018 +0200;1532387087
1b097181046a50f88e1be0c8e925f1ef89cabc4c;1b09718104;-;-;Tue Jul 24 00:45:21 2018 +0200;1532385921;-;-;Tue Jul 24 00:45:21 2018 +0200;1532385921
1603c4ab2fc49d1bd65f55e35ca899044835ca94;1603c4ab2f;-;-;Tue Jul 24 00:42:03 2018 +0200;1532385723;-;-;Tue Jul 24 00:42:03 2018 +0200;1532385723
82194f4ee0adeffeb3ae0078357d7da6d1cbc85c;82194f4ee0;-;-;Fri Jul 20 23:19:21 2018 +0200;1532121561;-;-;Mon Jul 23 18:23:05 2018 +0200;1532362985
0def1640f271a97d8328d35e70b26eb9af20d164;0def1640f2;-;-;Mon Jul 23 13:37:05 2018 +0200;1532345825;-;-;Mon Jul 23 15:20:48 2018 +0200;1532352048
b09fad13a1f9517abd901587c9299bf5b65ed061;b09fad13a1;-;-;Mon Jul 23 10:35:30 2018 +0200;1532334930;-;-;Mon Jul 23 10:39:26 2018 +0200;1532335166
f8f8d28f08a118a072448271130b2ee02f72a282;f8f8d28f08;-;-;Fri Jul 20 14:24:04 2018 +0200;1532089444;-;-;Mon Jul 23 09:54:48 2018 +0200;1532332488
bccff73e2b4911bc5009a8d4335cfac915736ea3;bccff73e2b;-;-;Sun Jul 22 22:28:48 2018 +0200;1532291328;-;-;Sun Jul 22 22:28:48 2018 +0200;1532291328
f58854f4b941a87f912d0a19fe7cd27f496a4ee7;f58854f4b9;-;-;Sun Jul 22 19:22:20 2018 +0200;1532280140;-;-;Sun Jul 22 19:22:20 2018 +0200;1532280140
13873dafb7355508f7760f2801e5c93e47216600;13873dafb7;-;-;Sun Jul 22 17:55:31 2018 +0200;1532274931;-;-;Sun Jul 22 17:55:31 2018 +0200;1532274931
cfbacfd89bfb4ef93d1603f4ceca7a4906fc5c3f;cfbacfd89b;-;-;Sun Jul 22 17:49:53 2018 +0200;1532274593;-;-;Sun Jul 22 17:49:53 2018 +0200;1532274593
5051850fa9042bc1cac187f63557b05877ceb14f;5051850fa9;-;-;Sat Jul 21 13:35:29 2018 +0300;1532169329;-;-;Sat Jul 21 13:12:43 2018 +0200;1532171563
3c65c170531d70b5815423436f77bf57150a555d;3c65c17053;-;-;Sat Jul 21 12:19:37 2018 +0200;1532168377;-;-;Sat Jul 21 12:19:37 2018 +0200;1532168377
c57e1afd2bebde816d4c17676f356963c94d2bdd;c57e1afd2b;-;-;Fri Jul 20 23:02:47 2018 -0400;1532142167;-;-;Fri Jul 20 23:02:47 2018 -0400;1532142167
91122ec0f507bf8b60bd4d6fa3e4aadf584b115d;91122ec0f5;-;-;Fri Jul 20 22:28:40 2018 -0400;1532140120;-;-;Fri Jul 20 22:28:40 2018 -0400;1532140120
20de5003ffbc8d8ffdd442f9db46195db46a6b4d;20de5003ff;-;-;Fri Jul 20 17:37:12 2018 -0400;1532122632;-;-;Fri Jul 20 17:40:38 2018 -0400;1532122838
0c62d6b5dabc33c3baa969980ada3dc578ab08c8;0c62d6b5da;-;-;Fri Jul 20 10:36:57 2018 -0400;1532097417;-;-;Fri Jul 20 17:40:38 2018 -0400;1532122838
2734f01067fb231ee3fd3d6dd100e0ae6ed6ed0b;2734f01067;-;-;Wed Apr 18 13:53:33 2018 -0400;1524074013;-;-;Fri Jul 20 17:38:04 2018 -0400;1532122684
bb5d99a083c998083e9987bfcac3dd59274680a7;bb5d99a083;-;-;Fri Jul 20 18:56:52 2018 +0200;1532105812;-;-;Fri Jul 20 18:56:52 2018 +0200;1532105812
390bb871d85f56aaeed98aeb45d688fcf35af8e7;390bb871d8;-;-;Fri Jul 20 18:11:05 2018 +0200;1532103065;-;-;Fri Jul 20 18:11:05 2018 +0200;1532103065
9a43d2ec208d2e8cd0866431acf26af3529f8677;9a43d2ec20;-;-;Fri Jul 20 15:05:13 2018 +0200;1532091913;-;-;Fri Jul 20 15:05:16 2018 +0200;1532091916
a410d90439e5f4a682287f144c98801f40afcc41;a410d90439;-;-;Fri Jul 20 14:01:34 2018 +0200;1532088094;-;-;Fri Jul 20 14:01:34 2018 +0200;1532088094
07653bfd0c0f6996e299aac51f300c465567bcc5;07653bfd0c;-;-;Thu Jul 19 18:56:08 2018 -0400;1532040968;-;-;Thu Jul 19 19:07:42 2018 -0400;1532041662
93b7a4838ecefba10015f0f79e74b61055944064;93b7a4838e;-;-;Thu Jul 19 17:11:41 2018 -0400;1532034701;-;-;Thu Jul 19 19:07:42 2018 -0400;1532041662
28cd6978b5afa7424389092eb330e0a27ccb63b6;28cd6978b5;-;-;Thu Jul 19 09:11:57 2018 -0400;1532005917;-;-;Thu Jul 19 19:07:42 2018 -0400;1532041662
51c7ceb95dffc3567203f2820d9b9fdae8d740c7;51c7ceb95d;-;-;Fri Jul 20 00:17:37 2018 +0200;1532038657;-;-;Fri Jul 20 00:17:37 2018 +0200;1532038657
252f52ab07d524d0a35cfa884d5bbf53a6abce61;252f52ab07;-;-;Fri Jul 20 00:17:31 2018 +0200;1532038651;-;-;Fri Jul 20 00:17:31 2018 +0200;1532038651
867b3d233d950edf9d22da642c8b363994294468;867b3d233d;-;-;Thu Jul 19 17:52:08 2018 +0200;1532015528;-;-;Thu Jul 19 17:52:08 2018 +0200;1532015528
09920d9b0127ebc4f9c95f313868598defff989a;09920d9b01;-;-;Thu Jul 19 17:51:54 2018 +0200;1532015514;-;-;Thu Jul 19 17:51:54 2018 +0200;1532015514
c4df335a1db090a59de040cc81fdacfb594ebfb9;c4df335a1d;-;-;Thu Jul 19 16:35:59 2018 +0200;1532010959;-;-;Thu Jul 19 16:35:59 2018 +0200;1532010959
478d7255d230bba123d879cd92ca460f75956168;478d7255d2;-;-;Thu Jul 19 16:34:19 2018 +0200;1532010859;-;-;Thu Jul 19 16:34:19 2018 +0200;1532010859
52d124de6fd6f36972b829e880f2b0a6cca65e35;52d124de6f;-;-;Thu Jul 19 13:14:20 2018 +0200;1531998860;-;-;Thu Jul 19 13:14:20 2018 +0200;1531998860
0b60447c4914d0e05b9dbd3eb136f80e27e37bd7;0b60447c49;-;-;Thu Jul 19 11:59:40 2018 +0200;1531994380;-;-;Thu Jul 19 11:59:40 2018 +0200;1531994380
d0bbbf4cae48da18c7778b196e2c98f2ac940fae;d0bbbf4cae;-;-;Thu Jul 19 11:58:42 2018 +0200;1531994322;-;-;Thu Jul 19 11:58:42 2018 +0200;1531994322
1f5d0faf1f3a1ee1b8e26b76cd72a5fab3c2839b;1f5d0faf1f;-;-;Thu Jul 19 11:38:10 2018 +0200;1531993090;-;-;Thu Jul 19 11:38:10 2018 +0200;1531993090
999c169b1ce2644000303120237db9dead418049;999c169b1c;-;-;Thu Jul 19 11:27:13 2018 +0200;1531992433;-;-;Thu Jul 19 11:27:13 2018 +0200;1531992433
9498da591094120c40b966a4b91d59f7d39936d0;9498da5910;-;-;Wed Jul 18 22:11:08 2018 -0400;1531966268;-;-;Wed Jul 18 22:14:02 2018 -0400;1531966442
66d73017d5406e46c176a44e5204922d167bef93;66d73017d5;-;-;Wed Jul 18 20:56:33 2018 -0400;1531961793;-;-;Wed Jul 18 22:14:02 2018 -0400;1531966442
9c08a482d1e321791e84b3ffe5cc71b3b75f74ef;9c08a482d1;-;-;Wed Jul 18 22:17:42 2018 +0200;1531945062;-;-;Wed Jul 18 22:17:42 2018 +0200;1531945062
833aee9b2d6727f80cfd22a8758de9dd2c0043ed;833aee9b2d;-;-;Wed Jul 18 15:31:52 2018 -0400;1531942312;-;-;Wed Jul 18 15:33:20 2018 -0400;1531942400
4d6f2df3cbdf956ec22e5dbefe18e79a290b4ea8;4d6f2df3cb;-;-;Wed Jul 18 09:47:50 2018 -0400;1531921670;-;-;Wed Jul 18 15:32:50 2018 -0400;1531942370
23d4862017f8e830321c34abd4c704468144ecb0;23d4862017;-;-;Wed Jul 18 19:44:30 2018 +0200;1531935870;-;-;Wed Jul 18 19:44:30 2018 +0200;1531935870
c77dbbb1e6a8de57e17a24490d34c8f5dfd4fc78;c77dbbb1e6;-;-;Wed Jul 18 18:56:51 2018 +0200;1531933011;-;-;Wed Jul 18 18:56:51 2018 +0200;1531933011
e8034f2f967ec61a9f5393ec3f93c1d8e373f155;e8034f2f96;-;-;Wed Jul 18 17:11:30 2018 +0200;1531926690;-;-;Wed Jul 18 17:17:47 2018 +0200;1531927067
790d515f8c49d9f80f41a2f0ca00535fa930ccc2;790d515f8c;-;-;Wed Jul 18 17:13:55 2018 +0200;1531926835;-;-;Wed Jul 18 17:13:55 2018 +0200;1531926835
28f7b262940debda61acf0b7bb18103b9228a0cf;28f7b26294;-;-;Wed Jul 18 15:26:06 2018 +0200;1531920366;-;-;Wed Jul 18 15:26:06 2018 +0200;1531920366
f8553117d051000217f9cabedc302f0ae36d0e2d;f8553117d0;-;-;Wed Jul 18 14:53:19 2018 +0200;1531918399;-;-;Wed Jul 18 14:58:43 2018 +0200;1531918723
a87764f1fd218356690e05cf2aa964e92202eed6;a87764f1fd;-;-;Wed Apr 11 10:42:36 2018 +0200;1523436156;-;-;Wed Jul 18 14:49:49 2018 +0200;1531918189
3c9049d53040dffb40be2f4abae002216ec7b7e9;3c9049d530;-;-;Wed Jul 18 14:05:45 2018 +0200;1531915545;-;-;Wed Jul 18 14:49:49 2018 +0200;1531918189
a7f97a16699c5b1a428b99d40474f74e05d69dbb;a7f97a1669;-;-;Wed Jul 18 14:41:43 2018 +0200;1531917703;-;-;Wed Jul 18 14:41:43 2018 +0200;1531917703
5fcfe0fa8e5e5236f841e35bff5da20fd79aad6f;5fcfe0fa8e;-;-;Wed Jul 18 14:27:16 2018 +0200;1531916836;-;-;Wed Jul 18 14:27:16 2018 +0200;1531916836
cab35aa788a1edbd647b4a8bd6e798524838f67e;cab35aa788;-;-;Wed Jul 18 11:10:26 2018 +0200;1531905026;-;-;Wed Jul 18 11:10:26 2018 +0200;1531905026
d8ee1f5c8304806766223abbffdf7925e6935c48;d8ee1f5c83;-;-;Wed Jul 18 09:08:01 2018 +0200;1531897681;-;-;Wed Jul 18 09:08:01 2018 +0200;1531897681
6c4289e2385f0ae8e5478aafbba34ccbea686bef;6c4289e238;-;-;Tue Jul 17 16:40:52 2018 -0400;1531860052;-;-;Tue Jul 17 17:39:16 2018 -0400;1531863556
0bd7a3646cb8d08769900292324efeb4bb0172da;0bd7a3646c;-;-;Tue Jul 17 15:58:15 2018 -0400;1531857495;-;-;Tue Jul 17 15:58:27 2018 -0400;1531857507
b3d6283d7d36331eb0223108bb12769ede29c1eb;b3d6283d7d;-;-;Tue Jul 17 18:18:54 2018 +0200;1531844334;-;-;Tue Jul 17 18:18:54 2018 +0200;1531844334
ef9027e1c154c0fe62efa38fcac2dbab9b57832a;ef9027e1c1;-;-;Tue Jul 17 17:59:16 2018 +0200;1531843156;-;-;Tue Jul 17 17:59:16 2018 +0200;1531843156
b8d2a16c310dd48d00a2d45e39915b219445c6ce;b8d2a16c31;-;-;Tue Jul 17 17:58:19 2018 +0200;1531843099;-;-;Tue Jul 17 17:58:19 2018 +0200;1531843099
88e4006790dccbabc0ee4448a0b70c6912584818;88e4006790;-;-;Tue Jul 17 17:57:59 2018 +0200;1531843079;-;-;Tue Jul 17 17:57:59 2018 +0200;1531843079
955665b419ec237029abfa0824ca8a47d410a423;955665b419;-;-;Tue Jul 17 17:01:34 2018 +0200;1531839694;-;-;Tue Jul 17 17:01:34 2018 +0200;1531839694
d8a2927dd3f388179353806709c8ff59460730f0;d8a2927dd3;-;-;Mon Jul 16 21:11:36 2018 -0400;1531789896;-;-;Mon Jul 16 21:21:37 2018 -0400;1531790497
a41a1edd939d86f7907c5976c76d9284f262ba91;a41a1edd93;-;-;Mon Jul 16 16:44:23 2018 -0400;1531773863;-;-;Mon Jul 16 21:21:37 2018 -0400;1531790497
2a0eac47f97055c3d78015f724d5a553015ee327;2a0eac47f9;-;-;Mon Jul 16 16:09:25 2018 -0400;1531771765;-;-;Mon Jul 16 21:21:37 2018 -0400;1531790497
75e45103b50c7d1c2323afe3ca279b60c6855917;75e45103b5;-;-;Mon Jul 16 15:36:53 2018 -0400;1531769813;-;-;Mon Jul 16 21:21:34 2018 -0400;1531790494
b915e42c387195ed956fd908602094139148aac3;b915e42c38;-;-;Mon Jul 16 19:45:35 2018 +0200;1531763135;-;-;Mon Jul 16 19:45:35 2018 +0200;1531763135
cacd14c80514155ccc2398e058529d17182f2c42;cacd14c805;-;-;Mon Jul 16 18:05:10 2018 +0200;1531757110;-;-;Mon Jul 16 18:05:10 2018 +0200;1531757110
5fb4982026437e59e61318e7d9078f36e7bb8bee;5fb4982026;-;-;Fri Jul 13 17:48:39 2018 -0400;1531518519;-;-;Mon Jul 16 09:16:11 2018 -0400;1531746971
fe2eeb43f161498466da0593406a6b9c275a22bf;fe2eeb43f1;-;-;Mon Jul 16 14:50:43 2018 +0200;1531745443;-;-;Mon Jul 16 14:50:43 2018 +0200;1531745443
77d72f1e0164c1004abd15f01422bcc380afbb75;77d72f1e01;-;-;Mon Jul 16 13:04:38 2018 +0200;1531739078;-;-;Mon Jul 16 13:04:38 2018 +0200;1531739078
faef363e8537a7a85e5b1fe46130be6f06a5c2fe;faef363e85;-;-;Mon Jul 16 13:04:14 2018 +0200;1531739054;-;-;Mon Jul 16 13:04:14 2018 +0200;1531739054
93d91219fd47e2bab9a64e75ffc4ecc1290595f3;93d91219fd;-;-;Mon Jul 16 13:03:46 2018 +0200;1531739026;-;-;Mon Jul 16 13:03:46 2018 +0200;1531739026
333ec7400e5345f32d4140aa11208f4a668df6a1;333ec7400e;-;-;Sun Jul 15 16:17:01 2018 +0200;1531664221;-;-;Sun Jul 15 16:17:48 2018 +0200;1531664268
f6fdffd6634369d30f59ade1adc39d778d1d7e42;f6fdffd663;-;-;Sat Jul 14 19:29:32 2018 +0200;1531589372;-;-;Sat Jul 14 19:29:32 2018 +0200;1531589372
680afa75d838c8377238e01033e692c5735fe01b;680afa75d8;-;-;Sat Jul 14 01:02:39 2018 +0200;1531522959;-;-;Sat Jul 14 01:02:39 2018 +0200;1531522959
24a30baa2af7437dd6cc0c8450043a3fd5173989;24a30baa2a;-;-;Fri Jul 13 17:51:23 2018 -0400;1531518683;-;-;Fri Jul 13 17:51:23 2018 -0400;1531518683
43fbd632542222444ab228175da82a80ecf1daf5;43fbd63254;-;-;Thu Jul 12 15:45:45 2018 -0400;1531424745;-;-;Thu Jul 12 16:12:19 2018 -0400;1531426339
75fa9c4266a516039b1b797fe8ccd8b2614e7647;75fa9c4266;-;-;Thu Jul 12 21:54:32 2018 +0200;1531425272;-;-;Thu Jul 12 21:54:32 2018 +0200;1531425272
038af9a303aa631a66384542eef8c3f0c955d2f8;038af9a303;-;-;Thu Jul 12 19:08:08 2018 +0200;1531415288;-;-;Thu Jul 12 19:08:08 2018 +0200;1531415288
f123d6c3bc8972c2e8ba9ce4eb8c13078f1d0f9d;f123d6c3bc;-;-;Thu Jul 12 16:53:37 2018 +0200;1531407217;-;-;Thu Jul 12 16:53:37 2018 +0200;1531407217
32b75221b3afde6603f6f5f8dff8de34508da55c;32b75221b3;-;-;Wed Jul 11 15:59:18 2018 -0400;1531339158;-;-;Wed Jul 11 15:59:18 2018 -0400;1531339158
e9ed45ee3b3deb1fd0cb5973829e132b48a7b290;e9ed45ee3b;-;-;Wed Jul 11 11:13:57 2018 -0400;1531322037;-;-;Wed Jul 11 11:13:57 2018 -0400;1531322037
7b3a72f48346b5aa270750dae6b75a0d57fef3d9;7b3a72f483;-;-;Wed Jul 11 11:07:25 2018 -0400;1531321645;-;-;Wed Jul 11 11:10:03 2018 -0400;1531321803
1b1bc7f5b53be7af5b5413fd6a3dfaf1fa07a032;1b1bc7f5b5;-;-;Tue Jul 10 16:18:31 2018 -0400;1531253911;-;-;Wed Jul 11 11:10:03 2018 -0400;1531321803
a40d25a760249e59e9c077648f844591c3acac8b;a40d25a760;-;-;Tue Jul 10 17:22:12 2018 -0400;1531257732;-;-;Wed Jul 11 11:10:03 2018 -0400;1531321803
3d6e38bb43fe86cc58bc816eff13b968c1e0884f;3d6e38bb43;-;-;Tue Jul 10 08:12:23 2018 -0400;1531224743;-;-;Wed Jul 11 11:10:03 2018 -0400;1531321803
6aa6d91ea98b16c38ac3c5c10e61c0be30b7b686;6aa6d91ea9;-;-;Tue Jul 10 07:45:09 2018 -0400;1531223109;-;-;Wed Jul 11 11:10:03 2018 -0400;1531321803
c2fbd9f321b1a8ad11166b8b76e6aece4df9b651;c2fbd9f321;-;-;Wed Jul 11 16:48:12 2018 +0200;1531320492;-;-;Wed Jul 11 16:48:12 2018 +0200;1531320492
2ede6f65b4a0efd154cb2a4d350cf079acbcecdd;2ede6f65b4;-;-;Wed Jul 11 15:48:37 2018 +0200;1531316917;-;-;Wed Jul 11 15:48:37 2018 +0200;1531316917
6887802526dbef2857c4c0106153c0650ec5e4aa;6887802526;-;-;Tue Jul 10 22:13:57 2018 +0200;1531253637;-;-;Tue Jul 10 22:13:57 2018 +0200;1531253637
3a4b5c2ade840427e983a75cf2ff79939ced339c;3a4b5c2ade;-;-;Tue Jul 10 19:28:12 2018 +0200;1531243692;-;-;Tue Jul 10 19:28:12 2018 +0200;1531243692
a1d209726cda050db7c74f97fb6b6608e9299fe2;a1d209726c;-;-;Tue Jul 10 18:51:01 2018 +0200;1531241461;-;-;Tue Jul 10 18:51:01 2018 +0200;1531241461
aabc5d9766f2f109475db179c0aa4baadff846e1;aabc5d9766;-;-;Tue Jul 10 15:48:11 2018 +0200;1531230491;-;-;Tue Jul 10 15:48:11 2018 +0200;1531230491
818e4b077640056d6e65ef37be1bec76537fa991;818e4b0776;-;-;Tue Jul 10 12:11:23 2018 +0200;1531217483;-;-;Tue Jul 10 12:11:23 2018 +0200;1531217483
d5df097e0e3afe7ae36622ad275b39631ee38c3b;d5df097e0e;-;-;Mon Jul 2 14:55:42 2018 +0300;1530532542;-;-;Mon Jul 9 14:27:23 2018 -0400;1531160843
931581a1e018f9a822db2d3a5a8918f0d927ab0d;931581a1e0;-;-;Mon Jul 9 08:15:09 2018 -0400;1531138509;-;-;Mon Jul 9 14:27:23 2018 -0400;1531160843
d00f6f09a522ba6d13b2a341e317249bbff117ec;d00f6f09a5;-;-;Mon Jul 9 19:15:29 2018 +0200;1531156529;-;-;Mon Jul 9 19:15:29 2018 +0200;1531156529
4d0800f3924fa8a7fc4a9b411974760b9e4e1305;4d0800f392;-;-;Mon Jul 9 19:15:21 2018 +0200;1531156521;-;-;Mon Jul 9 19:15:21 2018 +0200;1531156521
2ac6a15f6f559042dcf26d687b2297c6d0d6f985;2ac6a15f6f;-;-;Mon Jul 9 17:06:55 2018 +0200;1531148815;-;-;Mon Jul 9 17:06:55 2018 +0200;1531148815
a663454fad556dd8bf17e4b4fe0482a39a3620c6;a663454fad;-;-;Mon Jul 9 16:34:56 2018 +0200;1531146896;-;-;Mon Jul 9 16:41:51 2018 +0200;1531147311
a80c5121fea0f6dc87dc9908c76dc592a9cb4b03;a80c5121fe;-;-;Mon Jul 9 15:53:44 2018 +0200;1531144424;-;-;Mon Jul 9 15:53:44 2018 +0200;1531144424
d9e8d3bbe13715ee122757deb896a75c9b8cde1d;d9e8d3bbe1;-;-;Mon Jul 9 15:52:36 2018 +0200;1531144356;-;-;Mon Jul 9 15:52:36 2018 +0200;1531144356
39d455073a423ba6b3dc691c9c6130b395c93308;39d455073a;-;-;Mon Jul 9 15:48:45 2018 +0200;1531144125;-;-;Mon Jul 9 15:48:45 2018 +0200;1531144125
833343f17ccac95cf195dfa56a3cd52c3cc31654;833343f17c;-;-;Mon Jul 9 14:31:45 2018 +0200;1531139505;-;-;Mon Jul 9 14:31:45 2018 +0200;1531139505
fd0220b85cb09cecd03233565add833810a77310;fd0220b85c;-;-;Mon Jul 9 14:28:15 2018 +0200;1531139295;-;-;Mon Jul 9 14:28:15 2018 +0200;1531139295
6d6aa72e8f0a2c542a083391a5001e388facb215;6d6aa72e8f;-;-;Sat Jul 7 21:05:07 2018 +0300;1530986707;-;-;Mon Jul 9 13:39:23 2018 +0200;1531136363
581acb62a0e0ecf35b5b829f2cd79e6afb37b6e7;581acb62a0;-;-;Sun Jul 8 14:11:04 2018 +0200;1531051864;-;-;Sun Jul 8 14:11:04 2018 +0200;1531051864
8d092227993f5a7ab3149e4c5fd9b379772d7d15;8d09222799;-;-;Sun Jul 8 13:34:56 2018 +0200;1531049696;-;-;Sun Jul 8 13:34:56 2018 +0200;1531049696
4bd22eeb13987aff934273a60ebc59cb05229bc4;4bd22eeb13;-;-;Fri Jul 6 18:10:39 2018 -0400;1530915039;-;-;Sat Jul 7 10:54:03 2018 -0400;1530975243
bca9f51092d6041c18ae52d768cd723273a13ac2;bca9f51092;-;-;Fri Jul 6 20:32:08 2018 -0400;1530923528;-;-;Fri Jul 6 20:32:08 2018 -0400;1530923528
2874dd75cac680752b98093b32c9e3dd2573a500;2874dd75ca;-;-;Fri Jul 6 17:33:16 2018 -0400;1530912796;-;-;Fri Jul 6 17:33:16 2018 -0400;1530912796
7746878b5044790a09d926522318d1c1cced397c;7746878b50;-;-;Fri Jul 6 15:16:00 2018 -0400;1530904560;-;-;Fri Jul 6 15:44:24 2018 -0400;1530906264
bc3cf0eeb8b96a75a7a8a6351665975ed8b5081d;bc3cf0eeb8;-;-;Fri Jul 6 14:29:19 2018 -0400;1530901759;-;-;Fri Jul 6 15:44:24 2018 -0400;1530906264
5dc49b16ea21ebac20d124d929f872d5aa060254;5dc49b16ea;-;-;Fri Jul 6 12:55:32 2018 -0400;1530896132;-;-;Fri Jul 6 15:44:18 2018 -0400;1530906258
7be2943c031c4fb1e325fbd9b292c8524d317d2e;7be2943c03;-;-;Thu Jul 5 21:28:29 2018 -0400;1530840509;-;-;Fri Jul 6 15:17:11 2018 -0400;1530904631
fd69c90fcb9998e4fbbd57fbb20a3a63e1494390;fd69c90fcb;-;-;Fri Jul 6 14:24:07 2018 +0200;1530879847;-;-;Fri Jul 6 14:52:11 2018 +0200;1530881531
2cd006923cc7388eaba0bd76879c6762cc67f2d3;2cd006923c;-;-;Fri Jul 6 14:38:29 2018 +0200;1530880709;-;-;Fri Jul 6 14:38:29 2018 +0200;1530880709
c0264072ab4605f4f52e4f8bb473927347be5a3e;c0264072ab;-;-;Fri Jul 6 12:50:47 2018 +0200;1530874247;-;-;Fri Jul 6 13:50:27 2018 +0200;1530877827
37a3765a4eb7d0d06e80a1c1de2440ddac58eeef;37a3765a4e;-;-;Fri Jul 6 13:37:55 2018 +0200;1530877075;-;-;Fri Jul 6 13:38:17 2018 +0200;1530877097
b4fc7943e127cc4b0e1409f9b7ebaab4f42334cf;b4fc7943e1;-;-;Fri Jul 6 13:20:03 2018 +0200;1530876003;-;-;Fri Jul 6 13:20:03 2018 +0200;1530876003
490302ebf8933e4c451bb0e347df63b3d8f47db4;490302ebf8;-;-;Fri Jul 6 11:56:39 2018 +0200;1530870999;-;-;Fri Jul 6 12:01:16 2018 +0200;1530871276
91e96d8084acb7d92a1a2f086f30cd3381b26440;91e96d8084;-;-;Wed Jul 4 16:20:20 2018 +0200;1530714020;-;-;Fri Jul 6 12:01:08 2018 +0200;1530871268
22ccdb285fa5733a9579c6a45eb9c94901a5f6b9;22ccdb285f;-;-;Fri Jul 6 01:23:07 2018 +0200;1530832987;-;-;Fri Jul 6 01:23:07 2018 +0200;1530832987
d8c7270c000de59a9227c40b701347c847f8f815;d8c7270c00;-;-;Thu Jul 5 23:59:56 2018 +0200;1530827996;-;-;Thu Jul 5 23:59:56 2018 +0200;1530827996
bb3061d11218b7779ef50df2395efa4bd96e62b9;bb3061d112;-;-;Thu Jul 5 14:08:05 2018 -0400;1530814085;-;-;Thu Jul 5 14:08:05 2018 -0400;1530814085
22f6e5b9ff0d958b73945c7da986b177f9211d4a;22f6e5b9ff;-;-;Thu Jul 5 20:17:05 2018 +0300;1530811025;-;-;Thu Jul 5 14:00:01 2018 -0400;1530813601
d2eb4d2671d2d49ea34ab7bfef477e92f107444a;d2eb4d2671;-;-;Thu Jul 5 17:54:07 2018 +0200;1530806047;-;-;Thu Jul 5 17:54:07 2018 +0200;1530806047
620e83c35d52a4da3453f091c8c47a9d01a8e3dd;620e83c35d;-;-;Thu Jul 5 16:48:35 2018 +0200;1530802115;-;-;Thu Jul 5 16:48:35 2018 +0200;1530802115
39d58744416cde93dc58f3c9412f4412720afa68;39d5874441;-;-;Thu Jul 5 08:02:21 2018 -0400;1530792141;-;-;Thu Jul 5 08:32:27 2018 -0400;1530793947
5cdc26770e4a89835c03ac8912b048b1c32760cd;5cdc26770e;-;-;Tue Jul 3 21:39:04 2018 -0400;1530668344;-;-;Thu Jul 5 08:30:23 2018 -0400;1530793823
82310660fdf1381db25970c751b0c32792590e43;82310660fd;-;-;Tue Jul 3 20:54:19 2018 -0400;1530665659;-;-;Thu Jul 5 08:28:15 2018 -0400;1530793695
fd90b73748112122c57b0346d48d08e3574accd7;fd90b73748;-;-;Tue Jul 3 15:54:19 2018 -0400;1530647659;-;-;Thu Jul 5 08:27:13 2018 -0400;1530793633
010ba33d03cd6cf37515be3aabc5d9f5e999a4cb;010ba33d03;-;-;Thu Jul 5 13:53:35 2018 +0200;1530791615;-;-;Thu Jul 5 13:53:35 2018 +0200;1530791615
83faee67d5b9e4c247d8cec3f151f030a7d00d3d;83faee67d5;-;-;Wed Jul 4 22:46:09 2018 +0200;1530737169;-;-;Wed Jul 4 22:46:09 2018 +0200;1530737169
fc699b2b3784413bb7348b8c2a92eb2ab871479f;fc699b2b37;-;-;Wed Jul 4 22:41:05 2018 +0200;1530736865;-;-;Wed Jul 4 22:41:05 2018 +0200;1530736865
182243d20d8c4793d65ab6ea8d4a50d59e2e6545;182243d20d;-;-;Wed Jul 4 21:32:51 2018 +0200;1530732771;-;-;Wed Jul 4 21:32:51 2018 +0200;1530732771
63d621524705ed16919c3937ba4213340f8eea3a;63d6215247;-;-;Wed Jul 4 19:23:27 2018 +0200;1530725007;-;-;Wed Jul 4 19:23:27 2018 +0200;1530725007
c0d4cb55c78b402c8d9c9a710eaa637ae6d3c56a;c0d4cb55c7;-;-;Wed Jul 4 19:23:19 2018 +0200;1530724999;-;-;Wed Jul 4 19:23:19 2018 +0200;1530724999
5dc8b5de6d6afaa26d6084ab0392778d1ef009be;5dc8b5de6d;-;-;Wed Jul 4 15:07:17 2018 +0200;1530709637;-;-;Wed Jul 4 15:07:17 2018 +0200;1530709637
094c9b8bd2a4d172109d7cf1470ed26b074cabd6;094c9b8bd2;-;-;Wed Jul 4 15:07:09 2018 +0200;1530709629;-;-;Wed Jul 4 15:07:09 2018 +0200;1530709629
a5dd0f0c09c779e5ea959c5b5fb0c998158188ca;a5dd0f0c09;-;-;Wed Jul 4 15:06:56 2018 +0200;1530709616;-;-;Wed Jul 4 15:06:56 2018 +0200;1530709616
160002cf8bcd1b2b116596ba73728f4c8e20b549;160002cf8b;-;-;Wed Jul 4 14:32:26 2018 +0200;1530707546;-;-;Wed Jul 4 14:33:39 2018 +0200;1530707619
755add3087931b43fe75f7c408f4e79216dee8ff;755add3087;-;-;Wed Jul 4 13:58:49 2018 +0200;1530705529;-;-;Wed Jul 4 13:58:49 2018 +0200;1530705529
18781d70b4a31ef475ce2876e2e2e7559418e1e1;18781d70b4;-;-;Wed Jul 4 11:12:10 2018 +0200;1530695530;-;-;Wed Jul 4 11:12:16 2018 +0200;1530695536
d22d4082616921acebc365f3d0ad2f1b2b99e395;d22d408261;-;-;Tue Jul 3 22:22:19 2018 +0200;1530649339;-;-;Tue Jul 3 22:22:19 2018 +0200;1530649339
0b86c71b2ae3b7a43900bc4760b7e12426f96616;0b86c71b2a;-;-;Tue Jul 3 18:57:12 2018 +0200;1530637032;-;-;Tue Jul 3 18:57:12 2018 +0200;1530637032
8bffb6a798424b83fa1b20f344650732d2f2c985;8bffb6a798;-;-;Tue Jul 3 12:43:00 2018 -0400;1530636180;-;-;Tue Jul 3 12:44:29 2018 -0400;1530636269
da5b705328c6e62f6a492cb672f3b89b356ddc18;da5b705328;-;-;Tue Jul 3 04:43:54 2018 -0400;1530607434;-;-;Tue Jul 3 12:44:29 2018 -0400;1530636269
43d6ceb6f0e68fc456dbece65c01ee723c34c9c0;43d6ceb6f0;-;-;Mon Jul 2 17:35:26 2018 -0400;1530567326;-;-;Tue Jul 3 12:44:29 2018 -0400;1530636269
9b7a492bc95c8c1f3e3abfe055defa3722a0aa45;9b7a492bc9;-;-;Tue Jul 3 17:45:45 2018 +0200;1530632745;-;-;Tue Jul 3 18:00:47 2018 +0200;1530633647
f7d22a0b420339d03bfb1295966f5ee22ddfeb29;f7d22a0b42;-;-;Tue Jul 3 17:55:24 2018 +0200;1530633324;-;-;Tue Jul 3 17:55:24 2018 +0200;1530633324
2fe3c36cc2f0acc8b9a252c8ab99e67394097fc7;2fe3c36cc2;-;-;Tue Jul 3 17:54:43 2018 +0200;1530633283;-;-;Tue Jul 3 17:54:43 2018 +0200;1530633283
9efddea5e06dd5509d670245305be51090444312;9efddea5e0;-;-;Tue Jul 3 15:53:49 2018 +0200;1530626029;-;-;Tue Jul 3 15:53:49 2018 +0200;1530626029
f2787cfb35ce3cb14d1a126e72cd97dad9fe50e6;f2787cfb35;-;-;Tue Jul 3 15:53:17 2018 +0200;1530625997;-;-;Tue Jul 3 15:53:17 2018 +0200;1530625997
dcbaecea2a73c10580e184b927c3747a6c6fd900;dcbaecea2a;-;-;Tue Jul 3 13:23:51 2018 +0200;1530617031;-;-;Tue Jul 3 13:35:11 2018 +0200;1530617711
e485abbe5628e1817c66e96d7703d523cec8a2cb;e485abbe56;-;-;Mon Jul 2 23:56:58 2018 +0200;1530568618;-;-;Mon Jul 2 23:56:58 2018 +0200;1530568618
d08b72a75a4671f456f240eff9ca39885be7d475;d08b72a75a;-;-;Mon Jul 2 22:37:29 2018 +0200;1530563849;-;-;Mon Jul 2 22:37:29 2018 +0200;1530563849
779cf8d240941118e0097aa47984c9b414e45050;779cf8d240;-;-;Mon Jul 2 22:32:57 2018 +0200;1530563577;-;-;Mon Jul 2 22:32:57 2018 +0200;1530563577
06f9fb9aeb24c751d75721ff776e579d2c0b084e;06f9fb9aeb;-;-;Mon Jul 2 22:32:29 2018 +0200;1530563549;-;-;Mon Jul 2 22:32:29 2018 +0200;1530563549
6bcf6ffb06da7193e93cf990b5d86a7deb208781;6bcf6ffb06;-;-;Mon Jul 2 15:16:03 2018 +0200;1530537363;-;-;Mon Jul 2 15:16:03 2018 +0200;1530537363
e5a6711d297730824de1a95235f848d99ac3ca6c;e5a6711d29;-;-;Mon Jul 2 13:55:18 2018 +0200;1530532518;-;-;Mon Jul 2 13:55:18 2018 +0200;1530532518
2ade122543d7cb407861efbc273da26303016c6b;2ade122543;-;-;Mon Jul 2 13:55:03 2018 +0200;1530532503;-;-;Mon Jul 2 13:55:03 2018 +0200;1530532503
4ff1e3e74bdcbc539e4f2fe211b7a5a4a89ba174;4ff1e3e74b;-;-;Sun Jul 1 02:31:20 2018 +0200;1530405080;-;-;Sun Jul 1 02:31:20 2018 +0200;1530405080
e72f4ec501f2bcf37931628cc44d48db03607609;e72f4ec501;-;-;Fri Jun 29 21:45:43 2018 -0400;1530323143;-;-;Fri Jun 29 21:45:43 2018 -0400;1530323143
d74e09a92505060a8826d5ad713db4dec4384a74;d74e09a925;-;-;Fri Jun 29 17:37:45 2018 -0400;1530308265;-;-;Fri Jun 29 17:37:45 2018 -0400;1530308265
7f555785dd00049eb9d6e885d5f75b6003292131;7f555785dd;-;-;Fri Jun 29 17:34:23 2018 -0400;1530308063;-;-;Fri Jun 29 17:34:23 2018 -0400;1530308063
51ec7c6b4ac295dd4f647288fe4bc3e4fb4bfe9c;51ec7c6b4a;-;-;Fri Jun 29 16:38:39 2018 -0300;1530301119;-;-;Fri Jun 29 18:15:52 2018 -0300;1530306952
5ec8db1adc00bb51f4950811987cb3596c376dd3;5ec8db1adc;-;-;Fri Jun 29 15:33:08 2018 -0300;1530297188;-;-;Fri Jun 29 18:15:52 2018 -0300;1530306952
907a306ee258cc2781821b5de328e96269cf904d;907a306ee2;-;-;Fri Jun 29 18:09:30 2018 -0300;1530306570;-;-;Fri Jun 29 18:15:52 2018 -0300;1530306952
3165b3c024ed5a782790d4b531e4b87831bd0b29;3165b3c024;-;-;Fri Jun 29 11:04:15 2018 +0200;1530263055;-;-;Fri Jun 29 18:12:43 2018 -0300;1530306763
641039d85d448b78c0319ea88ed29db9a87dfa3b;641039d85d;-;-;Fri Jun 29 22:36:08 2018 +0200;1530304568;-;-;Fri Jun 29 22:36:08 2018 +0200;1530304568
e22466e9d56f9d423f3b6a236a0c2cb06bb73ce3;e22466e9d5;-;-;Fri Jun 29 19:44:15 2018 +0200;1530294255;-;-;Fri Jun 29 19:44:15 2018 +0200;1530294255
df6b01a3296f7ce631c3b00f9244664de2f15a2c;df6b01a329;-;-;Fri Jun 29 19:44:08 2018 +0200;1530294248;-;-;Fri Jun 29 19:44:08 2018 +0200;1530294248
5b24040b5e1dc2ba90aacd656403c3b5f90d8aee;5b24040b5e;-;-;Fri Jun 29 19:43:38 2018 +0200;1530294218;-;-;Fri Jun 29 19:43:38 2018 +0200;1530294218
d58c09b89fb2cfc2ea5d033dacc6938ae8e0530b;d58c09b89f;-;-;Fri Jun 29 19:43:14 2018 +0200;1530294194;-;-;Fri Jun 29 19:43:14 2018 +0200;1530294194
71aee9211f01ba35c2d60b14166fba2e53b50a2b;71aee9211f;-;-;Thu Jun 28 18:02:24 2018 +0200;1530201744;-;-;Thu Jun 28 18:02:24 2018 +0200;1530201744
d34e6f7f70cdfa0d9a323565f8f716b586d1fc24;d34e6f7f70;-;-;Thu Jun 28 18:02:07 2018 +0200;1530201727;-;-;Thu Jun 28 18:02:07 2018 +0200;1530201727
8ad5299f4a330e6f904cf521f096d73f6680d450;8ad5299f4a;-;-;Thu Jun 28 17:12:29 2018 +0200;1530198749;-;-;Thu Jun 28 17:12:29 2018 +0200;1530198749
6f8a524eaa3dd95f7782951a5155440c212f3cf0;6f8a524eaa;-;-;Thu Jun 28 14:52:35 2018 +0200;1530190355;-;-;Thu Jun 28 14:52:35 2018 +0200;1530190355
40efcc933ca2cb5733655d114f36be035dc9fd54;40efcc933c;-;-;Thu Jun 28 14:51:31 2018 +0200;1530190291;-;-;Thu Jun 28 14:51:33 2018 +0200;1530190293
b68e692854d4494c141259c924c667c21784c3eb;b68e692854;-;-;Thu Jun 28 14:47:52 2018 +0200;1530190072;-;-;Thu Jun 28 14:47:52 2018 +0200;1530190072
7a02e438e7fa64840ee645fd4873bb074e694625;7a02e438e7;-;-;Thu Jun 28 13:44:16 2018 +0200;1530186256;-;-;Thu Jun 28 14:15:16 2018 +0200;1530188116
b6d95567e84bbf5f3f25f5c403ac0ed57b376076;b6d95567e8;-;-;Thu Jun 28 13:43:43 2018 +0200;1530186223;-;-;Thu Jun 28 14:15:16 2018 +0200;1530188116
b0ece0e967d825e8b395f188cba945d76563014b;b0ece0e967;-;-;Thu Jun 28 13:36:43 2018 +0200;1530185803;-;-;Thu Jun 28 14:15:16 2018 +0200;1530188116
08e1c8cfafaf67bbb8add6e219fd2627fbf6319a;08e1c8cfaf;-;-;Thu Jun 28 13:33:48 2018 +0200;1530185628;-;-;Thu Jun 28 14:15:16 2018 +0200;1530188116
bac68c8d3f9ca4caa70b54c14e0e9805f88f8d34;bac68c8d3f;-;-;Thu Jun 28 13:32:51 2018 +0200;1530185571;-;-;Thu Jun 28 14:15:16 2018 +0200;1530188116
bf5fe46fa912eb86ad6fb340d3e56cacda568865;bf5fe46fa9;-;-;Thu Jun 28 13:30:18 2018 +0200;1530185418;-;-;Thu Jun 28 14:15:16 2018 +0200;1530188116
81cb740e0ae23b6bd167f5c42ceae8294a27a14a;81cb740e0a;-;-;Thu Jun 28 13:29:08 2018 +0200;1530185348;-;-;Thu Jun 28 14:15:16 2018 +0200;1530188116
794693525f00f9e0ed076727535210315f1a1397;794693525f;-;-;Thu Jun 28 14:09:34 2018 +0200;1530187774;-;-;Thu Jun 28 14:09:34 2018 +0200;1530187774
a691065d05741a4f1ca17925c8a5deec0f378c8b;a691065d05;-;-;Thu Jun 28 11:27:30 2018 +0200;1530178050;-;-;Thu Jun 28 11:27:30 2018 +0200;1530178050
8202052b389b47dbf3be1678f3e22291b99b8334;8202052b38;-;-;Thu Jun 28 11:04:34 2018 +0200;1530176674;-;-;Thu Jun 28 11:23:38 2018 +0200;1530177818
a89e716cc71a8741385a0224b5d7eb7ce009e11a;a89e716cc7;-;-;Mon Jun 25 09:24:30 2018 -0700;1529943870;-;-;Thu Jun 28 10:28:44 2018 +0200;1530174524
1c25cec44f68c9ebe8265b3349f8bd35118a54b6;1c25cec44f;-;-;Wed Jun 13 21:36:42 2018 -0700;1528951002;-;-;Thu Jun 28 10:28:44 2018 +0200;1530174524
81451aa8007319cbf104bdd603a9fa8ab34ed372;81451aa800;-;-;Wed Jun 20 17:00:54 2018 -0700;1529539254;-;-;Thu Jun 28 10:28:44 2018 +0200;1530174524
b220d94cc26f6374115582af9afe7d43e325816d;b220d94cc2;-;-;Mon Jun 25 13:01:29 2018 -0700;1529956889;-;-;Thu Jun 28 10:28:44 2018 +0200;1530174524
5cedd0d5d4c7bb8d0e06e355edb4f607283a895d;5cedd0d5d4;-;-;Mon Jun 18 14:42:00 2018 -0700;1529358120;-;-;Thu Jun 28 10:28:44 2018 +0200;1530174524
be85bd8e09293169342668f89540a9b668dc48b8;be85bd8e09;-;-;Wed Jun 13 18:40:09 2018 -0700;1528940409;-;-;Thu Jun 28 10:28:44 2018 +0200;1530174524
13729364ab26bd2b747343b69c28214e706a3d79;13729364ab;-;-;Wed Jun 13 18:38:06 2018 -0700;1528940286;-;-;Thu Jun 28 10:28:44 2018 +0200;1530174524
ad6d183a0614adaa0bb1493a9500a4a9b412c1e2;ad6d183a06;-;-;Wed Jun 13 18:34:59 2018 -0700;1528940099;-;-;Thu Jun 28 10:28:44 2018 +0200;1530174524
634f5c27926e28a024cfbf8b478b2dab6cfa02b2;634f5c2792;-;-;Mon Jun 25 18:15:59 2018 -0700;1529975759;-;-;Thu Jun 28 10:28:44 2018 +0200;1530174524
9de3689f639a0af7a1a242d3790dfe03b58dcc64;9de3689f63;-;-;Mon Jun 25 11:13:17 2018 -0700;1529950397;-;-;Thu Jun 28 10:28:44 2018 +0200;1530174524
0b53c1096af41ed25e8a5f9bd3f194f4d4f8513d;0b53c1096a;-;-;Mon Jun 25 11:37:17 2018 -0700;1529951837;-;-;Thu Jun 28 10:28:44 2018 +0200;1530174524
eeebd51f57f452c57bc159fa8a2ad9746c4c2f8c;eeebd51f57;-;-;Wed Jun 20 19:44:39 2018 -0700;1529549079;-;-;Thu Jun 28 10:28:44 2018 +0200;1530174524
0ad0f341bdd1da1518fd5adc9b9f22a3a6980976;0ad0f341bd;-;-;Wed Jun 20 19:44:13 2018 -0700;1529549053;-;-;Thu Jun 28 10:28:44 2018 +0200;1530174524
8f9aa06dfec884d579f9176e47e57ecddd2bf72f;8f9aa06dfe;-;-;Mon Jun 25 15:19:43 2018 -0700;1529965183;-;-;Thu Jun 28 10:28:44 2018 +0200;1530174524
866e9d702e1db09a61fd814ae5cbb5c9b593723f;866e9d702e;-;-;Wed Jun 20 17:22:42 2018 -0700;1529540562;-;-;Thu Jun 28 10:28:44 2018 +0200;1530174524
04a8c285df4a4d0d691870a72132913437817b9e;04a8c285df;-;-;Wed Jun 20 17:17:28 2018 -0700;1529540248;-;-;Thu Jun 28 10:28:44 2018 +0200;1530174524
e9d1b39aff5fd912ec692ca594d7e02e42318789;e9d1b39aff;-;-;Fri Jun 22 11:29:35 2018 -0700;1529692175;-;-;Thu Jun 28 10:28:44 2018 +0200;1530174524
c3a17dfd47edce4e391ebc6b11dbb2e0cb7ddb29;c3a17dfd47;-;-;Wed Jun 13 11:15:42 2018 -0700;1528913742;-;-;Thu Jun 28 10:28:44 2018 +0200;1530174524
e0480f75ac4e0367a053eabd3a07c3fa34eccf61;e0480f75ac;-;-;Wed Jun 20 18:45:54 2018 -0700;1529545554;-;-;Thu Jun 28 10:28:44 2018 +0200;1530174524
032096d699751ab2d0f5715e037fcb9306625ef2;032096d699;-;-;Wed Jun 13 11:02:02 2018 -0700;1528912922;-;-;Thu Jun 28 10:28:44 2018 +0200;1530174524
d8ef6b7c748fbb0a61b4996dc4e3a4dfb1fe1c41;d8ef6b7c74;-;-;Tue Jun 26 11:30:54 2018 -0700;1530037854;-;-;Tue Jun 26 11:30:54 2018 -0700;1530037854
c14f83e7276d96ca103ae30a2aa55bc7edfc95f2;c14f83e727;-;-;Tue Jun 26 17:34:25 2018 +0300;1530023665;-;-;Tue Jun 26 17:34:25 2018 +0300;1530023665
9477915dbfaa5641283eac7d449766831963cfb9;9477915dbf;-;-;Mon Jun 25 17:50:21 2018 -0700;1529974221;-;-;Mon Jun 25 17:56:53 2018 -0700;1529974613
8aa6e5bfea2c7314deaa1b432554e9e914b09ee7;8aa6e5bfea;-;-;Wed Jun 20 19:33:23 2018 +0200;1529516003;-;-;Mon Jun 25 17:46:25 2018 -0300;1529959585
7ccd2b024d88cdd8e503f77f26c32581625ca31f;7ccd2b024d;-;-;Mon Jun 25 13:38:52 2018 -0300;1529944732;-;-;Mon Jun 25 14:42:29 2018 -0300;1529948549
847202c8f8e595218c0432715f6e5466ab9ab881;847202c8f8;-;-;Mon Jun 25 18:12:43 2018 +0200;1529943163;-;-;Mon Jun 25 18:12:43 2018 +0200;1529943163
2a15962d7fef281134a71a67de7020a7e64aba8b;2a15962d7f;-;-;Mon Jun 25 18:12:12 2018 +0200;1529943132;-;-;Mon Jun 25 18:12:12 2018 +0200;1529943132
853d30df264a0a584298a096846645fd7b0cb854;853d30df26;-;-;Sun Jun 24 18:16:52 2018 +0300;1529853412;-;-;Sun Jun 24 18:16:52 2018 +0300;1529853412
900bc8a2e341277296a463c7b5db4abb944e14d7;900bc8a2e3;-;-;Fri Jun 22 22:41:30 2018 -0400;1529721690;-;-;Fri Jun 22 22:44:24 2018 -0400;1529721864
eaffcbe3be43bb8ab7229e1a40ecfd32c1cccf7f;eaffcbe3be;-;-;Fri Jun 22 22:49:12 2018 +0200;1529700552;-;-;Fri Jun 22 22:49:12 2018 +0200;1529700552
69d8f9d3ab6c0c09aa8f763e2cd26cefc1fdad86;69d8f9d3ab;-;-;Tue Jun 19 16:53:37 2018 -0400;1529441617;-;-;Tue Jun 19 16:53:37 2018 -0400;1529441617
cafb5033e2c5c1388b0d952c592ca101f0e6b53c;cafb5033e2;-;-;Tue Jun 19 13:50:13 2018 +0300;1529405413;-;-;Tue Jun 19 13:50:13 2018 +0300;1529405413
4a26f93a0dcc9e1839b2bc1e4a6684d085a6f80e;4a26f93a0d;-;-;Tue Jun 19 11:31:04 2018 +0200;1529400664;-;-;Tue Jun 19 11:51:45 2018 +0200;1529401905
a774305cfca404357ae0d0a8bc7f6b1276a3a37d;a774305cfc;-;-;Tue Jun 19 09:07:45 2018 +0200;1529392065;-;-;Tue Jun 19 09:07:45 2018 +0200;1529392065
c97acbbd8db7d676abb7099c5a6010aade161aad;c97acbbd8d;-;-;Mon Jun 18 20:29:35 2018 -0400;1529368175;-;-;Mon Jun 18 20:29:35 2018 -0400;1529368175
03c305136df7a9bda0b2b8f4db0cf7e18083913e;03c305136d;-;-;Mon Jun 18 20:20:32 2018 -0400;1529367632;-;-;Mon Jun 18 20:20:32 2018 -0400;1529367632
28a5c3009ea0c31f879c0bb8b9e6cfd33faa81e5;28a5c3009e;-;-;Mon Jun 18 17:48:55 2018 -0400;1529358535;-;-;Mon Jun 18 18:33:11 2018 -0400;1529361191
003d643adcc457478fec972945d2dc7094739b4c;003d643adc;-;-;Sun Jun 17 21:42:20 2018 +0200;1529264540;-;-;Sun Jun 17 21:42:20 2018 +0200;1529264540
e4666c17ec552f60513a1832668a87f57efcd4ac;e4666c17ec;-;-;Sat Jun 16 18:11:31 2018 -0700;1529197891;-;-;Sun Jun 17 13:27:20 2018 +0200;1529234840
bea0e399b8a88c1e08625d448aa32b47a7207f78;bea0e399b8;-;-;Sun Jun 17 00:15:18 2018 +0300;1529183718;-;-;Sun Jun 17 00:15:18 2018 +0300;1529183718
4184ebe79987911f6968b44553c3755d51c2d705;4184ebe799;-;-;Sat Jun 16 21:40:22 2018 +0300;1529174422;-;-;Sat Jun 16 21:40:22 2018 +0300;1529174422
38f9a7b07201677411b8da686e722d85e44f126b;38f9a7b072;-;-;Fri Jun 15 22:12:14 2018 +0200;1529093534;-;-;Fri Jun 15 22:12:14 2018 +0200;1529093534
bb6ab5dc91bfc6d65c8ed7cc89f226c9bfc59df8;bb6ab5dc91;-;-;Fri Jun 15 22:09:29 2018 +0200;1529093369;-;-;Fri Jun 15 22:09:29 2018 +0200;1529093369
51091f2242b06bcbe25cf99bc7ed74b67bd3b0f1;51091f2242;-;-;Fri Jun 15 22:09:23 2018 +0200;1529093363;-;-;Fri Jun 15 22:09:23 2018 +0200;1529093363
1f3b4f1863cdc27f28723659872e5e303ed7e12a;1f3b4f1863;-;-;Wed Jun 13 11:04:23 2018 +0200;1528880663;-;-;Fri Jun 15 16:01:16 2018 +0200;1529071276
e2623b7d35fe1d9b8ab984349678072a533ff61a;e2623b7d35;-;-;Tue Jun 12 21:17:50 2018 -0700;1528863470;-;-;Fri Jun 15 16:01:16 2018 +0200;1529071276
58cce615f54418fabd9f3b5d3fb19dcd8456c6a1;58cce615f5;-;-;Thu Jun 14 22:05:53 2018 -0400;1529028353;-;-;Thu Jun 14 22:11:53 2018 -0400;1529028713
e6fef9555da4f887eb1cfa37428c97e6d2d430d2;e6fef9555d;-;-;Thu Jun 14 19:16:39 2018 -0400;1529018199;-;-;Thu Jun 14 22:07:06 2018 -0400;1529028426
dad9ed83b7d305e4ca55cc052a20e01591b475bc;dad9ed83b7;-;-;Thu Jun 14 17:02:00 2018 -0400;1529010120;-;-;Thu Jun 14 22:07:06 2018 -0400;1529028426
e8bd16ab6ec63334b86409cd63489f8c23fd9460;e8bd16ab6e;-;-;Fri Jun 15 01:26:05 2018 +0300;1529015165;-;-;Fri Jun 15 01:26:05 2018 +0300;1529015165
802763d26f4aa263df2d474746f3963912f8660b;802763d26f;-;-;Fri Jun 15 00:43:21 2018 +0300;1529012601;-;-;Fri Jun 15 00:43:21 2018 +0300;1529012601
8027e1f1090e01ed0eeafcea4699c86def37edbf;8027e1f109;-;-;Thu Jun 14 22:48:34 2018 +0300;1529005714;-;-;Thu Jun 14 22:48:34 2018 +0300;1529005714
4ae4788e938996407373d90b1d0d3f5debe9eb11;4ae4788e93;-;-;Thu Jun 14 22:46:10 2018 +0300;1529005570;-;-;Thu Jun 14 22:46:10 2018 +0300;1529005570
ebdcc015a49727b34f98aafde7f97dd7f6850fbd;ebdcc015a4;-;-;Thu Jun 14 13:07:17 2018 -0400;1528996037;-;-;Thu Jun 14 13:07:17 2018 -0400;1528996037
09d9450154be796349dabdc606ade57beae08724;09d9450154;-;-;Thu Jun 14 11:22:43 2018 +0200;1528968163;-;-;Thu Jun 14 11:39:03 2018 +0200;1528969143
1e5f8cc2321d0f466cfb3133d169781c480ab3c7;1e5f8cc232;-;-;Thu Jun 14 00:42:36 2018 +0200;1528929756;-;-;Thu Jun 14 00:42:36 2018 +0200;1528929756
c38cb43527bdfe3a523413e2112f1793244d7d11;c38cb43527;-;-;Thu Jun 14 00:42:19 2018 +0200;1528929739;-;-;Thu Jun 14 00:42:19 2018 +0200;1528929739
afa45950ff09855a6a3a000473dc4b4b9e00841c;afa45950ff;-;-;Wed Jun 13 16:59:43 2018 -0400;1528923583;-;-;Wed Jun 13 17:14:49 2018 -0400;1528924489
0b61c748f699a2d13282f8bd2ba867ae88b8ceae;0b61c748f6;-;-;Wed Jun 13 17:13:49 2018 -0400;1528924429;-;-;Wed Jun 13 17:14:49 2018 -0400;1528924489
278881b8df8ae2813db2ebb678eabeb833fd1dd9;278881b8df;-;-;Wed Jun 13 16:00:09 2018 -0400;1528920009;-;-;Wed Jun 13 17:05:34 2018 -0400;1528923934
0058a1f52d950b9e15658fc5638b30579d34c35f;0058a1f52d;-;-;Wed Jun 13 22:04:32 2018 +0200;1528920272;-;-;Wed Jun 13 22:04:32 2018 +0200;1528920272
0dc434b35e8009878984219920cdefc8ce0518d2;0dc434b35e;-;-;Wed Jun 13 22:04:10 2018 +0200;1528920250;-;-;Wed Jun 13 22:04:10 2018 +0200;1528920250
3fc8ec498c7c7ae3074a4980971b5eb31635cc2c;3fc8ec498c;-;-;Wed Jun 13 22:03:16 2018 +0200;1528920196;-;-;Wed Jun 13 22:03:16 2018 +0200;1528920196
9aed9bf823fa6ba3944caa99f90aad02850ec16f;9aed9bf823;-;-;Wed Jun 13 22:03:01 2018 +0200;1528920181;-;-;Wed Jun 13 22:03:01 2018 +0200;1528920181
0078f4677957a3d0c582cf19a145a390cd33ea9a;0078f46779;-;-;Wed Jun 13 09:38:54 2018 -0400;1528897134;-;-;Wed Jun 13 09:38:54 2018 -0400;1528897134
928b7804c836b818d363abca0168c35b7a8702b4;928b7804c8;-;-;Tue Jun 12 15:22:53 2018 -0400;1528831373;-;-;Tue Jun 12 15:23:45 2018 -0400;1528831425
39af1b228116e26b16cf967ed6de70d1519be9f5;39af1b2281;-;-;Tue Jun 12 18:14:29 2018 +0100;1528823669;-;-;Tue Jun 12 14:11:27 2018 -0400;1528827087
0c669def4f5c9d4c1001e6eb8f95f011b4b3741c;0c669def4f;-;-;Tue Jun 12 10:14:35 2018 -0400;1528812875;-;-;Tue Jun 12 10:14:51 2018 -0400;1528812891
0b64bcd319abf39be435dd7b631c2045d60a8039;0b64bcd319;-;-;Tue Jun 12 11:28:13 2018 +0200;1528795693;-;-;Tue Jun 12 11:28:13 2018 +0200;1528795693
2573a543b260297b29fb3b365200ea943a0cd0cc;2573a543b2;-;-;Tue Jun 12 11:52:03 2018 +0300;1528793523;-;-;Tue Jun 12 11:12:57 2018 +0200;1528794777
05ff8b722d13d8a59adf8890ccd751ea90fc7acb;05ff8b722d;-;-;Mon Jun 11 22:43:59 2018 +0200;1528749839;-;-;Mon Jun 11 22:53:55 2018 +0200;1528750435
ef41dcf6878d4063f10cfa946bcf079b2bf71eb4;ef41dcf687;-;-;Mon Jun 11 16:38:19 2018 -0400;1528749499;-;-;Mon Jun 11 16:39:12 2018 -0400;1528749552
4a435c12f24a08c9dc4de91e672136a587bdbd19;4a435c12f2;-;-;Mon Jun 11 16:27:22 2018 -0400;1528748842;-;-;Mon Jun 11 16:39:12 2018 -0400;1528749552
59bd21d2fc1d3224933212810595af5958665383;59bd21d2fc;-;-;Mon Jun 11 22:14:21 2018 +0200;1528748061;-;-;Mon Jun 11 22:14:21 2018 +0200;1528748061
9c36b5383317c7fd92d4f4f3ebc9c90790eac168;9c36b53833;-;-;Mon Jun 11 22:01:51 2018 +0200;1528747311;-;-;Mon Jun 11 22:01:51 2018 +0200;1528747311
0777a80efee984acaa2e0e62dcfedb8b722f28eb;0777a80efe;-;-;Mon Jun 11 18:08:39 2018 +0200;1528733319;-;-;Mon Jun 11 19:17:57 2018 +0200;1528737477
4aafbe5a8441b892d19173569b73637483d8eea0;4aafbe5a84;-;-;Mon Jun 11 16:55:52 2018 +0200;1528728952;-;-;Mon Jun 11 19:16:14 2018 +0200;1528737374
a5cd01a4c857aaaba7ccc51545fc73dd25b5cba5;a5cd01a4c8;-;-;Fri May 18 14:35:35 2018 +0200;1526646935;-;-;Mon Jun 11 18:53:23 2018 +0200;1528736003
f64fa3dea10af125d612d3a997aece93d21bc875;f64fa3dea1;-;-;Fri May 18 10:56:50 2018 +0200;1526633810;-;-;Mon Jun 11 18:53:23 2018 +0200;1528736003
d196cdc5cde22308d60fb3eae1bc3e54ccf6bb0a;d196cdc5cd;-;-;Mon Jun 11 12:39:47 2018 -0400;1528735187;-;-;Mon Jun 11 12:42:55 2018 -0400;1528735375
f4bffea739a0162585ad5cf71065f179efcd46a6;f4bffea739;-;-;Sat Jun 9 04:15:11 2018 -0400;1528532111;-;-;Mon Jun 11 12:42:55 2018 -0400;1528735375
7a70f7c5d8ab8542cf1666110c58b71b528030ac;7a70f7c5d8;-;-;Sat Jun 9 04:06:36 2018 -0400;1528531596;-;-;Mon Jun 11 12:42:55 2018 -0400;1528735375
a31204938ab31435730c8dddddd5e5787ea9e5ce;a31204938a;-;-;Fri Jun 8 16:35:40 2018 -0400;1528490140;-;-;Mon Jun 11 12:42:55 2018 -0400;1528735375
417354da8a57d8a7653f6645a40051edcd810482;417354da8a;-;-;Mon Jun 11 15:33:05 2018 +0200;1528723985;-;-;Mon Jun 11 15:57:54 2018 +0200;1528725474
7bce7504c7be31bce558e1da0f5534e6ebd9d7bc;7bce7504c7;-;-;Mon Jun 11 14:17:03 2018 +0200;1528719423;-;-;Mon Jun 11 14:17:03 2018 +0200;1528719423
b790bd1fd6843129c706139861914a0405dc86a3;b790bd1fd6;-;-;Mon Jun 11 14:10:12 2018 +0200;1528719012;-;-;Mon Jun 11 14:10:12 2018 +0200;1528719012
646d7f9e57d1a6bbbd8403cc57f2b9fd4ae732b2;646d7f9e57;-;-;Mon Jun 11 13:44:43 2018 +0200;1528717483;-;-;Mon Jun 11 13:44:43 2018 +0200;1528717483
fa82684c081455af03aef5810e2e5e0595b390fa;fa82684c08;-;-;Mon Jun 11 08:34:11 2018 +0200;1528698851;-;-;Mon Jun 11 08:34:11 2018 +0200;1528698851
65a6a048533cd16fff5cbfc50a704807a99549fe;65a6a04853;-;-;Sun Jun 10 23:59:28 2018 +0200;1528667968;-;-;Sun Jun 10 23:59:28 2018 +0200;1528667968
0c8cfa05b520f65dd00814ba5f6b1d8de6805d56;0c8cfa05b5;-;-;Sun Jun 10 23:59:07 2018 +0200;1528667947;-;-;Sun Jun 10 23:59:07 2018 +0200;1528667947
e2ccd55d146c245ee3e6d46783e3c288999894ff;e2ccd55d14;-;-;Sun Jun 10 23:56:32 2018 +0200;1528667792;-;-;Sun Jun 10 23:56:32 2018 +0200;1528667792
b71795ba3655cb8a640870ae44883b7a53145ba5;b71795ba36;-;-;Sun Jun 10 23:52:27 2018 +0200;1528667547;-;-;Sun Jun 10 23:52:27 2018 +0200;1528667547
86c861516d55c69bae0150271c1a10d40afa726e;86c861516d;-;-;Fri Jun 8 15:32:07 2018 -0400;1528486327;-;-;Fri Jun 8 15:32:07 2018 -0400;1528486327
0092653d42f61107b81ca41a1b8470f2fe433927;0092653d42;-;-;Fri Jun 8 13:37:44 2018 +0200;1528457864;-;-;Fri Jun 8 13:37:44 2018 +0200;1528457864
ac37b678a3ac9ee541a10e8ad74d612bb9ec5b88;ac37b678a3;-;-;Thu Jun 7 11:33:25 2018 +0200;1528364005;-;-;Fri Jun 8 12:15:48 2018 +0200;1528452948
19dc981685508bd806f63569dac31b58b6282849;19dc981685;-;-;Thu Jun 7 18:16:18 2018 -0400;1528409778;-;-;Thu Jun 7 18:18:42 2018 -0400;1528409922
31159a8506de42d2a0d3b63efae4c8716453d345;31159a8506;-;-;Wed Jun 6 17:14:52 2018 -0400;1528319692;-;-;Thu Jun 7 18:18:42 2018 -0400;1528409922
25559b9e44ae97184c5a669d7e6a94f8762fd4cd;25559b9e44;-;-;Wed Jun 6 21:31:24 2018 +0200;1528313484;-;-;Wed Jun 6 21:31:24 2018 +0200;1528313484
7ece0e219e3bfdcffc00c574a9cc891cff4060df;7ece0e219e;-;-;Wed Jun 6 21:27:00 2018 +0200;1528313220;-;-;Wed Jun 6 21:27:00 2018 +0200;1528313220
bfcc1a1f6ae58d3a62765ddd21f6bd5b5182463d;bfcc1a1f6a;-;-;Wed Jun 6 21:25:53 2018 +0200;1528313153;-;-;Wed Jun 6 21:25:53 2018 +0200;1528313153
6cf197864c0f967f0c3eb98e5a1a0faecdb717af;6cf197864c;-;-;Wed Jun 6 21:25:26 2018 +0200;1528313126;-;-;Wed Jun 6 21:25:26 2018 +0200;1528313126
0941081b0a87ecfd908deb9ea8cddd5e5331a94a;0941081b0a;-;-;Wed Jun 6 21:24:53 2018 +0200;1528313093;-;-;Wed Jun 6 21:24:53 2018 +0200;1528313093
72b1d4c648b11db499c2a4e48ceccc9985ca7345;72b1d4c648;-;-;Wed Jun 6 14:35:54 2018 -0400;1528310154;-;-;Wed Jun 6 14:35:54 2018 -0400;1528310154
fd946b815736408c0e9d517c82671b40d3951d0f;fd946b8157;-;-;Tue Jun 5 16:23:21 2018 -0400;1528230201;-;-;Tue Jun 5 16:23:21 2018 -0400;1528230201
42b4a2feefa643484b2c0b01ec23998a0b5499df;42b4a2feef;-;-;Tue Jun 5 12:14:57 2018 -0400;1528215297;-;-;Tue Jun 5 12:16:29 2018 -0400;1528215389
522f71b907468e57968d1ca1ffccec08eef28cff;522f71b907;-;-;Tue Jun 5 15:25:40 2018 +0200;1528205140;-;-;Tue Jun 5 15:25:40 2018 +0200;1528205140
3acb96efd0e172ed0d7e6dc72077046d2232cbbd;3acb96efd0;-;-;Mon Jun 4 23:30:35 2018 -0400;1528169435;-;-;Mon Jun 4 23:30:35 2018 -0400;1528169435
010352163ba4d7f754c019912dc67cb31ef5702a;010352163b;-;-;Mon Jun 4 15:46:58 2018 -0400;1528141618;-;-;Mon Jun 4 15:48:47 2018 -0400;1528141727
124d4c833c107edcf7287d0833211768e1067120;124d4c833c;-;-;Fri Jun 1 15:22:24 2018 -0400;1527880944;-;-;Mon Jun 4 15:48:47 2018 -0400;1528141727
7396309dba786e932ef0c3062225f9d034ff55b0;7396309dba;-;-;Mon Jun 4 20:56:33 2018 +0200;1528138593;-;-;Mon Jun 4 20:56:33 2018 +0200;1528138593
f2ee18493f3a914c09be253513c4004e572d801b;f2ee18493f;-;-;Mon Jun 4 15:33:49 2018 +0200;1528119229;-;-;Mon Jun 4 15:35:25 2018 +0200;1528119325
f1871f9e3f4f31a822fda976586208ea2efcc413;f1871f9e3f;-;-;Mon Jun 4 14:51:14 2018 +0200;1528116674;-;-;Mon Jun 4 14:51:14 2018 +0200;1528116674
23906958042d2d4e022338227b4973ddeee71745;2390695804;-;-;Mon Jun 4 14:03:27 2018 +0200;1528113807;-;-;Mon Jun 4 14:03:27 2018 +0200;1528113807
5811d13d6cde3cbcfb52e991464924a850063b84;5811d13d6c;-;-;Sat Jun 2 18:23:08 2018 +0200;1527956588;-;-;Sat Jun 2 18:23:08 2018 +0200;1527956588
237c0defa75ca31d14a5d1c4847c7cd313764176;237c0defa7;-;-;Sat Jun 2 16:37:45 2018 +0200;1527950265;-;-;Sat Jun 2 16:37:45 2018 +0200;1527950265
ce002b450ab077eaaac701bc85a00e6a40d4fac9;ce002b450a;-;-;Sat Jun 2 16:37:02 2018 +0200;1527950222;-;-;Sat Jun 2 16:37:02 2018 +0200;1527950222
b71d0eeec9c9ed59f8b7f4e3acaec6f4919b46b0;b71d0eeec9;-;-;Fri Jun 1 14:24:51 2018 +0200;1527855891;-;-;Fri Jun 1 14:40:27 2018 +0200;1527856827
356bfe6e2ec38fdf2d8a85c4d5cef8cfd386d5db;356bfe6e2e;-;-;Thu May 31 23:35:15 2018 +0200;1527802515;-;-;Thu May 31 23:35:15 2018 +0200;1527802515
a3216432b5b86e1e42110af1738ea66bdd58b163;a3216432b5;-;-;Thu May 31 15:35:53 2018 -0400;1527795353;-;-;Thu May 31 15:38:30 2018 -0400;1527795510
ffbc75ae47936c8668c55332e5b70142279f64ac;ffbc75ae47;-;-;Thu May 17 21:47:18 2018 +0300;1526582838;-;-;Thu May 31 15:37:39 2018 -0400;1527795459
61ffbe5554ec1b5f039162746417ce4fb7cb479f;61ffbe5554;-;-;Thu May 31 15:19:10 2018 +0200;1527772750;-;-;Thu May 31 15:19:10 2018 +0200;1527772750
a7a29a82265f54e61d38d9622051bb4726227623;a7a29a8226;-;-;Thu May 31 12:17:37 2018 +0200;1527761857;-;-;Thu May 31 12:20:37 2018 +0200;1527762037
ab9b575da6d681286e0c1ec8e2007594c054b957;ab9b575da6;-;-;Thu May 31 10:20:10 2018 +0200;1527754810;-;-;Thu May 31 10:20:10 2018 +0200;1527754810
1b728fb2448ee1fe70dbb864fa0a58c7899849eb;1b728fb244;-;-;Wed May 30 11:10:37 2018 +0200;1527671437;-;-;Wed May 30 11:10:37 2018 +0200;1527671437
0c526991020244394db581ed4cf3cce9486dc183;0c52699102;-;-;Wed May 30 11:10:29 2018 +0200;1527671429;-;-;Wed May 30 11:10:29 2018 +0200;1527671429
f3e860e8f17d37341067d9285af12940eac8bed4;f3e860e8f1;-;-;Wed May 30 00:31:35 2018 +0200;1527633095;-;-;Wed May 30 00:31:35 2018 +0200;1527633095
616a40adb64a09dc4caeee67f16aabb188eeae7a;616a40adb6;-;-;Tue May 29 22:31:47 2018 +0200;1527625907;-;-;Tue May 29 22:31:47 2018 +0200;1527625907
8d94d20770aba9e77c89be449460c6087800eb57;8d94d20770;-;-;Tue May 29 21:53:06 2018 +0200;1527623586;-;-;Tue May 29 21:53:06 2018 +0200;1527623586
b39ce80c879101ab132dcc794cee5e12abb5a668;b39ce80c87;-;-;Tue May 29 21:52:51 2018 +0200;1527623571;-;-;Tue May 29 21:52:51 2018 +0200;1527623571
c75423216cc5dd710350d56686aae750a2a130ef;c75423216c;-;-;Tue May 29 21:52:31 2018 +0200;1527623551;-;-;Tue May 29 21:52:31 2018 +0200;1527623551
74fcdea2d96e6c88d232c487e6e2ca6b9978773a;74fcdea2d9;-;-;Tue May 29 21:51:33 2018 +0200;1527623493;-;-;Tue May 29 21:51:33 2018 +0200;1527623493
46a89d9534cbb5596a2754a7655f678b27d504da;46a89d9534;-;-;Tue May 29 21:51:06 2018 +0200;1527623466;-;-;Tue May 29 21:51:06 2018 +0200;1527623466
5bbeadec0c80591b52602eb6f87aa00ecb9cc096;5bbeadec0c;-;-;Tue May 29 21:47:53 2018 +0200;1527623273;-;-;Tue May 29 21:47:53 2018 +0200;1527623273
69f14a20380e8353cdfdea706ca4e4d415011e5e;69f14a2038;-;-;Tue May 29 21:47:33 2018 +0200;1527623253;-;-;Tue May 29 21:47:33 2018 +0200;1527623253
8593fec22cd6c196939e0b8f9f347593f91fe697;8593fec22c;-;-;Tue May 29 21:47:10 2018 +0200;1527623230;-;-;Tue May 29 21:47:10 2018 +0200;1527623230
8c30b8e628a83690427adf5048591ed188214969;8c30b8e628;-;-;Tue May 29 15:39:40 2018 +0200;1527601180;-;-;Tue May 29 15:48:31 2018 +0200;1527601711
e57d8e1e6032d58eb252deead7e3f42a7a994227;e57d8e1e60;-;-;Tue May 29 20:01:45 2018 +0800;1527595305;-;-;Tue May 29 14:20:51 2018 +0200;1527596451
be416ef9c4f63298891c0d667c03c283607680d8;be416ef9c4;-;-;Tue May 29 09:33:29 2018 +0200;1527579209;-;-;Tue May 29 09:34:35 2018 +0200;1527579275
406f6ec74dcf948262c8c38a7861bd2df16c87d3;406f6ec74d;-;-;Mon May 28 15:51:22 2018 +0200;1527515482;-;-;Mon May 28 15:51:22 2018 +0200;1527515482
2acf91a438dbc03817d72a654f34757d30e2cf35;2acf91a438;-;-;Sat May 26 09:24:23 2018 -0400;1527341063;-;-;Sat May 26 09:24:23 2018 -0400;1527341063
3ede3a4b349bd3c579dc34e452e13eb2a05af947;3ede3a4b34;-;-;Fri May 25 13:45:10 2018 -0400;1527270310;-;-;Fri May 25 13:45:10 2018 -0400;1527270310
c7c3e5585bc28f7a7df2b08e9c24187d1c64f637;c7c3e5585b;-;-;Fri May 25 13:39:37 2018 -0400;1527269977;-;-;Fri May 25 13:39:37 2018 -0400;1527269977
d77797f42c2da26286d5bb9681d6f2a0018792ce;d77797f42c;-;-;Fri May 25 13:30:57 2018 -0400;1527269457;-;-;Fri May 25 13:32:00 2018 -0400;1527269520
9fb2fd66c049cb458eb7026febb1c2388e735253;9fb2fd66c0;-;-;Fri May 25 16:31:50 2018 +0200;1527258710;-;-;Fri May 25 16:31:50 2018 +0200;1527258710
836a09d5c0913c0a4e25e1d79b0a6349393599e8;836a09d5c0;-;-;Fri May 25 00:18:06 2018 +0200;1527200286;-;-;Fri May 25 00:18:06 2018 +0200;1527200286
3eac2dd31e0e2fa582c9da4bc7d2ca1385871b9d;3eac2dd31e;-;-;Thu May 24 16:14:12 2018 -0400;1527192852;-;-;Thu May 24 16:14:12 2018 -0400;1527192852
85e8634810ea7f5dabd1683cfd7da9495deffbd5;85e8634810;-;-;Thu May 24 15:08:39 2018 -0400;1527188919;-;-;Thu May 24 15:08:39 2018 -0400;1527188919
2a993bf9ff7c9a4fbb1edef8ea1e7f96ac0a1afc;2a993bf9ff;-;-;Thu May 24 12:33:19 2018 -0400;1527179599;-;-;Thu May 24 12:33:19 2018 -0400;1527179599
82480a79089e24e583f191e9955c7735c2990872;82480a7908;-;-;Thu May 24 07:16:54 2018 -0400;1527160614;-;-;Thu May 24 07:16:54 2018 -0400;1527160614
ed439eefcfe944dc022645b7a6394e0fbc70f5c8;ed439eefcf;-;-;Wed May 23 21:49:25 2018 -0400;1527126565;-;-;Wed May 23 21:49:25 2018 -0400;1527126565
fbf25c536d6b5e5ae283387c011dfab9040336ad;fbf25c536d;-;-;Wed May 23 21:48:19 2018 -0400;1527126499;-;-;Wed May 23 21:48:19 2018 -0400;1527126499
eed663ff7e33f24b614db087353599b321e18436;eed663ff7e;-;-;Wed May 23 21:21:12 2018 -0400;1527124872;-;-;Wed May 23 21:27:02 2018 -0400;1527125222
72022899de16bdac9ac80df7627b725ed340f27e;72022899de;-;-;Wed May 23 21:20:37 2018 -0400;1527124837;-;-;Wed May 23 21:23:23 2018 -0400;1527125003
1e4a3a2370b9ded44a62155aea59c0d81c36149f;1e4a3a2370;-;-;Wed May 23 14:56:55 2018 -0400;1527101815;-;-;Wed May 23 21:23:23 2018 -0400;1527125003
cb80eac9d755d97ab1fab47c066e8ea145891046;cb80eac9d7;-;-;Thu May 24 00:58:45 2018 +0200;1527116325;-;-;Thu May 24 00:58:45 2018 +0200;1527116325
d035593562a1dd39c213143b4c44574051a3fb76;d035593562;-;-;Wed May 23 11:52:14 2018 -0400;1527090734;-;-;Wed May 23 11:52:14 2018 -0400;1527090734
b472d192f43c5d827cfc49115c22c83acaebf2f0;b472d192f4;-;-;Wed May 23 09:10:07 2018 -0400;1527081007;-;-;Wed May 23 09:17:21 2018 -0400;1527081441
9274de390a0b732d2c3e57a2ee27ef490733109c;9274de390a;-;-;Tue May 22 18:37:27 2018 -0400;1527028647;-;-;Wed May 23 09:17:21 2018 -0400;1527081441
f121aa5e31b1885aff931a5f0caea0712ea69b73;f121aa5e31;-;-;Tue May 22 15:33:17 2018 -0400;1527017597;-;-;Wed May 23 09:17:21 2018 -0400;1527081441
5207672b3f3cfd4f341dcbd21fa76727fd61888d;5207672b3f;-;-;Sat May 19 09:01:02 2018 -0400;1526734862;-;-;Wed May 23 09:17:21 2018 -0400;1527081441
34101558756b9c3d274cbcec6ee86cc2d92b3291;3410155875;-;-;Tue May 22 17:42:55 2018 +0200;1527003775;-;-;Tue May 22 17:42:55 2018 +0200;1527003775
9b496b1264e1f9322af666399dd451987cfdd29c;9b496b1264;-;-;Mon May 21 18:50:00 2018 -0400;1526943000;-;-;Mon May 21 21:10:44 2018 -0400;1526951444
6e5273f08e65061ed03f1224211a6b4787bf6f57;6e5273f08e;-;-;Mon May 21 15:14:28 2018 -0400;1526930068;-;-;Mon May 21 21:09:42 2018 -0400;1526951382
1f8476aaf39e15113da1df3cbc7b5e6b4faab45c;1f8476aaf3;-;-;Sat May 19 08:38:37 2018 -0400;1526733517;-;-;Mon May 21 21:09:29 2018 -0400;1526951369
36f8d49c4a057b3aa79a633112a25800b9367f17;36f8d49c4a;-;-;Sat May 19 10:32:25 2018 +0200;1526718745;-;-;Sat May 19 10:32:25 2018 +0200;1526718745
192c7a56277a651839cf9275a59eb5001b56ff99;192c7a5627;-;-;Fri May 18 21:30:13 2018 -0400;1526693413;-;-;Fri May 18 21:32:46 2018 -0400;1526693566
9074828478cd964e3e1e6a8f0e02739cc88fe055;9074828478;-;-;Fri May 18 16:43:17 2018 -0400;1526676197;-;-;Fri May 18 21:32:46 2018 -0400;1526693566
e043481a268b79bb59347cde7d14cc40933d62db;e043481a26;-;-;Fri May 18 15:12:02 2018 -0400;1526670722;-;-;Fri May 18 21:32:46 2018 -0400;1526693566
592dc628d5523ef955bd2dfa4cbe3a45a254bfb5;592dc628d5;-;-;Fri May 18 09:49:01 2018 -0400;1526651341;-;-;Fri May 18 21:32:46 2018 -0400;1526693566
d58888777f4df8669bcfc306d4cfa5786b9eb382;d58888777f;-;-;Fri May 18 09:29:39 2018 -0400;1526650179;-;-;Fri May 18 21:32:46 2018 -0400;1526693566
285eb94a03fceb5816592c433bb73b46f51b7154;285eb94a03;-;-;Fri May 18 22:22:12 2018 +0200;1526674932;-;-;Fri May 18 22:22:12 2018 +0200;1526674932
6710291bbdb1f46899e209111177ddc53089191f;6710291bbd;-;-;Fri May 18 22:21:33 2018 +0200;1526674893;-;-;Fri May 18 22:21:33 2018 +0200;1526674893
d9c63182d90eafaa98d950bf2ae748a050eb7bd8;d9c63182d9;-;-;Fri May 18 22:20:29 2018 +0200;1526674829;-;-;Fri May 18 22:20:29 2018 +0200;1526674829
5b3bbad6a0af83f6640936809119f72f44edf81c;5b3bbad6a0;-;-;Fri May 18 22:20:08 2018 +0200;1526674808;-;-;Fri May 18 22:20:08 2018 +0200;1526674808
fbd12e9d16c84c372a1e851bd73e6915670427fc;fbd12e9d16;-;-;Thu May 17 17:27:52 2018 -0400;1526592472;-;-;Thu May 17 17:27:52 2018 -0400;1526592472
ade2eab169a385ffe0bc5402815d2b830b708b01;ade2eab169;-;-;Thu May 17 10:02:06 2018 -0400;1526565726;-;-;Thu May 17 10:02:54 2018 -0400;1526565774
b03905e2b0ddbba87f523862fe7ee931292d214c;b03905e2b0;-;-;Thu May 17 12:02:23 2018 +0200;1526551343;-;-;Thu May 17 12:32:57 2018 +0200;1526553177
543f1902397db77e3277130abea377b8a1d4a63f;543f190239;-;-;Wed May 16 21:30:31 2018 -0400;1526520631;-;-;Wed May 16 21:30:31 2018 -0400;1526520631
37b0ed9fcb74c42dd6a8de24834d5ac7e75392f6;37b0ed9fcb;-;-;Wed May 16 11:14:24 2018 -0400;1526483664;-;-;Wed May 16 11:40:51 2018 -0400;1526485251
4ff4d5a181aca7f73da01edbc6716468a9da3234;4ff4d5a181;-;-;Wed May 16 10:41:50 2018 -0400;1526481710;-;-;Wed May 16 10:41:50 2018 -0400;1526481710
020c6c0102c33b362acb34db441359cc35641e15;020c6c0102;-;-;Wed May 16 10:18:01 2018 -0400;1526480281;-;-;Wed May 16 10:18:01 2018 -0400;1526480281
29158aa79acb43d5c3d95689914e54c28426f8d7;29158aa79a;-;-;Wed May 16 10:03:29 2018 -0400;1526479409;-;-;Wed May 16 10:03:57 2018 -0400;1526479437
18854ee5445b2e1301dbfddfdb759a647230b7fa;18854ee544;-;-;Tue May 15 10:45:03 2018 -0400;1526395503;-;-;Wed May 16 10:03:57 2018 -0400;1526479437
7424ca5790cc27d2f7306a583d72e6497663a246;7424ca5790;-;-;Wed May 16 11:14:21 2018 +0200;1526462061;-;-;Wed May 16 11:14:21 2018 +0200;1526462061
765d18eb94db2220eb32048964f579965047fe0c;765d18eb94;-;-;Wed May 16 00:46:57 2018 +0200;1526424417;-;-;Wed May 16 00:46:57 2018 +0200;1526424417
009824598c0254412d79eefffd7ea17db7b5da0f;009824598c;-;-;Wed May 16 00:45:33 2018 +0200;1526424333;-;-;Wed May 16 00:45:33 2018 +0200;1526424333
3c8c99664fcf444d72183a5bf8eec609c7706dbf;3c8c99664f;-;-;Wed May 16 00:44:52 2018 +0200;1526424292;-;-;Wed May 16 00:44:52 2018 +0200;1526424292
bba5dcaab39b613404129899a0204499442a3141;bba5dcaab3;-;-;Wed May 16 00:43:51 2018 +0200;1526424231;-;-;Wed May 16 00:43:51 2018 +0200;1526424231
265960f09cae6d8e1d347d5cb66c5854668350e8;265960f09c;-;-;Tue May 15 15:31:45 2018 +0200;1526391105;-;-;Tue May 15 15:37:47 2018 +0200;1526391467
2c85be333c89f2d56f6e8e32563d369a948481f1;2c85be333c;-;-;Tue May 15 14:58:50 2018 +0200;1526389130;-;-;Tue May 15 14:58:50 2018 +0200;1526389130
e0ccbcbb66d37e8d64cbaa4a4b5273bc74103700;e0ccbcbb66;-;-;Tue May 15 12:33:33 2018 +0200;1526380413;-;-;Tue May 15 12:33:33 2018 +0200;1526380413
bdfee3417e3737b6a506f78fc301ba54e4927802;bdfee3417e;-;-;Tue May 15 10:44:27 2018 +0200;1526373867;-;-;Tue May 15 10:45:20 2018 +0200;1526373920
48c3fa99083a6e420a604a417c3d3112637af265;48c3fa9908;-;-;Mon Jan 29 00:04:57 2018 -0500;1517202297;-;-;Tue May 15 10:45:20 2018 +0200;1526373920
7fd0cac6f2fb0cd5162e5580f535655069a71a4c;7fd0cac6f2;-;-;Mon May 14 16:38:07 2018 -0400;1526330287;-;-;Mon May 14 23:16:36 2018 -0400;1526354196
3af5f00ee71a22be2a8e246c214749f3d6a6318f;3af5f00ee7;-;-;Mon May 14 15:50:16 2018 -0400;1526327416;-;-;Mon May 14 23:16:36 2018 -0400;1526354196
395792b30292bc62a56897a4bdc15ab61c689dc1;395792b302;-;-;Mon May 14 14:41:19 2018 -0400;1526323279;-;-;Mon May 14 23:16:36 2018 -0400;1526354196
b3b233b43afb12154ce38007a6a24ff55e1a6b52;b3b233b43a;-;-;Tue May 15 01:02:08 2018 +0200;1526338928;-;-;Tue May 15 01:02:08 2018 +0200;1526338928
6cf6d8834cbd33ebe8c739cb246cc92153ead619;6cf6d8834c;-;-;Mon May 14 08:59:12 2018 -0400;1526302752;-;-;Mon May 14 09:05:03 2018 -0400;1526303103
f7d60b7f58f26e313ef41995dfa44c5461adcc5c;f7d60b7f58;-;-;Sun May 13 22:21:40 2018 -0400;1526264500;-;-;Mon May 14 09:04:33 2018 -0400;1526303073
ab6a6f4e1777af9ebb5ad09a53efb21951007133;ab6a6f4e17;-;-;Sun May 13 21:39:18 2018 -0400;1526261958;-;-;Mon May 14 09:03:55 2018 -0400;1526303035
23001a6c3d9d33f137eaa8668060d0d7b78cd436;23001a6c3d;-;-;Sun May 13 20:31:09 2018 -0400;1526257869;-;-;Mon May 14 09:03:14 2018 -0400;1526302994
ed97e14c7ad8b5402e67f4da3c3b5a0a2949270a;ed97e14c7a;-;-;Mon May 14 10:54:10 2018 +0200;1526288050;-;-;Mon May 14 10:55:42 2018 +0200;1526288142
5cee607f2872f59859fd553221ae0e79d5f58c92;5cee607f28;-;-;Fri May 11 18:38:29 2018 -0400;1526078309;-;-;Fri May 11 18:38:29 2018 -0400;1526078309
15182b29a43d451b8595158d15145c88d7bb6d36;15182b29a4;-;-;Fri May 11 10:53:28 2018 -0400;1526050408;-;-;Fri May 11 10:53:28 2018 -0400;1526050408
7f954ebc32c3fe8c7e458735d92193729511a07f;7f954ebc32;-;-;Fri May 11 09:52:02 2018 -0400;1526046722;-;-;Fri May 11 09:52:02 2018 -0400;1526046722
4da43de7e1df1fb4f73c0a496b81d7c863c4a50c;4da43de7e1;-;-;Fri May 11 09:31:39 2018 -0400;1526045499;-;-;Fri May 11 09:31:39 2018 -0400;1526045499
82a8e42ff937a0064d20f378debafe80a5b4c4d5;82a8e42ff9;-;-;Thu May 10 16:44:27 2018 -0400;1525985067;-;-;Thu May 10 16:44:27 2018 -0400;1525985067
d3f3b41f521fe9be23042b386bc4a992cd37b541;d3f3b41f52;-;-;Thu May 10 16:22:54 2018 -0400;1525983774;-;-;Thu May 10 16:22:54 2018 -0400;1525983774
79e809be24157b621ba8f8d569269c3c9fb3783f;79e809be24;-;-;Thu May 10 15:39:47 2018 -0400;1525981187;-;-;Thu May 10 15:39:47 2018 -0400;1525981187
eef592d901df1a3f477253c864b7ade9673d8da8;eef592d901;-;-;Thu May 10 09:59:02 2018 -0400;1525960742;-;-;Thu May 10 15:16:13 2018 -0400;1525979773
d82b0e37df51beec0f9bdf80d1dd646d258e6487;d82b0e37df;-;-;Thu May 10 17:32:36 2018 +0200;1525966356;-;-;Thu May 10 17:32:36 2018 +0200;1525966356
da6e9c6d5487c2465f5950f82adec408a9351d1a;da6e9c6d54;-;-;Wed May 9 17:28:10 2018 -0400;1525901290;-;-;Wed May 9 17:29:04 2018 -0400;1525901344
7444a62f9883104089184cdb6ff837c4348c3928;7444a62f98;-;-;Wed May 9 13:34:30 2018 +0200;1525865670;-;-;Wed May 9 13:34:30 2018 +0200;1525865670
1aadf2c3a687e074701f6b13e0b5fd7133d88bf3;1aadf2c3a6;-;-;Tue May 8 17:36:20 2018 -0400;1525815380;-;-;Tue May 8 18:12:51 2018 -0400;1525817571
c238fb441b0809502e24c8db99644a992efae3c2;c238fb441b;-;-;Tue May 8 00:12:18 2018 +0200;1525731138;-;-;Tue May 8 00:58:58 2018 +0200;1525733938
a200df6c8d68474be3ad3ebcedeb3c0c397e5e29;a200df6c8d;-;-;Mon May 7 22:30:26 2018 +0200;1525725026;-;-;Mon May 7 22:30:26 2018 +0200;1525725026
e4b4d3e2f6aa3eced7456d5b68301286dcb3b76b;e4b4d3e2f6;-;-;Mon May 7 16:10:49 2018 -0400;1525723849;-;-;Mon May 7 16:10:49 2018 -0400;1525723849
53aa9cc4cd9c6f4ce53e39ae586b0db2f4d7051c;53aa9cc4cd;-;-;Mon May 7 14:17:28 2018 +0200;1525695448;-;-;Mon May 7 14:17:28 2018 +0200;1525695448
3917737df2e6244b27973dc6e06c9b111696f255;3917737df2;-;-;Mon May 7 14:17:15 2018 +0200;1525695435;-;-;Mon May 7 14:17:15 2018 +0200;1525695435
321d7b0b061b552aa10e7af099d0610663fab1ef;321d7b0b06;-;-;Fri Apr 20 18:18:18 2018 +0800;1524219498;-;-;Mon May 7 13:13:44 2018 +0200;1525691624
795e5d306cf62f2c47fadeb13c508950c0296630;795e5d306c;-;-;Sat May 5 20:38:28 2018 +0200;1525545508;-;-;Sat May 5 20:38:28 2018 +0200;1525545508
504e2768de904cd9c653e9f22b6d99a0ec26697a;504e2768de;-;-;Sat May 5 20:38:10 2018 +0200;1525545490;-;-;Sat May 5 20:38:10 2018 +0200;1525545490
a4b44e271395f2c1fa94df3d4594054a683a5ee4;a4b44e2713;-;-;Sat May 5 17:13:50 2018 +0200;1525533230;-;-;Sat May 5 17:13:50 2018 +0200;1525533230
d0bd57b1002ea85907952e7a8f0a9947d76a980e;d0bd57b100;-;-;Sat May 5 16:55:06 2018 +0200;1525532106;-;-;Sat May 5 17:04:24 2018 +0200;1525532664
48807be4826efbef38d29aadc9d52d6bcc22f006;48807be482;-;-;Sat May 5 15:16:08 2018 +0200;1525526168;-;-;Sat May 5 15:16:08 2018 +0200;1525526168
c9f488363da35b76352ddfad7cf4773a15ad3cb9;c9f488363d;-;-;Sat May 5 14:39:43 2018 +0200;1525523983;-;-;Sat May 5 14:39:43 2018 +0200;1525523983
e17fc8d6077aa6085d216e443173869e7d224280;e17fc8d607;-;-;Sat May 5 12:47:34 2018 +0200;1525517254;-;-;Sat May 5 12:47:34 2018 +0200;1525517254
138b0d0bbdf65b0da181a06e5fc79cda05fb1e71;138b0d0bbd;-;-;Sat May 5 12:47:11 2018 +0200;1525517231;-;-;Sat May 5 12:47:11 2018 +0200;1525517231
7b894fe73bd585edc0a9eaa3c6013424040c8569;7b894fe73b;-;-;Sat May 5 12:46:58 2018 +0200;1525517218;-;-;Sat May 5 12:46:58 2018 +0200;1525517218
fb898e17272c13ef01f68125c3bba35f55f3fb7a;fb898e1727;-;-;Sat May 5 14:19:41 2018 +0900;1525497581;-;-;Sat May 5 11:07:35 2018 +0200;1525511255
8f21cb1a7c81675250b91f14a6f1213936612421;8f21cb1a7c;-;-;Sat May 5 14:22:53 2018 +0900;1525497773;-;-;Sat May 5 11:07:20 2018 +0200;1525511240
bfb2effddb7d2cb9b50c1088b3971028633ad8f2;bfb2effddb;-;-;Fri May 4 13:36:24 2018 +0200;1525433784;-;-;Fri May 4 13:36:24 2018 +0200;1525433784
cdf483fd50ed7600b13eb76dbcbf26762de4a210;cdf483fd50;-;-;Thu May 3 15:21:07 2018 +0800;1525332067;-;-;Thu May 3 16:36:42 2018 -0400;1525379802
51325afbcc021ede4fe9cb020f72aa5edcee936d;51325afbcc;-;-;Thu May 3 09:41:14 2018 +0200;1525333274;-;-;Thu May 3 11:02:46 2018 +0200;1525338166
03af55a3638da85e4151d47a51580ab22eb4b8f5;03af55a363;-;-;Thu May 3 10:49:45 2018 +0200;1525337385;-;-;Thu May 3 10:49:45 2018 +0200;1525337385
f7029ffca6e9948f1eaefc44d60b32e72cc5931d;f7029ffca6;-;-;Wed May 2 15:44:24 2018 -0400;1525290264;-;-;Wed May 2 15:44:24 2018 -0400;1525290264
9281f820f1a2fa1cf860228418db458cb1d09c0d;9281f820f1;-;-;Wed May 2 15:21:40 2018 +0200;1525267300;-;-;Wed May 2 15:21:40 2018 +0200;1525267300
c8b6233bd03d43c8a91ec197e9cf1ea15bba478c;c8b6233bd0;-;-;Wed May 2 15:20:42 2018 +0200;1525267242;-;-;Wed May 2 15:20:42 2018 +0200;1525267242
4c021d04ce1be343011f9ee8f16409189f629e1a;4c021d04ce;-;-;Wed May 2 07:23:40 2018 -0400;1525260220;-;-;Wed May 2 07:23:46 2018 -0400;1525260226
af0cb5374271ddeaab09541eb155cba4a8204d61;af0cb53742;-;-;Wed May 2 11:57:40 2018 +0200;1525255060;-;-;Wed May 2 12:10:46 2018 +0200;1525255846
22edab852da456bea728daf84df09f0047e1d13f;22edab852d;-;-;Mon Apr 23 11:12:40 2018 +0200;1524474760;-;-;Wed May 2 10:54:00 2018 +0200;1525251240
f8c2d7ab51a6a98cef97b59e2562260230f97bb9;f8c2d7ab51;-;-;Tue May 1 23:52:12 2018 +0200;1525211532;-;-;Tue May 1 23:52:12 2018 +0200;1525211532
21fad8e205572caf05b93d593bc9924999895108;21fad8e205;-;-;Tue May 1 23:51:05 2018 +0200;1525211465;-;-;Tue May 1 23:51:05 2018 +0200;1525211465
ad0d79a97bdd3abf7e9e712efd7742d131e47871;ad0d79a97b;-;-;Tue May 1 23:50:34 2018 +0200;1525211434;-;-;Tue May 1 23:50:34 2018 +0200;1525211434
ac1e2a4598849117bd7f0785ef088be3a6c76edd;ac1e2a4598;-;-;Tue May 1 23:48:26 2018 +0200;1525211306;-;-;Tue May 1 23:48:26 2018 +0200;1525211306
64b8b6e9781a1e089d3881d5c5bc321b0d85bced;64b8b6e978;-;-;Tue May 1 14:26:21 2018 -0400;1525199181;-;-;Tue May 1 14:26:21 2018 -0400;1525199181
725d685799f577b2d92e71a344c502f485a392a9;725d685799;-;-;Tue May 1 12:03:24 2018 -0400;1525190604;-;-;Tue May 1 12:04:37 2018 -0400;1525190677
6545cab42c238170f770b1e574088238574275e9;6545cab42c;-;-;Tue Apr 24 22:05:58 2018 +0300;1524596758;-;-;Tue May 1 11:16:34 2018 +0200;1525166194
8d157cb5b54c8fc2af116ef62831ef35a4a95a65;8d157cb5b5;-;-;Mon Apr 30 21:02:36 2018 -0400;1525136556;-;-;Mon Apr 30 21:02:36 2018 -0400;1525136556
85ee36b385b7e57dab2ab307fcd7a9b085c33477;85ee36b385;-;-;Mon Apr 30 19:47:14 2018 -0400;1525132034;-;-;Mon Apr 30 19:47:14 2018 -0400;1525132034
1edd7c3540abf04c90f6e2e642d778e39a5d917d;1edd7c3540;-;-;Mon Apr 30 13:30:27 2018 -0700;1525120227;-;-;Mon Apr 30 16:34:04 2018 -0400;1525120444
de4b65a0f37608d8371e0bb9dc9efc9bf425bec2;de4b65a0f3;-;-;Mon Apr 30 12:05:34 2018 +0100;1525086334;-;-;Mon Apr 30 12:05:34 2018 +0100;1525086334
6fa1095e35b42aa087e555925823509428cc8026;6fa1095e35;-;-;Mon Apr 30 11:21:26 2018 +0100;1525083686;-;-;Mon Apr 30 11:21:26 2018 +0100;1525083686
ea713cf154eed9a5ce3d3c1c77718277a9a1232a;ea713cf154;-;-;Mon Apr 30 10:40:27 2018 +0200;1525077627;-;-;Mon Apr 30 10:40:27 2018 +0200;1525077627
e51330e905473d2f193f667dbf4b93207a6454d3;e51330e905;-;-;Sun Apr 29 10:29:47 2018 +0200;1524990587;-;-;Sun Apr 29 10:30:08 2018 +0200;1524990608
2bd3b534fbbe4e7ab572162185865fc7c116812f;2bd3b534fb;-;-;Sat Apr 28 10:51:47 2018 +0200;1524905507;-;-;Sat Apr 28 10:51:47 2018 +0200;1524905507
674015154c31bea22ca3cb5ffea0b86b3c7acb8b;674015154c;-;-;Fri Apr 27 23:38:04 2018 +0200;1524865084;-;-;Fri Apr 27 23:38:04 2018 +0200;1524865084
9bff5b48cf129bc7b458993580ed84f066be092b;9bff5b48cf;-;-;Fri Apr 27 23:36:58 2018 +0200;1524865018;-;-;Fri Apr 27 23:36:58 2018 +0200;1524865018
6519e7b22af9fe2acaeee48c554cea1b4783ef76;6519e7b22a;-;-;Fri Apr 27 00:34:21 2018 +0900;1524756861;-;-;Fri Apr 27 14:06:48 2018 -0400;1524852408
d979bbad2db223ae8a72697b484418d3dc29b554;d979bbad2d;-;-;Fri Apr 27 19:33:50 2018 +0200;1524850430;-;-;Fri Apr 27 19:33:50 2018 +0200;1524850430
a683472daa1d5059944656f8e12440c3f575cde0;a683472daa;-;-;Fri Apr 27 18:25:11 2018 +0200;1524846311;-;-;Fri Apr 27 18:25:11 2018 +0200;1524846311
44cf002c00228e0a7abd7aa2152702deeb561cf3;44cf002c00;-;-;Fri Apr 27 18:24:59 2018 +0200;1524846299;-;-;Fri Apr 27 18:24:59 2018 +0200;1524846299
d5aedac6db5ca6093b38d607bc2a60c59b93e9f9;d5aedac6db;-;-;Fri Apr 27 18:24:31 2018 +0200;1524846271;-;-;Fri Apr 27 18:24:31 2018 +0200;1524846271
eaff2c28a7848e9445076d30b0b3a0ffe75e8b5d;eaff2c28a7;-;-;Fri Apr 27 18:23:42 2018 +0200;1524846222;-;-;Fri Apr 27 18:23:42 2018 +0200;1524846222
aa11721ff0f7bf146099696e576c0a37d83603eb;aa11721ff0;-;-;Fri Apr 27 18:23:34 2018 +0200;1524846214;-;-;Fri Apr 27 18:23:34 2018 +0200;1524846214
75a41db071a4fb0a07bf95e4db48c8e93c9dd2d0;75a41db071;-;-;Fri Apr 27 10:32:56 2018 +0200;1524817976;-;-;Fri Apr 27 10:40:48 2018 +0200;1524818448
5b8c6c46e16c3268bb48632c59d8e8e2b3ef2ada;5b8c6c46e1;-;-;Fri Apr 27 10:57:31 2018 +0800;1524797851;-;-;Fri Apr 27 08:47:16 2018 +0200;1524811636
b5dfdbaa653936dc0c120415cbf6464a476e418a;b5dfdbaa65;-;-;Thu Apr 26 10:58:44 2018 +0200;1524733124;-;-;Thu Apr 26 10:59:11 2018 +0200;1524733151
2a0540cb5f32fad5d45ccae141a23c58306539a4;2a0540cb5f;-;-;Wed Apr 25 21:00:37 2018 +0200;1524682837;-;-;Thu Apr 26 10:28:38 2018 +0200;1524731318
d44f1ca2daec03b0ff0023da580e176d753a5426;d44f1ca2da;-;-;Thu Apr 26 09:56:14 2018 +0800;1524707774;-;-;Thu Apr 26 10:00:50 2018 +0200;1524729650
9bc4e70e93f0bef596a319174a04699ad050b215;9bc4e70e93;-;-;Wed Apr 25 09:59:06 2018 -0400;1524664746;-;-;Wed Apr 25 09:59:06 2018 -0400;1524664746
190e0c7481f83acb6c4189cc97c405cc91c373c9;190e0c7481;-;-;Wed Apr 25 10:07:10 2018 +0200;1524643630;-;-;Wed Apr 25 10:07:10 2018 +0200;1524643630
e0ea296e8953d7f8d89c2c937d07a34461f5edf3;e0ea296e89;-;-;Tue Apr 24 10:05:56 2018 +0200;1524557156;-;-;Tue Apr 24 10:05:56 2018 +0200;1524557156
0e776d4e77c95bfdd2236b542c784032d6c12142;0e776d4e77;-;-;Mon Apr 23 17:03:09 2018 -0400;1524517389;-;-;Mon Apr 23 17:03:09 2018 -0400;1524517389
de18d96413465700ccc3c35fb85b65606bce3450;de18d96413;-;-;Mon Apr 23 15:20:12 2018 -0400;1524511212;-;-;Mon Apr 23 15:26:18 2018 -0400;1524511578
e9a8a5065bf30826bc0209b6e4db472348e51ce0;e9a8a5065b;-;-;Mon Apr 23 18:29:28 2018 +0200;1524500968;-;-;Mon Apr 23 18:39:05 2018 +0200;1524501545
ae3fd49ebb394deb1d18d77cb1acdafdf34df608;ae3fd49ebb;-;-;Mon Apr 23 16:18:02 2018 +0200;1524493082;-;-;Mon Apr 23 16:18:02 2018 +0200;1524493082
919f54b3f6d3b4a562ccdcdc6bc64817cbb55a40;919f54b3f6;-;-;Mon Apr 23 15:02:28 2018 +0200;1524488548;-;-;Mon Apr 23 15:02:28 2018 +0200;1524488548
1d6540b1c22e749895adb2cdbdcfa685331be0b2;1d6540b1c2;-;-;Mon Apr 23 14:49:22 2018 +0200;1524487762;-;-;Mon Apr 23 14:49:22 2018 +0200;1524487762
19ac212868a97eea66d7057078f2e304eaf01b3b;19ac212868;-;-;Sat Apr 21 18:20:38 2018 +0200;1524327638;-;-;Sat Apr 21 18:20:38 2018 +0200;1524327638
3f85eee5101baee012000a2eef74df741bec37cd;3f85eee510;-;-;Sat Apr 21 09:33:06 2018 +0200;1524295986;-;-;Sat Apr 21 09:33:06 2018 +0200;1524295986
bf71e866778c4e908a0d940afa7d0de888c46a1f;bf71e86677;-;-;Fri Apr 20 06:16:58 2018 +0200;1524197818;-;-;Fri Apr 20 06:16:58 2018 +0200;1524197818
b6da63aeb761d1a4e2259424745aefb27678ac33;b6da63aeb7;-;-;Thu Apr 19 13:50:50 2018 -0400;1524160250;-;-;Thu Apr 19 13:50:55 2018 -0400;1524160255
da98ff72d28ad69b8aa6cd42a85f5b667c1464cb;da98ff72d2;-;-;Thu Apr 19 11:29:12 2018 -0400;1524151752;-;-;Thu Apr 19 11:29:12 2018 -0400;1524151752
30c98c8a1c70cb653989985b68195844b67d12c3;30c98c8a1c;-;-;Thu Apr 19 09:39:34 2018 -0400;1524145174;-;-;Thu Apr 19 09:39:34 2018 -0400;1524145174
7eb8070d5580111bacd97ac77c9f93c9d42d2aa4;7eb8070d55;-;-;Wed Apr 18 10:50:33 2018 +0100;1524045033;-;-;Wed Apr 18 12:00:53 2018 +0200;1524045653
fb0e3e935638e866b39429faddec2c187c356384;fb0e3e9356;-;-;Wed Apr 18 17:23:28 2018 +0800;1524043408;-;-;Wed Apr 18 11:53:09 2018 +0200;1524045189
06041ea4e2b25662fb26af84ee7e9c1d2b387e62;06041ea4e2;-;-;Tue Apr 17 17:57:02 2018 -0400;1524002222;-;-;Tue Apr 17 17:58:03 2018 -0400;1524002283
babe6c59c4a47f17cc765f429ecb9b7640ac902b;babe6c59c4;-;-;Tue Apr 17 17:55:19 2018 -0400;1524002119;-;-;Tue Apr 17 17:58:03 2018 -0400;1524002283
2f4010e8d33dcceaaeff8c8c06a8c07508dfec1d;2f4010e8d3;-;-;Tue Apr 17 23:37:42 2018 +0200;1524001062;-;-;Tue Apr 17 23:37:42 2018 +0200;1524001062
d78e27f1e9be6c0aeea293c2be19c706cc6c29cd;d78e27f1e9;-;-;Tue Apr 17 16:44:28 2018 +0200;1523976268;-;-;Tue Apr 17 16:44:28 2018 +0200;1523976268
568a0b5b79ab170d5f9ea96df43ea9560f93f9ec;568a0b5b79;-;-;Tue Apr 17 14:32:53 2018 +0200;1523968373;-;-;Tue Apr 17 15:00:04 2018 +0200;1523970004
51be8a7303f6422462037ec3f99e7d69017aed19;51be8a7303;-;-;Tue Apr 17 14:32:54 2018 +0200;1523968374;-;-;Tue Apr 17 14:32:54 2018 +0200;1523968374
a2a8d0c75425151f7f2028fdf992cb7547ee43f1;a2a8d0c754;-;-;Tue Apr 17 12:58:32 2018 +0200;1523962712;-;-;Tue Apr 17 12:58:32 2018 +0200;1523962712
d4a55a257b798130a89b27408198ef235e7cc67f;d4a55a257b;-;-;Tue Apr 17 11:10:15 2018 +0200;1523956215;-;-;Tue Apr 17 11:10:15 2018 +0200;1523956215
c5b524db7c08da8ec5aca3267d1ee6191f982cbd;c5b524db7c;-;-;Tue Apr 17 10:56:16 2018 +0200;1523955376;-;-;Tue Apr 17 10:56:16 2018 +0200;1523955376
ff2228fdaf131d57b5c8c5918ee8d07c6dd9bbac;ff2228fdaf;-;-;Mon Apr 16 23:56:30 2018 -0400;1523937390;-;-;Mon Apr 16 23:56:30 2018 -0400;1523937390
586be501095f6715909d3f3efb483c9d3c13a2cc;586be50109;-;-;Mon Apr 16 10:02:47 2018 -0400;1523887367;-;-;Mon Apr 16 10:02:47 2018 -0400;1523887367
551505bd93003e983fb97bbf30221a45de138178;551505bd93;-;-;Mon Apr 16 09:59:34 2018 -0400;1523887174;-;-;Mon Apr 16 09:59:34 2018 -0400;1523887174
0754833b375ec403e1d3b36e7113f9959af9d766;0754833b37;-;-;Sat Apr 14 21:03:20 2018 +0200;1523732600;-;-;Sat Apr 14 21:03:20 2018 +0200;1523732600
de4ff4b1fc0909c05a8745063b4aaafd9b260f58;de4ff4b1fc;-;-;Sat Apr 14 21:02:53 2018 +0200;1523732573;-;-;Sat Apr 14 21:02:53 2018 +0200;1523732573
b95e05db04aa025360107212506e563cb556e896;b95e05db04;-;-;Sat Apr 14 15:10:05 2018 +0200;1523711405;-;-;Sat Apr 14 15:10:05 2018 +0200;1523711405
c6ed41ec470398c3f1f1c99c1ce74b9624e0e058;c6ed41ec47;-;-;Sat Apr 14 15:02:57 2018 +0200;1523710977;-;-;Sat Apr 14 15:02:57 2018 +0200;1523710977
19d311dcb251474dfaf731a83ba9a5b53b191068;19d311dcb2;-;-;Fri Apr 13 13:16:05 2018 +0200;1523618165;-;-;Fri Apr 13 13:16:05 2018 +0200;1523618165
69e3fde295d4c04e3b5de9d0c7d747f021cbd9aa;69e3fde295;-;-;Thu Apr 12 21:56:44 2018 +0200;1523563004;-;-;Thu Apr 12 22:28:31 2018 +0200;1523564911
0efa7a05ad71ee33d89800810932760a5e8d2271;0efa7a05ad;-;-;Thu Apr 12 20:55:26 2018 +0200;1523559326;-;-;Thu Apr 12 20:55:26 2018 +0200;1523559326
46e3a919fed710fe9e3404f57a4e0d801e0685db;46e3a919fe;-;-;Thu Apr 12 18:50:32 2018 +0200;1523551832;-;-;Thu Apr 12 18:50:32 2018 +0200;1523551832
1fa5f0363517aa280a733d7c1fad5059e7c2a28b;1fa5f03635;-;-;Thu Apr 12 17:25:49 2018 +0200;1523546749;-;-;Thu Apr 12 17:25:49 2018 +0200;1523546749
6184c4ecc904fe58374245c454a6bc768ace6d37;6184c4ecc9;-;-;Thu Apr 12 15:14:41 2018 +0200;1523538881;-;-;Thu Apr 12 15:14:41 2018 +0200;1523538881
8e1ececd972340775b928a255220a0cbfb9729c3;8e1ececd97;-;-;Thu Apr 12 14:46:26 2018 +0200;1523537186;-;-;Thu Apr 12 14:46:26 2018 +0200;1523537186
7ee6130680517cd1a4ee152391a8c3157898bcde;7ee6130680;-;-;Thu Apr 12 14:45:11 2018 +0200;1523537111;-;-;Thu Apr 12 14:45:11 2018 +0200;1523537111
97ee94f4ca7e1d0c6f7e218e0ba8448940b7ba24;97ee94f4ca;-;-;Thu Apr 12 11:31:37 2018 +0200;1523525497;-;-;Thu Apr 12 11:31:37 2018 +0200;1523525497
8317f12a9b70c90cdbb2281b01706dd7c06a217b;8317f12a9b;-;-;Thu Apr 12 11:14:08 2018 +0200;1523524448;-;-;Thu Apr 12 11:14:08 2018 +0200;1523524448
4f3a7dd9b4b4b95ccebf276185163cbdd815cb8d;4f3a7dd9b4;-;-;Thu Apr 12 10:56:40 2018 +0200;1523523400;-;-;Thu Apr 12 10:56:40 2018 +0200;1523523400
3c34a1cb8c7943540fbf6b6009cc5ca6ee11c1cb;3c34a1cb8c;-;-;Thu Apr 12 11:37:13 2018 +0300;1523522233;-;-;Thu Apr 12 10:37:13 2018 +0200;1523522233
697d2e326f09c0a8945982a5fce0dfa309582768;697d2e326f;-;-;Wed Apr 11 21:54:32 2018 -0400;1523498072;-;-;Wed Apr 11 21:54:32 2018 -0400;1523498072
5b9e7e44e027718447504f417fb3821c468415fa;5b9e7e44e0;-;-;Wed Apr 11 16:19:53 2018 -0400;1523477993;-;-;Wed Apr 11 16:19:53 2018 -0400;1523477993
224589ea74a2bfd4230e67331c109944df7260b4;224589ea74;-;-;Wed Apr 11 14:23:16 2018 -0400;1523470996;-;-;Wed Apr 11 14:27:27 2018 -0400;1523471247
3549745e37f0b1171163732f84216b994c7acb84;3549745e37;-;-;Wed Apr 11 14:10:38 2018 -0400;1523470238;-;-;Wed Apr 11 14:27:27 2018 -0400;1523471247
e88ca0d6338aa870ed3c61043aa2fa46c3e49ce4;e88ca0d633;-;-;Wed Apr 11 16:06:26 2018 +0200;1523455586;-;-;Wed Apr 11 16:06:26 2018 +0200;1523455586
e170cb0f79fef17d43e769a23e66adaba9dc2c19;e170cb0f79;-;-;Wed Apr 11 16:06:10 2018 +0200;1523455570;-;-;Wed Apr 11 16:06:10 2018 +0200;1523455570
f28a5d0cf72a02023c439e838bf0ebefe83303b6;f28a5d0cf7;-;-;Wed Apr 11 16:05:54 2018 +0200;1523455554;-;-;Wed Apr 11 16:05:54 2018 +0200;1523455554
a6885c7235db21f4fab8f70e1322f0fec077fa64;a6885c7235;-;-;Wed Apr 11 16:05:35 2018 +0200;1523455535;-;-;Wed Apr 11 16:05:35 2018 +0200;1523455535
6a34ca24ceb031d45fb9f6ce4847eaeb82774901;6a34ca24ce;-;-;Wed Apr 11 15:09:32 2018 +0200;1523452172;-;-;Wed Apr 11 15:41:40 2018 +0200;1523454100
89d069b09d7151becf7d907b1a77fea5d949c6e9;89d069b09d;-;-;Wed Apr 11 14:38:42 2018 +0200;1523450322;-;-;Wed Apr 11 14:38:42 2018 +0200;1523450322
da80502ea6ed4860f5bf7b668300644cdfe3bb5a;da80502ea6;-;-;Wed Apr 11 12:50:27 2018 +0200;1523443827;-;-;Wed Apr 11 12:50:27 2018 +0200;1523443827
61c3db0869416bf61e7e4cbc5bd7dd2ece24b0a2;61c3db0869;-;-;Wed Apr 11 12:47:55 2018 +0200;1523443675;-;-;Wed Apr 11 12:47:55 2018 +0200;1523443675
cdaa247861a7d1e2597b3391b1a018d780c34383;cdaa247861;-;-;Wed Apr 11 12:43:49 2018 +0200;1523443429;-;-;Wed Apr 11 12:43:49 2018 +0200;1523443429
2523c3ab77ef8bd14ac0affb5960229fd636097c;2523c3ab77;-;-;Wed Apr 11 12:00:35 2018 +0200;1523440835;-;-;Wed Apr 11 12:03:55 2018 +0200;1523441035
8874427cf467d6c3e79630bc58ec0200333a459b;8874427cf4;-;-;Tue Apr 10 13:10:58 2018 +0200;1523358658;-;-;Tue Apr 10 13:10:58 2018 +0200;1523358658
7e2726f40018ad83be9ae1d9d5b59f59e981d66a;7e2726f400;-;-;Tue Apr 10 11:13:45 2018 +0200;1523351625;-;-;Tue Apr 10 11:13:45 2018 +0200;1523351625
ff53d78e96cd8225bf3d6c3cd729ee0efeeba85b;ff53d78e96;-;-;Tue Apr 10 00:40:51 2018 +0200;1523313651;-;-;Tue Apr 10 00:40:51 2018 +0200;1523313651
9fbab791a03d340dbde3baa71de3d10093bb2585;9fbab791a0;-;-;Tue Apr 10 00:12:28 2018 +0200;1523311948;-;-;Tue Apr 10 00:12:28 2018 +0200;1523311948
27e87e559362026b132c42856c7d7bf7ff65f9ee;27e87e5593;-;-;Mon Apr 9 11:54:23 2018 +0200;1523267663;-;-;Mon Apr 9 12:03:17 2018 +0200;1523268197
967ea152b7eba861ff17950d2475cd6fd18bde02;967ea152b7;-;-;Mon Apr 9 17:05:22 2018 +0900;1523261122;-;-;Mon Apr 9 11:10:37 2018 +0200;1523265037
e4298e8366bb5429cff9b51f05c4c86373179b5b;e4298e8366;-;-;Mon Apr 9 10:11:32 2018 +0200;1523261492;-;-;Mon Apr 9 10:15:50 2018 +0200;1523261750
c82bf0b004d934af1af5917c510d641165b2e2cc;c82bf0b004;-;-;Fri Apr 6 21:48:59 2018 +0200;1523044139;-;-;Fri Apr 6 21:48:59 2018 +0200;1523044139
313308208e857c5f4e56be8d50c76065ed59cdc2;313308208e;-;-;Fri Apr 6 11:01:41 2018 -0400;1523026901;-;-;Fri Apr 6 11:02:46 2018 -0400;1523026966
2dde000475d60b07bfe17f6233f2284aa03a5cc2;2dde000475;-;-;Fri Apr 6 16:35:17 2018 +0200;1523025317;-;-;Fri Apr 6 16:35:17 2018 +0200;1523025317
de3a9560d90d2f2c24ba05959277af05f3f099eb;de3a9560d9;-;-;Thu Apr 5 20:24:30 2018 +0800;1522931070;-;-;Thu Apr 5 20:11:07 2018 -0400;1522973467
a6fd9a77251e046b592c5672e81b67bf4695721a;a6fd9a7725;-;-;Thu Apr 5 10:30:03 2018 +0200;1522917003;-;-;Thu Apr 5 10:30:03 2018 +0200;1522917003
56774baa2a0a15711f3895bc9d5082b1e7351dab;56774baa2a;-;-;Wed Apr 4 15:43:44 2018 +0200;1522849424;-;-;Wed Apr 4 15:43:44 2018 +0200;1522849424
aba882af4c4f7d2ec6e0b859dbffc1bcf65e000c;aba882af4c;-;-;Wed Apr 4 14:04:54 2018 +0200;1522843494;-;-;Wed Apr 4 14:04:54 2018 +0200;1522843494
2c648379abc56f5ce5ad83f2522d63b24ad72ffb;2c648379ab;-;-;Wed Apr 4 14:01:24 2018 +0200;1522843284;-;-;Wed Apr 4 14:01:24 2018 +0200;1522843284
17c16eaa9efac10d04db8c61146c2c93dcdd2ee1;17c16eaa9e;-;-;Fri Mar 30 04:41:01 2018 +0200;1522377661;-;-;Wed Apr 4 12:39:09 2018 +0200;1522838349
71cacff8c2f83884c31d9fd5ea2d67e4e1bb5a7f;71cacff8c2;-;-;Wed Apr 4 12:29:26 2018 +0200;1522837766;-;-;Wed Apr 4 12:29:26 2018 +0200;1522837766
f1727bfbdb9c08d510247871fc3e2611ef7be1bf;f1727bfbdb;-;-;Wed Apr 4 11:03:49 2018 +0200;1522832629;-;-;Wed Apr 4 11:08:13 2018 +0200;1522832893
c7c743872aa7ee9143f95fc74d654914df4938fa;c7c743872a;-;-;Wed Apr 4 10:54:47 2018 +0200;1522832087;-;-;Wed Apr 4 11:08:05 2018 +0200;1522832885
4967dd887dc3c3cacdf619824a00280cd6701a71;4967dd887d;-;-;Tue Apr 3 20:11:32 2018 +0000;1522786292;-;-;Tue Apr 3 20:11:32 2018 +0000;1522786292
3fb8d16ff79d902ab5c2deee43da979dd92bcac4;3fb8d16ff7;-;-;Tue Apr 3 21:14:49 2018 +0200;1522782889;-;-;Tue Apr 3 21:14:49 2018 +0200;1522782889
40d5e7cc80c3376cc0c3cd5cfaf89253e17d2ba6;40d5e7cc80;-;-;Tue Apr 3 17:43:09 2018 +0200;1522770189;-;-;Tue Apr 3 17:43:09 2018 +0200;1522770189
7be4193933783d7fbc12660fb603c5192615cefa;7be4193933;-;-;Tue Apr 3 15:45:12 2018 +0200;1522763112;-;-;Tue Apr 3 15:45:36 2018 +0200;1522763136
aa0face9a1c7d0160a5e64e5b5d70bedbfb065e0;aa0face9a1;-;-;Tue Apr 3 15:18:25 2018 +0200;1522761505;-;-;Tue Apr 3 15:18:25 2018 +0200;1522761505
475c4d4425b2170c4a0f19d5bd39b70e752e38a1;475c4d4425;-;-;Tue Apr 3 12:24:00 2018 +0200;1522751040;-;-;Tue Apr 3 12:24:00 2018 +0200;1522751040
9601d4bb5b40f3abba3d81b2347c7e43d07be64c;9601d4bb5b;-;-;Tue Apr 3 12:23:09 2018 +0200;1522750989;-;-;Tue Apr 3 12:23:09 2018 +0200;1522750989
5d0700b9360399802bf929a0b7b845cb6bb73813;5d0700b936;-;-;Tue Apr 3 12:21:03 2018 +0200;1522750863;-;-;Tue Apr 3 12:21:03 2018 +0200;1522750863
6102715b8d7cc87f490000da519fe7f085cb5393;6102715b8d;-;-;Tue Apr 3 02:42:41 2018 +0200;1522716161;-;-;Tue Apr 3 02:42:41 2018 +0200;1522716161
65fdd0efebd95f36904256cc0b5d9038287622ea;65fdd0efeb;-;-;Sun Apr 1 22:10:41 2018 -0400;1522635041;-;-;Mon Apr 2 00:51:14 2018 -0400;1522644674
9dd3cd98ac1ee043563d2feda8a245888231ffe9;9dd3cd98ac;-;-;Sun Apr 1 20:35:21 2018 -0400;1522629321;-;-;Mon Apr 2 00:50:56 2018 -0400;1522644656
cc379f1cc74124974d9261f94371da51433ffc15;cc379f1cc7;-;-;Sun Apr 1 12:57:19 2018 +0200;1522580239;-;-;Sun Apr 1 12:57:19 2018 +0200;1522580239
666037ec5ccf768ebeba23604e3ac6c5235db033;666037ec5c;-;-;Sun Apr 1 12:57:02 2018 +0200;1522580222;-;-;Sun Apr 1 12:57:02 2018 +0200;1522580222
66a3a82fb31b610e63bb27e7ddef02c2b63d8c50;66a3a82fb3;-;-;Sun Apr 1 00:21:15 2018 +0200;1522534875;-;-;Sun Apr 1 00:21:15 2018 +0200;1522534875
97735e4ffcc9039f67a4c6d97eb9cdc4260bd2d3;97735e4ffc;-;-;Sun Apr 1 00:07:06 2018 +0200;1522534026;-;-;Sun Apr 1 00:07:06 2018 +0200;1522534026
28ea718d2d62a43bd54a5795f5c511284508df15;28ea718d2d;-;-;Sat Mar 31 23:17:31 2018 +0200;1522531051;-;-;Sat Mar 31 23:17:31 2018 +0200;1522531051
bc07a54075f540240791311e1276222450589802;bc07a54075;-;-;Sat Mar 31 23:08:30 2018 +0200;1522530510;-;-;Sat Mar 31 23:08:30 2018 +0200;1522530510
8a9321652d45b6a524921e2cc5988696495ecaaa;8a9321652d;-;-;Sat Mar 31 23:07:08 2018 +0200;1522530428;-;-;Sat Mar 31 23:07:08 2018 +0200;1522530428
d9e17a62ce0a35af35a92061dbdbff070c655a50;d9e17a62ce;-;-;Sat Mar 31 12:03:03 2018 -0400;1522512183;-;-;Sat Mar 31 12:06:24 2018 -0400;1522512384
912c270f2bebf3f24dd16dcaea576a58d500852e;912c270f2b;-;-;Sat Mar 31 17:49:21 2018 +0200;1522511361;-;-;Sat Mar 31 17:49:21 2018 +0200;1522511361
4454ffd2b103b939a890ea7330bf192a32eec622;4454ffd2b1;-;-;Sat Mar 31 11:17:44 2018 -0400;1522509464;-;-;Sat Mar 31 11:18:38 2018 -0400;1522509518
129c05bcff4bcd99b3139577debb2391a1dfe099;129c05bcff;-;-;Sat Mar 31 15:12:02 2018 +0200;1522501922;-;-;Sat Mar 31 15:12:02 2018 +0200;1522501922
b8d32095a993e2f16e02aae6fc4b3e1534844bf4;b8d32095a9;-;-;Fri Mar 30 15:42:23 2018 -0700;1522449743;-;-;Fri Mar 30 15:43:11 2018 -0700;1522449791
6393e5ce0cfb6e5502e7415f29e1ea73b363f2a2;6393e5ce0c;-;-;Sat Mar 31 00:20:44 2018 +0200;1522448444;-;-;Sat Mar 31 00:20:44 2018 +0200;1522448444
4da27c2a734e89bd44f5fcadacdce9f1a830d396;4da27c2a73;-;-;Sat Mar 31 00:18:14 2018 +0200;1522448294;-;-;Sat Mar 31 00:18:14 2018 +0200;1522448294
b1048975d2966b5c5ab3315403c4e5f0c736bc4d;b1048975d2;-;-;Fri Mar 30 13:35:41 2018 -0400;1522431341;-;-;Fri Mar 30 13:36:20 2018 -0400;1522431380
d232fffa63096811d2e157ef7a9057008ca60835;d232fffa63;-;-;Sun Sep 18 20:17:09 2016 +0900;1474197429;-;-;Fri Mar 30 11:07:46 2018 -0400;1522422466
8f525f07e9dd6a34463d43546c22cb95afd0429b;8f525f07e9;-;-;Mon Nov 20 10:00:54 2017 +0800;1511143254;-;-;Fri Mar 30 10:06:33 2018 -0400;1522418793
22a8a668c94381ec220eb526aae1bbcab87238d0;22a8a668c9;-;-;Fri Mar 30 15:31:43 2018 +0200;1522416703;-;-;Fri Mar 30 15:31:43 2018 +0200;1522416703
78681c6369425a878934780fb6efa4e5ea24bded;78681c6369;-;-;Fri Mar 30 15:19:38 2018 +0200;1522415978;-;-;Fri Mar 30 15:19:38 2018 +0200;1522415978
0bc01fcd55ea57290f7fbfcba0117f8af90fb3ba;0bc01fcd55;-;-;Fri Mar 30 13:42:23 2018 +0200;1522410143;-;-;Fri Mar 30 13:42:23 2018 +0200;1522410143
7a8d41e5d6d4ac85d6d74d80c311800d78e0a721;7a8d41e5d6;-;-;Fri Mar 30 13:41:22 2018 +0200;1522410082;-;-;Fri Mar 30 13:41:22 2018 +0200;1522410082
8dd0974e2f383be266c70fbae1776f994bba0abd;8dd0974e2f;-;-;Fri Mar 30 15:01:22 2018 +0900;1522389682;-;-;Fri Mar 30 12:28:16 2018 +0200;1522405696
e5096be66022f892b762965540aa261bfb718d53;e5096be660;-;-;Fri Mar 30 12:23:28 2018 +0200;1522405408;-;-;Fri Mar 30 12:23:28 2018 +0200;1522405408
f79562f8d14b8e93ea6f06f217aa4c5febf967f1;f79562f8d1;-;-;Fri Mar 30 12:12:21 2018 +0200;1522404741;-;-;Fri Mar 30 12:12:21 2018 +0200;1522404741
a6c45f0cd93152a2713405aba2f99290ae14d691;a6c45f0cd9;-;-;Fri Mar 30 11:45:28 2018 +0200;1522403128;-;-;Fri Mar 30 11:45:28 2018 +0200;1522403128
240d6f52c90fac68146bd38cea79ea6e099c6a00;240d6f52c9;-;-;Thu Mar 29 18:16:25 2018 -0400;1522361785;-;-;Thu Mar 29 18:17:29 2018 -0400;1522361849
d553ddc5b3a657adebad04d9f3c7d466fbdd7b05;d553ddc5b3;-;-;Thu Mar 29 23:50:17 2018 +0200;1522360217;-;-;Thu Mar 29 23:50:17 2018 +0200;1522360217
1cc513d7db1ae20a1cd25a798b875bb7fabb231f;1cc513d7db;-;-;Thu Mar 29 23:44:04 2018 +0200;1522359844;-;-;Thu Mar 29 23:44:04 2018 +0200;1522359844
9a722b4558ca7985fb54a06ff76e3934abe898cb;9a722b4558;-;-;Thu Mar 29 23:43:53 2018 +0200;1522359833;-;-;Thu Mar 29 23:43:53 2018 +0200;1522359833
93abe0e94bfff05d18a0cd2466cec3eafdb0991c;93abe0e94b;-;-;Fri Mar 30 00:14:37 2018 +0300;1522358077;-;-;Thu Mar 29 23:33:50 2018 +0200;1522359230
ab96bb54280544fb060ecad6d80bf39617b28dc7;ab96bb5428;-;-;Thu Mar 29 23:53:40 2018 +0300;1522356820;-;-;Thu Mar 29 23:33:38 2018 +0200;1522359218
c1ff97e2a89d6371c0e2201782d50d72faf52535;c1ff97e2a8;-;-;Thu Mar 29 23:47:40 2018 +0300;1522356460;-;-;Thu Mar 29 23:33:22 2018 +0200;1522359202
dd96c873e392a8afc31f0762d90edef914aadf04;dd96c873e3;-;-;Thu Mar 29 16:11:01 2018 -0400;1522354261;-;-;Thu Mar 29 16:11:01 2018 -0400;1522354261
a546cf0a3bf1ef29407da5083ce24882a46dd1d7;a546cf0a3b;-;-;Thu Mar 29 15:28:34 2018 -0400;1522351714;-;-;Thu Mar 29 15:28:34 2018 -0400;1522351714
5fb4c8254f2c7ddf29c531d34960b3c2e0dcbb78;5fb4c8254f;-;-;Thu Mar 29 17:56:50 2018 +0200;1522339010;-;-;Thu Mar 29 12:30:28 2018 -0400;1522341028
30b63a71bdcf8f91b1ef050e5a35687883d03e27;30b63a71bd;-;-;Thu Mar 29 12:27:43 2018 -0400;1522340863;-;-;Thu Mar 29 12:28:05 2018 -0400;1522340885
9244090ba04011902568aba4b854668312c025e1;9244090ba0;-;-;Thu Mar 29 17:47:45 2018 +0200;1522338465;-;-;Thu Mar 29 17:47:45 2018 +0200;1522338465
17703e5dde1d0c3b97caa2c161432fe08b1caf1f;17703e5dde;-;-;Thu Mar 29 17:45:55 2018 +0200;1522338355;-;-;Thu Mar 29 17:45:55 2018 +0200;1522338355
7c28152c1337a6f08f170df587441cc8e0a729d5;7c28152c13;-;-;Thu Mar 29 17:45:25 2018 +0200;1522338325;-;-;Thu Mar 29 17:45:25 2018 +0200;1522338325
b165475eb60f65b902940cbaa2f6f6f6166fa3d3;b165475eb6;-;-;Thu Mar 29 16:05:52 2018 +0200;1522332352;-;-;Thu Mar 29 16:05:52 2018 +0200;1522332352
08dad4e3aca7072feafb9d32860e77c5325ddf0a;08dad4e3ac;-;-;Thu Mar 29 16:05:00 2018 +0200;1522332300;-;-;Thu Mar 29 16:05:00 2018 +0200;1522332300
695bf2961feffd35b5560ccc982a2189dcca611f;695bf2961f;-;-;Thu Mar 29 16:04:33 2018 +0200;1522332273;-;-;Thu Mar 29 16:04:33 2018 +0200;1522332273
53d01392d70daef1d198e6563fd8f96d0d0166a0;53d01392d7;-;-;Thu Mar 29 15:45:02 2018 +0200;1522331102;-;-;Thu Mar 29 15:45:02 2018 +0200;1522331102
3ac46da22f9605aa45f104f0fa1d889d5d4c9d88;3ac46da22f;-;-;Thu Mar 29 15:42:30 2018 +0200;1522330950;-;-;Thu Mar 29 15:42:30 2018 +0200;1522330950
82cb5dbf2ba238e0f962e4323c21321afa556471;82cb5dbf2b;-;-;Thu Mar 29 11:57:33 2018 +0800;1522295853;-;-;Thu Mar 29 15:00:25 2018 +0200;1522328425
f4813f5b4c2ac3dbae6ab8a1d097c5310e1b41a8;f4813f5b4c;-;-;Thu Mar 29 09:13:18 2018 +0200;1522307598;-;-;Thu Mar 29 09:13:18 2018 +0200;1522307598
f9e6ea548241194b46e7eed1e47960e2c30119b7;f9e6ea5482;-;-;Wed Mar 28 22:13:34 2018 -0400;1522289614;-;-;Wed Mar 28 22:15:16 2018 -0400;1522289716
e6020ed3777fe5d99e0c9333185f7f5ad143b9c9;e6020ed377;-;-;Thu Mar 29 00:22:37 2018 +0300;1522272157;-;-;Wed Mar 28 23:48:12 2018 +0200;1522273692
b8d72516e1ff9c98531cf7eff46590686d567c37;b8d72516e1;-;-;Wed Mar 28 15:54:57 2018 -0400;1522266897;-;-;Wed Mar 28 15:54:57 2018 -0400;1522266897
4b9e3a9211b9c81148b2c2ebd54091a1fa037483;4b9e3a9211;-;-;Wed Mar 28 17:42:55 2018 +0200;1522251775;-;-;Wed Mar 28 17:42:55 2018 +0200;1522251775
d95bbb6b1b7dc5a0d2cd24fb4628aef038bd665c;d95bbb6b1b;-;-;Wed Mar 28 12:16:03 2018 +0200;1522232163;-;-;Wed Mar 28 12:16:03 2018 +0200;1522232163
b2d87abcbbead29fe4538329a05636d2b6503cc7;b2d87abcbb;-;-;Wed Mar 28 12:06:38 2018 +0200;1522231598;-;-;Wed Mar 28 12:06:38 2018 +0200;1522231598
d1a0b8d53f92ec410d51bdd89aee979107541bd4;d1a0b8d53f;-;-;Wed Mar 28 11:03:53 2018 +0200;1522227833;-;-;Wed Mar 28 11:03:53 2018 +0200;1522227833
5861e9685bfa6556ffdd56e76df6bd83829fbba6;5861e9685b;-;-;Tue Mar 27 19:54:48 2018 -0400;1522194888;-;-;Tue Mar 27 19:56:09 2018 -0400;1522194969
e00384a6fd4bde8f009b78e11895a64c89d51b95;e00384a6fd;-;-;Tue Mar 27 19:19:09 2018 -0400;1522192749;-;-;Tue Mar 27 19:56:09 2018 -0400;1522194969
4aae6a6dda54dc594285b3cc4df93fb6ff041c53;4aae6a6dda;-;-;Wed Mar 28 01:55:03 2018 +0300;1522191303;-;-;Wed Mar 28 01:09:03 2018 +0200;1522192143
224d52e03286e868c5361bb205f641918a7a7e33;224d52e032;-;-;Tue Mar 27 16:53:16 2018 -0400;1522183996;-;-;Tue Mar 27 16:54:25 2018 -0400;1522184065
f3994467c4e1094f5229d05c5679550f956cba8e;f3994467c4;-;-;Tue Mar 27 16:32:18 2018 -0400;1522182738;-;-;Tue Mar 27 16:54:19 2018 -0400;1522184059
9a27bc9b3e48fd2e119e8d437854c668b82ad186;9a27bc9b3e;-;-;Tue Mar 27 17:33:34 2018 +0200;1522164814;-;-;Tue Mar 27 17:33:34 2018 +0200;1522164814
c072c6deb5697a0ffc862f8ed80aac13d20d6c50;c072c6deb5;-;-;Tue Mar 27 17:07:03 2018 +0200;1522163223;-;-;Tue Mar 27 17:07:03 2018 +0200;1522163223
98ad23bef8e2e04143f8f5b201380543a8d8c0c3;98ad23bef8;-;-;Tue Mar 27 17:04:59 2018 +0200;1522163099;-;-;Tue Mar 27 17:04:59 2018 +0200;1522163099
75f70b269ed89294330758eb61ee8d7f218c9af6;75f70b269e;-;-;Tue Mar 27 16:43:54 2018 +0200;1522161834;-;-;Tue Mar 27 16:45:26 2018 +0200;1522161926
b6e9d1c9ad02ab7501de61881d3edfbc276fa305;b6e9d1c9ad;-;-;Tue Mar 27 12:48:37 2018 +0200;1522147717;-;-;Tue Mar 27 12:48:37 2018 +0200;1522147717
13356a7ee2240f740737c5c83bdccdacc30603ab;13356a7ee2;-;-;Tue Mar 27 01:00:42 2018 +0200;1522105242;-;-;Tue Mar 27 01:00:42 2018 +0200;1522105242
e3d0ef6015f14ceb7baf380ca0598904d75731d5;e3d0ef6015;-;-;Tue Mar 27 00:38:32 2018 +0200;1522103912;-;-;Tue Mar 27 00:38:32 2018 +0200;1522103912
10cb2ccaefa2736000ae94155ce357c1f2a6590e;10cb2ccaef;-;-;Tue Mar 27 00:25:05 2018 +0200;1522103105;-;-;Tue Mar 27 00:25:05 2018 +0200;1522103105
24aae2e104f9e8eb1f21e79959ab00cb7fdcc49f;24aae2e104;-;-;Tue Mar 27 00:24:03 2018 +0200;1522103043;-;-;Tue Mar 27 00:24:03 2018 +0200;1522103043
f59ea610dfcf55cd0b42f6dd76a9b3dab0218aaa;f59ea610df;-;-;Tue Mar 27 00:23:36 2018 +0200;1522103016;-;-;Tue Mar 27 00:23:36 2018 +0200;1522103016
c60cefa3311bbb087591f16ebec822f6ba5018c5;c60cefa331;-;-;Tue Mar 27 00:22:54 2018 +0200;1522102974;-;-;Tue Mar 27 00:22:54 2018 +0200;1522102974
19875d8e3f4dbeaca6c1441ae204e673a9e0c2b8;19875d8e3f;-;-;Mon Mar 26 09:59:38 2018 -0400;1522072778;-;-;Mon Mar 26 09:59:38 2018 -0400;1522072778
c441d60d1d94e795c7672d55647809d1e3262575;c441d60d1d;-;-;Sat Mar 24 16:48:53 2018 +0100;1521906533;-;-;Sat Mar 24 16:48:53 2018 +0100;1521906533
8d5587fe4f938c51b68dffa3370840b2bda19d54;8d5587fe4f;-;-;Sat Mar 24 16:30:51 2018 +0100;1521905451;-;-;Sat Mar 24 16:30:51 2018 +0100;1521905451
9128226da45eb40f8d65ab495965a1a734f0a2e5;9128226da4;-;-;Sat Mar 24 16:30:37 2018 +0100;1521905437;-;-;Sat Mar 24 16:30:37 2018 +0100;1521905437
a989ea0867f36ddf1f0e58b71aade8a2500ffe7d;a989ea0867;-;-;Sat Mar 24 08:59:16 2018 -0400;1521896356;-;-;Sat Mar 24 08:59:16 2018 -0400;1521896356
729d0d27968176e2d0b4ff00dfec334219210f61;729d0d2796;-;-;Fri Mar 23 22:21:06 2018 -0400;1521858066;-;-;Fri Mar 23 22:21:06 2018 -0400;1521858066
ab2410c754b67902f002bfcc0c3895bd7772d39f;ab2410c754;-;-;Fri Mar 23 21:45:41 2018 -0400;1521855941;-;-;Fri Mar 23 21:45:41 2018 -0400;1521855941
f6ea7407e6cd2f4da52187dfb8503143633002c8;f6ea7407e6;-;-;Fri Mar 23 19:00:59 2018 -0400;1521846059;-;-;Fri Mar 23 21:44:27 2018 -0400;1521855867
d007c25585517d59be4d72a5004f837a9e1205d3;d007c25585;-;-;Fri Mar 23 19:00:46 2018 -0400;1521846046;-;-;Fri Mar 23 21:44:18 2018 -0400;1521855858
0af847c01c5e2e181fd1215e2e2450b189286ba6;0af847c01c;-;-;Fri Mar 23 18:57:50 2018 -0400;1521845870;-;-;Fri Mar 23 19:01:11 2018 -0400;1521846071
b2f900e518eeb5aabf57a6deb8f267256af7b22b;b2f900e518;-;-;Fri Mar 23 17:36:55 2018 +0100;1521823015;-;-;Fri Mar 23 17:36:55 2018 +0100;1521823015
f00afe3247128c74c52a4f323d7c7e18c46ceefe;f00afe3247;-;-;Fri Mar 23 17:36:23 2018 +0100;1521822983;-;-;Fri Mar 23 17:36:23 2018 +0100;1521822983
8d8e218b52274055d7b1854f3363c8c8c4bd71f2;8d8e218b52;-;-;Fri Mar 23 17:34:33 2018 +0100;1521822873;-;-;Fri Mar 23 17:34:33 2018 +0100;1521822873
937cd48fcb3675daed5a65a9b4de5c7fcb56cb9b;937cd48fcb;-;-;Fri Mar 23 17:32:08 2018 +0100;1521822728;-;-;Fri Mar 23 17:32:08 2018 +0100;1521822728
38dcd179d5c2ad7630310cba292e80471b000d5f;38dcd179d5;-;-;Fri Mar 23 17:29:21 2018 +0100;1521822561;-;-;Fri Mar 23 17:29:21 2018 +0100;1521822561
94924566d5d217815e6bfafb28ff8733b8b7c219;94924566d5;-;-;Fri Mar 23 11:12:54 2018 -0400;1521817974;-;-;Fri Mar 23 11:12:54 2018 -0400;1521817974
3b4c7a40c0676b1013c20d69be535230e7e68433;3b4c7a40c0;-;-;Fri Mar 23 10:54:53 2018 -0400;1521816893;-;-;Fri Mar 23 10:54:53 2018 -0400;1521816893
c56317928fa457f83a93411c097f150c242de6a5;c56317928f;-;-;Fri Mar 23 09:58:59 2018 +0100;1521795539;-;-;Fri Mar 23 10:00:30 2018 +0100;1521795630
1b83f129a23a71e3c4176d71faf9a1ce980a47c2;1b83f129a2;-;-;Thu Mar 22 20:22:07 2018 -0400;1521764527;-;-;Thu Mar 22 20:22:07 2018 -0400;1521764527
a8688880b1c3e4030a90bb53221e30df445bace1;a8688880b1;-;-;Thu Mar 22 18:10:29 2018 +0100;1521738629;-;-;Thu Mar 22 18:10:29 2018 +0100;1521738629
51c57d77d90981d266dc94054ebe27e3f77890a1;51c57d77d9;-;-;Thu Mar 22 18:09:27 2018 +0100;1521738567;-;-;Thu Mar 22 18:09:27 2018 +0100;1521738567
025ee83403ec128dec6e450effdca42663d51f00;025ee83403;-;-;Thu Mar 22 10:57:19 2018 -0400;1521730639;-;-;Thu Mar 22 10:57:19 2018 -0400;1521730639
f18d8c31e21528ac039c4fe865dcbbd9a0770489;f18d8c31e2;-;-;Thu Mar 22 13:07:19 2018 +0100;1521720439;-;-;Thu Mar 22 13:21:57 2018 +0100;1521721317
d3a0a8e0078df5f152d9e5f802683614a0018182;d3a0a8e007;-;-;Thu Mar 22 11:36:11 2018 +0100;1521714971;-;-;Thu Mar 22 11:36:11 2018 +0100;1521714971
e0de9126ed8cf25cf141d3e66420da94e350708a;e0de9126ed;-;-;Wed Mar 21 23:29:58 2018 -0400;1521689398;-;-;Wed Mar 21 23:29:58 2018 -0400;1521689398
19293b9847783cde9e202dde139fb29696ede703;19293b9847;-;-;Fri Mar 16 10:40:22 2018 -0400;1521211222;-;-;Wed Mar 21 22:36:08 2018 -0400;1521686168
b5511645b896034756861a8d6c3e45ad6fead602;b5511645b8;-;-;Thu Mar 22 00:03:06 2018 +0100;1521673386;-;-;Thu Mar 22 00:03:06 2018 +0100;1521673386
94c525cdc84209dd079c1e62f8aeed36bf15619c;94c525cdc8;-;-;Wed Mar 21 18:26:13 2018 -0400;1521671173;-;-;Wed Mar 21 18:26:13 2018 -0400;1521671173
c1405ef140b9ee62be111c4bed1a78787161b0ad;c1405ef140;-;-;Wed Mar 21 16:12:42 2018 +0100;1521645162;-;-;Wed Mar 21 16:12:42 2018 +0100;1521645162
ba5ef6456faa1ce6f39c8f5474ebf56cb5d07052;ba5ef6456f;-;-;Wed Mar 21 16:12:32 2018 +0100;1521645152;-;-;Wed Mar 21 16:12:32 2018 +0100;1521645152
639d2c6fe74dd698236d4f447b417da7d03ecb45;639d2c6fe7;-;-;Wed Mar 21 12:39:15 2018 +0100;1521632355;-;-;Wed Mar 21 12:39:15 2018 +0100;1521632355
1fd5935afab55a25776e8d5561e197e864086ef1;1fd5935afa;-;-;Wed Mar 21 12:06:40 2018 +0100;1521630400;-;-;Wed Mar 21 12:06:40 2018 +0100;1521630400
91b803a2310344d925e5d4b1709bbcea90375548;91b803a231;-;-;Wed Mar 21 12:02:13 2018 +0100;1521630133;-;-;Wed Mar 21 12:02:13 2018 +0100;1521630133
f9df8c738a4eb9fff292f58a82be7ba09e1c3097;f9df8c738a;-;-;Tue Mar 20 17:10:50 2018 -0400;1521580250;-;-;Tue Mar 20 17:21:33 2018 -0400;1521580893
88a17a4b10a110eee9c30585999a275ccffa3c17;88a17a4b10;-;-;Tue Mar 20 12:21:45 2018 -0400;1521562905;-;-;Tue Mar 20 12:21:45 2018 -0400;1521562905
0e28bee0f155b9bf240b4bafc4646e4810cb23f8;0e28bee0f1;-;-;Mon Mar 19 17:11:25 2018 -0400;1521493885;-;-;Mon Mar 19 17:16:03 2018 -0400;1521494163
fdd756ce8a683927c058c4272cd0f2477fb29675;fdd756ce8a;-;-;Mon Mar 19 20:39:54 2018 +0100;1521488394;-;-;Mon Mar 19 20:39:54 2018 +0100;1521488394
442ddb08457bf22afce9622ba9cd82c7415b6832;442ddb0845;-;-;Mon Mar 19 20:38:14 2018 +0100;1521488294;-;-;Mon Mar 19 20:38:14 2018 +0100;1521488294
2ff35daf9bc83a89c6ca579e4440e48627b9a56a;2ff35daf9b;-;-;Mon Mar 19 13:31:44 2018 -0400;1521480704;-;-;Mon Mar 19 13:32:10 2018 -0400;1521480730
26bb3a0893564ab2f17cf7ac9d6fa86593995dea;26bb3a0893;-;-;Mon Mar 19 11:20:08 2018 -0400;1521472808;-;-;Mon Mar 19 11:20:08 2018 -0400;1521472808
8651b8d4c1b09d3bb75bb0cf56791970a72751d8;8651b8d4c1;-;-;Mon Mar 19 08:57:01 2018 -0400;1521464221;-;-;Mon Mar 19 08:57:01 2018 -0400;1521464221
99399084a6b1960d152ee46aa59da5304a019439;99399084a6;-;-;Mon Mar 19 12:42:49 2018 +0100;1521459769;-;-;Mon Mar 19 12:42:49 2018 +0100;1521459769
578c04ea17cb3ddd645725284b3392f37ce4661e;578c04ea17;-;-;Mon Mar 19 12:41:22 2018 +0100;1521459682;-;-;Mon Mar 19 12:41:22 2018 +0100;1521459682
702b27e1e4d67fd8041427d779c15a8d33ef1522;702b27e1e4;-;-;Mon Mar 19 12:05:04 2018 +0100;1521457504;-;-;Mon Mar 19 12:05:04 2018 +0100;1521457504
2c7efbb9d09f46691c905467e5a192f79acfa55b;2c7efbb9d0;-;-;Mon Mar 19 12:04:51 2018 +0100;1521457491;-;-;Mon Mar 19 12:04:51 2018 +0100;1521457491
b7c423813db7921b726b493b97357eb01d527dd1;b7c423813d;-;-;Mon Mar 19 12:04:15 2018 +0100;1521457455;-;-;Mon Mar 19 12:04:15 2018 +0100;1521457455
3c1adf7f6af0dff9bda74f40dabe8cf428a62003;3c1adf7f6a;-;-;Mon Mar 19 01:45:22 2018 +0100;1521420322;-;-;Mon Mar 19 01:45:22 2018 +0100;1521420322
9d63f805b3b3ad07f102f6df779b852b2d1f306c;9d63f805b3;-;-;Sun Mar 18 00:17:41 2018 +0800;1521303461;-;-;Sat Mar 17 17:17:41 2018 +0100;1521303461
30583a62cfeef79ccbd18daf9c6045d89688e22b;30583a62cf;-;-;Fri Mar 16 16:17:02 2018 -0400;1521231422;-;-;Fri Mar 16 16:18:05 2018 -0400;1521231485
842c29103f0289ae7517e78052460a9517ed4bfd;842c29103f;-;-;Fri Mar 16 15:52:24 2018 -0400;1521229944;-;-;Fri Mar 16 16:18:05 2018 -0400;1521231485
313c6cef320bfe1ee856b58a119bd33943b2c0ec;313c6cef32;-;-;Fri Mar 16 14:03:01 2018 -0400;1521223381;-;-;Fri Mar 16 16:18:05 2018 -0400;1521231485
4fef1fe820627e6462413f4c4b658d24146367a2;4fef1fe820;-;-;Fri Mar 16 18:49:12 2018 +0100;1521222552;-;-;Fri Mar 16 18:49:12 2018 +0100;1521222552
914b2470dc8f55a6dc4fed1b39834d3a18d858fe;914b2470dc;-;-;Fri Mar 16 18:49:00 2018 +0100;1521222540;-;-;Fri Mar 16 18:49:00 2018 +0100;1521222540
b31d55dfcec86e4dc5bf4d94ad5de8dacc657afe;b31d55dfce;-;-;Thu Mar 15 10:58:08 2018 +0100;1521107888;-;-;Fri Mar 16 17:27:29 2018 +0100;1521217649
04c2a2990dda185cca75ded2b218dff3054dafa8;04c2a2990d;-;-;Thu Mar 8 15:47:48 2018 +0100;1520520468;-;-;Fri Mar 16 17:27:29 2018 +0100;1521217649
f8588e364a4846723ac4be6a914b13404ef412ea;f8588e364a;-;-;Fri Mar 16 14:17:50 2018 +0100;1521206270;-;-;Fri Mar 16 14:17:50 2018 +0100;1521206270
7de2650a7070af4db25ef9b5d87528a679302120;7de2650a70;-;-;Fri Mar 16 00:08:58 2018 -0400;1521173338;-;-;Fri Mar 16 00:14:54 2018 -0400;1521173694
72bbb2619dcd2d71f4333fb501a7495ef34eec53;72bbb2619d;-;-;Thu Mar 15 23:12:24 2018 -0400;1521169944;-;-;Thu Mar 15 23:17:57 2018 -0400;1521170277
541ee13934cf8c1dfcbcfadce2bb6299bd25900c;541ee13934;-;-;Thu Mar 15 22:09:37 2018 -0400;1521166177;-;-;Thu Mar 15 22:13:44 2018 -0400;1521166424
f7e75a5b82e580329782207c1832585186b9efaa;f7e75a5b82;-;-;Thu Mar 15 10:30:42 2018 -0400;1521124242;-;-;Thu Mar 15 22:13:43 2018 -0400;1521166423
8d51d6769b456c7a1b31d979a02e8cf7772c19d8;8d51d6769b;-;-;Thu Mar 15 22:13:24 2018 -0400;1521166404;-;-;Thu Mar 15 22:13:43 2018 -0400;1521166423
2096676b3f40e357d689d46b5c929f38448cb882;2096676b3f;-;-;Thu Mar 15 15:43:45 2018 +0100;1521125025;-;-;Thu Mar 15 15:43:45 2018 +0100;1521125025
d4a8f76bf9c73598662f860f86b6c3674c254b40;d4a8f76bf9;-;-;Thu Mar 15 15:17:55 2018 +0100;1521123475;-;-;Thu Mar 15 15:17:55 2018 +0100;1521123475
b8d94f8a20bd2d8f96fadb6f365178e7ee7c9f95;b8d94f8a20;-;-;Wed Mar 14 20:07:00 2018 -0400;1521072420;-;-;Wed Mar 14 20:07:00 2018 -0400;1521072420
cb8c6e32519c21b6ec4eb097244c1e6464c29a89;cb8c6e3251;-;-;Tue Mar 13 15:09:24 2018 -0400;1520968164;-;-;Wed Mar 14 15:53:19 2018 -0400;1521057199
58011f71e9764a6be762101b708847d1f6de9437;58011f71e9;-;-;Wed Mar 14 18:55:50 2018 +0100;1521050150;-;-;Wed Mar 14 18:55:50 2018 +0100;1521050150
c4e9ce8d0ead9a02679ebf262fd8d57b7658619c;c4e9ce8d0e;-;-;Wed Mar 14 18:53:50 2018 +0100;1521050030;-;-;Wed Mar 14 18:53:50 2018 +0100;1521050030
3988dd9ebb976dce8d79ba31bcc515c5e62154de;3988dd9ebb;-;-;Wed Mar 14 17:24:58 2018 +0100;1521044698;-;-;Wed Mar 14 17:24:58 2018 +0100;1521044698
356ef45e99c9d1e409f3d04330c44e43d2b45811;356ef45e99;-;-;Wed Mar 14 17:17:04 2018 +0100;1521044224;-;-;Wed Mar 14 17:17:04 2018 +0100;1521044224
cc12afdea2c4b2c3073c1c2bbc88091a4e7db74e;cc12afdea2;-;-;Thu Mar 8 23:01:44 2018 -0800;1520578904;-;-;Tue Mar 13 16:52:26 2018 -0400;1520974346
5f4d5f17f77d9bf74aa03ca1284f657374618686;5f4d5f17f7;-;-;Tue Mar 13 16:48:52 2018 +0100;1520956132;-;-;Tue Mar 13 16:48:52 2018 +0100;1520956132
2c2ce55f47cddd4e510cbbdefb34d7dde6144762;2c2ce55f47;-;-;Tue Mar 13 15:55:39 2018 +0100;1520952939;-;-;Tue Mar 13 15:55:39 2018 +0100;1520952939
d64f2eb03862dcef657fe1a37755184b1ecfda25;d64f2eb038;-;-;Fri Feb 26 06:49:37 2016 -0800;1456498177;-;-;Tue Mar 13 12:27:05 2018 +0100;1520940425
1db7e02de3eb0c011ee6681f5a12eb9d166fea81;1db7e02de3;-;-;Mon Mar 12 11:11:40 2018 -0700;1520878300;-;-;Mon Mar 12 15:58:59 2018 -0700;1520895539
41730220f4e5ef89024f3fbcf20b1f8362a56565;41730220f4;-;-;Mon Mar 12 22:31:48 2018 +0100;1520890308;-;-;Mon Mar 12 22:31:48 2018 +0100;1520890308
499128dae748ff5643d27b72b72bd830eb6b1305;499128dae7;-;-;Mon Mar 12 22:26:18 2018 +0100;1520889978;-;-;Mon Mar 12 22:26:18 2018 +0100;1520889978
36a222acd5ef02dc4452addcedc6708edf46ed4e;36a222acd5;-;-;Mon Mar 12 21:32:30 2018 +0100;1520886750;-;-;Mon Mar 12 21:54:53 2018 +0100;1520888093
99bb97388e23599c81b730fe6b69adf9ebbd7490;99bb97388e;-;-;Mon Mar 12 20:42:11 2018 +0100;1520883731;-;-;Mon Mar 12 20:42:11 2018 +0100;1520883731
04a8f817108c2d3bce636b36ba869c858d152ba0;04a8f81710;-;-;Mon Mar 12 20:42:03 2018 +0100;1520883723;-;-;Mon Mar 12 20:42:03 2018 +0100;1520883723
967a2ef2d20b7bc6f6bf79463ee15d7c3e2ec607;967a2ef2d2;-;-;Mon Mar 12 20:41:44 2018 +0100;1520883704;-;-;Mon Mar 12 20:41:44 2018 +0100;1520883704
50e980c02f0dba610303e064289be0420d1f6ce1;50e980c02f;-;-;Mon Mar 12 13:40:26 2018 +0100;1520858426;-;-;Mon Mar 12 13:40:26 2018 +0100;1520858426
1b1a69a144f657d46c752f1c017f64d3302891d2;1b1a69a144;-;-;Mon Mar 12 13:27:48 2018 +0100;1520857668;-;-;Mon Mar 12 13:27:48 2018 +0100;1520857668
42b4f6e1ff721169166d9c59b7aa4caffa6b9fb8;42b4f6e1ff;-;-;Sun Mar 11 14:13:30 2018 +0100;1520774010;-;-;Sun Mar 11 14:13:30 2018 +0100;1520774010
2575c26020ebec0af71d2d646194c9ca4d4877e1;2575c26020;-;-;Sun Mar 11 13:44:27 2018 +0100;1520772267;-;-;Sun Mar 11 13:44:27 2018 +0100;1520772267
fb7c4a3066b935c7d31f65a3d5a622c0048ae1e8;fb7c4a3066;-;-;Sun Mar 11 10:26:41 2018 +0100;1520760401;-;-;Sun Mar 11 10:26:41 2018 +0100;1520760401
1fa1f2b58a65683874e22e3f029f9f6e54186407;1fa1f2b58a;-;-;Sat Mar 10 16:56:33 2018 +0100;1520697393;-;-;Sat Mar 10 16:56:33 2018 +0100;1520697393
e228ded5898485e657e896d40d624e4bb19f2538;e228ded589;-;-;Fri Mar 9 21:14:07 2018 -0500;1520648047;-;-;Fri Mar 9 21:16:19 2018 -0500;1520648179
a3d8c60abafcfcf30f1780fb6302b41521cfbc33;a3d8c60aba;-;-;Fri Mar 9 19:57:20 2018 -0500;1520643440;-;-;Fri Mar 9 21:16:19 2018 -0500;1520648179
3653a37e27850021f80f4409b31d48dd4cf5cb8a;3653a37e27;-;-;Fri Mar 9 19:57:13 2018 -0500;1520643433;-;-;Fri Mar 9 21:16:18 2018 -0500;1520648178
107f8bb5fd1fd7a0828ae888e04517ac3b2e516e;107f8bb5fd;-;-;Fri Mar 9 18:17:36 2018 +0100;1520615856;-;-;Fri Mar 9 18:19:30 2018 +0100;1520615970
00fea23e6b47829f0be7e603c0ba023c5763796f;00fea23e6b;-;-;Fri Mar 9 14:51:37 2018 +0100;1520603497;-;-;Fri Mar 9 14:51:37 2018 +0100;1520603497
2a3f90dc7b1a3a071af97e39f7c8a8bbe144dffe;2a3f90dc7b;-;-;Fri Mar 9 09:40:12 2018 +0100;1520584812;-;-;Fri Mar 9 09:40:12 2018 +0100;1520584812
df8061494cec95d0b61cbac5dfbb04e58deba9d5;df8061494c;-;-;Fri Mar 9 09:39:45 2018 +0100;1520584785;-;-;Fri Mar 9 09:39:45 2018 +0100;1520584785
cf74b1b8bea86194a64bb6b1a8b8350fb65ea827;cf74b1b8be;-;-;Fri Mar 9 09:03:15 2018 +0100;1520582595;-;-;Fri Mar 9 09:03:15 2018 +0100;1520582595
58a5138f26fd4a2f9a769ea34a0b3017909e4723;58a5138f26;-;-;Fri Mar 9 00:17:44 2018 +0300;1520543864;-;-;Thu Mar 8 23:44:32 2018 +0100;1520549072
2f9d0a7de8e2f1247dd4a34811220106f7359aa5;2f9d0a7de8;-;-;Fri Mar 9 00:03:09 2018 +0300;1520542989;-;-;Thu Mar 8 23:44:15 2018 +0100;1520549055
d89f9af22d409565ff42385ce75202b061cff114;d89f9af22d;-;-;Thu Mar 8 23:51:23 2018 +0300;1520542283;-;-;Thu Mar 8 21:55:45 2018 +0100;1520542545
0c45c4c6a3509dad66a38e20dcc25fdb3a036901;0c45c4c6a3;-;-;Thu Mar 8 23:45:35 2018 +0300;1520541935;-;-;Thu Mar 8 21:49:04 2018 +0100;1520542144
6163f2d32f3f1541a7032f8888bd79395e927140;6163f2d32f;-;-;Thu Mar 8 23:36:41 2018 +0300;1520541401;-;-;Thu Mar 8 21:41:57 2018 +0100;1520541717
32b689a9947823427a01899d5a310c9435ee78d2;32b689a994;-;-;Thu Mar 8 23:22:15 2018 +0300;1520540535;-;-;Thu Mar 8 21:25:47 2018 +0100;1520540747
407ecf7334cbd0bfb6afe1804851be22eb62624a;407ecf7334;-;-;Thu Mar 8 21:30:45 2018 +0300;1520533845;-;-;Thu Mar 8 20:37:48 2018 +0100;1520537868
ed7684d2b27d67a6fbcef72f1a93e8e8cce3ab5d;ed7684d2b2;-;-;Thu Mar 8 19:43:01 2018 +0100;1520534581;-;-;Thu Mar 8 19:43:01 2018 +0100;1520534581
50253f670ef9cf894fe8c077d4d58c562951cd41;50253f670e;-;-;Thu Mar 8 18:13:00 2018 +0100;1520529180;-;-;Thu Mar 8 18:13:00 2018 +0100;1520529180
139dc1d373cc6e32ee6b516504064a2c87e0008a;139dc1d373;-;-;Thu Mar 8 18:11:57 2018 +0100;1520529117;-;-;Thu Mar 8 18:11:57 2018 +0100;1520529117
0f7485b01d1d52492dc5b6f4501d8b8c9ca21bdd;0f7485b01d;-;-;Thu Mar 8 19:36:00 2018 +0300;1520526960;-;-;Thu Mar 8 17:57:47 2018 +0100;1520528267
a02aafe5fefacc57ab0a5707fb9afa3056d2ab09;a02aafe5fe;-;-;Thu Mar 8 12:29:09 2018 +0100;1520508549;-;-;Thu Mar 8 12:29:09 2018 +0100;1520508549
eb96ff2943182565f1aa3508f9c3e39a4997d56d;eb96ff2943;-;-;Wed Mar 7 17:07:09 2018 -0500;1520460429;-;-;Wed Mar 7 17:07:09 2018 -0500;1520460429
568c93457a8487b34381386f06a55e0f22432e9a;568c93457a;-;-;Wed Mar 7 15:25:31 2018 -0500;1520454331;-;-;Wed Mar 7 15:25:31 2018 -0500;1520454331
e20652009dca44363e7296c7bf7510def391885f;e20652009d;-;-;Wed Mar 7 14:59:18 2018 -0500;1520452758;-;-;Wed Mar 7 14:59:18 2018 -0500;1520452758
b14301bfba93b93ae068d0353b220830c38014d8;b14301bfba;-;-;Wed Mar 7 17:44:24 2018 +0100;1520441064;-;-;Wed Mar 7 17:44:24 2018 +0100;1520441064
030bc224e30699a91e33e27a6d9782803afbd0d4;030bc224e3;-;-;Wed Mar 7 17:06:57 2018 +0200;1520435217;-;-;Wed Mar 7 11:23:10 2018 -0500;1520439790
20287e0cb07f557634efe9366d9115525e70cc80;20287e0cb0;-;-;Wed Mar 7 17:09:09 2018 +0100;1520438949;-;-;Wed Mar 7 17:09:09 2018 +0100;1520438949
934a995acb724fa5cd359d7d8a8d3e1b10c45ca8;934a995acb;-;-;Wed Mar 7 16:54:04 2018 +0100;1520438044;-;-;Wed Mar 7 17:08:45 2018 +0100;1520438925
0f5a3e2647e5e269013298625991ae0cd5c4069b;0f5a3e2647;-;-;Wed Mar 7 15:34:55 2018 +0100;1520433295;-;-;Wed Mar 7 16:09:04 2018 +0100;1520435344
df0b39e8acd8566f9b0e79989a9897b251390687;df0b39e8ac;-;-;Wed Mar 7 15:33:38 2018 +0100;1520433218;-;-;Wed Mar 7 16:09:03 2018 +0100;1520435343
f57fcdee3c29707ef5e5fd7570a51a06432684da;f57fcdee3c;-;-;Wed Mar 7 15:49:58 2018 +0100;1520434198;-;-;Wed Mar 7 15:49:58 2018 +0100;1520434198
6f4d25a6e64c817dd44f324398c7614bb5e36b79;6f4d25a6e6;-;-;Wed Mar 7 22:09:58 2018 +0800;1520431798;-;-;Wed Mar 7 15:39:58 2018 +0100;1520433598
2454b31b30231272b3db9e7d83bc7d82e7f3a4f1;2454b31b30;-;-;Wed Mar 7 14:20:57 2018 +0100;1520428857;-;-;Wed Mar 7 14:20:57 2018 +0100;1520428857
f932796201b056b440a3ab7ed3cb74dc5818292b;f932796201;-;-;Wed Mar 7 13:22:36 2018 +0100;1520425356;-;-;Wed Mar 7 13:22:36 2018 +0100;1520425356
fef0c7b15193e61a19302554ec3c421b64af7b7f;fef0c7b151;-;-;Wed Mar 7 13:22:21 2018 +0100;1520425341;-;-;Wed Mar 7 13:22:21 2018 +0100;1520425341
4094879daf49f9b9c2326578904ba8e55230bf60;4094879daf;-;-;Wed Mar 7 13:07:32 2018 +0100;1520424452;-;-;Wed Mar 7 13:07:32 2018 +0100;1520424452
27815847b109a9074bbbb49ac1faf74468d42d6a;27815847b1;-;-;Tue Feb 27 16:53:29 2018 -0500;1519768409;-;-;Tue Mar 6 19:04:02 2018 -0500;1520381042
7a8e0ff3c35bb1d612c0b3790b31604c0f3cb8d7;7a8e0ff3c3;-;-;Tue Mar 6 18:12:37 2018 -0500;1520377957;-;-;Tue Mar 6 18:12:37 2018 -0500;1520377957
eb9c43dcbcefee27509d0e1707ed67ca699f6fe1;eb9c43dcbc;-;-;Tue Mar 6 23:06:14 2018 +0100;1520373974;-;-;Tue Mar 6 23:06:14 2018 +0100;1520373974
90d768bb7f36819893db968bd87daba81abbffb2;90d768bb7f;-;-;Tue Mar 6 23:06:04 2018 +0100;1520373964;-;-;Tue Mar 6 23:06:04 2018 +0100;1520373964
82515a3f01190a9c401ab257a40f320b811d04b5;82515a3f01;-;-;Tue Mar 6 13:36:15 2018 +0100;1520339775;-;-;Tue Mar 6 13:36:15 2018 +0100;1520339775
4a4f2c2f0810416b25165545988690d84b55347c;4a4f2c2f08;-;-;Tue Mar 6 13:31:26 2018 +0100;1520339486;-;-;Tue Mar 6 13:31:26 2018 +0100;1520339486
e48def2d351353c9fe2e893a69610a6a0a7711cc;e48def2d35;-;-;Mon Mar 5 23:20:50 2018 -0500;1520310050;-;-;Mon Mar 5 23:23:39 2018 -0500;1520310219
6d26e61ac7d7f86012a276c152910f918af8781e;6d26e61ac7;-;-;Mon Mar 5 15:17:42 2018 +0100;1520259462;-;-;Mon Mar 5 15:26:56 2018 +0100;1520260016
4f8c4546f1eccdc05247b8972935f0ad8c99c97c;4f8c4546f1;-;-;Mon Mar 5 15:25:01 2018 +0100;1520259901;-;-;Mon Mar 5 15:25:01 2018 +0100;1520259901
a0cc80063dfa15cd7898855e5c98c416aca5b258;a0cc80063d;-;-;Mon Mar 5 13:00:35 2018 +0100;1520251235;-;-;Mon Mar 5 13:00:35 2018 +0100;1520251235
ff818d56a484cff403bb41668aeddea6b47c8fa9;ff818d56a4;-;-;Mon Mar 5 12:22:17 2018 +0100;1520248937;-;-;Mon Mar 5 12:22:17 2018 +0100;1520248937
c543368aade1914e5a7c553d0cd414437b992bc1;c543368aad;-;-;Sat Mar 3 17:33:48 2018 +0100;1520094828;-;-;Sat Mar 3 17:33:48 2018 +0100;1520094828
06fef1e5a4076362bbf0a83f5db41cb13f3a03c0;06fef1e5a4;-;-;Fri Mar 2 23:56:42 2018 +0300;1520024202;-;-;Sat Mar 3 16:14:45 2018 +0100;1520090085
38ebb6c9828370f68aebbbf8662b3b7a10de0970;38ebb6c982;-;-;Sat Mar 3 12:41:58 2018 +0100;1520077318;-;-;Sat Mar 3 12:41:58 2018 +0100;1520077318
d89d95ef1c64e3faa31e9af728d95096f68376a9;d89d95ef1c;-;-;Sat Mar 3 12:12:45 2018 +0100;1520075565;-;-;Sat Mar 3 12:12:45 2018 +0100;1520075565
cef98e1125f7470b3dcc7615821223299bb84d93;cef98e1125;-;-;Fri Mar 2 10:41:40 2018 -0500;1520005300;-;-;Fri Mar 2 10:42:50 2018 -0500;1520005370
cec7204fca11dfe9b3f5961da97b55a2db719c8a;cec7204fca;-;-;Fri Mar 2 13:53:17 2018 +0100;1519995197;-;-;Fri Mar 2 13:53:17 2018 +0100;1519995197
2e164787dbf78d480da1000511bf0f93387c384f;2e164787db;-;-;Fri Mar 2 13:52:42 2018 +0100;1519995162;-;-;Fri Mar 2 13:52:42 2018 +0100;1519995162
ed936cbd8951a0337ca581db76d637d4680b6cad;ed936cbd89;-;-;Fri Mar 2 01:58:05 2018 +0300;1519945085;-;-;Fri Mar 2 00:06:27 2018 +0100;1519945587
cd4f0935c5756358d9857c0093d0944e47a58629;cd4f0935c5;-;-;Thu Mar 1 23:43:06 2018 +0100;1519944186;-;-;Thu Mar 1 23:43:06 2018 +0100;1519944186
cf1d162e1cf494ac1138be175894c3ee7c704d09;cf1d162e1c;-;-;Thu Mar 1 23:41:59 2018 +0100;1519944119;-;-;Thu Mar 1 23:41:59 2018 +0100;1519944119
9352e3d047e27a91149e471bac7584ff17fa6b92;9352e3d047;-;-;Thu Mar 1 17:06:24 2018 -0500;1519941984;-;-;Thu Mar 1 17:06:24 2018 -0500;1519941984
36cfdf68b15932ac3970a5e0c81462e42adaf1da;36cfdf68b1;-;-;Thu Mar 1 15:52:26 2018 -0500;1519937546;-;-;Thu Mar 1 15:52:59 2018 -0500;1519937579
fa670dd07d630e94ae1b0e7487906adf79f31749;fa670dd07d;-;-;Thu Mar 1 13:31:56 2018 +0100;1519907516;-;-;Thu Mar 1 13:31:56 2018 +0100;1519907516
bfddbbe7314c9a9ed74d1ce75f2280c055e26c2c;bfddbbe731;-;-;Thu Mar 1 01:39:06 2018 +0100;1519864746;-;-;Thu Mar 1 01:39:06 2018 +0100;1519864746
478162741df63d5516fa7e730c977472867fde7d;478162741d;-;-;Thu Mar 1 01:32:11 2018 +0100;1519864331;-;-;Thu Mar 1 01:32:11 2018 +0100;1519864331
6f7ad0304c6362718ed8e97eb4952a794695fbea;6f7ad0304c;-;-;Thu Mar 1 00:29:38 2018 +0100;1519860578;-;-;Thu Mar 1 00:29:38 2018 +0100;1519860578
83300c4b277be594ce4fc78c5142b0c085e79263;83300c4b27;-;-;Thu Mar 1 00:00:35 2018 +0300;1519851635;-;-;Thu Mar 1 00:22:29 2018 +0100;1519860149
8080f56db87868488ebd602821c45baa20f69475;8080f56db8;-;-;Wed Feb 28 23:43:36 2018 +0300;1519850616;-;-;Thu Mar 1 00:15:18 2018 +0100;1519859718
a19d4deb24f65a4fb238575a034ffcf33bf2a827;a19d4deb24;-;-;Wed Feb 28 16:41:59 2018 +0100;1519832519;-;-;Wed Feb 28 16:41:59 2018 +0100;1519832519
33cd160861e46f06638945176ac758c0a9c123bf;33cd160861;-;-;Wed Feb 28 14:01:04 2018 +0100;1519822864;-;-;Wed Feb 28 14:01:04 2018 +0100;1519822864
9962df65272e6208676b1e5cdd944dcfa974fe31;9962df6527;-;-;Wed Feb 28 00:09:15 2018 +0100;1519772955;-;-;Wed Feb 28 00:09:15 2018 +0100;1519772955
95aad9cdc2eb3a9811d117a97bb1e96cf9787017;95aad9cdc2;-;-;Wed Feb 28 00:06:46 2018 +0100;1519772806;-;-;Wed Feb 28 00:06:46 2018 +0100;1519772806
d1ccecd02128ded0366ceb61a17d368eacd9edda;d1ccecd021;-;-;Wed Feb 28 00:12:51 2018 +0300;1519765971;-;-;Tue Feb 27 23:37:54 2018 +0100;1519771074
bf0308b0cf2b13dd6d13069f0e4d617109b926da;bf0308b0cf;-;-;Tue Feb 27 15:39:30 2018 -0500;1519763970;-;-;Tue Feb 27 15:39:30 2018 -0500;1519763970
7bce04c06ccfcbcec1c4f7a3dbc75cea6621505a;7bce04c06c;-;-;Tue Feb 27 09:02:34 2018 +0300;1519711354;-;-;Tue Feb 27 12:51:28 2018 +0100;1519732288
f835f7b500a233fe17afcd4cb3ff99958e9cc10a;f835f7b500;-;-;Mon Feb 26 20:41:00 2018 -0500;1519695660;-;-;Mon Feb 26 20:41:00 2018 -0500;1519695660
e12fcca1e3e4d3e8c676dcf3cee94311a4161cbe;e12fcca1e3;-;-;Mon Feb 26 20:35:17 2018 -0500;1519695317;-;-;Mon Feb 26 20:35:17 2018 -0500;1519695317
e0e90ed006a06580d64a2f936ddba0f5198ead41;e0e90ed006;-;-;Mon Feb 26 16:41:06 2018 -0500;1519681266;-;-;Mon Feb 26 16:42:00 2018 -0500;1519681320
6663d0ff0775465ea9b3e4f5931a07290207caeb;6663d0ff07;-;-;Mon Feb 26 17:19:12 2018 +0100;1519661952;-;-;Mon Feb 26 17:19:12 2018 +0100;1519661952
c2d5ca9811683409ed44dfc6371189bc5f8c9cd3;c2d5ca9811;-;-;Mon Feb 26 13:05:12 2018 +0100;1519646712;-;-;Mon Feb 26 13:05:12 2018 +0100;1519646712
7d89de06e396d2d8c135b44552865c3703b9fc73;7d89de06e3;-;-;Mon Feb 26 13:02:17 2018 +0100;1519646537;-;-;Mon Feb 26 13:02:17 2018 +0100;1519646537
15c97b753ef32cd4bf000148f9dddbfc89ddab47;15c97b753e;-;-;Mon Feb 26 13:00:38 2018 +0100;1519646438;-;-;Mon Feb 26 13:00:38 2018 +0100;1519646438
c6f5acf15d261f82ba888a6c4ffc525c4fc1ca70;c6f5acf15d;-;-;Mon Feb 26 11:06:29 2018 +0100;1519639589;-;-;Mon Feb 26 11:07:02 2018 +0100;1519639622
2a379e099cc19f002b5513c7d6ea0100c18b5591;2a379e099c;-;-;Sun Feb 25 21:24:38 2018 +0100;1519590278;-;-;Sun Feb 25 21:24:38 2018 +0100;1519590278
8a56cd0e8b05ce1517b346f654af5ff707c54282;8a56cd0e8b;-;-;Sun Feb 25 21:24:10 2018 +0100;1519590250;-;-;Sun Feb 25 21:24:10 2018 +0100;1519590250
b202205d7736abecb9da5c8b2490393be1046b08;b202205d77;-;-;Sun Feb 25 23:01:11 2018 +0300;1519588871;-;-;Sun Feb 25 21:10:19 2018 +0100;1519589419
49fd724d8f24f40c423d7c7c6de80087e78719c0;49fd724d8f;-;-;Sun Feb 25 22:34:35 2018 +0300;1519587275;-;-;Sun Feb 25 20:48:47 2018 +0100;1519588127
9c55dd59613149d4fc75e175c35992afcddf491b;9c55dd5961;-;-;Sun Feb 25 14:41:13 2018 -0500;1519587673;-;-;Sun Feb 25 14:41:13 2018 -0500;1519587673
d3eff49c59d10c8d50f243071c082034ddf234b3;d3eff49c59;-;-;Sun Feb 25 19:23:17 2018 +0100;1519582997;-;-;Sun Feb 25 19:40:25 2018 +0100;1519584025
3732032ee44009ed14dd5eca8140f57f4a56632f;3732032ee4;-;-;Sun Feb 25 18:23:00 2018 +0100;1519579380;-;-;Sun Feb 25 18:23:00 2018 +0100;1519579380
0ef9568c06ed073e3beb8e8c4375a711ff249480;0ef9568c06;-;-;Sun Feb 25 15:38:56 2018 +0100;1519569536;-;-;Sun Feb 25 15:38:56 2018 +0100;1519569536
9e554223349de6b56f692d8a9cc610521ecc2090;9e55422334;-;-;Sun Feb 25 15:38:32 2018 +0100;1519569512;-;-;Sun Feb 25 15:38:32 2018 +0100;1519569512
01d9475bcc4ad615649fbd358ace0dcc31bac0ef;01d9475bcc;-;-;Sun Feb 25 14:29:44 2018 +0100;1519565384;-;-;Sun Feb 25 14:29:44 2018 +0100;1519565384
85984f3b7270a9ca6029c0b60c8b4941b4bb0321;85984f3b72;-;-;Sun Feb 25 14:29:28 2018 +0100;1519565368;-;-;Sun Feb 25 14:29:28 2018 +0100;1519565368
c782075a13596a20eb3877cced2421b40246392e;c782075a13;-;-;Sun Feb 25 11:11:42 2018 +0300;1519546302;-;-;Sun Feb 25 13:14:20 2018 +0100;1519560860
7f58d9ede03ac3817fa45d3baace3bca9a01202d;7f58d9ede0;-;-;Sun Feb 25 00:27:06 2018 +0100;1519514826;-;-;Sun Feb 25 00:27:06 2018 +0100;1519514826
3531c104b061dbad021fef239eae5ac2cc2f0380;3531c104b0;-;-;Sun Feb 25 00:21:39 2018 +0100;1519514499;-;-;Sun Feb 25 00:21:39 2018 +0100;1519514499
67a91cf6f94e8e98c265461bc9a722e09d9bbedb;67a91cf6f9;-;-;Sun Feb 25 01:04:14 2018 +0300;1519509854;-;-;Sun Feb 25 00:01:43 2018 +0100;1519513303
eeecbaef2c88db5a4d08b93b13505d694bfeaa51;eeecbaef2c;-;-;Fri Feb 23 10:49:38 2018 +0100;1519379378;-;-;Fri Feb 23 10:49:38 2018 +0100;1519379378
578c078082f79ca29b8b063928f0609e01c16cb7;578c078082;-;-;Thu Feb 22 15:14:20 2018 +0100;1519308860;-;-;Thu Feb 22 15:14:20 2018 +0100;1519308860
0f740527c14b2bc876777d55248cb4b04bc688a6;0f740527c1;-;-;Thu Feb 22 15:13:57 2018 +0100;1519308837;-;-;Thu Feb 22 15:13:57 2018 +0100;1519308837
1278459ad536126a7c707e4b69a0a359f54bb556;1278459ad5;-;-;Thu Feb 22 15:12:51 2018 +0100;1519308771;-;-;Thu Feb 22 15:12:51 2018 +0100;1519308771
3d6483873f97f92300d91b00cbbbb7f1821dc026;3d6483873f;-;-;Thu Feb 22 15:11:45 2018 +0100;1519308705;-;-;Thu Feb 22 15:11:45 2018 +0100;1519308705
0939492966ca45a6a0c03c0c657137b20ad7d7ad;0939492966;-;-;Thu Feb 22 11:32:14 2018 +0100;1519295534;-;-;Thu Feb 22 11:32:14 2018 +0100;1519295534
a5cbf5fe246e362c939db006cb44793b22bdc741;a5cbf5fe24;-;-;Thu Feb 22 11:29:46 2018 +0100;1519295386;-;-;Thu Feb 22 11:29:46 2018 +0100;1519295386
1ab3f88e82d1de31d374463160ee94d9ccac74a0;1ab3f88e82;-;-;Mon Feb 19 16:37:36 2018 +0900;1519025856;-;-;Wed Feb 21 14:22:40 2018 -0500;1519240960
bb8cddda23ad1bc4764d82a126a062dc63fef1a8;bb8cddda23;-;-;Wed Feb 21 14:01:53 2018 -0500;1519239713;-;-;Wed Feb 21 14:01:53 2018 -0500;1519239713
3bfa56dff24e3e8088a1f2413ca1df38e28c3bd2;3bfa56dff2;-;-;Wed Feb 21 10:29:46 2018 -0500;1519226986;-;-;Wed Feb 21 10:29:46 2018 -0500;1519226986
6959e66b25785b4ad056791517411b5fb762ab9f;6959e66b25;-;-;Wed Feb 21 10:12:33 2018 -0500;1519225953;-;-;Wed Feb 21 10:12:33 2018 -0500;1519225953
a6d527e57aedd94a2e23cc8d35572076dbf0e417;a6d527e57a;-;-;Wed Feb 21 09:44:24 2018 -0500;1519224264;-;-;Wed Feb 21 09:44:24 2018 -0500;1519224264
1aaefbdd0330d587f1aabc332ff64e682e3b5c75;1aaefbdd03;-;-;Mon Feb 19 11:12:59 2018 +0000;1519038779;-;-;Mon Feb 19 11:12:59 2018 +0000;1519038779
f316f6a46a86030dd7e6797d8fdc575a908cf106;f316f6a46a;-;-;Mon Feb 19 10:29:09 2018 +0100;1519032549;-;-;Mon Feb 19 10:29:09 2018 +0100;1519032549
3ba858213f50edd4ce7e3fe743f81624bb39ca71;3ba858213f;-;-;Sun Feb 18 23:43:32 2018 +0100;1518993812;-;-;Sun Feb 18 23:43:32 2018 +0100;1518993812
0de36d2883124ef52ea1040a3e0022dcaa57f4e2;0de36d2883;-;-;Sun Feb 18 22:01:22 2018 +0100;1518987682;-;-;Sun Feb 18 22:01:22 2018 +0100;1518987682
d1e9161ca6efd1f5205d78631b7553fb0f5e42c6;d1e9161ca6;-;-;Sun Feb 18 08:57:51 2018 +0100;1518940671;-;-;Sun Feb 18 08:57:51 2018 +0100;1518940671
1ea233ac5668c63f02decf0162f5811eca7f0fc6;1ea233ac56;-;-;Sat Feb 17 23:23:24 2018 +0100;1518906204;-;-;Sat Feb 17 23:23:24 2018 +0100;1518906204
d7cab23e6d60de4d5d8d940d57b0b24e974bc77d;d7cab23e6d;-;-;Fri Feb 16 19:48:43 2018 +0100;1518806923;-;-;Fri Feb 16 20:49:17 2018 +0100;1518810557
c198138d4e697c66714349a6398db64e9277ed4b;c198138d4e;-;-;Fri Feb 16 14:35:15 2018 -0500;1518809715;-;-;Fri Feb 16 14:35:15 2018 -0500;1518809715
2b4250ec4427933b00286ebf8e0dbf4af7ca4747;2b4250ec44;-;-;Fri Feb 16 12:58:01 2018 -0500;1518803881;-;-;Fri Feb 16 12:58:01 2018 -0500;1518803881
9c679fccdfdec695da82528b4d0b4138b5b57308;9c679fccdf;-;-;Fri Feb 16 12:34:25 2018 -0500;1518802465;-;-;Fri Feb 16 12:34:25 2018 -0500;1518802465
ac495d7380e56b0160391a7764fb7e2f5eefb8c9;ac495d7380;-;-;Fri Feb 16 12:16:37 2018 -0500;1518801397;-;-;Fri Feb 16 12:17:23 2018 -0500;1518801443
c9d08bff4199adb42f138076cc91a3990c0515c4;c9d08bff41;-;-;Fri Feb 16 17:27:42 2018 +0100;1518798462;-;-;Fri Feb 16 17:27:42 2018 +0100;1518798462
6920a1f9588d3d381d4d530120733f24009536f5;6920a1f958;-;-;Fri Feb 16 11:10:50 2018 -0500;1518797450;-;-;Fri Feb 16 11:10:50 2018 -0500;1518797450
dcf5c646be66b9882335f1780313aa7775e46100;dcf5c646be;-;-;Fri Feb 16 09:05:11 2018 -0500;1518789911;-;-;Fri Feb 16 09:45:17 2018 -0500;1518792317
1513e7be635acff7c5520b93e79991a5bb86791d;1513e7be63;-;-;Fri Feb 16 14:25:13 2018 +0100;1518787513;-;-;Fri Feb 16 14:25:13 2018 +0100;1518787513
8d3264f680018ccbec6a40253b477283aa3a7e6e;8d3264f680;-;-;Fri Feb 16 10:23:18 2018 +0100;1518772998;-;-;Fri Feb 16 10:23:18 2018 +0100;1518772998
b35274f5a725181f1253426b442cb63b50c58fa6;b35274f5a7;-;-;Fri Feb 16 10:22:05 2018 +0100;1518772925;-;-;Fri Feb 16 10:22:05 2018 +0100;1518772925
d5b0df8c3f229f8725e5959e8182fec6e37726c5;d5b0df8c3f;-;-;Fri Feb 16 10:38:21 2018 +0300;1518766701;-;-;Fri Feb 16 09:38:19 2018 +0100;1518770299
2be4985b8fe190fae6d2397b21d1c0618de2b1c8;2be4985b8f;-;-;Fri Feb 16 10:02:33 2018 +0300;1518764553;-;-;Fri Feb 16 09:38:19 2018 +0100;1518770299
aa4bcedad37a9a084e96298f087fec4889c59cdc;aa4bcedad3;-;-;Thu Feb 15 23:25:52 2018 -0500;1518755152;-;-;Thu Feb 15 23:25:52 2018 -0500;1518755152
9801afb85d9cbbc76bd222e7e577460dd7806919;9801afb85d;-;-;Thu Feb 15 15:59:21 2018 -0500;1518728361;-;-;Thu Feb 15 15:59:21 2018 -0500;1518728361
4db0d999af9a6d5ca9ee09df1b8c08bcaf9cf5dd;4db0d999af;-;-;Thu Nov 2 15:03:26 2017 -0400;1509649406;-;-;Thu Feb 15 15:44:44 2018 -0500;1518727484
3d20db1e49bc286015f5e343587b6ac3b07de734;3d20db1e49;-;-;Thu Feb 15 09:10:31 2018 -0500;1518703831;-;-;Thu Feb 15 15:44:37 2018 -0500;1518727477
394c30efd0447e2bf701454d55ee4d66f652c463;394c30efd0;-;-;Thu Feb 15 11:08:05 2018 -0500;1518710885;-;-;Thu Feb 15 11:08:05 2018 -0500;1518710885
cd8a1bdb8bcf3fb903c7c88bdfd5c49c194f0c65;cd8a1bdb8b;-;-;Thu Feb 15 13:14:49 2018 +0100;1518696889;-;-;Thu Feb 15 13:14:49 2018 +0100;1518696889
067ad4c57a829ce2eadf480bb8e994a68d7f103f;067ad4c57a;-;-;Thu Feb 15 11:46:12 2018 +0100;1518691572;-;-;Thu Feb 15 11:46:30 2018 +0100;1518691590
52dfc4ebc4a0c60f8062b8f2f0b74a0f844de8c9;52dfc4ebc4;-;-;Wed Feb 14 21:18:55 2018 +0000;1518643135;-;-;Thu Feb 15 00:58:17 2018 +0100;1518652697
3367df8637983c1e5a2c17d1a2e6819e04ca7ad6;3367df8637;-;-;Wed Feb 14 17:32:24 2018 -0500;1518647544;-;-;Wed Feb 14 17:32:24 2018 -0500;1518647544
7baf33fea0aa55251c549ef36ad32abddab8fcd9;7baf33fea0;-;-;Wed Feb 14 21:19:57 2018 +0100;1518639597;-;-;Wed Feb 14 21:19:57 2018 +0100;1518639597
1aeae5d40ddf87deb6268d5d470b5c59cba3c176;1aeae5d40d;-;-;Wed Feb 14 12:23:52 2018 -0500;1518629032;-;-;Wed Feb 14 12:23:52 2018 -0500;1518629032
0ead0503ebb68461da8e0e3e2eefcbadfbf8bae8;0ead0503eb;-;-;Wed Feb 14 12:09:07 2018 -0500;1518628147;-;-;Wed Feb 14 12:15:01 2018 -0500;1518628501
6d7573262e604b5c8e58cd97309bd2486c478016;6d7573262e;-;-;Wed Feb 14 17:41:45 2018 +0100;1518626505;-;-;Wed Feb 14 17:41:45 2018 +0100;1518626505
de7ff556d994ca9ebc6a5bd12e3084d71cd97538;de7ff556d9;-;-;Wed Feb 14 17:41:08 2018 +0100;1518626468;-;-;Wed Feb 14 17:41:08 2018 +0100;1518626468
24adc7d3c6a27102696ebacd14bbc247a6acba8b;24adc7d3c6;-;-;Wed Feb 14 16:55:57 2018 +0100;1518623757;-;-;Wed Feb 14 16:55:57 2018 +0100;1518623757
95f7180298337ec9f140d4f6bb81ffd0e0e1dff2;95f7180298;-;-;Wed Feb 14 15:32:23 2018 +0100;1518618743;-;-;Wed Feb 14 15:32:23 2018 +0100;1518618743
3b810f3544ce9de0783336580c1d818bf43cd8a2;3b810f3544;-;-;Wed Feb 14 14:44:00 2018 +0100;1518615840;-;-;Wed Feb 14 14:44:00 2018 +0100;1518615840
46cbdff5c3c2ad896cb9747b26726211b8787484;46cbdff5c3;-;-;Wed Feb 14 14:41:16 2018 +0100;1518615676;-;-;Wed Feb 14 14:41:16 2018 +0100;1518615676
766e6028d7fa648ce83113d9ee6325b1ac90b50e;766e6028d7;-;-;Wed Feb 14 14:40:52 2018 +0100;1518615652;-;-;Wed Feb 14 14:40:52 2018 +0100;1518615652
7826567df6da67f8473013f9b67473b215cc7c92;7826567df6;-;-;Wed Feb 14 02:12:38 2018 +0300;1518563558;-;-;Wed Feb 14 01:22:01 2018 +0100;1518567721
99662bc702ee90a7ca34a84166ca50aaabff9646;99662bc702;-;-;Tue Feb 13 23:32:10 2018 +0100;1518561130;-;-;Tue Feb 13 23:32:10 2018 +0100;1518561130
45e520ed866dbf9fbd29fefc51eadf403959fa3b;45e520ed86;-;-;Wed Feb 14 00:03:54 2018 +0300;1518555834;-;-;Tue Feb 13 23:00:18 2018 +0100;1518559218
1908080d5c23d254eebac869435d3e569972e181;1908080d5c;-;-;Tue Feb 13 14:56:02 2018 -0500;1518551762;-;-;Tue Feb 13 14:58:10 2018 -0500;1518551890
8c37ad7ac5034faed74cb53fd37b9865adfd56a5;8c37ad7ac5;-;-;Tue Feb 13 13:44:08 2018 -0500;1518547448;-;-;Tue Feb 13 14:58:10 2018 -0500;1518551890
37609e4eded86b0dd01763e93b5cb38774cc3f8d;37609e4ede;-;-;Tue Feb 13 17:58:31 2018 +0100;1518541111;-;-;Tue Feb 13 17:58:31 2018 +0100;1518541111
6bbc5b0f267ac06d113492e88a86f5fd50ccf0cc;6bbc5b0f26;-;-;Tue Feb 13 17:31:36 2018 +0100;1518539496;-;-;Tue Feb 13 17:31:36 2018 +0100;1518539496
0c78c9c6f7f03b0583a86b5742fa8d7bff85344a;0c78c9c6f7;-;-;Tue Feb 13 15:25:42 2018 +0100;1518531942;-;-;Tue Feb 13 15:25:42 2018 +0100;1518531942
d3cee45f30c95d1c17acc101434f586400ca9bae;d3cee45f30;-;-;Tue Feb 13 13:15:29 2018 +0100;1518524129;-;-;Tue Feb 13 13:15:29 2018 +0100;1518524129
c11a963b1e5bf8dda3dc15037400c45f1b15644c;c11a963b1e;-;-;Tue Feb 13 13:04:48 2018 +0100;1518523488;-;-;Tue Feb 13 13:04:48 2018 +0100;1518523488
02fb5a41210691e5b3365448bc8bc7d0ee79db0e;02fb5a4121;-;-;Tue Feb 13 12:56:36 2018 +0100;1518522996;-;-;Tue Feb 13 12:56:36 2018 +0100;1518522996
c9aede3727504c02c48cd0741984cd0e9931358a;c9aede3727;-;-;Tue Feb 13 12:44:34 2018 +0100;1518522274;-;-;Tue Feb 13 12:44:34 2018 +0100;1518522274
659f13be1c98265d4317b53c7c0827d0aee85be1;659f13be1c;-;-;Tue Feb 13 14:04:49 2018 +0300;1518519889;-;-;Tue Feb 13 12:31:49 2018 +0100;1518521509
b449928691553ba791adf20850e9179730b4b3a2;b449928691;-;-;Tue Feb 13 11:40:28 2018 +0100;1518518428;-;-;Tue Feb 13 11:40:28 2018 +0100;1518518428
0585fb3999990114f3a3c4330bba632bd247232d;0585fb3999;-;-;Mon Feb 12 22:04:53 2018 -0500;1518491093;-;-;Mon Feb 12 22:04:53 2018 -0500;1518491093
4ee09c89b5e1bf891f57e6f0b46382c28b487f2b;4ee09c89b5;-;-;Mon Feb 12 21:30:26 2018 -0500;1518489026;-;-;Mon Feb 12 21:30:26 2018 -0500;1518489026
3c631f8ea063262c6b496d7bc2732fcb6a8cb957;3c631f8ea0;-;-;Tue Feb 13 00:04:55 2018 +0100;1518476695;-;-;Tue Feb 13 00:04:55 2018 +0100;1518476695
a5a069c5b169e695cc66308741ce13b7f540cb30;a5a069c5b1;-;-;Tue Feb 13 00:02:43 2018 +0100;1518476563;-;-;Tue Feb 13 00:02:43 2018 +0100;1518476563
73095955bfd37af2e76e2066fe6f5772a01e16ff;73095955bf;-;-;Mon Feb 12 15:56:04 2018 -0500;1518468964;-;-;Mon Feb 12 15:56:04 2018 -0500;1518468964
b089ded5b04d9565401671d46f8264ae051c9548;b089ded5b0;-;-;Mon Feb 12 15:55:18 2018 +0100;1518447318;-;-;Mon Feb 12 15:55:18 2018 +0100;1518447318
d5cabca2f7495583b8731e8cdf41b5b9501ac210;d5cabca2f7;-;-;Mon Feb 12 15:55:09 2018 +0100;1518447309;-;-;Mon Feb 12 15:55:09 2018 +0100;1518447309
e7076ad35c2638e23b860066e99bc702c20f038f;e7076ad35c;-;-;Mon Feb 12 08:12:55 2018 +0100;1518419575;-;-;Mon Feb 12 08:12:55 2018 +0100;1518419575
8c623c8a429afe83d3d6fed008eec0a9a45d29e2;8c623c8a42;-;-;Mon Feb 12 01:20:10 2018 +0900;1518366010;-;-;Sun Feb 11 22:36:50 2018 +0100;1518385010
711b0f50f2c29dfac7337a8ed3d269e0c2747bd6;711b0f50f2;-;-;Sun Feb 11 13:26:20 2018 +0300;1518344780;-;-;Sun Feb 11 21:15:46 2018 +0100;1518380146
3cbb2b76163047b062130f52ebc02f24c019bfe2;3cbb2b7616;-;-;Sat Feb 10 21:57:59 2018 +0100;1518296279;-;-;Sat Feb 10 21:57:59 2018 +0100;1518296279
d00e1c5e4fbf0c9affa1fa8314be172e4666e5a9;d00e1c5e4f;-;-;Sat Feb 10 21:35:46 2018 +0100;1518294946;-;-;Sat Feb 10 21:35:46 2018 +0100;1518294946
b5bd977d9a4dd1f21ca2d1db6626fd5dbb68ad24;b5bd977d9a;-;-;Sat Feb 10 18:17:40 2018 +0100;1518283060;-;-;Sat Feb 10 18:17:40 2018 +0100;1518283060
91965500cbc7f683c9943cb10cdb0c312ff96758;91965500cb;-;-;Sat Feb 10 17:48:58 2018 +0100;1518281338;-;-;Sat Feb 10 17:48:58 2018 +0100;1518281338
55ee25065976780b58cbce8078a976851f1dbbaf;55ee250659;-;-;Sat Feb 10 17:41:30 2018 +0100;1518280890;-;-;Sat Feb 10 17:41:30 2018 +0100;1518280890
0ee505b73e1fe04eb826cb43a5827bef34acc105;0ee505b73e;-;-;Sat Feb 10 15:41:55 2018 +0300;1518266515;-;-;Sat Feb 10 17:17:28 2018 +0100;1518279448
39201adca461f374f1ee4328c75354f559fb301e;39201adca4;-;-;Sat Feb 10 13:03:33 2018 +0100;1518264213;-;-;Sat Feb 10 13:03:33 2018 +0100;1518264213
6ea0af3540f21e13d73f1321fd7975df425da8d9;6ea0af3540;-;-;Sat Feb 10 02:43:13 2018 +0300;1518219793;-;-;Sat Feb 10 12:09:46 2018 +0100;1518260986
d3a1d44864af78601d2592c0695138501bb07b8f;d3a1d44864;-;-;Sat Feb 10 02:20:19 2018 +0300;1518218419;-;-;Sat Feb 10 12:09:33 2018 +0100;1518260973
9a6fbf59c5fba6b44da7c946aa644c3a71aec21c;9a6fbf59c5;-;-;Sat Feb 10 02:07:15 2018 +0300;1518217635;-;-;Sat Feb 10 12:09:19 2018 +0100;1518260959
9bb7fcd9971b7785622dfee359fcdf14873ffb92;9bb7fcd997;-;-;Fri Feb 9 18:42:56 2018 +0100;1518198176;-;-;Fri Feb 9 18:42:56 2018 +0100;1518198176
e873b18f4354a5f7bd60f92c784f0157da541fd3;e873b18f43;-;-;Fri Feb 9 15:29:00 2018 +0100;1518186540;-;-;Fri Feb 9 15:29:00 2018 +0100;1518186540
a639535f33ffb009ec0477fac86cac5116c63371;a639535f33;-;-;Fri Feb 9 13:33:16 2018 +0100;1518179596;-;-;Fri Feb 9 13:33:16 2018 +0100;1518179596
c8b860c4b84fa64743ac28544151a37ab1c6b679;c8b860c4b8;-;-;Fri Feb 9 13:31:31 2018 +0100;1518179491;-;-;Fri Feb 9 13:31:31 2018 +0100;1518179491
fc93f99f539afb812a839e48ef9160b92da913b6;fc93f99f53;-;-;Fri Feb 9 13:30:31 2018 +0100;1518179431;-;-;Fri Feb 9 13:30:31 2018 +0100;1518179431
8222698eb2326f4e8db98d372e3572fcf83ce274;8222698eb2;-;-;Fri Feb 9 10:18:33 2018 +0100;1518167913;-;-;Fri Feb 9 10:18:33 2018 +0100;1518167913
991eb4858e48535c04fe2cc42ed7778fdb2ed965;991eb4858e;-;-;Fri Feb 9 10:16:58 2018 +0100;1518167818;-;-;Fri Feb 9 10:16:58 2018 +0100;1518167818
0d757bf3f7a45a0296dbcac60d32cb35a1e80236;0d757bf3f7;-;-;Fri Feb 9 10:13:22 2018 +0100;1518167602;-;-;Fri Feb 9 10:13:22 2018 +0100;1518167602
909cacec42cdafe792937be1c04867f53e8fb6ad;909cacec42;-;-;Fri Feb 9 10:12:06 2018 +0100;1518167526;-;-;Fri Feb 9 10:12:06 2018 +0100;1518167526
7da40abba5a9c84123e28dd06c10e8d8dff1b862;7da40abba5;-;-;Fri Feb 9 10:11:16 2018 +0100;1518167476;-;-;Fri Feb 9 10:11:16 2018 +0100;1518167476
fb61af1882a3bb3ce1dcca7f1194c7162a2c3048;fb61af1882;-;-;Thu Feb 8 10:11:53 2018 +0100;1518081113;-;-;Thu Feb 8 10:11:53 2018 +0100;1518081113
4318710b9b9af717a76093a62e748832d944fda4;4318710b9b;-;-;Wed Feb 7 14:14:22 2018 +0100;1518009262;-;-;Wed Feb 7 14:14:22 2018 +0100;1518009262
285b01fc795a8c90561900eb655b5fc9067ea172;285b01fc79;-;-;Wed Feb 7 14:14:11 2018 +0100;1518009251;-;-;Wed Feb 7 14:14:11 2018 +0100;1518009251
ac7a6993567fcd2c2935f73129b3936409eebf60;ac7a699356;-;-;Wed Feb 7 14:10:39 2018 +0100;1518009039;-;-;Wed Feb 7 14:10:39 2018 +0100;1518009039
5c0ddf3c698881b60a192feb035441b3ad55b0bb;5c0ddf3c69;-;-;Wed Feb 7 18:59:11 2018 +0900;1517997551;-;-;Wed Feb 7 10:59:10 2018 +0100;1517997550
1b98d09855477df1d05a498e2749546fe0c1908d;1b98d09855;-;-;Tue Feb 6 15:43:05 2018 -0500;1517949785;-;-;Tue Feb 6 15:43:05 2018 -0500;1517949785
9551b3a9bb2b4e95c770e18da43ab2f1b21e1d5d;9551b3a9bb;-;-;Tue Feb 6 12:16:31 2018 -0500;1517937391;-;-;Tue Feb 6 12:16:31 2018 -0500;1517937391
efdfe9ad8d8c1ee1dc0cc82dd8070a9cc099a7bb;efdfe9ad8d;-;-;Tue Feb 6 11:23:53 2018 -0500;1517934233;-;-;Tue Feb 6 11:23:53 2018 -0500;1517934233
1653a32a04fa68832fb7c1c991d99e9bf9ced229;1653a32a04;-;-;Tue Feb 6 11:01:19 2018 -0500;1517932879;-;-;Tue Feb 6 11:01:19 2018 -0500;1517932879
41a4bdea55dd3cdbbb7e73374017b4a2bfa7fb36;41a4bdea55;-;-;Mon Feb 5 22:51:59 2018 +0100;1517867519;-;-;Mon Feb 5 22:51:59 2018 +0100;1517867519
5c813a366b97f5c4125d5443de0cea9eeb6b7d47;5c813a366b;-;-;Mon Feb 5 22:51:51 2018 +0100;1517867511;-;-;Mon Feb 5 22:51:51 2018 +0100;1517867511
0ac117ff270ae9b95f6fc00cf01e8145ec7bb7a4;0ac117ff27;-;-;Mon Feb 5 22:51:43 2018 +0100;1517867503;-;-;Mon Feb 5 22:51:43 2018 +0100;1517867503
817a8369605766b44ecd829f29dd393d602cc026;817a836960;-;-;Mon Feb 5 22:51:33 2018 +0100;1517867493;-;-;Mon Feb 5 22:51:33 2018 +0100;1517867493
31b25b5808ce7a1da45607c73f1a079bc1078fb2;31b25b5808;-;-;Mon Feb 5 18:00:41 2018 +0100;1517850041;-;-;Mon Feb 5 18:00:41 2018 +0100;1517850041
196f3f8cc1aae9f3df06e9d961c62185e8730bfb;196f3f8cc1;-;-;Fri Feb 2 12:53:43 2018 +0100;1517572423;-;-;Mon Feb 5 16:08:22 2018 +0100;1517843302
fdde9de005f67239ae549e1d5dae53c9755dc3b6;fdde9de005;-;-;Sun Feb 4 11:41:10 2018 +0100;1517740870;-;-;Sun Feb 4 11:41:10 2018 +0100;1517740870
f20eacdb9be2a9504bba09812e7ee5c9b788f7a9;f20eacdb9b;-;-;Fri Feb 2 15:06:59 2018 -0500;1517602019;-;-;Fri Feb 2 15:06:59 2018 -0500;1517602019
0cd427bdd35e668dda6332ae2885d94c222d9c49;0cd427bdd3;-;-;Thu Feb 1 13:23:43 2018 -0600;1517513023;-;-;Fri Feb 2 15:00:47 2018 -0500;1517601647
609f173ebc7c14afa2cb2fb27a6446e06ec510d5;609f173ebc;-;-;Thu Feb 1 11:57:44 2018 +0100;1517482664;-;-;Fri Feb 2 15:59:21 2018 +0100;1517583561
cfe7ff1c819b3b6d624ca524b489faab099ba2dd;cfe7ff1c81;-;-;Fri Feb 2 13:44:07 2018 +0100;1517575447;-;-;Fri Feb 2 13:44:07 2018 +0100;1517575447
4dc964544ff98fbe1a9bb53864bc5f1525107655;4dc964544f;-;-;Fri Feb 2 12:41:59 2018 +0100;1517571719;-;-;Fri Feb 2 12:41:59 2018 +0100;1517571719
c5a33d62dd475626ddd0dab3132be20878995cea;c5a33d62dd;-;-;Fri Feb 2 12:41:43 2018 +0100;1517571703;-;-;Fri Feb 2 12:41:43 2018 +0100;1517571703
30f6e447d5abcb44aa88cd11619fbe3524ea1c5c;30f6e447d5;-;-;Fri Feb 2 11:34:36 2018 +0100;1517567676;-;-;Fri Feb 2 11:34:36 2018 +0100;1517567676
b3e21ec737938ea3a412d9027c9f6d6c0c780ba7;b3e21ec737;-;-;Fri Feb 2 11:34:22 2018 +0100;1517567662;-;-;Fri Feb 2 11:34:22 2018 +0100;1517567662
7f96827ade8f2bb0f86dd8abf339a85ca30f4e05;7f96827ade;-;-;Fri Feb 2 11:34:03 2018 +0100;1517567643;-;-;Fri Feb 2 11:34:03 2018 +0100;1517567643
4a1cc9ced789a73e34b153f5eff76267bfdf1f87;4a1cc9ced7;-;-;Fri Feb 2 11:33:56 2018 +0100;1517567636;-;-;Fri Feb 2 11:33:56 2018 +0100;1517567636
9c069f6cb1a58ea0861200e2a70fda6dde0ce70a;9c069f6cb1;-;-;Fri Feb 2 11:33:39 2018 +0100;1517567619;-;-;Fri Feb 2 11:33:39 2018 +0100;1517567619
b6ecfcf9ecf263e9226493e26abbe632f3b838f6;b6ecfcf9ec;-;-;Fri Feb 2 11:33:10 2018 +0100;1517567590;-;-;Fri Feb 2 11:33:10 2018 +0100;1517567590
10caaefd0bb114f1dff1e679014f89bbc22c3bfe;10caaefd0b;-;-;Thu Feb 1 09:15:37 2018 +0100;1517472937;-;-;Thu Feb 1 09:15:37 2018 +0100;1517472937
f0dd31a63936772b56f7eb389a18d8c8fe608a28;f0dd31a639;-;-;Thu Feb 1 08:44:57 2018 +0100;1517471097;-;-;Thu Feb 1 08:44:57 2018 +0100;1517471097
0ded23945357abb04bc3cc5be24913e2ec3c20f4;0ded239453;-;-;Wed Jan 31 23:03:10 2018 -0500;1517457790;-;-;Wed Jan 31 23:03:10 2018 -0500;1517457790
d9a93f44ae876c9d82c085ec5258ca7fcbd137af;d9a93f44ae;-;-;Wed Jan 31 12:02:27 2018 -0500;1517418147;-;-;Wed Jan 31 20:39:34 2018 -0500;1517449174
b6c78452b2794432a93aa0392f6964d59708cfb9;b6c78452b2;-;-;Wed Jan 31 17:24:35 2018 +0100;1517415875;-;-;Wed Jan 31 17:57:41 2018 +0100;1517417861
b77032c36eedfd2cc9952f3042ca361b335f5b82;b77032c36e;-;-;Wed Jan 31 11:03:37 2018 -0500;1517414617;-;-;Wed Jan 31 11:03:37 2018 -0500;1517414617
b2681e1f4af623a782dab82ed5eef881316bb366;b2681e1f4a;-;-;Wed Jan 31 10:37:02 2018 +0100;1517391422;-;-;Wed Jan 31 10:38:08 2018 +0100;1517391488
c7f60d17998c7791f1acd4d31a92b2f5bb3f6bff;c7f60d1799;-;-;Tue Jan 30 22:35:42 2018 +0100;1517348142;-;-;Tue Jan 30 22:35:42 2018 +0100;1517348142
6d909b013e17e18da13f00213254a784c19408e4;6d909b013e;-;-;Tue Jan 30 16:15:04 2018 -0500;1517346904;-;-;Tue Jan 30 16:19:08 2018 -0500;1517347148
cd57335e46bb91accb82f64eaa122ec78184075a;cd57335e46;-;-;Tue Jan 30 21:31:04 2018 +0100;1517344264;-;-;Tue Jan 30 21:31:04 2018 +0100;1517344264
d02e4fb545f71ea1d101fdf534b3b4d6e9d86ef8;d02e4fb545;-;-;Tue Jan 30 15:18:41 2018 +0100;1517321921;-;-;Tue Jan 30 17:00:32 2018 +0100;1517328032
857a5b03b76cb44e1873abc449a14fb8f5055ac5;857a5b03b7;-;-;Tue Jan 30 16:55:09 2018 +0100;1517327709;-;-;Tue Jan 30 16:55:09 2018 +0100;1517327709
f4de8615aa300f1fbb082b7880236e3fb460d4f8;f4de8615aa;-;-;Tue Jan 30 10:21:59 2018 -0500;1517325719;-;-;Tue Jan 30 10:23:02 2018 -0500;1517325782
637e09f9954fd0324a4bfddbc5702d65e6b48315;637e09f995;-;-;Tue Jan 30 16:00:30 2018 +0100;1517324430;-;-;Tue Jan 30 16:00:30 2018 +0100;1517324430
ef2e16912daf0e4ca2ed00c0de32ea3b84991b32;ef2e16912d;-;-;Tue Jan 30 15:54:47 2018 +0100;1517324087;-;-;Tue Jan 30 15:54:47 2018 +0100;1517324087
89d2bd954ab99cc4ad93ccb15f632693675ef712;89d2bd954a;-;-;Tue Jan 30 15:53:58 2018 +0100;1517324038;-;-;Tue Jan 30 15:53:58 2018 +0100;1517324038
4f28c28287d9715bf1a7a9693a809b099003ae88;4f28c28287;-;-;Mon Jan 29 21:53:22 2018 -0500;1517280802;-;-;Mon Jan 29 21:53:22 2018 -0500;1517280802
5ff724968dc8856685d2a6ea7da334bc73b39cd8;5ff724968d;-;-;Mon Jan 29 21:28:48 2018 -0500;1517279328;-;-;Mon Jan 29 21:28:48 2018 -0500;1517279328
49eec6248df8c5634c2f4112894ae84c7525273a;49eec6248d;-;-;Mon Jan 29 15:57:34 2018 -0500;1517259454;-;-;Mon Jan 29 16:43:51 2018 -0500;1517262231
e76973c5f064b6f870d878fe77b854c38e8418c6;e76973c5f0;-;-;Mon Jan 29 15:47:42 2018 -0500;1517258862;-;-;Mon Jan 29 16:43:51 2018 -0500;1517262231
8d42888476e892dfa1b099684c9a381bbd26f916;8d42888476;-;-;Mon Jan 29 21:31:27 2018 +0100;1517257887;-;-;Mon Jan 29 21:31:27 2018 +0100;1517257887
7772b914c694b5b16d6e9c9f56acf7b03b47f9d4;7772b914c6;-;-;Mon Jan 29 21:13:59 2018 +0100;1517256839;-;-;Mon Jan 29 21:13:59 2018 +0100;1517256839
32f6ccece8ba348381b4dcee8e332a89e9e42b29;32f6ccece8;-;-;Mon Jan 29 11:53:27 2018 +0100;1517223207;-;-;Mon Jan 29 18:56:25 2018 +0100;1517248585
e1fa65a37c36a9d81ee6f2f4eeb5e51ae1145a49;e1fa65a37c;-;-;Mon Jan 29 18:40:18 2018 +0100;1517247618;-;-;Mon Jan 29 18:40:18 2018 +0100;1517247618
4e194c3fbe472261051811fee1c3a4389c782aef;4e194c3fbe;-;-;Mon Jan 29 18:40:08 2018 +0100;1517247608;-;-;Mon Jan 29 18:40:08 2018 +0100;1517247608
c718ddf7b08d5eea13b2a7b8d9160de66fd9ceca;c718ddf7b0;-;-;Mon Jan 29 09:26:23 2018 -0500;1517235983;-;-;Mon Jan 29 09:26:23 2018 -0500;1517235983
0762131d88ec386a3e6ea83e4f66f5215e04057c;0762131d88;-;-;Mon Jan 29 09:25:46 2018 -0500;1517235946;-;-;Mon Jan 29 09:25:46 2018 -0500;1517235946
00b95b10a8c93f1bbe6f9b3a873c04e56f1a9ebe;00b95b10a8;-;-;Fri Jan 26 10:48:53 2018 -0500;1516981733;-;-;Fri Jan 26 22:14:14 2018 -0500;1517022854
fbde97f30258f90a08375dbe6a949ef4f3a172db;fbde97f302;-;-;Fri Jan 26 17:06:01 2018 -0500;1517004361;-;-;Fri Jan 26 17:06:01 2018 -0500;1517004361
b612f53e274cf89db6ccab4eb26fad28021a6263;b612f53e27;-;-;Fri Jan 26 17:24:54 2018 +0100;1516983894;-;-;Fri Jan 26 17:24:54 2018 +0100;1516983894
0e734d83d5c6351aa17c42922a0a667bb838552b;0e734d83d5;-;-;Fri Jan 26 10:38:43 2018 +0100;1516959523;-;-;Fri Jan 26 10:38:43 2018 +0100;1516959523
37ab8a700bd790ed9428a0c707ded7766f674772;37ab8a700b;-;-;Fri Jan 26 10:35:37 2018 +0100;1516959337;-;-;Fri Jan 26 10:35:37 2018 +0100;1516959337
e49198d49fa235186f10817dd93bbee53950ddb4;e49198d49f;-;-;Thu Jan 25 22:12:29 2018 +0100;1516914749;-;-;Thu Jan 25 22:12:29 2018 +0100;1516914749
13c735442cc126ba2cc2c8b7518f6246afffc6b3;13c735442c;-;-;Thu Jan 25 19:11:18 2018 +0100;1516903878;-;-;Thu Jan 25 19:11:18 2018 +0100;1516903878
ef3f93e84aa75ae5c70aff0c4a42dc6e3bd55498;ef3f93e84a;-;-;Thu Jan 25 19:10:31 2018 +0100;1516903831;-;-;Thu Jan 25 19:10:31 2018 +0100;1516903831
c6b0d85a7c1fa28ce46bcc7c87ab6c0afaeb276f;c6b0d85a7c;-;-;Thu Jan 25 19:06:20 2018 +0100;1516903580;-;-;Thu Jan 25 19:06:20 2018 +0100;1516903580
a0c9fdba12f85bda71fbb7fe0562828379a41e77;a0c9fdba12;-;-;Thu Jan 25 21:16:05 2018 +0530;1516895165;-;-;Thu Jan 25 18:02:59 2018 +0100;1516899779
165ca12e6d6f7f305417fbce35e466f567821fb1;165ca12e6d;-;-;Thu Jan 25 15:50:19 2018 +0100;1516891819;-;-;Thu Jan 25 15:50:19 2018 +0100;1516891819
431494096a372e5a80f655f7cdfce96172d0d97d;431494096a;-;-;Thu Jan 25 15:49:06 2018 +0100;1516891746;-;-;Thu Jan 25 15:49:06 2018 +0100;1516891746
cf100d4d039e78d4e6c2d3683d8ec51759af4ec5;cf100d4d03;-;-;Thu Jan 25 12:24:46 2018 +0100;1516879486;-;-;Thu Jan 25 12:24:46 2018 +0100;1516879486
8e2be91353ae64e4cbfadc427a058595f504fb1f;8e2be91353;-;-;Thu Jan 25 12:24:40 2018 +0100;1516879480;-;-;Thu Jan 25 12:24:40 2018 +0100;1516879480
9ef0465c34992da6ebb5394e3e9fc2013fd2d91d;9ef0465c34;-;-;Thu Jan 25 12:24:17 2018 +0100;1516879457;-;-;Thu Jan 25 12:24:17 2018 +0100;1516879457
b948e7cf7571d979b8d626f8acc3bf7182aa4a93;b948e7cf75;-;-;Wed Jan 24 19:58:14 2018 -0500;1516841894;-;-;Wed Jan 24 19:58:14 2018 -0500;1516841894
84cc7ffdf6330ed4e437bb67fa2708c9ffa3b340;84cc7ffdf6;-;-;Wed Jan 24 19:55:46 2018 -0500;1516841746;-;-;Wed Jan 24 19:55:46 2018 -0500;1516841746
5d25ca29a6426160cb624dda56583f8313210127;5d25ca29a6;-;-;Wed Jan 24 17:39:15 2018 -0500;1516833555;-;-;Wed Jan 24 17:39:15 2018 -0500;1516833555
cf812ba8313f905f42752342fc9a64b177bc87dc;cf812ba831;-;-;Wed Jan 24 17:28:06 2018 -0500;1516832886;-;-;Wed Jan 24 17:28:20 2018 -0500;1516832900
0e6f8df0a8ad0aed9046884cb06313ba7165feae;0e6f8df0a8;-;-;Wed Jan 24 22:13:40 2018 +0100;1516828420;-;-;Wed Jan 24 22:13:40 2018 +0100;1516828420
6db1b692b8f87d09dd89b4e8a3b0f537613c7cd8;6db1b692b8;-;-;Wed Jan 24 09:19:15 2018 +0100;1516781955;-;-;Wed Jan 24 09:19:15 2018 +0100;1516781955
1af052433cdf87e00a558d7cf5c76828476b421e;1af052433c;-;-;Tue Jan 23 18:02:25 2018 +0100;1516726945;-;-;Tue Jan 23 18:05:05 2018 +0100;1516727105
97894a1c221572e5351a23caed2fde213d045db9;97894a1c22;-;-;Tue Jan 23 10:42:41 2018 -0500;1516722161;-;-;Tue Jan 23 10:42:41 2018 -0500;1516722161
14fa2b18ce356abe26794a8208cc4b1c1e5e7d9b;14fa2b18ce;-;-;Tue Jan 23 09:42:34 2018 +0000;1516700554;-;-;Tue Jan 23 09:42:34 2018 +0000;1516700554
4b861aeae60952bb94e486e7d97e723eca048f0c;4b861aeae6;-;-;Mon Jan 22 22:42:59 2018 -0500;1516678979;-;-;Mon Jan 22 22:42:59 2018 -0500;1516678979
aee8a9c97b263db3fd8d495bdaacb03af46eaec2;aee8a9c97b;-;-;Mon Jan 22 19:57:38 2018 -0500;1516669058;-;-;Mon Jan 22 19:57:38 2018 -0500;1516669058
91e6274b7d0fd13ce94e793f514841f12478f67f;91e6274b7d;-;-;Mon Jan 22 22:11:00 2018 +0100;1516655460;-;-;Mon Jan 22 22:11:00 2018 +0100;1516655460
61579ffe7b8dc60c69224b71073da4255012311b;61579ffe7b;-;-;Mon Jan 22 21:34:44 2018 +0100;1516653284;-;-;Mon Jan 22 21:34:44 2018 +0100;1516653284
b47491695e7f5ad1d047c7156dd362c4f529630d;b47491695e;-;-;Mon Jan 22 17:07:38 2018 +0100;1516637258;-;-;Mon Jan 22 17:08:08 2018 +0100;1516637288
9d0e62ef68f3ed465b31d035c2588cf3942a8b2f;9d0e62ef68;-;-;Mon Jan 22 11:43:21 2018 +0100;1516617801;-;-;Mon Jan 22 11:43:21 2018 +0100;1516617801
3dd6c19c6db60809a3736f3d932aa429c4d2b03c;3dd6c19c6d;-;-;Mon Jan 22 11:43:06 2018 +0100;1516617786;-;-;Mon Jan 22 11:43:06 2018 +0100;1516617786
0befc60c8fe4896e9c918cfc474ef83e3de0669d;0befc60c8f;-;-;Mon Jan 22 10:50:13 2018 +0100;1516614613;-;-;Mon Jan 22 10:51:07 2018 +0100;1516614667
3f3141cddaf878d635318750b49f54147012a137;3f3141cdda;-;-;Mon Jan 22 10:29:21 2018 +0100;1516613361;-;-;Mon Jan 22 10:29:21 2018 +0100;1516613361
646fcc5c2faf3df5905f7b1b5a62b4abd97a5d34;646fcc5c2f;-;-;Sat Jan 20 15:16:52 2018 +0100;1516457812;-;-;Sat Jan 20 15:18:20 2018 +0100;1516457900
b2ce98e881d687dbddbf3fdf416aa509d61fa1dc;b2ce98e881;-;-;Sat Jan 20 14:29:56 2018 +0100;1516454996;-;-;Sat Jan 20 14:29:56 2018 +0100;1516454996
395c9bd723eb89534d62e21d665541bea318576a;395c9bd723;-;-;Sat Jan 20 14:29:40 2018 +0100;1516454980;-;-;Sat Jan 20 14:29:40 2018 +0100;1516454980
142f1ab42f062916df88d3b852a20e8e73b0cf9f;142f1ab42f;-;-;Sat Jan 20 11:23:28 2018 +0100;1516443808;-;-;Sat Jan 20 14:11:15 2018 +0100;1516453875
0ca4cd1cf8f7e753094e4c3246e35259b71e7bcc;0ca4cd1cf8;-;-;Sat Jan 20 10:15:53 2018 +0100;1516439753;-;-;Sat Jan 20 10:15:53 2018 +0100;1516439753
283811b16b3b568230ace382f9d16c1c6b662b7a;283811b16b;-;-;Fri Jan 19 22:12:53 2018 -0500;1516417973;-;-;Fri Jan 19 22:12:53 2018 -0500;1516417973
aea6bb635720fef98659162c447ce27679714d67;aea6bb6357;-;-;Fri Jan 19 21:51:31 2018 -0500;1516416691;-;-;Fri Jan 19 21:51:31 2018 -0500;1516416691
0fb31c5e3610b897c09dbc23fe0240cc50a4f87e;0fb31c5e36;-;-;Fri Jan 19 15:32:38 2018 -0500;1516393958;-;-;Fri Jan 19 21:02:43 2018 -0500;1516413763
17f9b612492df0c2fd654e6c0ddb27596d541ead;17f9b61249;-;-;Fri Jan 19 10:09:17 2018 -0500;1516374557;-;-;Fri Jan 19 21:02:43 2018 -0500;1516413763
afd248da8a14bdc2aa6ef7569d3a34f8caa64882;afd248da8a;-;-;Fri Jan 19 20:55:22 2018 -0500;1516413322;-;-;Fri Jan 19 20:55:22 2018 -0500;1516413322
572c6687262aa1fb2e15e9ed6b74f1e688c170c2;572c668726;-;-;Fri Jan 19 21:30:37 2018 +0100;1516393837;-;-;Fri Jan 19 21:30:37 2018 +0100;1516393837
5520e730f11e26c42e83eef2089690112e5b7417;5520e730f1;-;-;Fri Jan 19 17:37:40 2018 +0100;1516379860;-;-;Fri Jan 19 17:38:14 2018 +0100;1516379894
09f1f727a71326cec68638e80d232cc70278706a;09f1f727a7;-;-;Fri Jan 19 10:39:38 2018 -0500;1516376378;-;-;Fri Jan 19 10:41:08 2018 -0500;1516376468
40127bd9adde6f44963c47edd3ed57c623980c26;40127bd9ad;-;-;Fri Jan 19 12:30:10 2018 +0100;1516361410;-;-;Fri Jan 19 12:30:10 2018 +0100;1516361410
4c7414833beacab66957c12df52bffe58df60709;4c7414833b;-;-;Fri Jan 19 12:30:03 2018 +0100;1516361403;-;-;Fri Jan 19 12:30:03 2018 +0100;1516361403
357fb48d1373ade92814cc46a95db89c7902ce91;357fb48d13;-;-;Thu Jan 18 13:09:40 2018 -0500;1516298980;-;-;Thu Jan 18 13:09:40 2018 -0500;1516298980
513461d4f1d324b69697c88054a6cb3979f6431f;513461d4f1;-;-;Thu Jan 18 13:04:43 2018 -0500;1516298683;-;-;Thu Jan 18 13:04:43 2018 -0500;1516298683
c53c8bfc5a7ff963e1762edfcbb6425fc5088035;c53c8bfc5a;-;-;Thu Jan 18 11:26:16 2018 +0100;1516271176;-;-;Thu Jan 18 11:34:38 2018 +0100;1516271678
c211e3998b619d72752ffc2d8db89ebf62e5bd51;c211e3998b;-;-;Thu Jan 18 11:13:14 2018 +0100;1516270394;-;-;Thu Jan 18 11:34:38 2018 +0100;1516271678
61d330f805910deceeffae069b73792c70ee8ca0;61d330f805;-;-;Thu Jan 18 11:10:58 2018 +0100;1516270258;-;-;Thu Jan 18 11:34:38 2018 +0100;1516271678
ea5f8f5a7c2ad8053e8cf38fbc3d326abc1d3958;ea5f8f5a7c;-;-;Wed Jan 17 20:24:57 2018 +0100;1516217097;-;-;Wed Jan 17 20:24:57 2018 +0100;1516217097
0c289283ff4fab171b527b7f195639e7a950f470;0c289283ff;-;-;Wed Jan 17 12:55:52 2018 -0500;1516211752;-;-;Wed Jan 17 13:01:40 2018 -0500;1516212100
7ab4d0ca08836f65b407ab762606d3fa5944c813;7ab4d0ca08;-;-;Wed Jan 17 10:53:17 2018 -0500;1516204397;-;-;Wed Jan 17 13:01:40 2018 -0500;1516212100
214576673af42928b0f8271e5b12e36094213ed0;214576673a;-;-;Wed Jan 17 18:29:05 2018 +0100;1516210145;-;-;Wed Jan 17 18:29:05 2018 +0100;1516210145
32b427992962f848820b6af998268caeff6e7e2f;32b4279929;-;-;Wed Jan 17 18:28:26 2018 +0100;1516210106;-;-;Wed Jan 17 18:28:26 2018 +0100;1516210106
817254f2ebc0f7e217b36c7cca6fbaf94a64355d;817254f2eb;-;-;Wed Jan 17 18:07:04 2018 +0100;1516208824;-;-;Wed Jan 17 18:07:04 2018 +0100;1516208824
dfe4e01f51b50c258bcb9e7d6962ae88222b9ec7;dfe4e01f51;-;-;Wed Jan 17 18:06:04 2018 +0100;1516208764;-;-;Wed Jan 17 18:06:04 2018 +0100;1516208764
12baafd4f0fb3e623e0d2b5635b824114258f435;12baafd4f0;-;-;Tue Jan 16 23:22:07 2018 -0500;1516162927;-;-;Tue Jan 16 23:23:26 2018 -0500;1516163006
1148b61dfa6e5572b2badda14d7238be0c1b34c7;1148b61dfa;-;-;Tue Jan 16 22:56:22 2018 -0500;1516161382;-;-;Tue Jan 16 23:23:09 2018 -0500;1516162989
bb7152d6e7e4050db2230198a4d0c0350e505833;bb7152d6e7;-;-;Tue Jan 16 22:53:40 2018 -0500;1516161220;-;-;Tue Jan 16 22:53:40 2018 -0500;1516161220
61fc32155464f597eec0f1eefd9cdcb5c45f81c3;61fc321554;-;-;Tue Jan 16 22:10:04 2018 -0500;1516158604;-;-;Tue Jan 16 22:10:04 2018 -0500;1516158604
4f2e54fc2dfe6d30336f6b2390cc563ee9bc5343;4f2e54fc2d;-;-;Tue Jan 16 16:53:19 2018 -0500;1516139599;-;-;Tue Jan 16 16:53:19 2018 -0500;1516139599
b97fa4a5ee2f8ec76e1240935198e14388997b2b;b97fa4a5ee;-;-;Tue Jan 16 11:31:22 2018 -0500;1516120282;-;-;Tue Jan 16 11:33:27 2018 -0500;1516120407
65a167f7fd902b587fba49116203bd8836920a15;65a167f7fd;-;-;Tue Jan 16 14:39:31 2018 +0100;1516109971;-;-;Tue Jan 16 14:39:31 2018 +0100;1516109971
0270808b3c02b97d68f703a1ba01016b315fbe22;0270808b3c;-;-;Tue Jan 16 14:39:14 2018 +0100;1516109954;-;-;Tue Jan 16 14:39:14 2018 +0100;1516109954
823a16ce17c2953c85485aec5e2b5955b130c503;823a16ce17;-;-;Tue Jan 16 13:00:13 2018 +0100;1516104013;-;-;Tue Jan 16 14:20:49 2018 +0100;1516108849
7b4ec72378cb06c9e7c8f1c44f3aba1565108232;7b4ec72378;-;-;Tue Jan 16 13:17:32 2018 +0100;1516105052;-;-;Tue Jan 16 13:17:32 2018 +0100;1516105052
437c33ba425b46a82c9ccbe16a8796050790a597;437c33ba42;-;-;Mon Jan 15 17:46:31 2018 -0500;1516056391;-;-;Mon Jan 15 17:47:27 2018 -0500;1516056447
43d3abdfd54697d90d4993f5d1975c6f384455a2;43d3abdfd5;-;-;Mon Jan 15 15:55:23 2018 +0100;1516028123;-;-;Mon Jan 15 18:07:24 2018 +0100;1516036044
3ae776b1fa94e56ffd32bf54549bba9cb3912720;3ae776b1fa;-;-;Mon Jan 15 17:12:19 2018 +0100;1516032739;-;-;Mon Jan 15 17:12:19 2018 +0100;1516032739
61352fe85b2cbfc029aeeddb03234699a2374400;61352fe85b;-;-;Mon Jan 15 10:28:12 2018 -0500;1516030092;-;-;Mon Jan 15 10:28:12 2018 -0500;1516030092
6375cc55a33ba5a1bae8e41df5d25dac71f98ae5;6375cc55a3;-;-;Mon Jan 15 10:01:54 2018 -0500;1516028514;-;-;Mon Jan 15 10:01:54 2018 -0500;1516028514
42dfa4015167a660af102c0ca5064f4268901a1a;42dfa40151;-;-;Mon Jan 15 15:42:50 2018 +0100;1516027370;-;-;Mon Jan 15 15:42:50 2018 +0100;1516027370
89b81b008008b01cab62166f15404213cc3b8948;89b81b0080;-;-;Mon Jan 15 15:19:16 2018 +0100;1516025956;-;-;Mon Jan 15 15:19:16 2018 +0100;1516025956
b160f93495f762b1f59519b66c3e07fe6bf387fd;b160f93495;-;-;Sun Jan 14 23:48:21 2018 +0100;1515970101;-;-;Sun Jan 14 23:48:21 2018 +0100;1515970101
44fd2d96cc0af01266b7af8eeefa7a524ff6f0ac;44fd2d96cc;-;-;Sun Jan 14 17:57:32 2018 +0100;1515949052;-;-;Sun Jan 14 17:57:32 2018 +0100;1515949052
9623cdec4883e134c2691cec56c39e59e1b4b80a;9623cdec48;-;-;Sun Jan 14 17:45:58 2018 +0100;1515948358;-;-;Sun Jan 14 17:45:58 2018 +0100;1515948358
91e39d558f1a95bd1a49f29e9636135085bc628f;91e39d558f;-;-;Sun Jan 14 14:18:07 2018 +0100;1515935887;-;-;Sun Jan 14 17:45:32 2018 +0100;1515948332
c88f11f9583bf5123d7f51d81fe4c1bbe40d6e51;c88f11f958;-;-;Sat Jan 13 16:45:04 2018 +0100;1515858304;-;-;Sat Jan 13 16:45:04 2018 +0100;1515858304
1dbcd66091e1bafeee6bb0deb3bec62840f3e62f;1dbcd66091;-;-;Fri Jan 12 16:48:06 2018 -0500;1515793686;-;-;Fri Jan 12 16:48:06 2018 -0500;1515793686
4c9ed0d87edc23a49dcc84499246c80a2070345d;4c9ed0d87e;-;-;Fri Jan 12 18:24:00 2018 +0100;1515777840;-;-;Fri Jan 12 18:24:00 2018 +0100;1515777840
06e6386dc9d99498930314927cbaecd2a0766093;06e6386dc9;-;-;Fri Jan 12 18:23:52 2018 +0100;1515777832;-;-;Fri Jan 12 18:23:52 2018 +0100;1515777832
13a8f90e08c7e832e8a3f9b9cfe9fd2578e9f7cb;13a8f90e08;-;-;Fri Jan 12 16:48:17 2018 +0100;1515772097;-;-;Fri Jan 12 16:48:17 2018 +0100;1515772097
a15975d94d104a1c09130fa9a6538c3d8544d9f3;a15975d94d;-;-;Fri Jan 12 16:47:46 2018 +0100;1515772066;-;-;Fri Jan 12 16:47:46 2018 +0100;1515772066
93f645800b09917be14b0f2a0cf614f495b87c93;93f645800b;-;-;Fri Jan 12 16:46:06 2018 +0100;1515771966;-;-;Fri Jan 12 16:46:06 2018 +0100;1515771966
347c2daa2c83f061bb53e089e4b64e5ef031d5c1;347c2daa2c;-;-;Fri Jan 12 16:45:38 2018 +0100;1515771938;-;-;Fri Jan 12 16:45:38 2018 +0100;1515771938
e39bf87b07a84247a8edc7a8e50451743fe7ff45;e39bf87b07;-;-;Fri Jan 12 11:38:50 2018 +0100;1515753530;-;-;Fri Jan 12 11:38:50 2018 +0100;1515753530
67e7c784e8097ee60db783a55bf1ab1ad1de529a;67e7c784e8;-;-;Fri Jan 12 10:35:34 2018 +0100;1515749734;-;-;Fri Jan 12 10:36:09 2018 +0100;1515749769
384a399fd25bf7a9bd7dff239d31e9e7fbbbad24;384a399fd2;-;-;Thu Jan 11 17:19:32 2018 +0100;1515687572;-;-;Fri Jan 12 10:36:09 2018 +0100;1515749769
c60313de3f0797f987bc7a392d75aebd17020158;c60313de3f;-;-;Thu Jan 11 16:36:35 2018 -0500;1515706595;-;-;Thu Jan 11 16:36:35 2018 -0500;1515706595
84b8ceca0fe33366d1e6524137aeda67c9c6f46e;84b8ceca0f;-;-;Thu Jan 11 12:41:04 2018 -0500;1515692464;-;-;Thu Jan 11 12:41:04 2018 -0500;1515692464
72e3c43375e50f40d7ef52ede74ccc93455e8a97;72e3c43375;-;-;Thu Jan 11 11:55:37 2018 -0500;1515689737;-;-;Thu Jan 11 12:25:42 2018 -0500;1515691542
8f6d3feaa0280261497042a9c2bc746d2d7f2f68;8f6d3feaa0;-;-;Thu Jan 11 10:22:59 2018 +0100;1515662579;-;-;Thu Jan 11 10:22:59 2018 +0100;1515662579
121f9e3734d8998e62c65cb7f230cd88680888b6;121f9e3734;-;-;Thu Jan 11 10:18:27 2018 +0100;1515662307;-;-;Thu Jan 11 10:18:27 2018 +0100;1515662307
ea73ec5c41d3a706a871ada0e597465ef971c4f2;ea73ec5c41;-;-;Wed Jan 10 17:48:43 2018 -0500;1515624523;-;-;Wed Jan 10 17:48:43 2018 -0500;1515624523
cdf2ab973783062ba55cc9fbd2ad881eae094647;cdf2ab9737;-;-;Wed Jan 10 16:00:50 2018 -0500;1515618050;-;-;Wed Jan 10 16:28:34 2018 -0500;1515619714
19a1477228b8ed75926a15358e3253eb7ffa492e;19a1477228;-;-;Wed Jan 10 18:11:16 2018 +0100;1515604276;-;-;Wed Jan 10 18:29:33 2018 +0100;1515605373
5adaa1030c219f791b114e3278c3f76acc8e2f7e;5adaa1030c;-;-;Wed Jan 10 17:54:34 2018 +0100;1515603274;-;-;Wed Jan 10 17:54:51 2018 +0100;1515603291
f7bf6460aa7ed8c755410a7d0763ce237f2cf944;f7bf6460aa;-;-;Wed Jan 10 17:41:09 2018 +0100;1515602469;-;-;Wed Jan 10 17:54:51 2018 +0100;1515603291
b36af8a11fba610d39cc0464565d1413b5a5b293;b36af8a11f;-;-;Wed Jan 10 10:47:36 2018 -0500;1515599256;-;-;Wed Jan 10 10:47:36 2018 -0500;1515599256
8a129ef3daf8a28728314905d4b843a4129d9a87;8a129ef3da;-;-;Wed Jan 10 11:15:47 2018 +0100;1515579347;-;-;Wed Jan 10 11:15:47 2018 +0100;1515579347
69ccba30e978351acdee12b990f989e97b8a72b0;69ccba30e9;-;-;Wed Jan 10 11:14:02 2018 +0100;1515579242;-;-;Wed Jan 10 11:14:02 2018 +0100;1515579242
e6893da9714cf557a36691dcefc8209bfff1e98d;e6893da971;-;-;Wed Jan 10 11:04:42 2018 +0100;1515578682;-;-;Wed Jan 10 11:05:41 2018 +0100;1515578741
5ed0cf902727d7c295768c7b8dd931d3392de5f7;5ed0cf9027;-;-;Tue Jan 9 17:32:40 2018 -0500;1515537160;-;-;Tue Jan 9 17:32:40 2018 -0500;1515537160
537f79f68091bfbb1c702ee6083ebbd30dd874f4;537f79f680;-;-;Tue Jan 9 16:40:46 2018 -0500;1515534046;-;-;Tue Jan 9 16:40:46 2018 -0500;1515534046
c8bdb3c60248c3c8940f8d5ff9755f068d9d8450;c8bdb3c602;-;-;Tue Jan 9 22:20:22 2018 +0100;1515532822;-;-;Tue Jan 9 22:20:22 2018 +0100;1515532822
e43439c6c336888917fd99c937e8abe7f4ae41ce;e43439c6c3;-;-;Tue Jan 9 22:19:46 2018 +0100;1515532786;-;-;Tue Jan 9 22:19:46 2018 +0100;1515532786
b2322e58d99888acdca7fad0dba6a43323675e8b;b2322e58d9;-;-;Tue Jan 9 22:19:05 2018 +0100;1515532745;-;-;Tue Jan 9 22:19:05 2018 +0100;1515532745
d9af4d65994a85c66988c01ffb0d2e8c4ca76a81;d9af4d6599;-;-;Sat Nov 25 23:00:46 2017 +0900;1511618446;-;-;Tue Jan 9 22:12:03 2018 +0100;1515532323
f72318a0aeb7043023c2963f5db9cd7643c28bbc;f72318a0ae;-;-;Tue Jan 9 19:17:24 2018 +0100;1515521844;-;-;Tue Jan 9 19:17:24 2018 +0100;1515521844
9c7de232b844816dd550130da720587cd9d23b6b;9c7de232b8;-;-;Tue Jan 9 12:40:34 2018 +0100;1515498034;-;-;Tue Jan 9 14:33:54 2018 +0100;1515504834
c326e444885584261cd00cac3fdf83eaacfd3bb6;c326e44488;-;-;Tue Dec 26 17:55:26 2017 +0100;1514307326;-;-;Tue Jan 9 14:33:54 2018 +0100;1515504834
30c06163846f8bc5801d3f754def135ed79eb38b;30c0616384;-;-;Mon Jan 8 21:30:41 2018 -0500;1515465041;-;-;Mon Jan 8 21:30:41 2018 -0500;1515465041
74b5c371bae3eb45057713a6d7512f89b498ae72;74b5c371ba;-;-;Mon Jan 8 17:36:24 2018 -0500;1515450984;-;-;Mon Jan 8 17:36:24 2018 -0500;1515450984
45828cb934174479a230a10bb5d5b64d0d56867b;45828cb934;-;-;Mon Jan 8 18:05:02 2018 +0100;1515431102;-;-;Mon Jan 8 18:05:02 2018 +0100;1515431102
446e7ed25c6cc026f2d3b12594138c74f94879ce;446e7ed25c;-;-;Mon Jan 8 09:29:52 2018 -0500;1515421792;-;-;Mon Jan 8 09:29:52 2018 -0500;1515421792
73cad470e5b16603eb19023f7d87f9e9ad4a8b0c;73cad470e5;-;-;Mon Jan 8 13:41:36 2018 +0100;1515415296;-;-;Mon Jan 8 13:41:36 2018 +0100;1515415296
4adc820714bc363b909a2107e57069aadb21f757;4adc820714;-;-;Mon Jan 8 13:41:23 2018 +0100;1515415283;-;-;Mon Jan 8 13:41:23 2018 +0100;1515415283
0d151b02120789f65f79f218c5e87d66b3c8663e;0d151b0212;-;-;Mon Jan 8 08:46:20 2018 +0100;1515397580;-;-;Mon Jan 8 08:46:20 2018 +0100;1515397580
72590dbb21048245e0af2ea507e7b0896330e89d;72590dbb21;-;-;Mon Jan 8 00:26:29 2018 +0100;1515367589;-;-;Mon Jan 8 00:26:29 2018 +0100;1515367589
7a55d932f96c69d38bed767d099fd4c8ad5e847e;7a55d932f9;-;-;Mon Jan 8 00:26:10 2018 +0100;1515367570;-;-;Mon Jan 8 00:26:10 2018 +0100;1515367570
b9e03cb06b617fc052b8a80eeee89324e2ba0cd7;b9e03cb06b;-;-;Sun Dec 24 04:14:29 2017 +0400;1514074469;-;-;Sun Jan 7 23:48:24 2018 +0100;1515365304
4a57e26d76bf6263098785bcc050e4bf7c29212c;4a57e26d76;-;-;Sun Jan 7 23:33:35 2018 +0100;1515364415;-;-;Sun Jan 7 23:33:35 2018 +0100;1515364415
b6191f605736aaeafd567cf8b53afab02aac8e78;b6191f6057;-;-;Sun Jan 7 23:30:05 2018 +0100;1515364205;-;-;Sun Jan 7 23:30:05 2018 +0100;1515364205
d187cbce73cf8d84a2d95b96f0d4e52a94be84f4;d187cbce73;-;-;Sun Jan 7 23:29:16 2018 +0100;1515364156;-;-;Sun Jan 7 23:29:16 2018 +0100;1515364156
6a1fe0b1d06efe894a035451b733a3da3b0b1b45;6a1fe0b1d0;-;-;Sun Jan 7 23:23:45 2018 +0100;1515363825;-;-;Sun Jan 7 23:23:45 2018 +0100;1515363825
0a06bce3a6aae37c154e18615de9ef2ca25b3cd9;0a06bce3a6;-;-;Sun Jan 7 23:23:25 2018 +0100;1515363805;-;-;Sun Jan 7 23:23:25 2018 +0100;1515363805
977550f9560f6ce7670aae883261f412fbba02f4;977550f956;-;-;Sun Jan 7 23:23:08 2018 +0100;1515363788;-;-;Sun Jan 7 23:23:08 2018 +0100;1515363788
18d90ec14046c6b6c8d6e4bd1f6535df5fb46d06;18d90ec140;-;-;Sun Jan 7 23:22:56 2018 +0100;1515363776;-;-;Sun Jan 7 23:22:56 2018 +0100;1515363776
d3e0f4dd912db2b4244a116b4d36f17dc4dbb0c8;d3e0f4dd91;-;-;Sun Jan 7 23:20:09 2018 +0100;1515363609;-;-;Sun Jan 7 23:20:09 2018 +0100;1515363609
9beb97880fe1668f59fbc9715739357c130b0522;9beb97880f;-;-;Sun Jan 7 23:19:47 2018 +0100;1515363587;-;-;Sun Jan 7 23:19:47 2018 +0100;1515363587
7ad69bfc20ae6a4c02b5bdf06952f045ddd4f9ce;7ad69bfc20;-;-;Sun Jan 7 23:18:52 2018 +0100;1515363532;-;-;Sun Jan 7 23:18:52 2018 +0100;1515363532
1a154c3e4c2296940e2c3920c664b4999d8dc368;1a154c3e4c;-;-;Sun Jan 7 23:18:28 2018 +0100;1515363508;-;-;Sun Jan 7 23:18:28 2018 +0100;1515363508
37f0e8c6e541f58364691e1c49a179ed6e629570;37f0e8c6e5;-;-;Fri Jan 5 15:46:45 2018 -0500;1515185205;-;-;Fri Jan 5 15:46:45 2018 -0500;1515185205
93a522f3366b1e524863104b32c1cf73acf37bf3;93a522f336;-;-;Fri Jan 5 13:59:14 2018 -0500;1515178754;-;-;Fri Jan 5 13:59:14 2018 -0500;1515178754
542de82c5fed3083b079673c791e91731e3c32e5;542de82c5f;-;-;Thu Jan 4 22:02:27 2018 -0500;1515121347;-;-;Thu Jan 4 22:02:27 2018 -0500;1515121347
7bf9b767fda40f175123e96858cab0185c73ee7c;7bf9b767fd;-;-;Thu Jan 4 21:15:04 2018 -0500;1515118504;-;-;Thu Jan 4 21:15:04 2018 -0500;1515118504
0f1f95e0909c5d32bbc9305ae85c57312a491058;0f1f95e090;-;-;Wed Jan 3 20:27:09 2018 -0500;1515029229;-;-;Wed Jan 3 20:27:09 2018 -0500;1515029229
a49123a72bd5773310572a74ef67eda4da1917a8;a49123a72b;-;-;Sun Dec 31 18:51:22 2017 +0100;1514742682;-;-;Sun Dec 31 18:51:22 2017 +0100;1514742682
dd4f91523418c31024a6b8b356e1483827f384f1;dd4f915234;-;-;Thu Dec 28 14:08:21 2017 +0100;1514466501;-;-;Thu Dec 28 14:08:21 2017 +0100;1514466501
d2616b79968d816ac4d7a581469f84c19fe1b127;d2616b7996;-;-;Wed Dec 27 17:49:41 2017 +0100;1514393381;-;-;Wed Dec 27 17:54:38 2017 +0100;1514393678
deac8e556e10f8ec352f5dae36e54e897fea2b2e;deac8e556e;-;-;Wed Dec 27 16:50:19 2017 +0100;1514389819;-;-;Wed Dec 27 17:49:18 2017 +0100;1514393358
8fc16fc9378ec7ee5a51337a62b6eb46294461e9;8fc16fc937;-;-;Sat Dec 23 14:20:28 2017 +0100;1514035228;-;-;Sat Dec 23 14:20:28 2017 +0100;1514035228
3aee3182ac3859e5b6c2db90f05041c55dd63f40;3aee3182ac;-;-;Fri Dec 22 15:13:48 2017 -0500;1513973628;-;-;Fri Dec 22 15:13:48 2017 -0500;1513973628
f389f66270d4ba8623c47fb09250b9856e896d0f;f389f66270;-;-;Fri Dec 22 12:50:15 2017 -0500;1513965015;-;-;Fri Dec 22 12:50:18 2017 -0500;1513965018
6c3a64578c10dd4e6fed933864f1721cf35203ae;6c3a64578c;-;-;Fri Dec 22 12:05:30 2017 +0100;1513940730;-;-;Fri Dec 22 13:44:01 2017 +0100;1513946641
6e587d5c57315c026e490474df37523a5ea4aba5;6e587d5c57;-;-;Thu Dec 21 20:27:36 2017 +0100;1513884456;-;-;Thu Dec 21 20:34:24 2017 +0100;1513884864
7035ee7ebb63f14e8947fe8c014bded3adfc028f;7035ee7ebb;-;-;Thu Dec 21 17:33:55 2017 +0100;1513874035;-;-;Thu Dec 21 17:41:01 2017 +0100;1513874461
f23612c3a3e5624051b8653389ca1a192c5b4875;f23612c3a3;-;-;Wed Dec 20 15:09:37 2017 +0100;1513778977;-;-;Thu Dec 21 17:40:27 2017 +0100;1513874427
9d27e869510065defbc35e14828d8f0bbdcd1a0f;9d27e86951;-;-;Thu Dec 21 17:00:06 2017 +0100;1513872006;-;-;Thu Dec 21 17:00:06 2017 +0100;1513872006
4577a19190b085514959b6729637880138ea1956;4577a19190;-;-;Thu Dec 21 13:52:00 2017 +0100;1513860720;-;-;Thu Dec 21 13:52:00 2017 +0100;1513860720
0075f13126a8837716ee47ccdfad2ed7482c8a0f;0075f13126;-;-;Wed Dec 20 11:28:55 2017 +0100;1513765735;-;-;Wed Dec 20 22:38:01 2017 +0100;1513805881
425a999d5e3b98ea7e607b2b100e1aa567e372d4;425a999d5e;-;-;Wed Dec 20 18:10:15 2017 +0100;1513789815;-;-;Wed Dec 20 18:10:15 2017 +0100;1513789815
a8cf275aed9de171b3bc9d032ff750de43e5196d;a8cf275aed;-;-;Tue Dec 19 15:38:12 2017 -0500;1513715892;-;-;Tue Dec 19 15:38:12 2017 -0500;1513715892
6df1a7874a50a3149278dd9fa4c0fba8c7bd85b6;6df1a7874a;-;-;Tue Dec 19 13:56:16 2017 -0500;1513709776;-;-;Tue Dec 19 13:56:16 2017 -0500;1513709776
99cbfd32c3d7cea039536d784835238a9343b939;99cbfd32c3;-;-;Tue Dec 19 10:45:07 2017 +0100;1513676707;-;-;Tue Dec 19 11:11:40 2017 +0100;1513678300
e3e4f37222e0fd9ab741dfaefda78b39e02c6939;e3e4f37222;-;-;Tue Dec 19 11:03:50 2017 +0100;1513677830;-;-;Tue Dec 19 11:03:50 2017 +0100;1513677830
3a51b5a9d23f7f6089450a7ac5881c4550914c35;3a51b5a9d2;-;-;Fri Dec 15 15:58:12 2017 +0100;1513349892;-;-;Fri Dec 15 15:58:12 2017 +0100;1513349892
b8201f48fd7d3c5650e14b1443414f1c9665cbfe;b8201f48fd;-;-;Fri Dec 15 12:03:14 2017 +0100;1513335794;-;-;Fri Dec 15 12:03:14 2017 +0100;1513335794
f4d8c7cc2b6e3add1b1b06dc487cce82dceb4a49;f4d8c7cc2b;-;-;Thu Dec 14 16:59:34 2017 -0500;1513288774;-;-;Thu Dec 14 16:59:34 2017 -0500;1513288774
8e253a316d7f9f6d76fc343b96d747e1d056a0ae;8e253a316d;-;-;Thu Dec 14 16:44:19 2017 +0100;1513266259;-;-;Thu Dec 14 16:44:40 2017 +0100;1513266280
51aa16f85f5c746d374b3c0a4543dfc96a97cd18;51aa16f85f;-;-;Thu Dec 14 15:08:00 2017 +0100;1513260480;-;-;Thu Dec 14 15:08:00 2017 +0100;1513260480
8c2e5dcb4a727cc58268489a05aac6633673f64e;8c2e5dcb4a;-;-;Thu Dec 14 14:22:29 2017 +0100;1513257749;-;-;Thu Dec 14 14:22:59 2017 +0100;1513257779
05988193b71601e2dede9f1aae062fedfc02f8d2;05988193b7;-;-;Wed Dec 13 17:55:50 2017 +0100;1513184150;-;-;Wed Dec 13 17:55:50 2017 +0100;1513184150
6a7b197af7f52568e14d53fab86a0aa44319f2ae;6a7b197af7;-;-;Wed Dec 13 11:58:37 2017 +0100;1513162717;-;-;Wed Dec 13 12:07:43 2017 +0100;1513163263
73a81f98d40eb6f5faa91aceb868db53fae2a94b;73a81f98d4;-;-;Wed Dec 13 10:08:24 2017 +0100;1513156104;-;-;Wed Dec 13 10:08:24 2017 +0100;1513156104
583201b02c4e0f188e765f749be2232354eb5ffb;583201b02c;-;-;Tue Dec 12 22:32:33 2017 -0500;1513135953;-;-;Tue Dec 12 22:32:33 2017 -0500;1513135953
f05175586e32e660ff190311f0b102c2b3b3a398;f05175586e;-;-;Tue Dec 12 14:43:31 2017 -0500;1513107811;-;-;Tue Dec 12 14:51:24 2017 -0500;1513108284
9d421841d56e3ee0817b995185b3c72e83281b14;9d421841d5;-;-;Tue Dec 12 18:36:07 2017 +0100;1513100167;-;-;Tue Dec 12 18:36:07 2017 +0100;1513100167
f736b665bda1cf5dce6a6d990427b67fa5640b76;f736b665bd;-;-;Mon Dec 11 16:37:11 2017 -0500;1513028231;-;-;Mon Dec 11 16:37:11 2017 -0500;1513028231
76dcde9e31072f7a1b14942aad3581b5dec00f37;76dcde9e31;-;-;Tue Dec 5 15:10:56 2017 +0100;1512483056;-;-;Mon Dec 11 13:25:29 2017 -0800;1513027529
554662ebab87af97ba25d0c9f5449c7acda8df9c;554662ebab;-;-;Fri Dec 8 12:42:16 2017 -0800;1512765736;-;-;Mon Dec 11 15:01:20 2017 +0100;1513000880
ac00d8a215d054f3a2dcaaaab09d999fa053416c;ac00d8a215;-;-;Mon Dec 11 12:07:17 2017 +0100;1512990437;-;-;Mon Dec 11 12:07:17 2017 +0100;1512990437
769ea1b106d957d02d7d0f004b5f4d2b44fc8c06;769ea1b106;-;-;Mon Dec 11 11:28:39 2017 +0100;1512988119;-;-;Mon Dec 11 11:28:39 2017 +0100;1512988119
206a5e02dd8b6d61edb60c9da955feed48388aab;206a5e02dd;-;-;Sat Dec 9 15:46:55 2017 -0800;1512863215;-;-;Sat Dec 9 15:46:55 2017 -0800;1512863215
d198626618b0cc744de9a11ad13c328e8e69a2ff;d198626618;-;-;Thu Dec 7 07:28:07 2017 +0100;1512628087;-;-;Thu Dec 7 07:28:07 2017 +0100;1512628087
767ea9db8370945a364b94d770b81d05d0209aef;767ea9db83;-;-;Wed Dec 6 17:00:29 2017 -0800;1512608429;-;-;Wed Dec 6 17:00:29 2017 -0800;1512608429
9f36d170bed59c4801f45c01ae23c89bab3a36ae;9f36d170be;-;-;Wed Dec 6 16:38:46 2017 -0800;1512607126;-;-;Wed Dec 6 16:38:46 2017 -0800;1512607126
f9689dfe483e3a431b4337fea4114eaeaeac3c8f;f9689dfe48;-;-;Wed Dec 6 15:54:02 2017 -0800;1512604442;-;-;Wed Dec 6 15:54:02 2017 -0800;1512604442
bf8831157d2c5e4b402b0fea758ad1d38c63ce41;bf8831157d;-;-;Wed Dec 6 00:40:38 2017 +0100;1512517238;-;-;Wed Dec 6 00:40:38 2017 +0100;1512517238
04ab93ceb451882c6e75127897e2f1c5ec33772d;04ab93ceb4;-;-;Sun Dec 3 21:58:47 2017 -0400;1512352727;-;-;Mon Dec 4 11:20:39 2017 -0500;1512404439
0ef117ff11fc0485f456068c19140a29a31b457e;0ef117ff11;-;-;Sun Dec 3 16:03:02 2017 +0100;1512313382;-;-;Sun Dec 3 16:03:02 2017 +0100;1512313382
fda08852ba9f5d52c149209382c0d03380de413c;fda08852ba;-;-;Sat Dec 2 00:27:15 2017 -0500;1512192435;-;-;Sat Dec 2 00:43:43 2017 -0500;1512193423
203370a810fad77d33c3484dbf9e79242583bf5b;203370a810;-;-;Fri Dec 1 23:34:35 2017 -0500;1512189275;-;-;Fri Dec 1 23:34:35 2017 -0500;1512189275
b9a11685801511a866b415ae66ce4249a7d503a4;b9a1168580;-;-;Fri Dec 1 21:38:40 2017 -0500;1512182320;-;-;Fri Dec 1 21:38:40 2017 -0500;1512182320
e99b0038a028c1220575aae91193e9fb1b30af6d;e99b0038a0;-;-;Fri Dec 1 21:18:13 2017 -0500;1512181093;-;-;Fri Dec 1 21:18:13 2017 -0500;1512181093
91d3e4402f11317c157dfbbdd9bd01bf689f8b1f;91d3e4402f;-;-;Fri Dec 1 15:40:35 2017 -0500;1512160835;-;-;Fri Dec 1 15:40:35 2017 -0500;1512160835
44c95a4736077b92b7747f49fbe88a71229687b3;44c95a4736;-;-;Fri Dec 1 10:11:51 2017 -0500;1512141111;-;-;Fri Dec 1 10:11:51 2017 -0500;1512141111
7368f58518303a1fc0b7c64e4acb3d249b8f7cc5;7368f58518;-;-;Wed Nov 29 13:47:06 2017 +0100;1511959626;-;-;Thu Nov 30 14:50:16 2017 +0100;1512049816
63c2c08e017d4bc195aaa86c3c62fb2d075ab3a6;63c2c08e01;-;-;Wed Nov 29 15:09:13 2017 -0500;1511986153;-;-;Wed Nov 29 15:09:13 2017 -0500;1511986153
dd0d270ba26e163d41fd2b06e1ea13afe1ca6aac;dd0d270ba2;-;-;Wed Nov 29 12:39:06 2017 -0500;1511977146;-;-;Wed Nov 29 12:39:06 2017 -0500;1511977146
873cb4e58b5103c2e901ceaf75fad38f4edc5c82;873cb4e58b;-;-;Wed Nov 29 15:44:08 2017 +0100;1511966648;-;-;Wed Nov 29 15:44:08 2017 +0100;1511966648
b55a2631ba07beb143d30563e9b72c364a6e473a;b55a2631ba;-;-;Wed Nov 29 15:38:21 2017 +0100;1511966301;-;-;Wed Nov 29 15:38:21 2017 +0100;1511966301
6f73b8b200e1aae8e4c7bada9450c87ed44a5656;6f73b8b200;-;-;Wed Nov 29 08:44:53 2017 -0500;1511963093;-;-;Wed Nov 29 08:45:07 2017 -0500;1511963107
2b68212c20d4e695712239ef3bea6968ccef54c8;2b68212c20;-;-;Wed Nov 29 14:44:21 2017 +0100;1511963061;-;-;Wed Nov 29 14:44:21 2017 +0100;1511963061
3650ecc3bbd94d16de797f6528dcca5abf02d3f0;3650ecc3bb;-;-;Tue Nov 28 22:16:07 2017 -0500;1511925367;-;-;Tue Nov 28 22:16:07 2017 -0500;1511925367
bec63fbb3341a497b5fa89d9b17d4db5b5d458b2;bec63fbb33;-;-;Tue Nov 28 16:27:08 2017 -0500;1511904428;-;-;Tue Nov 28 16:29:30 2017 -0500;1511904570
375a63a041637726ee4da035722ee24e573ba58c;375a63a041;-;-;Tue Nov 28 09:28:34 2017 -0500;1511879314;-;-;Tue Nov 28 09:28:34 2017 -0500;1511879314
773cd3241bef35237437ac709bfec5af724b254f;773cd3241b;-;-;Tue Nov 28 14:11:21 2017 +0100;1511874681;-;-;Tue Nov 28 14:11:21 2017 +0100;1511874681
f2e8171bfb5a0af95a656ee260792c03aa6486ab;f2e8171bfb;-;-;Tue Nov 28 12:10:26 2017 +0100;1511867426;-;-;Tue Nov 28 12:10:26 2017 +0100;1511867426
dc3d8340262527a0182ad72c7b756e8d9c555c32;dc3d834026;-;-;Mon Nov 27 16:31:49 2017 -0500;1511818309;-;-;Mon Nov 27 16:31:49 2017 -0500;1511818309
e30f1fbe890631d216cc8a984816dcbb292dc2e9;e30f1fbe89;-;-;Mon Nov 27 10:52:28 2017 +0000;1511779948;-;-;Mon Nov 27 10:52:28 2017 +0000;1511779948
b1c657fa4b81bc0d6ca9289beddc7b2c35d41457;b1c657fa4b;-;-;Sun Nov 26 17:16:39 2017 +0100;1511712999;-;-;Sun Nov 26 17:16:39 2017 +0100;1511712999
a8323f6a2765cfa7e08a8edf5dbb8ebc9f96f197;a8323f6a27;-;-;Sun Nov 26 16:03:48 2017 +0100;1511708628;-;-;Sun Nov 26 16:03:48 2017 +0100;1511708628
81052cd27ad6b86764526001a6ebcf0df34dee10;81052cd27a;-;-;Fri Nov 24 23:23:38 2017 +0100;1511562218;-;-;Fri Nov 24 23:23:38 2017 +0100;1511562218
35dd8db8921e71eb9828209b7e995193df061faa;35dd8db892;-;-;Fri Nov 24 14:13:23 2017 +0100;1511529203;-;-;Fri Nov 24 14:13:23 2017 +0100;1511529203
edf22a3e2541d60531359da3ef5ef2c5484f02aa;edf22a3e25;-;-;Fri Nov 24 12:04:08 2017 +0100;1511521448;-;-;Fri Nov 24 12:04:08 2017 +0100;1511521448
3b96690e697f093b414da120785e1adab22ca901;3b96690e69;-;-;Thu Nov 23 22:09:34 2017 +0100;1511471374;-;-;Thu Nov 23 22:12:03 2017 +0100;1511471523
01a82b529107f75ded838bebeb0045aac8903be6;01a82b5291;-;-;Thu Nov 23 10:55:03 2017 -0500;1511452503;-;-;Thu Nov 23 10:55:03 2017 -0500;1511452503
102a0ad79202f3c803e3690b4fa042b452f3f2e3;102a0ad792;-;-;Thu Nov 23 10:22:35 2017 -0500;1511450555;-;-;Thu Nov 23 10:22:35 2017 -0500;1511450555
c1b191edb0fa579e92c5a76f7c8245b45e4293eb;c1b191edb0;-;-;Wed Nov 22 23:25:36 2017 -0500;1511411136;-;-;Wed Nov 22 23:25:36 2017 -0500;1511411136
f44366877c571f2c7f270b4eef6c72dc8c050bfb;f44366877c;-;-;Wed Nov 22 17:37:11 2017 -0500;1511390231;-;-;Wed Nov 22 17:55:20 2017 -0500;1511391320
afdca285e58f3f618c01c772a95434a17b020fed;afdca285e5;-;-;Wed Nov 22 15:27:01 2017 -0500;1511382421;-;-;Wed Nov 22 17:48:03 2017 -0500;1511390883
4a87d3da7b8e9530bd0148b6bb35c7ef262783ac;4a87d3da7b;-;-;Wed Nov 22 22:32:12 2017 +0100;1511386332;-;-;Wed Nov 22 22:46:53 2017 +0100;1511387213
652e5c5584dd8c734311784e8b4ceec25b39a163;652e5c5584;-;-;Wed Nov 22 11:38:55 2017 +0100;1511347135;-;-;Wed Nov 22 22:46:44 2017 +0100;1511387204
93f17dae47757d4d562cffc788250bee6ca7b0b5;93f17dae47;-;-;Wed Nov 22 21:13:39 2017 +0100;1511381619;-;-;Wed Nov 22 21:13:39 2017 +0100;1511381619
b7c924cac1c1889728a23c35b09bb342ae93c8dd;b7c924cac1;-;-;Tue Nov 21 23:20:13 2017 -0500;1511324413;-;-;Tue Nov 21 23:20:13 2017 -0500;1511324413
d8099adc9a94e13eb7b6e261e6300e33beaa8c95;d8099adc9a;-;-;Thu Nov 16 23:25:52 2017 +0200;1510867552;-;-;Tue Nov 21 22:59:33 2017 -0500;1511323173
06b2ab39088f128d3aa5ca355d0bc0f2c7b36ab3;06b2ab3908;-;-;Tue Nov 21 22:57:15 2017 -0500;1511323035;-;-;Tue Nov 21 22:57:15 2017 -0500;1511323035
b89a48a7039e3fcf39ec2986adb4d96b2ef99e44;b89a48a703;-;-;Tue Nov 21 22:12:27 2017 -0500;1511320347;-;-;Tue Nov 21 22:12:33 2017 -0500;1511320353
3c2d1862f107c791ba94fa585420ed97fab6a024;3c2d1862f1;-;-;Tue Nov 21 21:46:30 2017 -0500;1511318790;-;-;Tue Nov 21 21:46:30 2017 -0500;1511318790
2a481c541122e39c1736bc6b71da796b2c7a6e27;2a481c5411;-;-;Tue Nov 21 14:46:33 2017 +0200;1511268393;-;-;Tue Nov 21 14:44:46 2017 -0500;1511293486
b81487521135e0bfd12fa3ea1f98bf32e344313f;b814875211;-;-;Tue Nov 21 12:13:41 2017 +0200;1511259221;-;-;Tue Nov 21 14:44:01 2017 -0500;1511293441
41b13a4e8a7dfe2b4536a016532fccbe81a94e0c;41b13a4e8a;-;-;Tue Nov 21 00:25:38 2017 +0200;1511216738;-;-;Tue Nov 21 14:42:05 2017 -0500;1511293325
604017894eff442dbb68ef1d8e8215071b0b1ade;604017894e;-;-;Tue Nov 21 17:56:42 2017 +0100;1511283402;-;-;Tue Nov 21 17:56:42 2017 +0100;1511283402
0cc644f61fc3bad92c7cf5131411f5cc9350c1f8;0cc644f61f;-;-;Tue Nov 21 16:34:08 2017 +0100;1511278448;-;-;Tue Nov 21 16:34:08 2017 +0100;1511278448
9f1d8517ba9e3e4b81a2ffb07d908fc2b1f77243;9f1d8517ba;-;-;Tue Nov 21 15:14:01 2017 +0100;1511273641;-;-;Tue Nov 21 15:59:23 2017 +0100;1511276363
5843173567579183b511ad9ebb48942748785658;5843173567;-;-;Tue Nov 21 13:42:57 2017 +0100;1511268177;-;-;Tue Nov 21 13:42:57 2017 +0100;1511268177
08c95fbcb38645486309074eaef7fcf42b846e38;08c95fbcb3;-;-;Tue Nov 21 13:42:01 2017 +0100;1511268121;-;-;Tue Nov 21 13:42:01 2017 +0100;1511268121
bdb04b1d28623720f3a18be4227b5c4f4bfde3f4;bdb04b1d28;-;-;Tue Nov 21 06:58:45 2017 +0100;1511243925;-;-;Tue Nov 21 06:58:45 2017 +0100;1511243925
bc8e525e604c5d56a7ef522a06c82821b4393916;bc8e525e60;-;-;Mon Nov 20 17:02:22 2017 -0500;1511215342;-;-;Mon Nov 20 17:02:22 2017 -0500;1511215342
6f24c0de1790ddb85f1fb35e997ac8ac3d95604b;6f24c0de17;-;-;Mon Nov 20 22:28:00 2017 +0100;1511213280;-;-;Mon Nov 20 22:28:00 2017 +0100;1511213280
08c78554b9564e2024e7068b4cce55736b73dbb2;08c78554b9;-;-;Mon Nov 20 22:27:47 2017 +0100;1511213267;-;-;Mon Nov 20 22:27:47 2017 +0100;1511213267
40dacd3c1c3a396832f904dcc5a491fa25fcb015;40dacd3c1c;-;-;Mon Nov 20 22:27:07 2017 +0100;1511213227;-;-;Mon Nov 20 22:27:07 2017 +0100;1511213227
73b9aaa7ff5d7c8350644fad69ac16a13b560c56;73b9aaa7ff;-;-;Mon Nov 20 22:26:39 2017 +0100;1511213199;-;-;Mon Nov 20 22:26:39 2017 +0100;1511213199
27bbb73583c6b6c030c6628656921fef600c46aa;27bbb73583;-;-;Mon Nov 20 15:31:34 2017 +0100;1511188294;-;-;Mon Nov 20 15:31:34 2017 +0100;1511188294
84699c8b9b7bd6660ad897df54fdce244b5b50e0;84699c8b9b;-;-;Mon Nov 20 12:53:37 2017 +0100;1511178817;-;-;Mon Nov 20 12:53:37 2017 +0100;1511178817
040aae530967035f590fe25d850d7f5c1bb3dc12;040aae5309;-;-;Mon Nov 20 12:49:25 2017 +0100;1511178565;-;-;Mon Nov 20 12:49:25 2017 +0100;1511178565
daee6eeaad4dc063a33482d70406673524f032bb;daee6eeaad;-;-;Sun Nov 19 21:17:32 2017 +0100;1511122652;-;-;Sun Nov 19 21:17:32 2017 +0100;1511122652
a8b48848b9354c277f032c35a0adf1ea5cbef50a;a8b48848b9;-;-;Sun Nov 19 21:17:24 2017 +0100;1511122644;-;-;Sun Nov 19 21:17:24 2017 +0100;1511122644
20fcefc6477f2f3d9aa88cc8b8c3686e5b5cf28b;20fcefc647;-;-;Sun Nov 19 21:16:29 2017 +0100;1511122589;-;-;Sun Nov 19 21:16:29 2017 +0100;1511122589
14a7da8183cb119fa6d7137ab209c592b9157b70;14a7da8183;-;-;Sun Nov 19 21:16:10 2017 +0100;1511122570;-;-;Sun Nov 19 21:16:10 2017 +0100;1511122570
508aea8a47b69ac11426a6cedd9ddd9f93117ad2;508aea8a47;-;-;Fri Nov 17 12:03:17 2017 -0800;1510948997;-;-;Fri Nov 17 12:03:17 2017 -0800;1510948997
b1b5353b7fb36ccb83ed78a8502f754ed890ddce;b1b5353b7f;-;-;Fri Nov 17 12:33:58 2017 -0500;1510940038;-;-;Fri Nov 17 12:33:58 2017 -0500;1510940038
ce895d7a84a851426a11548de3b942458540a413;ce895d7a84;-;-;Fri Nov 17 10:43:53 2017 -0500;1510933433;-;-;Fri Nov 17 10:43:53 2017 -0500;1510933433
0fbfa643856b07eb0d952905e527765fbd5c274f;0fbfa64385;-;-;Wed Nov 15 10:45:58 2017 +0200;1510735558;-;-;Thu Nov 16 16:15:55 2017 +0100;1510845355
3e8e0c1d6a26aed28dad2282745ac286398f4525;3e8e0c1d6a;-;-;Thu Nov 16 15:36:42 2017 +0100;1510843002;-;-;Thu Nov 16 15:36:42 2017 +0100;1510843002
c530745015d5c7031cfcb6f633f3f459ed97935d;c530745015;-;-;Thu Nov 16 14:42:57 2017 +0100;1510839777;-;-;Thu Nov 16 15:12:58 2017 +0100;1510841578
e4d405271a028b3807979167a7881266f147525a;e4d405271a;-;-;Fri Nov 3 13:27:27 2017 +0100;1509712047;-;-;Thu Nov 16 11:36:26 2017 +0100;1510828586
cc7c90cca567e41958da1e031520b7662a9ec579;cc7c90cca5;-;-;Thu Nov 16 10:52:56 2017 +0100;1510825976;-;-;Thu Nov 16 10:52:56 2017 +0100;1510825976
7af99102446480dd774406776e75e39409218534;7af9910244;-;-;Thu Nov 16 09:36:23 2017 +0100;1510821383;-;-;Thu Nov 16 09:36:23 2017 +0100;1510821383
8e21023f2875f64538e060d298684789354b3ba9;8e21023f28;-;-;Wed Nov 15 17:08:57 2017 -0800;1510794537;-;-;Wed Nov 15 17:08:57 2017 -0800;1510794537
19a9bc4747028e68d0fc9ce71c302488cfbfa978;19a9bc4747;-;-;Wed Nov 15 16:04:32 2017 -0800;1510790672;-;-;Wed Nov 15 16:04:32 2017 -0800;1510790672
6e05a5881e404b8a1ab7eac049d82d0faeb7eb10;6e05a5881e;-;-;Wed Nov 15 15:06:50 2017 -0800;1510787210;-;-;Wed Nov 15 15:09:01 2017 -0800;1510787341
7bcbdbbc62215543a6193f650506f2829a117b45;7bcbdbbc62;-;-;Wed Nov 15 23:55:55 2017 +0100;1510786555;-;-;Wed Nov 15 23:55:55 2017 +0100;1510786555
9dd29f76ae52477bd8fd6eb5c31412ab477e8027;9dd29f76ae;-;-;Wed Nov 15 16:16:13 2017 +0100;1510758973;-;-;Wed Nov 15 16:16:13 2017 +0100;1510758973
38040bf3f2b4aaa5c342fedcd12421a2eacc9ae5;38040bf3f2;-;-;Wed Nov 15 16:16:01 2017 +0100;1510758961;-;-;Wed Nov 15 16:16:01 2017 +0100;1510758961
7697b398d5e830f5f3485fde1afef8ab90351b12;7697b398d5;-;-;Tue Nov 14 17:11:16 2017 +0100;1510675876;-;-;Tue Nov 14 17:11:16 2017 +0100;1510675876
85baba33bf89de4fc642dea68a759e1e0553faa4;85baba33bf;-;-;Tue Nov 14 17:09:19 2017 +0100;1510675759;-;-;Tue Nov 14 17:09:19 2017 +0100;1510675759
fb7b7d089b08376c469a33fe9fc8c2e987b8f060;fb7b7d089b;-;-;Tue Nov 14 08:41:20 2017 -0500;1510666880;-;-;Tue Nov 14 08:42:04 2017 -0500;1510666924
90e594501485eceb6b7c9e6bde74346a6d99ca8b;90e5945014;-;-;Tue Nov 14 10:09:00 2017 +0100;1510650540;-;-;Tue Nov 14 10:09:00 2017 +0100;1510650540
edf82325557f05f482b0b9c0333d99908c8f1378;edf8232555;-;-;Mon Nov 13 12:04:39 2017 +0100;1510571079;-;-;Tue Nov 14 09:25:46 2017 +0100;1510647946
536e72c8df7aa206bd02268e5bef939b73d5b653;536e72c8df;-;-;Mon Nov 13 18:06:10 2017 -0500;1510614370;-;-;Mon Nov 13 23:20:01 2017 -0500;1510633201
0dd31b834e93d7f890e0b22360920011884ec2bd;0dd31b834e;-;-;Wed Nov 8 16:31:44 2017 -0500;1510176704;-;-;Mon Nov 13 23:20:01 2017 -0500;1510633201
5e86049438a2b82779fb0add2b6f987e2f1141e2;5e86049438;-;-;Mon Nov 13 23:06:26 2017 -0500;1510632386;-;-;Mon Nov 13 23:20:01 2017 -0500;1510633201
e818b904addb36f4f66afeb9962f5245af7fd938;e818b904ad;-;-;Mon Nov 13 18:14:57 2017 -0500;1510614897;-;-;Mon Nov 13 23:20:01 2017 -0500;1510633201
c30145d6f965ce7a5c9a6898874cf296fa7269cc;c30145d6f9;-;-;Mon Nov 13 23:00:53 2017 +0100;1510610453;-;-;Mon Nov 13 23:00:53 2017 +0100;1510610453
7406f5993ac00b97cf7970a852a5a66669599f1b;7406f5993a;-;-;Mon Nov 13 22:39:39 2017 +0100;1510609179;-;-;Mon Nov 13 22:39:39 2017 +0100;1510609179
3e5209bea5be0a7772ab40ea62b6815afceeff16;3e5209bea5;-;-;Mon Nov 13 21:51:23 2017 +0100;1510606283;-;-;Mon Nov 13 21:51:23 2017 +0100;1510606283
b5cedd43eb2b70510729696554bbc1f99003ac10;b5cedd43eb;-;-;Mon Nov 13 21:51:11 2017 +0100;1510606271;-;-;Mon Nov 13 21:51:11 2017 +0100;1510606271
e2bb06edbdd23716df7c265db28f65e6c432a2aa;e2bb06edbd;-;-;Mon Nov 13 21:51:02 2017 +0100;1510606262;-;-;Mon Nov 13 21:51:02 2017 +0100;1510606262
3091feee231bf4f5b129e88ba371dd40f8d9a474;3091feee23;-;-;Mon Nov 13 21:50:55 2017 +0100;1510606255;-;-;Mon Nov 13 21:50:55 2017 +0100;1510606255
0e49e321889d23828c5307842ac25d444ce7ec88;0e49e32188;-;-;Thu Oct 26 15:09:32 2017 +0200;1509023372;-;-;Mon Nov 13 15:42:32 2017 +0100;1510584152
2be2aa7b965e217c3e8a27f5a971323d19457374;2be2aa7b96;-;-;Mon Nov 13 00:46:20 2017 +0100;1510530380;-;-;Mon Nov 13 00:46:20 2017 +0100;1510530380
532eb1d7760fb360073f487c83b520c987ffb164;532eb1d776;-;-;Sun Nov 12 23:43:02 2017 +0100;1510526582;-;-;Sun Nov 12 23:43:02 2017 +0100;1510526582
e2018e6b723916396e1b9074ce84deade8535bd7;e2018e6b72;-;-;Sat Nov 11 18:43:43 2017 +0100;1510422223;-;-;Sat Nov 11 18:43:43 2017 +0100;1510422223
72f20e8d4f6ce1000bc59662ba235ab56094b0e4;72f20e8d4f;-;-;Sat Nov 11 00:37:50 2017 +0100;1510357070;-;-;Sat Nov 11 00:37:50 2017 +0100;1510357070
87375fe6f81cb70f9ee3e44c4800ef8edce655a0;87375fe6f8;-;-;Fri Nov 10 16:43:12 2017 -0500;1510350192;-;-;Fri Nov 10 16:43:12 2017 -0500;1510350192
9a894ab61e4613af176029761b75d7ad2a733440;9a894ab61e;-;-;Fri Nov 10 15:05:03 2017 -0500;1510344303;-;-;Fri Nov 10 15:05:03 2017 -0500;1510344303
780993ce75a29003e54aea5d4f14b7496eda920a;780993ce75;-;-;Fri Nov 10 20:21:26 2017 +0100;1510341686;-;-;Fri Nov 10 20:21:26 2017 +0100;1510341686
a80fd9994af6fabeb36b75ca7d0bcfe5700e6106;a80fd9994a;-;-;Fri Nov 10 20:21:03 2017 +0100;1510341663;-;-;Fri Nov 10 20:21:03 2017 +0100;1510341663
de782026c459d2357ba06b108fd3e2f3e2784924;de782026c4;-;-;Fri Nov 10 20:20:23 2017 +0100;1510341623;-;-;Fri Nov 10 20:20:23 2017 +0100;1510341623
a5da05c3dc4a557dbebeeb5ffb2b728ce2ef08dd;a5da05c3dc;-;-;Fri Nov 10 20:20:13 2017 +0100;1510341613;-;-;Fri Nov 10 20:20:13 2017 +0100;1510341613
423af674cda54a257832d22391c05e4dff9f39ec;423af674cd;-;-;Fri Nov 10 20:20:02 2017 +0100;1510341602;-;-;Fri Nov 10 20:20:02 2017 +0100;1510341602
f565f635e3c7d46f319add27a18cf50dda6e1c88;f565f635e3;-;-;Fri Nov 10 11:29:58 2017 -0500;1510331398;-;-;Fri Nov 10 11:29:58 2017 -0500;1510331398
ff97eafa4f39411a68a1632f7218158287546457;ff97eafa4f;-;-;Fri Nov 10 10:57:26 2017 -0500;1510329446;-;-;Fri Nov 10 10:57:26 2017 -0500;1510329446
a5103307c6f0b124ca778fd23a4f55f3382a4f2d;a5103307c6;-;-;Fri Nov 10 10:15:46 2017 -0500;1510326946;-;-;Fri Nov 10 10:15:46 2017 -0500;1510326946
8223809455a5eabf85321ead0df483a3f29e7755;8223809455;-;-;Fri Nov 10 14:47:39 2017 +0100;1510321659;-;-;Fri Nov 10 15:09:14 2017 +0100;1510322954
8cfa3c632bd9ff7929ea5be8a689187ec3ac29ad;8cfa3c632b;-;-;Thu Nov 9 17:49:11 2017 -0500;1510267751;-;-;Thu Nov 9 17:49:11 2017 -0500;1510267751
988c5f2b56b03b4bf6a4a67f505a38cdd5620e4d;988c5f2b56;-;-;Thu Nov 9 17:17:04 2017 -0500;1510265824;-;-;Thu Nov 9 17:17:04 2017 -0500;1510265824
807297f173255734257555d4bdb04f921f361863;807297f173;-;-;Thu Nov 9 15:56:56 2017 -0500;1510261016;-;-;Thu Nov 9 15:56:56 2017 -0500;1510261016
369d33c3d00569a8a439910bcff6fca0f4aaec37;369d33c3d0;-;-;Wed Nov 1 03:52:32 2017 -0400;1509522752;-;-;Thu Nov 9 13:15:06 2017 -0500;1510251306
db0066919727f6299f673682b3417648f71fd219;db00669197;-;-;Tue Nov 7 14:05:27 2017 +0100;1510059927;-;-;Thu Nov 9 11:04:02 2017 +0100;1510221842
840ef46a9f57ee8d13274907a2052042f2df6632;840ef46a9f;-;-;Wed Nov 8 23:15:31 2017 -0500;1510200931;-;-;Wed Nov 8 23:15:31 2017 -0500;1510200931
457c70cf33ab2e909ff5a4dcca3a35469eaf59a7;457c70cf33;-;-;Wed Nov 8 23:54:38 2017 +0100;1510181678;-;-;Wed Nov 8 23:54:38 2017 +0100;1510181678
263da1535baab5d605daf888a2f00ec5c4994319;263da1535b;-;-;Tue Nov 7 13:01:12 2017 -0500;1510077672;-;-;Tue Nov 7 13:01:12 2017 -0500;1510077672
1a246c0a679d72b871878234999a4ef2e42190cb;1a246c0a67;-;-;Tue Nov 7 13:46:04 2017 +0100;1510058764;-;-;Tue Nov 7 13:51:53 2017 +0100;1510059113
9786750b5acb151fcc845abfb2c8b8679ec44599;9786750b5a;-;-;Mon Nov 6 21:44:45 2017 -0500;1510022685;-;-;Mon Nov 6 21:44:45 2017 -0500;1510022685
14f02d71927fba21336ec9d81ec8631eab341513;14f02d7192;-;-;Mon Nov 6 16:28:27 2017 -0500;1510003707;-;-;Mon Nov 6 16:33:58 2017 -0500;1510004038
4ec60f08ad8f6b9c6da68c09bdccfcc4cdc92eae;4ec60f08ad;-;-;Mon Nov 6 21:19:44 2017 +0100;1509999584;-;-;Mon Nov 6 21:19:44 2017 +0100;1509999584
899994e7c1d928e32993e8cfe4156d01fd5e8c74;899994e7c1;-;-;Mon Nov 6 20:41:10 2017 +0100;1509997270;-;-;Mon Nov 6 20:41:10 2017 +0100;1509997270
ffd6eff369014f49102bacaa84c0826235c01ee5;ffd6eff369;-;-;Mon Nov 6 18:36:39 2017 +0100;1509989799;-;-;Mon Nov 6 18:36:39 2017 +0100;1509989799
9511d29adb10e8c5da674c66bcdc8b83c04142b9;9511d29adb;-;-;Mon Nov 6 18:36:29 2017 +0100;1509989789;-;-;Mon Nov 6 18:36:29 2017 +0100;1509989789
af2e296ff307287b29ae3361b898bc73b73e7b55;af2e296ff3;-;-;Mon Nov 6 16:00:18 2017 +0100;1509980418;-;-;Mon Nov 6 16:00:18 2017 +0100;1509980418
1838ddb95d40c57eb0ba3909f6ea3d67cab7640d;1838ddb95d;-;-;Sun Nov 5 13:14:45 2017 +0200;1509880485;-;-;Mon Nov 6 15:19:30 2017 +0100;1509977970
9649b0cb25b9f5e16f4734f28bc40b7b83b9f80f;9649b0cb25;-;-;Mon Nov 6 13:27:51 2017 +0100;1509971271;-;-;Mon Nov 6 13:27:51 2017 +0100;1509971271
2d1f87501c043fc58200ce4d1b0f544f8ad04619;2d1f87501c;-;-;Thu Nov 2 16:16:40 2017 +0100;1509635800;-;-;Mon Nov 6 10:42:11 2017 +0100;1509961331
9b7af8b5aaabbca31c6c89e635febd7577ba187a;9b7af8b5aa;-;-;Sun Nov 5 21:07:26 2017 +0100;1509912446;-;-;Sun Nov 5 21:07:26 2017 +0100;1509912446
07b479e264a4167d07916c125f1f4e5a7f059e1b;07b479e264;-;-;Sun Nov 5 21:01:29 2017 +0100;1509912089;-;-;Sun Nov 5 21:01:29 2017 +0100;1509912089
a75dd2dd3e8be9cc7fa239a68d1a10e86096bafb;a75dd2dd3e;-;-;Sun Nov 5 17:00:18 2017 +0100;1509897618;-;-;Sun Nov 5 17:00:18 2017 +0100;1509897618
e5c1deea637ca8b2ab4352857615e53b4cb07e87;e5c1deea63;-;-;Sun Nov 5 16:23:30 2017 +0100;1509895410;-;-;Sun Nov 5 16:23:30 2017 +0100;1509895410
80a0cf71f4b7d244e1832656a76810d4c79b3f1a;80a0cf71f4;-;-;Sun Nov 5 16:12:21 2017 +0100;1509894741;-;-;Sun Nov 5 16:12:21 2017 +0100;1509894741
0edf4d6509a7a4d43b70a408e4ff40e9c0d083fe;0edf4d6509;-;-;Sun Nov 5 16:11:21 2017 +0100;1509894681;-;-;Sun Nov 5 16:11:21 2017 +0100;1509894681
db050ac38c9db3a0893949f6c8d8610d75c84c4d;db050ac38c;-;-;Sat Nov 4 01:07:09 2017 +0100;1509754029;-;-;Sat Nov 4 01:07:09 2017 +0100;1509754029
996d747aed919784b61b43c468647e9500ec2027;996d747aed;-;-;Sat Nov 4 01:06:59 2017 +0100;1509754019;-;-;Sat Nov 4 01:06:59 2017 +0100;1509754019
a37fce854fffb7002420a62bbf115fce100b8359;a37fce854f;-;-;Fri Nov 3 23:48:44 2017 +0100;1509749324;-;-;Fri Nov 3 23:48:44 2017 +0100;1509749324
845110aa66698cd12a77db4b352a7252328e6ef7;845110aa66;-;-;Fri Nov 3 10:35:42 2017 -0400;1509719742;-;-;Fri Nov 3 10:35:42 2017 -0400;1509719742
fb76aa015003124cb7f450c240a4fff8bd6d4ee3;fb76aa0150;-;-;Fri Nov 3 13:25:23 2017 +0100;1509711923;-;-;Fri Nov 3 13:25:23 2017 +0100;1509711923
ef39092b3bca3b3dcf85796c66f682ea1e52f726;ef39092b3b;-;-;Fri Nov 3 08:21:55 2017 -0400;1509711715;-;-;Fri Nov 3 08:21:55 2017 -0400;1509711715
7964360f799b910e3af15c0f45f59c9ffbfea514;7964360f79;-;-;Thu Nov 2 16:37:47 2017 -0500;1509658667;-;-;Thu Nov 2 21:21:24 2017 -0400;1509672084
4534c5fbfc283f840314419a90640a43e66af9cd;4534c5fbfc;-;-;Thu Nov 2 21:03:09 2017 -0400;1509670989;-;-;Thu Nov 2 21:03:09 2017 -0400;1509670989
8c33ed02b33c0b708958cf05919740bef9a94e16;8c33ed02b3;-;-;Thu Nov 2 20:53:26 2017 -0400;1509670406;-;-;Thu Nov 2 20:53:26 2017 -0400;1509670406
aa653b23bc68220c34543071ef4219e11c8f29c2;aa653b23bc;-;-;Thu Nov 2 14:57:06 2017 -0400;1509649026;-;-;Thu Nov 2 14:57:06 2017 -0400;1509649026
1611ce7180b985084e60abc116f32d5db886808d;1611ce7180;-;-;Thu Nov 2 16:07:12 2017 +0100;1509635232;-;-;Thu Nov 2 16:07:12 2017 +0100;1509635232
d00e4f17ec35d44a50e1737bd8e8e8db9992769e;d00e4f17ec;-;-;Thu Nov 2 16:05:57 2017 +0100;1509635157;-;-;Thu Nov 2 16:05:57 2017 +0100;1509635157
b921d564d26f7eab53171c53c660397461de0ec2;b921d564d2;-;-;Thu Nov 2 16:05:40 2017 +0100;1509635140;-;-;Thu Nov 2 16:05:40 2017 +0100;1509635140
da9f138a65079105eeb5b4f88c119791c4f31543;da9f138a65;-;-;Thu Nov 2 16:05:27 2017 +0100;1509635127;-;-;Thu Nov 2 16:05:27 2017 +0100;1509635127
4dee333a75121f4f6ceb4f62e2da4744a6fda2c6;4dee333a75;-;-;Wed Oct 25 21:28:07 2017 +0200;1508959687;-;-;Thu Nov 2 09:59:14 2017 -0500;1509634754
abe4420006d244140d9d4efd0c31756b13951e76;abe4420006;-;-;Wed Nov 1 16:22:49 2017 -0400;1509567769;-;-;Wed Nov 1 16:34:32 2017 -0400;1509568472
b35b50bef19e6ad27fe7f56a7bff06779f113507;b35b50bef1;-;-;Wed Nov 1 09:21:21 2017 -0400;1509542481;-;-;Wed Nov 1 09:21:36 2017 -0400;1509542496
64bc9b43115bfc0bd563e1b3d064d0665ecaef02;64bc9b4311;-;-;Wed Nov 1 08:59:24 2017 -0400;1509541164;-;-;Wed Nov 1 09:21:36 2017 -0400;1509542496
a58002a5dee402fc005b5544d41e5f83b3bbea34;a58002a5de;-;-;Tue Oct 31 15:25:09 2017 +0100;1509459909;-;-;Wed Nov 1 13:17:52 2017 +0100;1509538672
579328bd7ab1517ee88cdda205b39d28d2943ba8;579328bd7a;-;-;Tue Oct 31 12:07:12 2017 -0400;1509466032;-;-;Tue Oct 31 12:08:18 2017 -0400;1509466098
d06129debdfd7dad3a446355773dbbf9276875bb;d06129debd;-;-;Tue Oct 31 16:33:38 2017 +0100;1509464018;-;-;Tue Oct 31 16:33:38 2017 +0100;1509464018
48c2cc18b97362bd526e65a990e688fbbf296bb4;48c2cc18b9;-;-;Tue Oct 31 09:21:09 2017 -0400;1509456069;-;-;Tue Oct 31 09:21:09 2017 -0400;1509456069
8083eaae54233b84edeeaf253234503c2d7f7256;8083eaae54;-;-;Tue Oct 31 08:54:19 2017 -0400;1509454459;-;-;Tue Oct 31 09:12:05 2017 -0400;1509455525
e5c8dc0d6594494cc8f2a3e638295ceef3e4db8b;e5c8dc0d65;-;-;Tue Oct 31 11:06:42 2017 +0100;1509444402;-;-;Tue Oct 31 11:06:42 2017 +0100;1509444402
295e3b6a994b91c815481c104af47f2d120d743d;295e3b6a99;-;-;Mon Oct 30 16:40:20 2017 +0100;1509378020;-;-;Mon Oct 30 16:40:20 2017 +0100;1509378020
3c07afc5be29210d6a363f51453ce1d511b8621c;3c07afc5be;-;-;Mon Oct 30 16:19:30 2017 +0100;1509376770;-;-;Mon Oct 30 16:19:30 2017 +0100;1509376770
49787493a6ca3726df62c4aff85023e8fa589ed3;49787493a6;-;-;Fri Oct 20 11:49:22 2017 +0200;1508492962;-;-;Mon Oct 30 10:39:18 2017 +0100;1509356358
70ed45020b116118fed38424694e5b37eb5c773b;70ed45020b;-;-;Sun Oct 29 09:51:25 2017 +0100;1509267085;-;-;Sun Oct 29 09:51:25 2017 +0100;1509267085
d9ede5bcca6ec80a0558e408252fbb5b3e281aa7;d9ede5bcca;-;-;Fri Oct 27 16:42:29 2017 -0400;1509136949;-;-;Fri Oct 27 16:42:29 2017 -0400;1509136949
f549d583cb6647214334e9b29b7c383167537dab;f549d583cb;-;-;Fri Oct 27 16:02:54 2017 -0400;1509134574;-;-;Fri Oct 27 16:02:54 2017 -0400;1509134574
b3407a6ce7ac2b5cb51f727a1c279390ed696621;b3407a6ce7;-;-;Fri Oct 27 15:55:21 2017 -0400;1509134121;-;-;Fri Oct 27 15:55:21 2017 -0400;1509134121
80fc85067e8b6e4dbc1377b4457a0f69634494b1;80fc85067e;-;-;Fri Oct 27 15:29:17 2017 +0200;1509110957;-;-;Fri Oct 27 15:29:17 2017 +0200;1509110957
78284a62e2f1bc28d7920f157492df72b9ff07fb;78284a62e2;-;-;Fri Oct 27 15:28:51 2017 +0200;1509110931;-;-;Fri Oct 27 15:28:51 2017 +0200;1509110931
0e1be82cfbc5b31bc8edcbec81feb08a99d9c3de;0e1be82cfb;-;-;Fri Oct 27 13:56:24 2017 +0200;1509105384;-;-;Fri Oct 27 13:56:24 2017 +0200;1509105384
b9a0e6bbf2b6fe5f0ed222f506efc644d0d9a4f0;b9a0e6bbf2;-;-;Fri Oct 27 13:52:51 2017 +0200;1509105171;-;-;Fri Oct 27 13:52:51 2017 +0200;1509105171
419b4440a726201c21d545aa05014cfe669faa7d;419b4440a7;-;-;Fri Oct 27 10:52:44 2017 +0200;1509094364;-;-;Fri Oct 27 10:52:44 2017 +0200;1509094364
2611aa000dcc9b0d67ecf3a83ef9c080eae6479f;2611aa000d;-;-;Thu Oct 26 21:20:45 2017 -0400;1509067245;-;-;Thu Oct 26 21:20:45 2017 -0400;1509067245
9d00552aac857b1a3fafa1d19cb856c1c50b70b9;9d00552aac;-;-;Thu Oct 26 21:10:09 2017 -0400;1509066609;-;-;Thu Oct 26 21:10:09 2017 -0400;1509066609
4437a185f4041b1111f87918bf62c01e0edceb8a;4437a185f4;-;-;Thu Oct 26 21:02:38 2017 -0400;1509066158;-;-;Thu Oct 26 21:02:38 2017 -0400;1509066158
e0177c9af65cd513596fa576ad66c71f16fc93a4;e0177c9af6;-;-;Thu Oct 26 20:44:03 2017 -0400;1509065043;-;-;Thu Oct 26 20:44:03 2017 -0400;1509065043
a7c30570c40771de8125e548ea2a551192caff6a;a7c30570c4;-;-;Thu Oct 26 17:49:54 2017 -0400;1509054594;-;-;Thu Oct 26 17:49:54 2017 -0400;1509054594
fd6f2bd6a42ff385f2cc6bbd213ee14a7c40c10d;fd6f2bd6a4;-;-;Thu Oct 26 22:49:34 2017 +0200;1509050974;-;-;Thu Oct 26 22:49:34 2017 +0200;1509050974
ee7b9283003386856222109ed833853ba7ed148b;ee7b928300;-;-;Thu Oct 26 21:26:31 2017 +0200;1509045991;-;-;Thu Oct 26 21:26:31 2017 +0200;1509045991
a2f5e1254e3ccf190ec559492a33ca87c47e54d3;a2f5e1254e;-;-;Thu Oct 26 15:28:27 2017 +0200;1509024507;-;-;Thu Oct 26 15:28:27 2017 +0200;1509024507
a982123ed5067c2e00101db9a8e317cd6b1434b9;a982123ed5;-;-;Wed Oct 25 17:26:36 2017 -0400;1508966796;-;-;Wed Oct 25 17:41:46 2017 -0400;1508967706
7e8c8f0b76955e5af74d86a736c902a41170e282;7e8c8f0b76;-;-;Wed Oct 25 19:23:48 2017 +0200;1508952228;-;-;Wed Oct 25 19:23:48 2017 +0200;1508952228
f965123513bfa04780404abb19bd66bbaa5a655f;f965123513;-;-;Wed Oct 25 19:19:32 2017 +0200;1508951972;-;-;Wed Oct 25 19:19:32 2017 +0200;1508951972
9bab7a2708d00c6213a22616fd04222bfe0c5912;9bab7a2708;-;-;Wed Oct 25 19:18:10 2017 +0200;1508951890;-;-;Wed Oct 25 19:18:10 2017 +0200;1508951890
01e7cae3ed00c0e8eda7d6edbbd7e54846260325;01e7cae3ed;-;-;Wed Oct 25 11:19:30 2017 -0400;1508944770;-;-;Wed Oct 25 11:19:30 2017 -0400;1508944770
065c9cc101073fbf1821c3916d40a6b146113c91;065c9cc101;-;-;Wed Oct 25 11:17:03 2017 -0400;1508944623;-;-;Wed Oct 25 11:17:03 2017 -0400;1508944623
376e5b6b538d2ef84660cde7eb48fd71bf8f62de;376e5b6b53;-;-;Wed Oct 25 11:14:00 2017 -0400;1508944440;-;-;Wed Oct 25 11:14:42 2017 -0400;1508944482
3c1518f53ab5ab20aba8d2e4922ccedfb4e23baa;3c1518f53a;-;-;Wed Oct 25 10:13:11 2017 -0400;1508940791;-;-;Wed Oct 25 10:13:11 2017 -0400;1508940791
5ac377499cb5d5c51e3d1faa16ea9ab3417aa75d;5ac377499c;-;-;Wed Oct 25 10:05:41 2017 -0400;1508940341;-;-;Wed Oct 25 10:05:41 2017 -0400;1508940341
bf4c97cb1cc15b572909d892dc191f6f493ee329;bf4c97cb1c;-;-;Tue Oct 24 23:48:12 2017 -0400;1508903292;-;-;Tue Oct 24 23:48:12 2017 -0400;1508903292
4e384a636fe75cf71716aab97b81d5636856256c;4e384a636f;-;-;Tue Oct 24 23:42:54 2017 -0400;1508902974;-;-;Tue Oct 24 23:42:54 2017 -0400;1508902974
b1068fe71e80515f501305e1732ef01b9763d12b;b1068fe71e;-;-;Tue Oct 24 23:28:13 2017 -0400;1508902093;-;-;Tue Oct 24 23:30:15 2017 -0400;1508902215
a455feab59ec077d7bcc7ad792103ff549add095;a455feab59;-;-;Tue Oct 24 23:21:29 2017 -0400;1508901689;-;-;Tue Oct 24 23:21:29 2017 -0400;1508901689
375d26ed505ff2760c7690d25be1afbd7297a5bd;375d26ed50;-;-;Tue Oct 24 23:19:45 2017 -0400;1508901585;-;-;Tue Oct 24 23:19:45 2017 -0400;1508901585
e30d1d92ec943208b6647efe69e6f224e3a7ae22;e30d1d92ec;-;-;Tue Oct 24 22:54:26 2017 -0400;1508900066;-;-;Tue Oct 24 22:54:26 2017 -0400;1508900066
ce4d88d4740b33c0cacbc7281981acd101eecdd0;ce4d88d474;-;-;Tue Oct 24 15:57:47 2017 -0400;1508875067;-;-;Tue Oct 24 15:57:47 2017 -0400;1508875067
6dcc8539f7d6d2aed9258d931c178dcd163cc112;6dcc8539f7;-;-;Tue Oct 24 15:15:29 2017 +0000;1508858129;-;-;Tue Oct 24 15:15:29 2017 +0000;1508858129
d963597ec076da41a238659271ada292f3540275;d963597ec0;-;-;Tue Oct 24 15:51:29 2017 +0200;1508853089;-;-;Tue Oct 24 15:51:29 2017 +0200;1508853089
9cfa9291ccbaa00d16194a214111f12b46252151;9cfa9291cc;-;-;Tue Oct 24 14:56:38 2017 +0200;1508849798;-;-;Tue Oct 24 14:56:38 2017 +0200;1508849798
2d0ab4740c2cf4d6a79fa79bce9c603106c5a22c;2d0ab4740c;-;-;Tue Oct 24 13:16:47 2017 +0200;1508843807;-;-;Tue Oct 24 13:16:47 2017 +0200;1508843807
9efdadcdcaf8e9b13ef6cf27a6646e528198a7af;9efdadcdca;-;-;Tue Oct 24 13:14:53 2017 +0200;1508843693;-;-;Tue Oct 24 13:14:53 2017 +0200;1508843693
efe943df721fd0f39d82ef32db41c4da964a1a3c;efe943df72;-;-;Tue Oct 24 13:14:22 2017 +0200;1508843662;-;-;Tue Oct 24 13:14:22 2017 +0200;1508843662
bf6025303b35a0e59b8dacb7b057292bdfc624e2;bf6025303b;-;-;Tue Oct 24 11:41:51 2017 +0200;1508838111;-;-;Tue Oct 24 11:41:51 2017 +0200;1508838111
6457a1556ebb7584a32301870738a56a537fc530;6457a1556e;-;-;Tue Oct 24 10:59:47 2017 +0200;1508835587;-;-;Tue Oct 24 10:59:47 2017 +0200;1508835587
a4f8ce75538c9c4148ed31bc77cc60ca0a1f9b5c;a4f8ce7553;-;-;Tue Oct 24 02:02:59 2017 +0200;1508803379;-;-;Tue Oct 24 02:02:59 2017 +0200;1508803379
182da1590821a0b621c8721e325b5bfc17755fec;182da15908;-;-;Tue Oct 24 01:01:49 2017 +0200;1508799709;-;-;Tue Oct 24 01:01:49 2017 +0200;1508799709
55b0c2f243fd1dc5bad98611b17b441af6cb58c6;55b0c2f243;-;-;Tue Oct 24 01:01:42 2017 +0200;1508799702;-;-;Tue Oct 24 01:01:42 2017 +0200;1508799702
1c256a112b345f1a35a572c7498abc3f95b997ea;1c256a112b;-;-;Mon Oct 23 22:59:25 2017 +0200;1508792365;-;-;Mon Oct 23 23:09:14 2017 +0200;1508792954
a3e62284eacda529f28433f26f9f91370d164a3b;a3e62284ea;-;-;Mon Oct 23 16:57:56 2017 -0400;1508792276;-;-;Mon Oct 23 16:57:56 2017 -0400;1508792276
c80aa83383c3313f46053335b110a87c79ba4a03;c80aa83383;-;-;Mon Oct 23 15:01:51 2017 -0400;1508785311;-;-;Mon Oct 23 15:01:51 2017 -0400;1508785311
ecea82d3a557614aba454ea3ed79817febc596f7;ecea82d3a5;-;-;Mon Oct 23 17:14:09 2017 +0200;1508771649;-;-;Mon Oct 23 17:14:09 2017 +0200;1508771649
f31069ac05af221baefc909963f037421a86b248;f31069ac05;-;-;Mon Oct 23 17:13:55 2017 +0200;1508771635;-;-;Mon Oct 23 17:13:55 2017 +0200;1508771635
40a6fba4432c6842b93644b9eaa87d3d43ede882;40a6fba443;-;-;Mon Oct 23 16:39:33 2017 +0200;1508769573;-;-;Mon Oct 23 16:39:33 2017 +0200;1508769573
585ad5961ae1189c5010ae6ef5cf418f8c112484;585ad5961a;-;-;Mon Oct 23 11:35:46 2017 +0200;1508751346;-;-;Mon Oct 23 11:35:46 2017 +0200;1508751346
62c6a0054d7dfde663356fe1507d195014c51b0d;62c6a0054d;-;-;Mon Oct 23 09:20:46 2017 +0200;1508743246;-;-;Mon Oct 23 09:20:46 2017 +0200;1508743246
c7100f771cea9e6982d84ac2665deb42b1aa3995;c7100f771c;-;-;Sun Oct 22 20:34:34 2017 +0200;1508697274;-;-;Sun Oct 22 20:34:34 2017 +0200;1508697274
75ec973bae4b06bd6aed18463507c22170e73dca;75ec973bae;-;-;Sun Oct 22 20:29:46 2017 +0200;1508696986;-;-;Sun Oct 22 20:29:46 2017 +0200;1508696986
5d41e0f0121d710cf2e0f90fac3920057004d254;5d41e0f012;-;-;Sun Oct 22 14:31:17 2017 +0200;1508675477;-;-;Sun Oct 22 14:31:17 2017 +0200;1508675477
9a88ebdeba8455bf5fdb3076f0e7eca4d6acbde2;9a88ebdeba;-;-;Sun Oct 22 12:12:32 2017 +0200;1508667152;-;-;Sun Oct 22 12:12:32 2017 +0200;1508667152
9288990603e5167f2f430ca22536691897610f47;9288990603;-;-;Sat Oct 21 23:18:54 2017 +0200;1508620734;-;-;Sat Oct 21 23:18:54 2017 +0200;1508620734
5809f5b8ebd66f1dd4589f7f326a24c10762e24f;5809f5b8eb;-;-;Sat Oct 21 23:02:54 2017 +0200;1508619774;-;-;Sat Oct 21 23:02:54 2017 +0200;1508619774
d418ba1b5d714951960f31cac64af46dd8b39dd0;d418ba1b5d;-;-;Sat Oct 21 22:55:51 2017 +0200;1508619351;-;-;Sat Oct 21 22:55:51 2017 +0200;1508619351
9404041719f29a4a48b939a5d4a4bea145b99251;9404041719;-;-;Sat Oct 21 08:10:24 2017 +0200;1508566224;-;-;Sat Oct 21 08:10:56 2017 +0200;1508566256
1cc5afe24b592a50ab68c090e438138ab180374a;1cc5afe24b;-;-;Fri Oct 20 16:41:40 2017 -0400;1508532100;-;-;Fri Oct 20 16:42:26 2017 -0400;1508532146
8ad212dae2167651674aabd6edcc62df79d9e7ec;8ad212dae2;-;-;Fri Oct 20 16:44:08 2017 +0200;1508510648;-;-;Fri Oct 20 16:44:08 2017 +0200;1508510648
e17ad551f3103514db82da677624fcded58dd726;e17ad551f3;-;-;Fri Oct 20 16:16:06 2017 +0200;1508508966;-;-;Fri Oct 20 16:16:06 2017 +0200;1508508966
d1fac36e3ea03bda44fb44174ce07c521d4bdb82;d1fac36e3e;-;-;Fri Oct 20 16:10:12 2017 +0200;1508508612;-;-;Fri Oct 20 16:10:12 2017 +0200;1508508612
a4537b1b6dfef03fb2c004ca1fab5d2019ab52fb;a4537b1b6d;-;-;Fri Oct 20 16:02:26 2017 +0200;1508508146;-;-;Fri Oct 20 16:02:26 2017 +0200;1508508146
48eb416eccc6649296ad2e83e09ba8d2a766b6de;48eb416ecc;-;-;Thu Oct 19 21:42:31 2017 -0400;1508463751;-;-;Thu Oct 19 21:42:31 2017 -0400;1508463751
ab92754a2efebda6baa063e8ecd381c322582cf8;ab92754a2e;-;-;Thu Oct 19 21:01:38 2017 -0400;1508461298;-;-;Thu Oct 19 21:01:38 2017 -0400;1508461298
c7a15260d631371481519098432795e8808ec9bc;c7a15260d6;-;-;Thu Oct 19 10:21:49 2017 +0200;1508401309;-;-;Thu Oct 19 10:38:52 2017 +0200;1508402332
d8a7b96b46bffa8ef376f056f57bdafb1881603c;d8a7b96b46;-;-;Wed Oct 18 19:08:22 2017 -0400;1508368102;-;-;Wed Oct 18 21:07:27 2017 -0400;1508375247
a3eeda99e0a81c6fc51dbafe201f550a395c139b;a3eeda99e0;-;-;Wed Oct 18 20:24:17 2017 +0200;1508351057;-;-;Wed Oct 18 20:24:17 2017 +0200;1508351057
9df6f3e6b852e642d7d631e8004e003d6cebfba8;9df6f3e6b8;-;-;Wed Oct 18 20:21:49 2017 +0200;1508350909;-;-;Wed Oct 18 20:21:49 2017 +0200;1508350909
c3378fda33474e1b4c40d12eb725fb5e2b3d36fe;c3378fda33;-;-;Wed Oct 18 20:21:12 2017 +0200;1508350872;-;-;Wed Oct 18 20:21:12 2017 +0200;1508350872
950edf888a9935213ce6dc04a8d140c05fa9a860;950edf888a;-;-;Wed Oct 18 11:41:46 2017 -0400;1508341306;-;-;Wed Oct 18 11:41:46 2017 -0400;1508341306
bec1fc18523e518caa62d4a952b759fe3d5f02e1;bec1fc1852;-;-;Wed Oct 18 12:31:22 2017 +0200;1508322682;-;-;Wed Oct 18 12:31:22 2017 +0200;1508322682
ea00c7c6c881885d65c8799737fb9cd86eb0c3e7;ea00c7c6c8;-;-;Wed Oct 18 12:18:30 2017 +0200;1508321910;-;-;Wed Oct 18 12:18:30 2017 +0200;1508321910
ba74e428088ddf4c54505357c333f5cbd76056c2;ba74e42808;-;-;Wed Oct 18 12:17:24 2017 +0200;1508321844;-;-;Wed Oct 18 12:17:24 2017 +0200;1508321844
5f270bc432157c48506427ccd6effa675b9754e5;5f270bc432;-;-;Wed Oct 18 12:17:13 2017 +0200;1508321833;-;-;Wed Oct 18 12:17:13 2017 +0200;1508321833
e5a55327f42f4f88986e4ec4de026172d8f6fb7e;e5a55327f4;-;-;Wed Oct 18 11:38:07 2017 +0200;1508319487;-;-;Wed Oct 18 11:38:07 2017 +0200;1508319487
32d78e60b6bf19a66865478b86c69eb6ff49c8df;32d78e60b6;-;-;Tue Oct 17 21:49:57 2017 -0400;1508291397;-;-;Tue Oct 17 21:49:57 2017 -0400;1508291397
cd634633d8ba690ff5c91efdbd0ace19e1018fe2;cd634633d8;-;-;Tue Oct 17 16:57:35 2017 -0400;1508273855;-;-;Tue Oct 17 16:57:35 2017 -0400;1508273855
94c4a7f94174243899d0f2bf94d6121f68d9c388;94c4a7f941;-;-;Tue Oct 17 12:23:12 2017 -0400;1508257392;-;-;Tue Oct 17 12:23:12 2017 -0400;1508257392
3d1023be8c37e81f2dee2ff58ad1ca06210c2f98;3d1023be8c;-;-;Tue Oct 17 11:56:30 2017 +0200;1508234190;-;-;Tue Oct 17 11:56:30 2017 +0200;1508234190
ef6aef91077901a5ed532ec3e7a55f5e0e554080;ef6aef9107;-;-;Tue Oct 17 11:49:54 2017 +0200;1508233794;-;-;Tue Oct 17 11:49:54 2017 +0200;1508233794
3cb38cef2e214450b21ff54701bc9bd3b9f6693b;3cb38cef2e;-;-;Tue Oct 17 08:34:54 2017 +0200;1508222094;-;-;Tue Oct 17 08:34:54 2017 +0200;1508222094
b4c95bf2788e3dd0358bc1ff31d8cc3d4ff995ca;b4c95bf278;-;-;Mon Oct 16 20:47:32 2017 -0400;1508201252;-;-;Mon Oct 16 20:49:22 2017 -0400;1508201362
16a08cb4653c674d43a4d377048d949163a97a29;16a08cb465;-;-;Mon Oct 16 23:53:23 2017 +0200;1508190803;-;-;Mon Oct 16 23:53:23 2017 +0200;1508190803
be9c0967467ba2e0dda4aa7f2ae72bd9bbc7ab99;be9c096746;-;-;Mon Oct 16 23:53:09 2017 +0200;1508190789;-;-;Mon Oct 16 23:53:09 2017 +0200;1508190789
d1b5b5d2f7cdc12df404648b673adcc073838dd5;d1b5b5d2f7;-;-;Mon Oct 16 23:11:19 2017 +0200;1508188279;-;-;Mon Oct 16 23:53:02 2017 +0200;1508190782
2d05e538fb690aa38e3bef8afc14b1d48a74e054;2d05e538fb;-;-;Mon Oct 16 09:55:11 2017 -0400;1508162111;-;-;Mon Oct 16 09:55:58 2017 -0400;1508162158
4831d38db2e802711287d2474d920be0ab530d5b;4831d38db2;-;-;Mon Oct 16 09:39:24 2017 -0400;1508161164;-;-;Mon Oct 16 09:55:58 2017 -0400;1508162158
e9187daa5cacb7f807a653a596c3f38754c13928;e9187daa5c;-;-;Mon Oct 16 08:08:38 2017 -0400;1508155718;-;-;Mon Oct 16 09:55:58 2017 -0400;1508162158
314f3fc5478ca32a050cfd5e53b42b8850b1aed2;314f3fc547;-;-;Fri Oct 13 13:24:33 2017 -0400;1507915473;-;-;Mon Oct 16 09:55:58 2017 -0400;1508162158
c3cf0840b7944430bd40ee6a0916026f87bb2972;c3cf0840b7;-;-;Mon Oct 16 15:34:39 2017 +0200;1508160879;-;-;Mon Oct 16 15:34:39 2017 +0200;1508160879
c29b6f5b5565f8103faa288f3708cb9c736d7ee7;c29b6f5b55;-;-;Mon Oct 16 15:34:18 2017 +0200;1508160858;-;-;Mon Oct 16 15:34:18 2017 +0200;1508160858
3890d4c9eb12341e4a3051b1dac110f96dd9cae7;3890d4c9eb;-;-;Mon Oct 16 15:34:09 2017 +0200;1508160849;-;-;Mon Oct 16 15:34:09 2017 +0200;1508160849
8a94077da0526d369d2b8b251671726f804fb8c9;8a94077da0;-;-;Sun Oct 15 18:28:08 2017 +0200;1508084888;-;-;Sun Oct 15 18:28:08 2017 +0200;1508084888
8f4fb207d7cf7ade2000ee5c5b86d43535e7f00c;8f4fb207d7;-;-;Sun Oct 15 16:16:48 2017 +0200;1508077008;-;-;Sun Oct 15 16:16:48 2017 +0200;1508077008
e9367a11f6f8183d2f8648d90ecc7e76a0e2987c;e9367a11f6;-;-;Sun Oct 15 16:15:44 2017 +0200;1508076944;-;-;Sun Oct 15 16:15:44 2017 +0200;1508076944
43b5e21947f3ad9682ae39cd8b8b5ae4b8f72c14;43b5e21947;-;-;Fri Oct 13 18:18:12 2017 +0200;1507911492;-;-;Fri Oct 13 18:18:12 2017 +0200;1507911492
24ca8ccf5ac9582dbc6d2f15848c4f8398a3a96f;24ca8ccf5a;-;-;Fri Oct 13 16:54:30 2017 +0200;1507906470;-;-;Fri Oct 13 16:54:30 2017 +0200;1507906470
6e71664a60db9e0cf965ee13fc111e1029d8d307;6e71664a60;-;-;Fri Oct 13 14:38:46 2017 +0200;1507898326;-;-;Fri Oct 13 14:38:46 2017 +0200;1507898326
625737f90ad07b08a301252a8b5a4d2f8652817d;625737f90a;-;-;Fri Oct 13 14:24:12 2017 +0200;1507897452;-;-;Fri Oct 13 14:24:12 2017 +0200;1507897452
682186a20deaa121425f17570ebc8a233b774389;682186a20d;-;-;Fri Oct 13 14:23:22 2017 +0200;1507897402;-;-;Fri Oct 13 14:23:22 2017 +0200;1507897402
faa74988c4a5d296cd631af2746f4b681a04b0f8;faa74988c4;-;-;Fri Oct 13 11:23:10 2017 +0200;1507886590;-;-;Fri Oct 13 11:23:10 2017 +0200;1507886590
2962f085e508b066ad33c7285178ba2d2b7095bc;2962f085e5;-;-;Thu Oct 12 17:48:42 2017 +0200;1507823322;-;-;Thu Oct 12 17:48:42 2017 +0200;1507823322
ef0e4dc56ae06b77b28fd59da23dcc3f56ff951c;ef0e4dc56a;-;-;Thu Oct 12 17:31:10 2017 +0200;1507822270;-;-;Thu Oct 12 17:31:10 2017 +0200;1507822270
91a899389575755f89760d9cd21c564632c15394;91a8993895;-;-;Thu Oct 12 15:31:57 2017 +0200;1507815117;-;-;Thu Oct 12 15:31:57 2017 +0200;1507815117
d611486978a04c584b8fec427fd7caebf8b769ec;d611486978;-;-;Thu Oct 12 15:31:11 2017 +0200;1507815071;-;-;Thu Oct 12 15:31:11 2017 +0200;1507815071
2e0a2845abe87f709b9f797eef615c6be1e272f5;2e0a2845ab;-;-;Wed Oct 11 07:40:25 2017 -0400;1507722025;-;-;Wed Oct 11 07:40:25 2017 -0400;1507722025
3febec3df6c95651b3a7183bb1f413a8872d53d1;3febec3df6;-;-;Tue Oct 10 23:28:03 2017 +0200;1507670883;-;-;Tue Oct 10 23:28:03 2017 +0200;1507670883
1356bd4359ee74a5c93630349d76ced142b994d9;1356bd4359;-;-;Tue Oct 10 22:35:37 2017 +0200;1507667737;-;-;Tue Oct 10 22:57:52 2017 +0200;1507669072
699fde91db889bdb0d0d09267871de6f21a8d53c;699fde91db;-;-;Tue Oct 10 22:18:09 2017 +0200;1507666689;-;-;Tue Oct 10 22:18:09 2017 +0200;1507666689
6833d4cdff3ec37c23e296b2aeca914f3ca8e33f;6833d4cdff;-;-;Tue Oct 10 16:12:12 2017 -0400;1507666332;-;-;Tue Oct 10 16:16:29 2017 -0400;1507666589
0d3fa4eb70bbd17734a1519a3dbb8816b4f74b20;0d3fa4eb70;-;-;Tue Oct 10 20:35:47 2017 +0200;1507660547;-;-;Tue Oct 10 20:35:47 2017 +0200;1507660547
6ef7dd4d5e864007d12494087773f34ce743990f;6ef7dd4d5e;-;-;Tue Oct 10 20:33:52 2017 +0200;1507660432;-;-;Tue Oct 10 20:33:52 2017 +0200;1507660432
dc3299152c306845f77c953360ffe68a07f36a6b;dc3299152c;-;-;Mon Oct 9 16:06:03 2017 +0200;1507557963;-;-;Mon Oct 9 16:06:03 2017 +0200;1507557963
28e2dd0487303deba88562284ab0e46da193a61a;28e2dd0487;-;-;Mon Oct 9 14:00:11 2017 +0200;1507550411;-;-;Mon Oct 9 14:00:11 2017 +0200;1507550411
cc6e6490d228a590d9163fa5c56731fa704940c0;cc6e6490d2;-;-;Mon Oct 9 13:59:29 2017 +0200;1507550369;-;-;Mon Oct 9 13:59:29 2017 +0200;1507550369
ad4c8e7c0d8b35b633c08255603a2e5a3acf8fd2;ad4c8e7c0d;-;-;Mon Oct 9 13:59:09 2017 +0200;1507550349;-;-;Mon Oct 9 13:59:09 2017 +0200;1507550349
53091c76bf2f1a3c772c3b9dc24f57526dffb2df;53091c76bf;-;-;Mon Oct 9 13:59:01 2017 +0200;1507550341;-;-;Mon Oct 9 13:59:01 2017 +0200;1507550341
d4677be5c080b2ce502c281ab116c1e5a2589047;d4677be5c0;-;-;Fri Oct 6 21:29:36 2017 -0400;1507339776;-;-;Fri Oct 6 21:29:36 2017 -0400;1507339776
9998c63ee4d4a3987d50c1d4ad8afade6a8b6646;9998c63ee4;-;-;Fri Oct 6 13:11:15 2017 -0400;1507309875;-;-;Fri Oct 6 13:11:15 2017 -0400;1507309875
b47905f0507bb204470655d1e1578da53d5a76e1;b47905f050;-;-;Fri Oct 6 07:46:18 2017 +0200;1507268778;-;-;Fri Oct 6 07:46:18 2017 +0200;1507268778
3533db78d24117d11a598b38a06422a9360faedf;3533db78d2;-;-;Thu Oct 5 23:33:21 2017 -0400;1507260801;-;-;Thu Oct 5 23:33:21 2017 -0400;1507260801
b11caeb3ea763bf26680ffedba9bde9e740fdf4e;b11caeb3ea;-;-;Thu Oct 5 22:43:26 2017 -0400;1507257806;-;-;Thu Oct 5 22:43:26 2017 -0400;1507257806
ee3913c6d0e092ba798fb9fb4fc1d758b8692e36;ee3913c6d0;-;-;Thu Oct 5 22:23:38 2017 -0400;1507256618;-;-;Thu Oct 5 22:23:38 2017 -0400;1507256618
8aaa7e9cc7c0618b64be9b052689db39471e6617;8aaa7e9cc7;-;-;Thu Oct 5 15:31:27 2017 -0400;1507231887;-;-;Thu Oct 5 15:31:27 2017 -0400;1507231887
eea8ee2165d694165364692bfd1ad761bb7fc09d;eea8ee2165;-;-;Thu Oct 5 14:22:26 2017 -0400;1507227746;-;-;Thu Oct 5 14:25:23 2017 -0400;1507227923
e5a5677fcd2a0948be5ab87fbd418fdc7b2b1daf;e5a5677fcd;-;-;Thu Oct 5 07:23:18 2017 -0400;1507202598;-;-;Thu Oct 5 14:25:18 2017 -0400;1507227918
d04d4bfb4d4bfabd7cef417d5b45fd992603a18f;d04d4bfb4d;-;-;Wed Oct 4 14:58:11 2017 -0400;1507143491;-;-;Wed Oct 4 15:05:25 2017 -0400;1507143925
decb6329dba834043d72c44457d997d0409eda4f;decb6329db;-;-;Wed Oct 4 04:50:11 2017 -0400;1507107011;-;-;Wed Oct 4 15:05:25 2017 -0400;1507143925
66a6fdaccab4aeffef5b3beed34ad5a0fcf2b386;66a6fdacca;-;-;Wed Oct 4 12:29:16 2017 +0200;1507112956;-;-;Wed Oct 4 12:29:16 2017 +0200;1507112956
03b68286a215e96d4706efe1c6fdcbf48169c930;03b68286a2;-;-;Wed Oct 4 12:23:16 2017 +0200;1507112596;-;-;Wed Oct 4 12:23:16 2017 +0200;1507112596
b2017bb1ec8869542129dbfa859143dffdb258c8;b2017bb1ec;-;-;Tue Oct 3 18:06:13 2017 -0400;1507068373;-;-;Tue Oct 3 18:06:13 2017 -0400;1507068373
45c207aeced189170f983a54c5b00a78221a952c;45c207aece;-;-;Tue Oct 3 17:55:14 2017 -0400;1507067714;-;-;Tue Oct 3 17:59:07 2017 -0400;1507067947
6597551858fb64fe3f086a35b7ab8c72cd105056;6597551858;-;-;Tue Oct 3 15:29:36 2017 -0400;1507058976;-;-;Tue Oct 3 17:59:07 2017 -0400;1507067947
3eebdb389b4a18df3d742942184df1a06d1f7569;3eebdb389b;-;-;Tue Oct 3 20:20:35 2017 +0200;1507054835;-;-;Tue Oct 3 20:20:35 2017 +0200;1507054835
fbf2e1e35528dff3691f811d16893f737a1b2f18;fbf2e1e355;-;-;Tue Oct 3 09:56:13 2017 -0400;1507038973;-;-;Tue Oct 3 10:00:48 2017 -0400;1507039248
2ecd5a4f02b64515c46f74491b591ab7af902658;2ecd5a4f02;-;-;Tue Oct 3 15:49:28 2017 +0200;1507038568;-;-;Tue Oct 3 15:49:37 2017 +0200;1507038577
34a7991e18b62d39b92a96e6f132205d73b2efdd;34a7991e18;-;-;Tue Oct 3 08:25:01 2017 +0200;1507011901;-;-;Tue Oct 3 08:25:01 2017 +0200;1507011901
c9d3c2690d5010f6cafe8fb98ae8e9c0b6d92d9b;c9d3c2690d;-;-;Mon Oct 2 12:27:11 2017 +0200;1506940031;-;-;Mon Oct 2 12:27:11 2017 +0200;1506940031
30d1b53aa515b0a429fee814f9136145ee9886d5;30d1b53aa5;-;-;Sun Oct 1 09:23:23 2017 +0200;1506842603;-;-;Sun Oct 1 09:23:23 2017 +0200;1506842603
cf86f9b3dddb14a1446304bf7f186059a65bd2e7;cf86f9b3dd;-;-;Sat Sep 30 19:58:27 2017 +0200;1506794307;-;-;Sat Sep 30 19:59:34 2017 +0200;1506794374
657dc961f4d7f23ec6eab861d872cba6ba2b12c0;657dc961f4;-;-;Sat Sep 30 15:25:51 2017 +0200;1506777951;-;-;Sat Sep 30 15:25:51 2017 +0200;1506777951
7a8c8c062e7c8767fc1fbaae442f568685ffe83e;7a8c8c062e;-;-;Fri Sep 29 20:21:01 2017 -0400;1506730861;-;-;Fri Sep 29 20:21:01 2017 -0400;1506730861
48c41049b118733c66e425c8f6ac6d33cb04a4e9;48c41049b1;-;-;Fri Sep 29 17:03:23 2017 -0400;1506719003;-;-;Fri Sep 29 17:03:23 2017 -0400;1506719003
223e27d53d72af3f639f0718a9d1f2e4608e0d14;223e27d53d;-;-;Fri Sep 29 12:46:32 2017 -0400;1506703592;-;-;Fri Sep 29 13:04:03 2017 -0400;1506704643
95fdfac1281b7c54755890a43ccc9a4f617a69c9;95fdfac128;-;-;Fri Sep 29 17:57:11 2017 +0200;1506700631;-;-;Fri Sep 29 17:57:11 2017 +0200;1506700631
cee9d1c08f92f49646da17545d0c7d7f737a62e2;cee9d1c08f;-;-;Fri Sep 29 14:41:57 2017 +0200;1506688917;-;-;Fri Sep 29 14:41:57 2017 +0200;1506688917
1f0f292bab176fb6563c3100410b198b9edd3a36;1f0f292bab;-;-;Fri Sep 29 14:36:59 2017 +0200;1506688619;-;-;Fri Sep 29 14:36:59 2017 +0200;1506688619
f2d040c41cc66e85e0a54199749db99a5bd89de1;f2d040c41c;-;-;Fri Sep 29 14:31:50 2017 +0200;1506688310;-;-;Fri Sep 29 14:31:50 2017 +0200;1506688310
12e1ad9163dc523ce7e9bcaabcb14bd0149dbe96;12e1ad9163;-;-;Fri Sep 29 12:29:24 2017 +0200;1506680964;-;-;Fri Sep 29 12:30:20 2017 +0200;1506681020
69945f4185e57c61ae9dbb3f12b612de046339c9;69945f4185;-;-;Fri Sep 29 10:15:40 2017 +0200;1506672940;-;-;Fri Sep 29 10:15:40 2017 +0200;1506672940
d332e06f6c73c5ef8588f62e2ab822acf892ba36;d332e06f6c;-;-;Thu Sep 28 16:05:44 2017 -0400;1506629144;-;-;Thu Sep 28 16:11:48 2017 -0400;1506629508
b7708d989bb426055839fa38b3e65249fb962a65;b7708d989b;-;-;Thu Sep 28 20:44:35 2017 +0100;1506627875;-;-;Thu Sep 28 22:02:25 2017 +0200;1506628945
2c2bbb45b90b4d899b32034c8e79c83dd64ee7fd;2c2bbb45b9;-;-;Thu Sep 28 14:53:43 2017 -0400;1506624823;-;-;Thu Sep 28 14:53:43 2017 -0400;1506624823
7c5dd03c9db198ed30f85671c873e1b7bc38e89c;7c5dd03c9d;-;-;Thu Sep 28 19:55:07 2017 +0200;1506621307;-;-;Thu Sep 28 19:55:07 2017 +0200;1506621307
2408e2515a48a6eb49048ffe1ecd24cb9067ac0c;2408e2515a;-;-;Thu Sep 28 16:44:08 2017 +0200;1506609848;-;-;Thu Sep 28 16:44:08 2017 +0200;1506609848
1440026fb49200f632cfeb6c1dd38968adf3c1ad;1440026fb4;-;-;Fri Sep 8 09:15:42 2017 +0100;1504858542;-;-;Thu Sep 28 15:02:25 2017 +0200;1506603745
5c7bd0a9ea5447628bb8a53c8ba2bf3953fafe4b;5c7bd0a9ea;-;-;Thu Sep 28 11:28:33 2017 +0000;1506598113;-;-;Thu Sep 28 11:28:33 2017 +0000;1506598113
c078e2eb1deb8b86db64e303d1d263249d0b3d5b;c078e2eb1d;-;-;Thu Sep 28 11:47:50 2017 +0200;1506592070;-;-;Thu Sep 28 11:47:50 2017 +0200;1506592070
255ccf58e0f78320badb96ba1a08004c88c1ff0a;255ccf58e0;-;-;Thu Sep 28 11:45:33 2017 +0200;1506591933;-;-;Thu Sep 28 11:45:33 2017 +0200;1506591933
5733065ba45f4512bb2e569e1c443faad91628b0;5733065ba4;-;-;Thu Sep 28 01:16:51 2017 -0400;1506575811;-;-;Thu Sep 28 01:16:51 2017 -0400;1506575811
67910ee48cd285a6f5367a4206dec8fcf935d056;67910ee48c;-;-;Wed Sep 27 23:34:45 2017 -0400;1506569685;-;-;Wed Sep 27 23:34:45 2017 -0400;1506569685
71ccf3c9e340f6783fcf436211882257581d27ec;71ccf3c9e3;-;-;Wed Sep 27 22:48:26 2017 -0400;1506566906;-;-;Wed Sep 27 22:48:26 2017 -0400;1506566906
13c959296a464f30d01d59593fbbea857718f3af;13c959296a;-;-;Wed Sep 27 21:48:35 2017 -0400;1506563315;-;-;Wed Sep 27 22:04:07 2017 -0400;1506564247
869b818e96844791bdd30201f2ee4c636ebba075;869b818e96;-;-;Wed Sep 27 21:45:03 2017 -0400;1506563103;-;-;Wed Sep 27 22:03:42 2017 -0400;1506564222
0f1bd49f6dd449b902211a5946107c11ee5d1cac;0f1bd49f6d;-;-;Wed Sep 27 21:28:49 2017 -0400;1506562129;-;-;Wed Sep 27 21:28:49 2017 -0400;1506562129
126ac849e5592f65d742d1f23bf891e1a115af01;126ac849e5;-;-;Wed Sep 27 23:08:30 2017 +0200;1506546510;-;-;Thu Sep 28 00:58:38 2017 +0200;1506553118
ec345bf162285e397df774bdc2ad756e3aba155a;ec345bf162;-;-;Thu Sep 28 00:31:12 2017 +0200;1506551472;-;-;Thu Sep 28 00:31:12 2017 +0200;1506551472
d3129a8bd7e77eef6a49e97226ceb153b6f4c8aa;d3129a8bd7;-;-;Wed Sep 27 23:27:44 2017 +0200;1506547664;-;-;Wed Sep 27 23:27:44 2017 +0200;1506547664
8c9d42f793408a16b590bbf23be8dd05999b4660;8c9d42f793;-;-;Wed Sep 27 23:01:59 2017 +0200;1506546119;-;-;Wed Sep 27 23:01:59 2017 +0200;1506546119
492c469d7992e8e8ed99fb2c99f788a2e6bece1d;492c469d79;-;-;Wed Sep 27 22:49:36 2017 +0200;1506545376;-;-;Wed Sep 27 22:54:18 2017 +0200;1506545658
142c16611dfbfc2ee0e1643b4452c854adf11c73;142c16611d;-;-;Wed Sep 27 21:31:34 2017 +0200;1506540694;-;-;Wed Sep 27 21:31:34 2017 +0200;1506540694
6ee1af27c61c015461f79f95f1e4f89db911be0c;6ee1af27c6;-;-;Wed Sep 27 14:57:56 2017 -0400;1506538676;-;-;Wed Sep 27 15:25:29 2017 -0400;1506540329
d8d74faab8b6c699b4c7b29469c9f88fefdfce01;d8d74faab8;-;-;Wed Sep 27 21:04:58 2017 +0200;1506539098;-;-;Wed Sep 27 21:04:58 2017 +0200;1506539098
e995854f1126457c2a25ce37d6ba95694f1dd53d;e995854f11;-;-;Wed Sep 27 20:05:42 2017 +0200;1506535542;-;-;Wed Sep 27 20:05:50 2017 +0200;1506535550
a1a7c6212731d7eff716021e7543272f2b9c72dc;a1a7c62127;-;-;Wed Sep 27 19:00:51 2017 +0200;1506531651;-;-;Wed Sep 27 19:52:48 2017 +0200;1506534768
00c0d7847faf1558390ddb1fe9677e72f8314269;00c0d7847f;-;-;Wed Sep 27 16:37:10 2017 +0200;1506523030;-;-;Wed Sep 27 16:37:10 2017 +0200;1506523030
550bed29052cc7cb7ce9b8a9e149e98376d62fbb;550bed2905;-;-;Wed Sep 27 16:25:16 2017 +0200;1506522316;-;-;Wed Sep 27 16:25:30 2017 +0200;1506522330
1a8122f97a3f94e929ac1901ed1fa92de86dab27;1a8122f97a;-;-;Wed Sep 27 16:09:44 2017 +0200;1506521384;-;-;Wed Sep 27 16:25:30 2017 +0200;1506522330
2b91d668dfeb00e552f1f8e7be5e6d6ddc5ade94;2b91d668df;-;-;Wed Sep 27 16:09:07 2017 +0200;1506521347;-;-;Wed Sep 27 16:25:30 2017 +0200;1506522330
75bd5162514a3e3f21d53f16a5835e61779b7bb7;75bd516251;-;-;Wed Sep 27 15:40:13 2017 +0200;1506519613;-;-;Wed Sep 27 15:40:13 2017 +0200;1506519613
10139d42fc57131386f57d5b160412cfb0c9fc86;10139d42fc;-;-;Wed Sep 27 13:58:45 2017 +0200;1506513525;-;-;Wed Sep 27 14:03:55 2017 +0200;1506513835
fb09a75c8229a440dd302c3585853b967f0dcba3;fb09a75c82;-;-;Wed Sep 27 11:10:22 2017 +0200;1506503422;-;-;Wed Sep 27 11:27:00 2017 +0200;1506504420
ec5969c5786b7810755a2fb0fb78d4e2764cfdf1;ec5969c578;-;-;Wed Sep 27 01:43:11 2017 -0400;1506490991;-;-;Wed Sep 27 01:43:11 2017 -0400;1506490991
15cc44e6e8b715a6e6e499f5e813149045068248;15cc44e6e8;-;-;Wed Sep 27 00:10:38 2017 -0400;1506485438;-;-;Wed Sep 27 00:10:38 2017 -0400;1506485438
6da3518a6662fd0e6725597009acaf0b26262a16;6da3518a66;-;-;Tue Sep 26 23:11:25 2017 -0400;1506481885;-;-;Tue Sep 26 23:12:58 2017 -0400;1506481978
cb2deccb2d414cabea15453ac440abab8cfe1334;cb2deccb2d;-;-;Tue Sep 26 22:11:35 2017 -0400;1506478295;-;-;Tue Sep 26 23:12:12 2017 -0400;1506481932
fbb428f0322b759b5d17bc966db8d631466581cf;fbb428f032;-;-;Wed Sep 27 01:34:47 2017 +0200;1506468887;-;-;Wed Sep 27 01:35:25 2017 +0200;1506468925
efce7902c40e55d907baaa10b2dc071322e7be11;efce7902c4;-;-;Wed Sep 27 01:34:11 2017 +0200;1506468851;-;-;Wed Sep 27 01:34:11 2017 +0200;1506468851
a4b2ae583e38666220d9cb1d19491806c6cb45b3;a4b2ae583e;-;-;Wed Sep 27 01:34:02 2017 +0200;1506468842;-;-;Wed Sep 27 01:34:02 2017 +0200;1506468842
23497a7ece7aac1591187b46f4b601d2f48764e0;23497a7ece;-;-;Wed Sep 27 01:25:07 2017 +0200;1506468307;-;-;Wed Sep 27 01:25:22 2017 +0200;1506468322
0e7e95cdedbf7eaa44c95afb5b0dbbd49d19cf21;0e7e95cded;-;-;Tue Sep 26 17:24:39 2017 -0400;1506461079;-;-;Tue Sep 26 17:24:39 2017 -0400;1506461079
9d5a25e7378f5cb2d20eedbf3a6de1dcca3d1bfb;9d5a25e737;-;-;Wed Sep 13 21:02:28 2017 -0400;1505350948;-;-;Tue Sep 26 15:35:17 2017 -0400;1506454517
41b53de6440687fad47504bc35857667e6b7e6c1;41b53de644;-;-;Mon Sep 25 19:30:22 2017 -0400;1506382222;-;-;Tue Sep 26 15:35:17 2017 -0400;1506454517
eb6bd2d7b8752bd1100fff45e95cc5f088146f26;eb6bd2d7b8;-;-;Tue Sep 26 15:29:58 2017 -0400;1506454198;-;-;Tue Sep 26 15:29:58 2017 -0400;1506454198
14cba15296c636dbd3fef94cb1d927e32b1161f1;14cba15296;-;-;Tue Sep 26 16:31:16 2017 +0200;1506436276;-;-;Tue Sep 26 16:31:16 2017 +0200;1506436276
96bbd18e98f9320783e8855c681011d2d991e239;96bbd18e98;-;-;Tue Sep 26 16:19:49 2017 +0200;1506435589;-;-;Tue Sep 26 16:19:49 2017 +0200;1506435589
12ef367f892f4886895c609b72f16c4938599234;12ef367f89;-;-;Tue Sep 26 14:49:14 2017 +0200;1506430154;-;-;Tue Sep 26 14:49:39 2017 +0200;1506430179
6f2d58fac6130fb3f471162272c57f2f6f3aef16;6f2d58fac6;-;-;Sun Sep 24 22:31:25 2017 -0500;1506310285;-;-;Tue Sep 26 14:48:34 2017 +0200;1506430114
f9e1913e0d6fdbfb092ff14d17e84275d8926bd3;f9e1913e0d;-;-;Tue Sep 26 14:06:34 2017 +0200;1506427594;-;-;Tue Sep 26 14:06:53 2017 +0200;1506427613
9d8e3d4185b9f1158de31c4f9a53f2a036a041df;9d8e3d4185;-;-;Tue Sep 26 11:49:49 2017 +0200;1506419389;-;-;Tue Sep 26 11:49:49 2017 +0200;1506419389
95b83fe1ba774e5e54b3ac9ab05ef811aa0b4ec0;95b83fe1ba;-;-;Tue Sep 26 11:05:32 2017 +0200;1506416732;-;-;Tue Sep 26 11:05:48 2017 +0200;1506416748
80979e7592c0f09e676b26278cca76a50766b1ce;80979e7592;-;-;Tue Sep 26 11:00:34 2017 +0200;1506416434;-;-;Tue Sep 26 11:00:34 2017 +0200;1506416434
3d37c889faf314a22d8563824fc4003b569c4c61;3d37c889fa;-;-;Tue Sep 26 10:54:30 2017 +0200;1506416070;-;-;Tue Sep 26 10:59:21 2017 +0200;1506416361
07b961caa66ec181126e6f2b108637edaf8c19ae;07b961caa6;-;-;Tue Sep 26 10:46:25 2017 +0200;1506415585;-;-;Tue Sep 26 10:59:13 2017 +0200;1506416353
b85764c7db79767ea2498eef238cffc3722fb115;b85764c7db;-;-;Tue Sep 26 00:04:12 2017 +0200;1506377052;-;-;Tue Sep 26 00:04:12 2017 +0200;1506377052
74120ef00f149c10521b52948711de0e700b4e06;74120ef00f;-;-;Mon Sep 25 23:17:32 2017 +0200;1506374252;-;-;Mon Sep 25 23:21:50 2017 +0200;1506374510
e927cae4763788d5ea43ff7cde5bb025234f1eae;e927cae476;-;-;Mon Sep 25 22:45:15 2017 +0200;1506372315;-;-;Mon Sep 25 22:45:15 2017 +0200;1506372315
9ff4c0bff8d7d9b223986daaf74bfb98f9939386;9ff4c0bff8;-;-;Mon Sep 25 22:45:04 2017 +0200;1506372304;-;-;Mon Sep 25 22:45:04 2017 +0200;1506372304
bdde0f1ea0424d8639d2c7133d89a799a9721fc7;bdde0f1ea0;-;-;Mon Sep 25 16:41:30 2017 -0400;1506372090;-;-;Mon Sep 25 16:41:30 2017 -0400;1506372090
2da2c17fbb0bec5b1858878826a79a9c6af4ffcb;2da2c17fbb;-;-;Mon Sep 25 15:45:04 2017 -0400;1506368704;-;-;Mon Sep 25 16:09:28 2017 -0400;1506370168
3133f87c1472205f00e617cc7137821a030bac76;3133f87c14;-;-;Mon Sep 25 21:43:06 2017 +0200;1506368586;-;-;Mon Sep 25 21:48:14 2017 +0200;1506368894
2d6364eb834791bf5a35ec274a71d8dbccab8b67;2d6364eb83;-;-;Mon Sep 25 15:09:44 2017 +0200;1506344984;-;-;Mon Sep 25 15:17:22 2017 +0200;1506345442
ac45aa202235bfc9826017fe7f37d043b59a75c7;ac45aa2022;-;-;Mon Sep 25 13:50:50 2017 +0200;1506340250;-;-;Mon Sep 25 13:50:50 2017 +0200;1506340250
1a3cc3df94c0f8e504f36e9be8e6f2ded5a12750;1a3cc3df94;-;-;Mon Sep 25 11:29:07 2017 +0200;1506331747;-;-;Mon Sep 25 11:29:07 2017 +0200;1506331747
0d8031d9b4c752a1f23870e2f796beab321181c5;0d8031d9b4;-;-;Sun Sep 24 23:10:05 2017 +0200;1506287405;-;-;Sun Sep 24 23:11:36 2017 +0200;1506287496
997748ee2935ede8c39d321975134ff9abb4998e;997748ee29;-;-;Sun Sep 24 23:09:13 2017 +0200;1506287353;-;-;Sun Sep 24 23:11:36 2017 +0200;1506287496
3996f3339916dafffbedcf155d9f540f73db1966;3996f33399;-;-;Sun Sep 24 22:44:07 2017 +0200;1506285847;-;-;Sun Sep 24 23:10:40 2017 +0200;1506287440
65f556c0e2dd9c3e3c7055e4356d2772d2721de9;65f556c0e2;-;-;Sun Sep 24 18:05:59 2017 +0200;1506269159;-;-;Sun Sep 24 18:05:59 2017 +0200;1506269159
e2882fe1db6ff343c6f7aacf2792d3d34407ddbe;e2882fe1db;-;-;Sun Sep 24 17:18:21 2017 +0200;1506266301;-;-;Sun Sep 24 17:18:21 2017 +0200;1506266301
1e87b6dd7d4c0e046a17603aab636c8b4adf3289;1e87b6dd7d;-;-;Sun Sep 24 13:30:19 2017 +0200;1506252619;-;-;Sun Sep 24 13:31:32 2017 +0200;1506252692
9190b76ab9967b03a9eed9cb979393e684ed2a47;9190b76ab9;-;-;Sat Sep 23 11:28:19 2017 +0200;1506158899;-;-;Sat Sep 23 11:28:19 2017 +0200;1506158899
d742fc198abc8fee8477cea2d5761649b8ac40e3;d742fc198a;-;-;Fri Sep 22 21:04:02 2017 -0400;1506128642;-;-;Fri Sep 22 21:04:02 2017 -0400;1506128642
132022861e635736e2d4ab0f95247ad10cc39cc0;132022861e;-;-;Fri Sep 22 20:12:02 2017 -0400;1506125522;-;-;Fri Sep 22 20:14:06 2017 -0400;1506125646
9c216c2144d877b933302b43f4fc14fa873a9710;9c216c2144;-;-;Fri Sep 22 15:58:22 2017 -0700;1506121102;-;-;Fri Sep 22 15:58:22 2017 -0700;1506121102
21203921f08fb98fe1bfdadec3efe63bb9fc2894;21203921f0;-;-;Fri Sep 22 13:56:39 2017 -0700;1506113799;-;-;Fri Sep 22 13:56:39 2017 -0700;1506113799
90f4b137674bec7dd9d7597145f41ade29d21109;90f4b13767;-;-;Fri Sep 22 13:50:33 2017 -0700;1506113433;-;-;Fri Sep 22 13:50:44 2017 -0700;1506113444
ed10cab9d3248e3c77ccaa047d9707cf032d0c7f;ed10cab9d3;-;-;Fri Sep 22 16:24:39 2017 -0400;1506111879;-;-;Fri Sep 22 16:24:39 2017 -0400;1506111879
c28a6357c52cba0e2edab923fc22741dcd94a95f;c28a6357c5;-;-;Fri Sep 22 15:44:12 2017 -0400;1506109452;-;-;Fri Sep 22 15:44:12 2017 -0400;1506109452
816a58fcf91b7cdb27b430ae6b96c9143a67d124;816a58fcf9;-;-;Fri Sep 22 15:15:41 2017 -0400;1506107741;-;-;Fri Sep 22 15:15:41 2017 -0400;1506107741
31619b3ffbf4e36bf9c3974d07115a8e3417ba03;31619b3ffb;-;-;Fri Sep 22 15:06:23 2017 -0400;1506107183;-;-;Fri Sep 22 15:06:23 2017 -0400;1506107183
7ae59d0c2a5313ad96ba10f9d8ee4e7f77c45c85;7ae59d0c2a;-;-;Fri Sep 22 18:22:12 2017 +0200;1506097332;-;-;Fri Sep 22 18:22:14 2017 +0200;1506097334
60f47f44894ea405e9425a34f5a4a53c8ca1cacc;60f47f4489;-;-;Fri Sep 22 17:03:38 2017 +0200;1506092618;-;-;Fri Sep 22 17:03:38 2017 +0200;1506092618
4fbf86e5ce3ffcee0912008492d75268763ed647;4fbf86e5ce;-;-;Fri Sep 22 14:17:51 2017 +0200;1506082671;-;-;Fri Sep 22 14:17:51 2017 +0200;1506082671
2841ef5d05a1070e517c5c2b03f6e9ee60983b0f;2841ef5d05;-;-;Fri Sep 22 12:19:34 2017 +0200;1506075574;-;-;Fri Sep 22 14:03:09 2017 +0200;1506081789
7b6f1d1b582fc9a7a1c6c3e3ff147dff8cece006;7b6f1d1b58;-;-;Fri Sep 22 13:40:50 2017 +0200;1506080450;-;-;Fri Sep 22 13:44:42 2017 +0200;1506080682
d8e52c04135474821d5d063d75a37ef1ea4f56b0;d8e52c0413;-;-;Fri Sep 22 12:38:12 2017 +0200;1506076692;-;-;Fri Sep 22 13:40:37 2017 +0200;1506080437
78434c8e2043e18040ea8a57868b2cee46fbd8a5;78434c8e20;-;-;Fri Sep 15 16:54:46 2017 +0800;1505465686;-;-;Fri Sep 22 10:08:18 2017 +0200;1506067698
7c18e4b1159015d34f9df816ccdbd45d6f837327;7c18e4b115;-;-;Fri Sep 22 09:45:58 2017 +0200;1506066358;-;-;Fri Sep 22 09:45:58 2017 +0200;1506066358
6c4a103f70e4b79856aacb6f6c0cd9a4b9e5d2c1;6c4a103f70;-;-;Thu Sep 21 18:40:56 2017 +0200;1506012056;-;-;Thu Sep 21 18:44:27 2017 +0200;1506012267
819ca0dbd40cccd4eae0353ff0b9aeaf248d3ab6;819ca0dbd4;-;-;Thu Sep 21 09:46:26 2017 -0400;1506001586;-;-;Thu Sep 21 09:46:26 2017 -0400;1506001586
c9afdce54bb702a5f60da1a7d83152ed7f8b8e1b;c9afdce54b;-;-;Thu Sep 21 12:45:49 2017 +0200;1505990749;-;-;Thu Sep 21 12:45:49 2017 +0200;1505990749
15c82afc1cdedc95b453e8f4ca61fd72f4a3ae82;15c82afc1c;-;-;Wed Sep 20 18:28:49 2017 +0200;1505924929;-;-;Wed Sep 20 18:28:49 2017 +0200;1505924929
ea01c4113af22099755de763e9fb1dddb7691c0b;ea01c4113a;-;-;Wed Sep 20 10:55:06 2017 +0200;1505897706;-;-;Wed Sep 20 10:55:06 2017 +0200;1505897706
4cbef27f90ded887af9ae9639550999aa81f3847;4cbef27f90;-;-;Wed Sep 20 10:54:58 2017 +0200;1505897698;-;-;Wed Sep 20 10:54:58 2017 +0200;1505897698
215e5f5682cd9aaf9c95105f3d2069298a364a0e;215e5f5682;-;-;Wed Sep 20 10:54:49 2017 +0200;1505897689;-;-;Wed Sep 20 10:54:49 2017 +0200;1505897689
ffe80ff0029d5d0cc2cb66ebf7ad023f4792d356;ffe80ff002;-;-;Wed Sep 20 10:54:23 2017 +0200;1505897663;-;-;Wed Sep 20 10:54:23 2017 +0200;1505897663
7b48e60c81160d3a6034d8d03d516299e5b10dc1;7b48e60c81;-;-;Wed Sep 20 09:31:11 2017 +0200;1505892671;-;-;Wed Sep 20 09:31:11 2017 +0200;1505892671
80134d2e0cbb71255f6b04046b4d5be71548d00a;80134d2e0c;-;-;Tue Sep 19 15:35:10 2017 +0200;1505828110;-;-;Tue Sep 19 15:35:10 2017 +0200;1505828110
185c2bf5b6b114788c20d789a113455da3ad57fe;185c2bf5b6;-;-;Tue Sep 19 13:49:32 2017 +0200;1505821772;-;-;Tue Sep 19 13:49:32 2017 +0200;1505821772
ac9cfefaffb78cb26c3a755f4594b1a113a97144;ac9cfefaff;-;-;Tue Sep 19 13:47:43 2017 +0200;1505821663;-;-;Tue Sep 19 13:47:43 2017 +0200;1505821663
5bdcb895c077468ca70bfb51780a0ec6d8d5a46a;5bdcb895c0;-;-;Tue Sep 19 13:47:30 2017 +0200;1505821650;-;-;Tue Sep 19 13:47:30 2017 +0200;1505821650
8caeb33974ea38a347a55df6f5656ab75ad32724;8caeb33974;-;-;Tue Sep 19 13:34:11 2017 +0200;1505820851;-;-;Tue Sep 19 13:34:21 2017 +0200;1505820861
3bd215404699d362c58af75e18d3831dd0ef3269;3bd2154046;-;-;Tue Sep 19 00:02:40 2017 +0200;1505772160;-;-;Tue Sep 19 00:02:40 2017 +0200;1505772160
0f42f38336694c8e3e0fea01f873e2737a3e9f6e;0f42f38336;-;-;Tue Sep 19 00:02:19 2017 +0200;1505772139;-;-;Tue Sep 19 00:02:19 2017 +0200;1505772139
346d2edce1727ab47fbbeb9b0d8e2dcb700d5666;346d2edce1;-;-;Mon Sep 18 23:59:11 2017 +0200;1505771951;-;-;Mon Sep 18 23:59:11 2017 +0200;1505771951
1f3967cb3c1097ae2584c81a7361990a8190864e;1f3967cb3c;-;-;Mon Sep 18 23:57:44 2017 +0200;1505771864;-;-;Mon Sep 18 23:57:44 2017 +0200;1505771864
825449a3d2aa2b70ed7967ee2c266da5e26aaf9e;825449a3d2;-;-;Mon Sep 18 12:16:47 2017 +0200;1505729807;-;-;Mon Sep 18 15:23:26 2017 +0200;1505741006
cad51d125145aafcc5a3baef60003adaf567638f;cad51d1251;-;-;Mon Sep 18 14:28:58 2017 +0200;1505737738;-;-;Mon Sep 18 14:28:58 2017 +0200;1505737738
b275a06d167773df0efdc76884ad7c2067ab9e2b;b275a06d16;-;-;Mon Sep 18 14:27:47 2017 +0200;1505737667;-;-;Mon Sep 18 14:27:47 2017 +0200;1505737667
7aa956a92029835f4306f3707ad36dcc90fa747b;7aa956a920;-;-;Mon Sep 18 14:06:31 2017 +0200;1505736391;-;-;Mon Sep 18 14:06:31 2017 +0200;1505736391
c5ba55ffc2a1f4ccc5e435e5efdfc90e7e8a32a1;c5ba55ffc2;-;-;Fri Sep 15 18:06:46 2017 +0200;1505491606;-;-;Fri Sep 15 18:06:58 2017 +0200;1505491618
a7617a264120ca486d7c92bb4255ec1ac3ef986e;a7617a2641;-;-;Wed Sep 13 11:02:20 2017 +0200;1505293340;-;-;Fri Sep 15 14:14:39 2017 +0200;1505477679
2fb3eeba6f1dc9c76c548adb2b12132057c4b282;2fb3eeba6f;-;-;Fri Sep 15 14:11:20 2017 +0200;1505477480;-;-;Fri Sep 15 14:14:39 2017 +0200;1505477679
1bc93e3d0f2bd3ffc6b48662073a427c31088b3d;1bc93e3d0f;-;-;Fri Sep 15 13:26:41 2017 +0200;1505474801;-;-;Fri Sep 15 13:26:41 2017 +0200;1505474801
ec2218c9670ab2e2b88a86dba21bef7f1bf59f9c;ec2218c967;-;-;Thu Sep 14 01:13:14 2017 +0300;1505340794;-;-;Fri Sep 15 08:53:00 2017 +0200;1505458380
2510db0683249dbc47d50dc9b87817bfb95749ab;2510db0683;-;-;Thu Sep 14 17:23:25 2017 +0200;1505402605;-;-;Thu Sep 14 17:23:25 2017 +0200;1505402605
e70210a1da994ea52e1ade30b052bea9e12e9d1d;e70210a1da;-;-;Thu Sep 14 16:26:35 2017 +0200;1505399195;-;-;Thu Sep 14 16:27:12 2017 +0200;1505399232
69af698ceb316ebdf3bead083d725d9528afdee4;69af698ceb;-;-;Thu Sep 14 15:16:53 2017 +0200;1505395013;-;-;Thu Sep 14 15:16:53 2017 +0200;1505395013
81125de6979b84f8cf30ea31c372e87dde98d9a4;81125de697;-;-;Thu Sep 14 14:15:05 2017 +0200;1505391305;-;-;Thu Sep 14 14:15:05 2017 +0200;1505391305
98b6491f0c3eebcdadaf0cafc7aec46455e160ef;98b6491f0c;-;-;Wed Sep 13 10:56:57 2017 +0200;1505293017;-;-;Wed Sep 13 10:56:57 2017 +0200;1505293017
aa19912e00fd6e2bd0908a59e431595d5f5e22d3;aa19912e00;-;-;Tue Sep 12 17:52:43 2017 +0200;1505231563;-;-;Wed Sep 13 10:51:13 2017 +0200;1505292673
f4ef5cd451a82d0795d361854a742a56a48da4ec;f4ef5cd451;-;-;Tue Sep 12 10:55:08 2017 -0500;1505231708;-;-;Tue Sep 12 15:04:33 2017 -0400;1505243073
ac5694b1506a6dbc02ae45d37b9a78743998524f;ac5694b150;-;-;Tue Sep 12 14:57:47 2017 -0400;1505242667;-;-;Tue Sep 12 15:02:00 2017 -0400;1505242920
1871c9626de328758b74e14e0f993ce121c4fe92;1871c9626d;-;-;Tue Sep 12 14:36:52 2017 +0100;1505223412;-;-;Tue Sep 12 16:36:06 2017 +0200;1505226966
4a0784bea8efdc7fc9b629adfcd8aba749fe94c7;4a0784bea8;-;-;Tue Sep 12 15:14:54 2017 +0200;1505222094;-;-;Tue Sep 12 15:14:54 2017 +0200;1505222094
e214d69350d374a769e59c867f2c50488caf5980;e214d69350;-;-;Mon Sep 11 09:31:43 2017 -0400;1505136703;-;-;Mon Sep 11 09:31:43 2017 -0400;1505136703
4371350b5d85f96243f2dd78b359036ea9074e85;4371350b5d;-;-;Sun Sep 10 21:56:31 2017 +0200;1505073391;-;-;Sun Sep 10 21:56:31 2017 +0200;1505073391
30d67f7c4232a99d7c0317f8386761e0468cb7dc;30d67f7c42;-;-;Sun Sep 10 21:56:23 2017 +0200;1505073383;-;-;Sun Sep 10 21:56:23 2017 +0200;1505073383
6dcf2e3c5b340acbda7cd69f800974039ce64bc0;6dcf2e3c5b;-;-;Sun Sep 10 21:55:42 2017 +0200;1505073342;-;-;Sun Sep 10 21:55:42 2017 +0200;1505073342
0867045fc1ec9d73af7a34edb69e18ca771036be;0867045fc1;-;-;Sun Sep 10 21:20:38 2017 +0200;1505071238;-;-;Sun Sep 10 21:20:38 2017 +0200;1505071238
5c0ca98372bf3133ebc626a8734917f070c6a77d;5c0ca98372;-;-;Sat Sep 9 18:21:57 2017 -0400;1504995717;-;-;Sat Sep 9 18:21:57 2017 -0400;1504995717
f76ac5bb32c5e5529ca036f44cae4bd25f4f6b9a;f76ac5bb32;-;-;Sat Sep 9 17:35:49 2017 -0400;1504992949;-;-;Sat Sep 9 17:40:59 2017 -0400;1504993259
bc470fca3047a5aba0145479069eaba67dfa7601;bc470fca30;-;-;Fri Sep 8 07:53:23 2017 -0400;1504871603;-;-;Sat Sep 9 17:40:59 2017 -0400;1504993259
8f78c772b53d6ba433f760b88615dff8a2c122c4;8f78c772b5;-;-;Fri Sep 8 16:56:23 2017 -0700;1504914983;-;-;Fri Sep 8 16:56:23 2017 -0700;1504914983
04765b6202c049ea8ac921cd11d1a160b2772daf;04765b6202;-;-;Fri Sep 8 16:56:40 2017 +0200;1504882600;-;-;Fri Sep 8 16:56:40 2017 +0200;1504882600
fd0132c7e63c0ea497c357d352865df6ac72ae5d;fd0132c7e6;-;-;Fri Sep 8 16:56:22 2017 +0200;1504882582;-;-;Fri Sep 8 16:56:22 2017 +0200;1504882582
aa4ae7a750cfc4b024dcec3d411f7e8d083fbee7;aa4ae7a750;-;-;Fri Sep 8 16:55:27 2017 +0200;1504882527;-;-;Fri Sep 8 16:55:27 2017 +0200;1504882527
496223a927862603570b6d832a8e88953581552b;496223a927;-;-;Fri Sep 8 16:55:12 2017 +0200;1504882512;-;-;Fri Sep 8 16:55:12 2017 +0200;1504882512
cf106ec99ecd1ba30e761a1182ff58570b93fd9c;cf106ec99e;-;-;Thu Sep 7 18:37:31 2017 +0900;1504777051;-;-;Fri Sep 8 10:48:27 2017 +0200;1504860507
1a883b863d3732843c0cb83316d60e45161f0ae6;1a883b863d;-;-;Fri Sep 8 10:27:35 2017 +0200;1504859255;-;-;Fri Sep 8 10:27:35 2017 +0200;1504859255
69edd4ac5019e03022394d19d98d3403e7eec374;69edd4ac50;-;-;Fri Sep 8 08:50:34 2017 +0200;1504853434;-;-;Fri Sep 8 08:50:34 2017 +0200;1504853434
c64083da8dd937999850df2a62ab99b6ce234ed4;c64083da8d;-;-;Fri Sep 8 08:49:10 2017 +0200;1504853350;-;-;Fri Sep 8 08:49:10 2017 +0200;1504853350
3956423afefb7ab8f4d029c52933195f0d952823;3956423afe;-;-;Thu Sep 7 14:03:46 2017 -0700;1504818226;-;-;Thu Sep 7 14:03:46 2017 -0700;1504818226
a8693bf94705e50195d26f7e93b7150e1809d4fb;a8693bf947;-;-;Thu Sep 7 17:28:05 2017 +0200;1504798085;-;-;Thu Sep 7 17:30:52 2017 +0200;1504798252
ec6475a24c91b3e90e21b09d41a241e2e72f93a0;ec6475a24c;-;-;Thu Sep 7 12:19:37 2017 +0200;1504779577;-;-;Thu Sep 7 12:29:28 2017 +0200;1504780168
15ab0ad6e23c6b5ebdc52a3a72aac5360ac9f236;15ab0ad6e2;-;-;Thu Sep 7 12:25:10 2017 +0200;1504779910;-;-;Thu Sep 7 12:25:10 2017 +0200;1504779910
8acb8aef1f4b87ecfb965084f3f19ce2e188201c;8acb8aef1f;-;-;Thu Sep 7 12:16:53 2017 +0200;1504779413;-;-;Thu Sep 7 12:16:53 2017 +0200;1504779413
dff0e7923ce7b2a27eb6675b2e330437bae0f6b1;dff0e7923c;-;-;Wed Sep 6 11:48:17 2017 -0400;1504712897;-;-;Wed Sep 6 11:48:17 2017 -0400;1504712897
dcdb0b416f88ccc20873650923241816477a6c09;dcdb0b416f;-;-;Wed Sep 6 17:38:22 2017 +0200;1504712302;-;-;Wed Sep 6 17:38:22 2017 +0200;1504712302
16f3f8d28ff16e5d88fe2d349fc78b1a6512b1cb;16f3f8d28f;-;-;Wed Sep 6 14:06:56 2017 +0200;1504699616;-;-;Wed Sep 6 17:29:18 2017 +0200;1504711758
ba6b617bd518444b2fe654c87a29e4c1275f55e4;ba6b617bd5;-;-;Wed Sep 6 17:29:04 2017 +0200;1504711744;-;-;Wed Sep 6 17:29:04 2017 +0200;1504711744
699dfc55a8964a9068e3c1494a161852c4d7a10a;699dfc55a8;-;-;Wed Sep 6 17:13:17 2017 +0200;1504710797;-;-;Wed Sep 6 17:13:17 2017 +0200;1504710797
5ae35f606c6779ab42f02967ee26c92d9f87620d;5ae35f606c;-;-;Wed Sep 6 14:39:56 2017 +0200;1504701596;-;-;Wed Sep 6 15:56:45 2017 +0200;1504706205
02a2c400c77cf7ea1d867e933654b56da09856ed;02a2c400c7;-;-;Wed Sep 6 14:39:09 2017 +0200;1504701549;-;-;Wed Sep 6 14:39:09 2017 +0200;1504701549
5d4ee09d53a727407771c500fc21cbd01c7f3083;5d4ee09d53;-;-;Tue Sep 5 13:12:29 2017 +0200;1504609949;-;-;Wed Sep 6 08:26:15 2017 +0200;1504679175
320bfdf413ef2e02f023662e2da3a172ae046635;320bfdf413;-;-;Tue Sep 5 17:47:02 2017 -0400;1504648022;-;-;Tue Sep 5 17:47:02 2017 -0400;1504648022
c98e01ad1fb12ed791f4c09334b01f7d66e6be99;c98e01ad1f;-;-;Wed Aug 30 16:05:05 2017 -0500;1504127105;-;-;Tue Sep 5 17:37:50 2017 -0400;1504647470
03eb6f76db2208e4283027fba338fe8da9dd755a;03eb6f76db;-;-;Tue Sep 5 16:11:35 2017 -0400;1504642295;-;-;Tue Sep 5 16:11:35 2017 -0400;1504642295
39cefb5bd7045e72d87edc5fa70da56bdbc82fe2;39cefb5bd7;-;-;Tue Sep 5 13:59:45 2017 -0400;1504634385;-;-;Tue Sep 5 13:59:45 2017 -0400;1504634385
fc0841c60f43a7977fdc69481c7e9f29ff9e71f8;fc0841c60f;-;-;Tue Sep 5 13:57:20 2017 -0400;1504634240;-;-;Tue Sep 5 13:57:20 2017 -0400;1504634240
0702898836bf68a6cabe0f6215ab94593240f4b9;0702898836;-;-;Mon Sep 4 16:26:51 2017 +0200;1504535211;-;-;Mon Sep 4 16:26:51 2017 +0200;1504535211
60f763a0dd2bc4e1559aff84cacd729387ee9c16;60f763a0dd;-;-;Mon Sep 4 10:54:48 2017 +0200;1504515288;-;-;Mon Sep 4 10:54:48 2017 +0200;1504515288
8b8a6766de01467c8b45b1b9664f0ab2d58f7c69;8b8a6766de;-;-;Mon Sep 4 10:46:20 2017 +0200;1504514780;-;-;Mon Sep 4 10:46:20 2017 +0200;1504514780
2969af82d258e9f03f0eb594afc987b83a872278;2969af82d2;-;-;Mon Sep 4 07:40:18 2017 +0200;1504503618;-;-;Mon Sep 4 07:40:18 2017 +0200;1504503618
71182ab54b62924ad2e475995872435211b33807;71182ab54b;-;-;Sun Sep 3 08:19:34 2017 +0200;1504419574;-;-;Sun Sep 3 08:19:34 2017 +0200;1504419574
f0198f375601a1ca670654f8dba181ac7f05f1b9;f0198f3756;-;-;Sat Sep 2 00:28:41 2017 +0200;1504304921;-;-;Sat Sep 2 00:28:41 2017 +0200;1504304921
bff54788e825a05f4ea617544888c56436c54281;bff54788e8;-;-;Fri Sep 1 23:11:04 2017 +0200;1504300264;-;-;Fri Sep 1 23:14:58 2017 +0200;1504300498
edb70b4f5554c7fd376645c7884e9215284da9e0;edb70b4f55;-;-;Fri Sep 1 16:58:09 2017 -0400;1504299489;-;-;Fri Sep 1 16:58:09 2017 -0400;1504299489
26284cac4f86a4e6aeead19d8676f6459f422fbb;26284cac4f;-;-;Fri Sep 1 16:40:24 2017 +0200;1504276824;-;-;Fri Sep 1 16:40:24 2017 +0200;1504276824
b6cae219d824f4990d77cac61477316ec678a09b;b6cae219d8;-;-;Fri Sep 1 14:08:19 2017 +0200;1504267699;-;-;Fri Sep 1 14:08:19 2017 +0200;1504267699
97ded1dcc7763b785022f4e1ab8688a001195cc3;97ded1dcc7;-;-;Fri Sep 1 14:05:35 2017 +0200;1504267535;-;-;Fri Sep 1 14:05:35 2017 +0200;1504267535
30bd5827b0d7f5ed57a4270c22b3dc6f7ba8b792;30bd5827b0;-;-;Fri Sep 1 14:05:14 2017 +0200;1504267514;-;-;Fri Sep 1 14:05:14 2017 +0200;1504267514
204ddebd68c37c49fd95acb2265ef98859afcf99;204ddebd68;-;-;Fri Sep 1 13:44:49 2017 +0200;1504266289;-;-;Fri Sep 1 13:44:49 2017 +0200;1504266289
678a78607680d05a856d13647a069b5bd6b17abd;678a786076;-;-;Fri Sep 1 09:28:28 2017 +0200;1504250908;-;-;Fri Sep 1 09:28:28 2017 +0200;1504250908
3a006439ee75eebedd713e22e12f3143c3fd5f76;3a006439ee;-;-;Fri Sep 1 09:27:05 2017 +0200;1504250825;-;-;Fri Sep 1 09:27:05 2017 +0200;1504250825
14af5d941a70f43906c4e6787f83fa48e276bfaf;14af5d941a;-;-;Thu Aug 31 13:55:19 2017 +0200;1504180519;-;-;Thu Aug 31 13:55:19 2017 +0200;1504180519
2f812112c2bd571bac590827e7bc8b6f94e70006;2f812112c2;-;-;Thu Aug 31 10:23:25 2017 +0200;1504167805;-;-;Thu Aug 31 10:23:25 2017 +0200;1504167805
466699ba63dead88563e190671cf029e585b9058;466699ba63;-;-;Thu Aug 31 09:56:32 2017 +0200;1504166192;-;-;Thu Aug 31 09:57:11 2017 +0200;1504166231
a8f10280ff5d429c88fd7a7f424daa8712f4c713;a8f10280ff;-;-;Wed Aug 30 18:14:08 2017 +0200;1504109648;-;-;Wed Aug 30 18:14:08 2017 +0200;1504109648
44e8cdcd8935e5700edef4e9f7620324567e3c14;44e8cdcd89;-;-;Wed Aug 30 17:28:03 2017 +0200;1504106883;-;-;Wed Aug 30 17:28:36 2017 +0200;1504106916
884fc40c3cb3ef1ad9267bf50007460ca01185fb;884fc40c3c;-;-;Wed Aug 30 16:36:55 2017 +0200;1504103815;-;-;Wed Aug 30 16:36:55 2017 +0200;1504103815
75114bd835906bd3e09930af722bbed43a2ccf3b;75114bd835;-;-;Wed Aug 30 15:27:21 2017 +0200;1504099641;-;-;Wed Aug 30 15:27:21 2017 +0200;1504099641
3c9bb645d58838e784f33d2a4cdfc77e1070b00b;3c9bb645d5;-;-;Wed Aug 30 11:56:20 2017 +0200;1504086980;-;-;Wed Aug 30 11:56:20 2017 +0200;1504086980
71bd10f1500376842d93718ac8d5802b9adb36e9;71bd10f150;-;-;Tue Aug 29 17:16:46 2017 +0200;1504019806;-;-;Tue Aug 29 17:22:05 2017 +0200;1504020125
9dd3a1cae7c7d65579117e51aca00959d4ea588c;9dd3a1cae7;-;-;Tue Aug 29 16:57:27 2017 +0200;1504018647;-;-;Tue Aug 29 16:57:27 2017 +0200;1504018647
721af4f7808bae0d0bb34db298d55d4d45c4b3cf;721af4f780;-;-;Tue Aug 29 16:51:11 2017 +0200;1504018271;-;-;Tue Aug 29 16:51:11 2017 +0200;1504018271
2b44e6e21c9e96ca329be8c5a2f7a9e62a318fc4;2b44e6e21c;-;-;Tue Aug 29 15:07:23 2017 +0200;1504012043;-;-;Tue Aug 29 15:07:23 2017 +0200;1504012043
b122bc6dcc510c22e411df8b57c7be6632ba24d3;b122bc6dcc;-;-;Tue Aug 29 15:04:17 2017 +0200;1504011857;-;-;Tue Aug 29 15:04:17 2017 +0200;1504011857
bddd71e7051014dc6fcef62137f723d2af57895a;bddd71e705;-;-;Tue Aug 29 10:45:11 2017 +0200;1503996311;-;-;Tue Aug 29 10:45:11 2017 +0200;1503996311
4359008b2b8b4a5699d0038b854b0e36efaf1e1b;4359008b2b;-;-;Tue Aug 29 01:49:37 2017 +0200;1503964177;-;-;Tue Aug 29 01:49:37 2017 +0200;1503964177
c1559b3f0ab64dbdc6bde55d0ce4b622d3aac555;c1559b3f0a;-;-;Tue Aug 29 01:43:32 2017 +0200;1503963812;-;-;Tue Aug 29 01:43:32 2017 +0200;1503963812
ed6a35b46510e20708e1082bcd3396c612605c27;ed6a35b465;-;-;Tue Aug 29 00:57:07 2017 +0200;1503961027;-;-;Tue Aug 29 01:07:27 2017 +0200;1503961647
d2c1b284f3c0a6b10ad1d4919057b3f6f7457923;d2c1b284f3;-;-;Tue Aug 29 00:56:39 2017 +0200;1503960999;-;-;Tue Aug 29 00:56:39 2017 +0200;1503960999
3f2e27f24f1d78338158595b6c7a0aeee56b6e61;3f2e27f24f;-;-;Mon Aug 28 15:45:09 2017 +0200;1503927909;-;-;Mon Aug 28 15:45:09 2017 +0200;1503927909
4e81ee5fdf2db69773bbcf55a3898b4aed01f7f9;4e81ee5fdf;-;-;Sat Aug 26 15:04:48 2017 +0100;1503756288;-;-;Sat Aug 26 15:04:48 2017 +0100;1503756288
582014e944002609b562f6e4998935c06bbe6922;582014e944;-;-;Thu Aug 24 19:35:16 2017 +0200;1503596116;-;-;Thu Aug 24 20:50:37 2017 +0200;1503600637
d20b3cf86d80a27c4c4de79b20536fc8273a7997;d20b3cf86d;-;-;Thu Aug 24 15:27:46 2017 +0100;1503584866;-;-;Thu Aug 24 15:27:46 2017 +0100;1503584866
d070010650d3d1b3b49e40bb5a0306cf8f2638f5;d070010650;-;-;Wed Aug 23 20:53:46 2017 +0100;1503518026;-;-;Wed Aug 23 20:53:46 2017 +0100;1503518026
ba02b5761e75ec1f6f9b421aa15bb9918c71aa75;ba02b5761e;-;-;Wed Aug 23 16:00:26 2017 +0200;1503496826;-;-;Wed Aug 23 16:02:04 2017 +0200;1503496924
cdb66888152c5d7afefd775ae647a1cda4b1f1f2;cdb6688815;-;-;Wed Aug 23 13:59:46 2017 +0200;1503489586;-;-;Wed Aug 23 13:59:46 2017 +0200;1503489586
d61db48d643834c89e5c277fda8ea798d17c9db7;d61db48d64;-;-;Wed Aug 23 13:53:58 2017 +0200;1503489238;-;-;Wed Aug 23 13:53:58 2017 +0200;1503489238
9da3927235ec4dd3575250b1b7c15a76fc45bdec;9da3927235;-;-;Tue Aug 22 22:23:44 2017 +0100;1503437024;-;-;Tue Aug 22 22:23:44 2017 +0100;1503437024
1cb96f47c87cc15bfda2026dc85c7af95278c081;1cb96f47c8;-;-;Tue Aug 22 22:16:34 2017 +0100;1503436594;-;-;Tue Aug 22 22:16:34 2017 +0100;1503436594
397fd248490f94f1371be6def5770d7003681206;397fd24849;-;-;Tue Aug 22 21:29:39 2017 +0200;1503430179;-;-;Tue Aug 22 21:29:39 2017 +0200;1503430179
a1e898fd39a776216adb01874c144b9174505d96;a1e898fd39;-;-;Tue Aug 22 18:09:19 2017 +0200;1503418159;-;-;Tue Aug 22 18:09:19 2017 +0200;1503418159
3e2f6c848a84dda83c81ef9d7cc90dd030c0406f;3e2f6c848a;-;-;Tue Aug 22 17:35:57 2017 +0200;1503416157;-;-;Tue Aug 22 17:35:57 2017 +0200;1503416157
ef68ccdbd85c4662ef0634729250e35d7e7fde83;ef68ccdbd8;-;-;Tue Aug 22 16:46:43 2017 +0200;1503413203;-;-;Tue Aug 22 17:05:18 2017 +0200;1503414318
ab6430569da073e3c137daa45392f62f36a24bff;ab6430569d;-;-;Tue Aug 22 14:38:24 2017 +0200;1503405504;-;-;Tue Aug 22 16:22:25 2017 +0200;1503411745
cea9d1db8e0fb6df623bf16a4d542f47ee608f2e;cea9d1db8e;-;-;Tue Aug 22 16:04:23 2017 +0200;1503410663;-;-;Tue Aug 22 16:04:23 2017 +0200;1503410663
af7673dda7ef32226f51d4eab2732668a129796c;af7673dda7;-;-;Tue Aug 22 11:23:22 2017 +0200;1503393802;-;-;Tue Aug 22 11:23:22 2017 +0200;1503393802
f6023c220262df6fdc126a69ed187d31b98bd276;f6023c2202;-;-;Tue Aug 22 11:10:53 2017 +0200;1503393053;-;-;Tue Aug 22 11:10:53 2017 +0200;1503393053
5a51351fa4e582571a442b331fb3f2bec0e63f30;5a51351fa4;-;-;Tue Aug 22 10:26:19 2017 +0200;1503390379;-;-;Tue Aug 22 10:26:19 2017 +0200;1503390379
9abe77670c6140bac551d21006d0358755aa2449;9abe77670c;-;-;Mon Aug 21 19:54:08 2017 +0200;1503338048;-;-;Mon Aug 21 19:54:08 2017 +0200;1503338048
9341955107487d9b6158dbd462f79fc0eaafc22e;9341955107;-;-;Mon Aug 21 14:42:21 2017 +0200;1503319341;-;-;Mon Aug 21 14:42:21 2017 +0200;1503319341
5460c0095bea838c3cd8374be71cf6d376d67eb4;5460c0095b;-;-;Mon Aug 21 14:42:12 2017 +0200;1503319332;-;-;Mon Aug 21 14:42:12 2017 +0200;1503319332
cc3d7d2d487cf18f7234898bd2e16703908a7b8b;cc3d7d2d48;-;-;Mon Aug 21 14:42:03 2017 +0200;1503319323;-;-;Mon Aug 21 14:42:03 2017 +0200;1503319323
2eeb428e95c188f60f9fe81e2a6f5f859d52bacb;2eeb428e95;-;-;Mon Aug 21 14:41:55 2017 +0200;1503319315;-;-;Mon Aug 21 14:41:55 2017 +0200;1503319315
41cbc4670fcaa484326cf4b0f7744f77a281ba86;41cbc4670f;-;-;Mon Aug 21 14:41:46 2017 +0200;1503319306;-;-;Mon Aug 21 14:41:46 2017 +0200;1503319306
0c178ff7621fd951fd1349287b726fb4c69c9c34;0c178ff762;-;-;Mon Aug 21 14:41:38 2017 +0200;1503319298;-;-;Mon Aug 21 14:41:38 2017 +0200;1503319298
2e50ea7eb414159b1dab154bf2c3db466453d13c;2e50ea7eb4;-;-;Mon Aug 21 14:41:28 2017 +0200;1503319288;-;-;Mon Aug 21 14:41:28 2017 +0200;1503319288
11418d8d28c5af3ba44f1b9d637a1abb40a059a2;11418d8d28;-;-;Mon Aug 21 14:40:35 2017 +0200;1503319235;-;-;Mon Aug 21 14:40:35 2017 +0200;1503319235
4d306e2d85c35e92946382f3a1cec0f304f53b0a;4d306e2d85;-;-;Mon Aug 21 14:29:49 2017 +0200;1503318589;-;-;Mon Aug 21 14:29:49 2017 +0200;1503318589
3d28e80e53ca38b0dec1365a70fe8c3df1ec5659;3d28e80e53;-;-;Mon Aug 21 08:42:26 2017 +0200;1503297746;-;-;Mon Aug 21 08:42:26 2017 +0200;1503297746
b61c055e438bea575be9b9c5bc151f830899e4e3;b61c055e43;-;-;Mon Aug 21 01:37:33 2017 +0200;1503272253;-;-;Mon Aug 21 01:37:33 2017 +0200;1503272253
fac1f236c312ebffe9662d209ac67f0dc6238332;fac1f236c3;-;-;Mon Aug 21 01:34:11 2017 +0200;1503272051;-;-;Mon Aug 21 01:34:11 2017 +0200;1503272051
3991ab4a2382418eb834802ed387ba293cadc7ca;3991ab4a23;-;-;Mon Aug 21 01:33:20 2017 +0200;1503272000;-;-;Mon Aug 21 01:33:20 2017 +0200;1503272000
f6e7fef236c3c8ec978a621704e4ba008795ecbc;f6e7fef236;-;-;Sat Aug 19 10:50:30 2017 +0200;1503132630;-;-;Sat Aug 19 10:50:41 2017 +0200;1503132641
dabb02d830d0bcff56b8a8b0ce0899072d0225e3;dabb02d830;-;-;Fri Aug 18 19:05:41 2017 +0200;1503075941;-;-;Fri Aug 18 19:07:28 2017 +0200;1503076048
940a344a737b6e353d50292b3b68cb2fd2af5bbb;940a344a73;-;-;Fri Aug 18 17:16:41 2017 +0200;1503069401;-;-;Fri Aug 18 19:07:28 2017 +0200;1503076048
9aa369f40222527f7f0f864b53659d8b585dcd7b;9aa369f402;-;-;Fri Aug 18 17:59:06 2017 +0200;1503071946;-;-;Fri Aug 18 17:59:06 2017 +0200;1503071946
18f42f9667bae7aac52eb62408476b40ef69b0c2;18f42f9667;-;-;Fri Aug 18 09:17:32 2017 +0200;1503040652;-;-;Fri Aug 18 09:18:03 2017 +0200;1503040683
47a7475898fc918e2f945206e3364bdaab2bb39f;47a7475898;-;-;Fri Aug 18 00:15:46 2017 +0200;1503008146;-;-;Fri Aug 18 00:15:46 2017 +0200;1503008146
ac5e2599f7c8ae5082871919852e5e3518c85410;ac5e2599f7;-;-;Fri Aug 18 00:13:49 2017 +0200;1503008029;-;-;Fri Aug 18 00:13:49 2017 +0200;1503008029
b94302b5bde7475b9926dacb9fb69f3c8c894444;b94302b5bd;-;-;Fri Aug 18 00:11:35 2017 +0200;1503007895;-;-;Fri Aug 18 00:11:35 2017 +0200;1503007895
10dcaa9bf67702fbef799a0532ef33e4e2b9c89c;10dcaa9bf6;-;-;Thu Aug 17 21:57:29 2017 +0200;1502999849;-;-;Thu Aug 17 21:59:19 2017 +0200;1502999959
11ac87099a93eeb38110a2e25dc2e2569282e336;11ac87099a;-;-;Thu Aug 17 12:45:11 2017 +0200;1502966711;-;-;Thu Aug 17 21:59:13 2017 +0200;1502999953
f1b017af04c2077cdb703bfcbda5104900ddd683;f1b017af04;-;-;Thu Aug 17 10:23:26 2017 +0200;1502958206;-;-;Thu Aug 17 21:58:41 2017 +0200;1502999921
73cf07e9a4f1000087118c24ef5d56f621f41160;73cf07e9a4;-;-;Thu Aug 17 14:30:14 2017 +0200;1502973014;-;-;Thu Aug 17 15:02:59 2017 +0200;1502974979
6b6c1d3e537d4cfe3b7f3cb3649a199ca356475c;6b6c1d3e53;-;-;Thu Aug 17 12:31:35 2017 +0200;1502965895;-;-;Thu Aug 17 12:31:35 2017 +0200;1502965895
ec1eafc46fe088c9ba3805969507b6e92f89458b;ec1eafc46f;-;-;Thu Aug 17 12:28:55 2017 +0200;1502965735;-;-;Thu Aug 17 12:28:55 2017 +0200;1502965735
61cdc842e08f468c8aec9d10a900f3ba087f348e;61cdc842e0;-;-;Thu Aug 17 11:02:40 2017 +0200;1502960560;-;-;Thu Aug 17 11:02:40 2017 +0200;1502960560
b8f5e97ae5d6f3fae7932a85f533c5b7006b344f;b8f5e97ae5;-;-;Thu Aug 17 08:52:05 2017 +0200;1502952725;-;-;Thu Aug 17 08:52:05 2017 +0200;1502952725
bb327b90a64d12d24daf2f0c3258d1dc94a02de2;bb327b90a6;-;-;Wed Aug 16 15:45:59 2017 +0200;1502891159;-;-;Wed Aug 16 15:45:59 2017 +0200;1502891159
645e3492dba42ec14553fca642344cafba571ed0;645e3492db;-;-;Wed Aug 16 13:34:31 2017 +0200;1502883271;-;-;Wed Aug 16 13:34:31 2017 +0200;1502883271
8b7a670821793a1bd15cea0fb388deaf88cd2d0e;8b7a670821;-;-;Wed Aug 16 09:26:21 2017 +0200;1502868381;-;-;Wed Aug 16 09:26:21 2017 +0200;1502868381
9c3bd8ce853a3c0cd666842c7b29d3b140cf6036;9c3bd8ce85;-;-;Tue Aug 15 15:25:39 2017 +0200;1502803539;-;-;Tue Aug 15 15:25:39 2017 +0200;1502803539
8bdaba913c951ea0411d6c805c66b544174d51eb;8bdaba913c;-;-;Tue Aug 15 15:11:02 2017 +0200;1502802662;-;-;Tue Aug 15 15:11:02 2017 +0200;1502802662
181f002ddf22b6b05bd517f57c72f6ec9eeaf0b6;181f002ddf;-;-;Tue Aug 15 14:44:22 2017 +0200;1502801062;-;-;Tue Aug 15 14:44:22 2017 +0200;1502801062
3f4ec372621b49fef12dede2c3a57d4998bb18f5;3f4ec37262;-;-;Tue Aug 15 10:12:34 2017 +0200;1502784754;-;-;Tue Aug 15 10:12:34 2017 +0200;1502784754
280c64ba357440ea13eb4ccefc62984f4567e49f;280c64ba35;-;-;Mon Aug 14 18:55:39 2017 +0300;1502726139;-;-;Mon Aug 14 18:55:39 2017 +0300;1502726139
8c4b1ab781c305328eb98ce7b2eb39f8b57c4753;8c4b1ab781;-;-;Mon Aug 14 16:32:40 2017 +0300;1502717560;-;-;Mon Aug 14 16:33:39 2017 +0300;1502717619
ef175d7ca6fc0f66db527abfaa796edc6744da9c;ef175d7ca6;-;-;Mon Aug 14 15:14:02 2017 +0200;1502716442;-;-;Mon Aug 14 15:14:02 2017 +0200;1502716442
f57e5584af36abe8211df1b89071a0cee68466a3;f57e5584af;-;-;Mon Aug 14 11:47:08 2017 +0200;1502704028;-;-;Mon Aug 14 11:47:08 2017 +0200;1502704028
0bdd2467633bdc6de00be6b327edea1addb28bcb;0bdd246763;-;-;Mon Aug 14 11:26:38 2017 +0200;1502702798;-;-;Mon Aug 14 11:26:38 2017 +0200;1502702798
631b546d1cd31738142acc75884bbf7d7d4ad11d;631b546d1c;-;-;Mon Aug 14 11:45:27 2017 +0300;1502700327;-;-;Mon Aug 14 11:45:27 2017 +0300;1502700327
adeb521ce4770360e6fad3977d149f378532f0a3;adeb521ce4;-;-;Tue Aug 8 17:27:28 2017 +0200;1502206048;-;-;Tue Aug 8 17:27:28 2017 +0200;1502206048
09f5c71374a45c2e8d2f72c0503c72161eccdf98;09f5c71374;-;-;Tue Aug 8 17:26:45 2017 +0200;1502206005;-;-;Tue Aug 8 17:26:45 2017 +0200;1502206005
de09f8ca1f6cc5727e4507c4c5ad65caae649dc0;de09f8ca1f;-;-;Tue Aug 8 17:26:30 2017 +0200;1502205990;-;-;Tue Aug 8 17:26:30 2017 +0200;1502205990
48f95e9b969c3bfa40b90f6eb1a70fcc07be906f;48f95e9b96;-;-;Tue Aug 8 17:26:21 2017 +0200;1502205981;-;-;Tue Aug 8 17:26:21 2017 +0200;1502205981
2677bab560ac7f26dc435d6502c1f8fab13200ef;2677bab560;-;-;Thu Aug 3 14:30:08 2017 -0700;1501795808;-;-;Thu Aug 3 14:30:08 2017 -0700;1501795808
c4f7ff04dcb5d336b6889b4a68941592f8391e01;c4f7ff04dc;-;-;Thu Aug 3 23:26:38 2017 +0300;1501791998;-;-;Thu Aug 3 23:26:38 2017 +0300;1501791998
da8d50f91fed1470c69baa0cbaeeffc4b31a0e8b;da8d50f91f;-;-;Thu Aug 3 23:19:57 2017 +0300;1501791597;-;-;Thu Aug 3 23:19:57 2017 +0300;1501791597
fabc9c28d7e115431e25da81a0dca47787a683aa;fabc9c28d7;-;-;Thu Aug 3 14:21:00 2017 +0200;1501762860;-;-;Thu Aug 3 14:21:00 2017 +0200;1501762860
08dfce2cb551aeb660502fd48a20abe7a8c82226;08dfce2cb5;-;-;Wed Aug 2 18:11:36 2017 +0200;1501690296;-;-;Wed Aug 2 18:11:36 2017 +0200;1501690296
62fa20fd6f4b3ebbc2eaf47ebeb5d9f2d91f21c2;62fa20fd6f;-;-;Wed Aug 2 16:31:06 2017 +0200;1501684266;-;-;Wed Aug 2 16:31:06 2017 +0200;1501684266
dccedd5ad59422ce2b1369784a748e831f2e39a9;dccedd5ad5;-;-;Wed Aug 2 15:05:28 2017 +0200;1501679128;-;-;Wed Aug 2 15:05:28 2017 +0200;1501679128
c060f4f61586814772880696f123a718ec3c9f4b;c060f4f615;-;-;Wed Aug 2 13:42:43 2017 +0200;1501674163;-;-;Wed Aug 2 14:21:16 2017 +0200;1501676476
5394cc0c63471e7de8399c97ea201bbc0a4dd4d4;5394cc0c63;-;-;Wed Aug 2 10:19:05 2017 +0200;1501661945;-;-;Wed Aug 2 10:20:58 2017 +0200;1501662058
b6d1fd9d222f324ef9fdee4ae106937653584d6b;b6d1fd9d22;-;-;Tue Aug 1 22:52:18 2017 +0200;1501620738;-;-;Tue Aug 1 22:52:18 2017 +0200;1501620738
1794f1cea4cfa019cf5f5d3fd63c0d3430d4248b;1794f1cea4;-;-;Tue Aug 1 22:31:21 2017 +0200;1501619481;-;-;Tue Aug 1 22:31:21 2017 +0200;1501619481
b1440b681663c4087ca19fdb755598b7c9706c11;b1440b6816;-;-;Tue Aug 1 13:35:21 2017 +0200;1501587321;-;-;Tue Aug 1 13:35:21 2017 +0200;1501587321
4fc0ce120628490922ae1392c2ab96a69d02d2d7;4fc0ce1206;-;-;Tue Aug 1 12:52:28 2017 +0200;1501584748;-;-;Tue Aug 1 13:01:09 2017 +0200;1501585269
ca0983cd850717a23b714f98dbfbb40aaebec45c;ca0983cd85;-;-;Tue Aug 1 12:08:57 2017 +0200;1501582137;-;-;Tue Aug 1 12:08:57 2017 +0200;1501582137
697d14a02899a7217e7ed8f8fe2eb3f0b753846b;697d14a028;-;-;Tue Aug 1 12:08:21 2017 +0200;1501582101;-;-;Tue Aug 1 12:08:21 2017 +0200;1501582101
dd2bbcb3ec119287f1c814a1c18dde235a81f167;dd2bbcb3ec;-;-;Tue Aug 1 12:06:41 2017 +0200;1501582001;-;-;Tue Aug 1 12:06:41 2017 +0200;1501582001
1fbd04700355dfe91a73965d47ee4dadccb8e80b;1fbd047003;-;-;Tue Aug 1 12:05:26 2017 +0200;1501581926;-;-;Tue Aug 1 12:05:26 2017 +0200;1501581926
f813a63fd859ab4a8c47b2121d58e535f6a5b665;f813a63fd8;-;-;Mon Jul 31 22:10:08 2017 +0200;1501531808;-;-;Mon Jul 31 22:10:08 2017 +0200;1501531808
af83d2332a0011d83a4a775d57e2d28b9eb53bee;af83d2332a;-;-;Mon Jul 31 17:30:22 2017 +0200;1501515022;-;-;Mon Jul 31 17:30:22 2017 +0200;1501515022
ce0bce28da0254ee86f5a586a35b3e8cf85f5cee;ce0bce28da;-;-;Mon Jul 31 11:11:38 2017 +0200;1501492298;-;-;Mon Jul 31 11:11:38 2017 +0200;1501492298
1a9cfefcbb0f89b6f2efdaf75d218194c5117be8;1a9cfefcbb;-;-;Mon Jul 31 10:45:18 2017 +0200;1501490718;-;-;Mon Jul 31 10:45:18 2017 +0200;1501490718
48f18e9a47118747f07d0f583af644cab56e70d1;48f18e9a47;-;-;Mon Jul 31 09:37:56 2017 +0200;1501486676;-;-;Mon Jul 31 09:37:56 2017 +0200;1501486676
e45733e790565989ef32efaafec6135c763d5f6a;e45733e790;-;-;Fri Jul 28 17:20:19 2017 +0200;1501255219;-;-;Fri Jul 28 17:20:19 2017 +0200;1501255219
d37498c354cb45256ee4f5533f35d89d8bac00c4;d37498c354;-;-;Fri Jul 28 16:37:49 2017 +0200;1501252669;-;-;Fri Jul 28 16:37:49 2017 +0200;1501252669
a48a47bbd0e8a07686d5706d7b72c95b3a6597de;a48a47bbd0;-;-;Fri Jul 28 16:18:34 2017 +0200;1501251514;-;-;Fri Jul 28 16:18:34 2017 +0200;1501251514
0b3ea405ab8a93610286c1de1a393c3fa9cbe071;0b3ea405ab;-;-;Fri Jul 28 12:36:38 2017 +0200;1501238198;-;-;Fri Jul 28 12:37:19 2017 +0200;1501238239
dbe25cf717ec69e0340f1711b9d8ebcbeef4c882;dbe25cf717;-;-;Fri Jul 28 12:25:30 2017 +0200;1501237530;-;-;Fri Jul 28 12:26:34 2017 +0200;1501237594
6855a85c41a51aeb151c8c1103e30a6a6745197b;6855a85c41;-;-;Fri Jul 28 11:55:18 2017 +0200;1501235718;-;-;Fri Jul 28 12:26:34 2017 +0200;1501237594
4630e62c20876926601c17cebf7304a232a63af2;4630e62c20;-;-;Fri Jul 28 12:25:05 2017 +0200;1501237505;-;-;Fri Jul 28 12:25:05 2017 +0200;1501237505
859da2f074ab00d1e3abea4ca358ee801859591a;859da2f074;-;-;Fri Jul 28 12:24:53 2017 +0200;1501237493;-;-;Fri Jul 28 12:24:53 2017 +0200;1501237493
6583f9f754c6a57dbb5610b916465a7dc3acf04d;6583f9f754;-;-;Fri Jul 28 00:22:00 2017 +0200;1501194120;-;-;Fri Jul 28 00:22:00 2017 +0200;1501194120
1d86c9c3d128f64afa51460e3ed7900963755cfd;1d86c9c3d1;-;-;Thu Jul 27 16:08:29 2017 +0200;1501164509;-;-;Thu Jul 27 16:09:09 2017 +0200;1501164549
26de6268aa2fcad138a156e70856de908a64f710;26de6268aa;-;-;Thu Jul 27 16:06:56 2017 +0200;1501164416;-;-;Thu Jul 27 16:06:56 2017 +0200;1501164416
fac83b2e7c01c25869f069f9f90e4ca2327de4a4;fac83b2e7c;-;-;Thu Jul 27 16:02:18 2017 +0200;1501164138;-;-;Thu Jul 27 16:02:18 2017 +0200;1501164138
3cef5a12941b6715fe643e0c6fc1b25848fa4cf4;3cef5a1294;-;-;Thu Jul 27 15:25:35 2017 +0200;1501161935;-;-;Thu Jul 27 15:25:35 2017 +0200;1501161935
eb435f594779f9b31e754ee698a375b6bda17292;eb435f5947;-;-;Thu Jul 27 13:36:57 2017 +0200;1501155417;-;-;Thu Jul 27 13:38:35 2017 +0200;1501155515
c5fc4005344ddb355c4a9b66640d46373ad3f353;c5fc400534;-;-;Thu Jul 27 11:39:05 2017 +0200;1501148345;-;-;Thu Jul 27 11:39:05 2017 +0200;1501148345
25e6a2da646c9a465fabf1c73796a1ae01886857;25e6a2da64;-;-;Thu Jul 27 11:32:32 2017 +0200;1501147952;-;-;Thu Jul 27 11:32:32 2017 +0200;1501147952
f3975776d4b55f5b49fc504fea3f6e3c09a3238a;f3975776d4;-;-;Wed Jul 26 16:21:46 2017 +0200;1501078906;-;-;Wed Jul 26 17:48:36 2017 +0200;1501084116
1e07468d20c49baeb441425c7d0df053cb5d3cd1;1e07468d20;-;-;Wed Jul 26 15:57:57 2017 +0200;1501077477;-;-;Wed Jul 26 15:57:57 2017 +0200;1501077477
d5da823482134cc447a7023ad223a661cc50e348;d5da823482;-;-;Tue Jul 25 16:37:11 2017 +0200;1500993431;-;-;Wed Jul 26 14:10:48 2017 +0200;1501071048
d904e9ed500929fdd3d201e415cf0355bd7125bf;d904e9ed50;-;-;Tue Jul 25 14:12:57 2017 +0200;1500984777;-;-;Tue Jul 25 14:12:57 2017 +0200;1500984777
af93503a090a4c592c9dba98f64ef67dc99903b8;af93503a09;-;-;Tue Jul 25 14:12:41 2017 +0200;1500984761;-;-;Tue Jul 25 14:12:41 2017 +0200;1500984761
45e714ec1316633f336ca591d475b5a7d987358e;45e714ec13;-;-;Tue Jul 25 12:29:22 2017 +0200;1500978562;-;-;Tue Jul 25 12:29:44 2017 +0200;1500978584
d20e5fcc59b6bc9c80301ef3e1fb1442dbaec8d5;d20e5fcc59;-;-;Tue Jul 25 12:27:33 2017 +0200;1500978453;-;-;Tue Jul 25 12:29:44 2017 +0200;1500978584
29c112c0102300b687dd7803f5c5866175ddb644;29c112c010;-;-;Tue Jul 25 11:18:52 2017 +0200;1500974332;-;-;Tue Jul 25 11:21:08 2017 +0200;1500974468
d7a7b08b0845da9a0ee6ebae2db2f853e77c5214;d7a7b08b08;-;-;Tue Jul 25 10:45:59 2017 +0200;1500972359;-;-;Tue Jul 25 10:45:59 2017 +0200;1500972359
7e232f989ba5d947dc286104b44d0e9ce580a2af;7e232f989b;-;-;Tue Jul 25 10:30:11 2017 +0200;1500971411;-;-;Tue Jul 25 10:30:11 2017 +0200;1500971411
ed6fe2b72304aff14a2e419a3c8af12736542264;ed6fe2b723;-;-;Mon Jul 24 17:29:02 2017 +0200;1500910142;-;-;Mon Jul 24 17:29:02 2017 +0200;1500910142
14ccb38523c5b23ee8c3ac37d93c19b4a7bf24b0;14ccb38523;-;-;Fri Jul 21 13:43:38 2017 +0200;1500637418;-;-;Fri Jul 21 13:43:38 2017 +0200;1500637418
bd0de7086e846d573324f3f34c9bfd40bed4e9b8;bd0de7086e;-;-;Fri Jul 21 12:41:20 2017 +0200;1500633680;-;-;Fri Jul 21 12:41:20 2017 +0200;1500633680
c3e3df57f870dc5dca4fa48fceceb22f4c299871;c3e3df57f8;-;-;Fri Jul 21 12:08:06 2017 +0200;1500631686;-;-;Fri Jul 21 12:08:06 2017 +0200;1500631686
3009e29489567f69d4f458c13eaaf2dbbb38f477;3009e29489;-;-;Thu Jul 20 17:45:03 2017 +0200;1500565503;-;-;Thu Jul 20 17:49:59 2017 +0200;1500565799
d8a80fc0db7945149d49e75f9f2143b450bb141d;d8a80fc0db;-;-;Thu Jul 20 16:02:03 2017 +0200;1500559323;-;-;Thu Jul 20 16:05:00 2017 +0200;1500559500
0720f9e9786a79503420a5c39f079f5d19aa8736;0720f9e978;-;-;Thu Jul 20 16:00:31 2017 +0200;1500559231;-;-;Thu Jul 20 16:05:00 2017 +0200;1500559500
f1abcba4eb6f1b5a96279a4df43bff39ececdbfa;f1abcba4eb;-;-;Thu Jul 20 15:13:30 2017 +0200;1500556410;-;-;Thu Jul 20 15:21:46 2017 +0200;1500556906
bb684ce60b82bb2d3a81828a6780800c51bb4e33;bb684ce60b;-;-;Thu Jul 20 14:21:10 2017 +0200;1500553270;-;-;Thu Jul 20 14:26:20 2017 +0200;1500553580
2437500cfef89629a3cbfee24a2d524a27021e11;2437500cfe;-;-;Thu Jul 20 13:51:13 2017 +0200;1500551473;-;-;Thu Jul 20 13:51:13 2017 +0200;1500551473
e4651d6b50c5bc85c84ff537859c212ac4e33434;e4651d6b50;-;-;Thu Jul 20 13:17:27 2017 +0200;1500549447;-;-;Thu Jul 20 13:17:27 2017 +0200;1500549447
40df7b6eca32b068e2ba7ffa7ec209dd6f396219;40df7b6eca;-;-;Thu Jul 20 13:16:50 2017 +0200;1500549410;-;-;Thu Jul 20 13:16:50 2017 +0200;1500549410
fa4d13968451bfe96eab122634c0a1eab6083aaa;fa4d139684;-;-;Thu Jul 20 10:28:29 2017 +0200;1500539309;-;-;Thu Jul 20 10:44:06 2017 +0200;1500540246
5cac619e237f8f71208142ad78c06a7d15b34c72;5cac619e23;-;-;Thu Jul 20 01:45:13 2017 +0200;1500507913;-;-;Thu Jul 20 01:45:13 2017 +0200;1500507913
6d6d772f31bb9349f163a23c7a278559f58dffda;6d6d772f31;-;-;Thu Jul 20 00:14:56 2017 +0200;1500502496;-;-;Thu Jul 20 00:14:56 2017 +0200;1500502496
378c72e9b6e3f231eca7d3eb87e3e9358b89c816;378c72e9b6;-;-;Wed Jul 19 23:03:37 2017 +0200;1500498217;-;-;Wed Jul 19 23:04:39 2017 +0200;1500498279
118d1470fdaf65f4f8ef2dff5c2212f0ab2fd607;118d1470fd;-;-;Wed Jul 19 22:40:45 2017 +0200;1500496845;-;-;Wed Jul 19 22:40:45 2017 +0200;1500496845
13080f04f405f5692646fe1bdf8b887ca8147848;13080f04f4;-;-;Wed Jul 19 22:40:24 2017 +0200;1500496824;-;-;Wed Jul 19 22:40:24 2017 +0200;1500496824
ac1d3b22c9d092cd7d093cca9bbe4feede134fca;ac1d3b22c9;-;-;Wed Jul 19 22:22:27 2017 +0200;1500495747;-;-;Wed Jul 19 22:22:27 2017 +0200;1500495747
46eba3dbfad310bbafbf0a1002a386246288df1c;46eba3dbfa;-;-;Wed Jul 19 22:22:14 2017 +0200;1500495734;-;-;Wed Jul 19 22:22:20 2017 +0200;1500495740
68e6b148cbdb14bbed6d4c960db9f5a58245fb5e;68e6b148cb;-;-;Wed Jul 19 18:46:16 2017 +0200;1500482776;-;-;Wed Jul 19 18:46:16 2017 +0200;1500482776
fadf04e4b402445585f6c0e92f5d1b42fd43a1b3;fadf04e4b4;-;-;Tue Jul 18 16:21:59 2017 -0500;1500412919;-;-;Wed Jul 19 17:15:33 2017 +0200;1500477333
5f868b493a7ba63c2dc2622475ecc29f34e4346b;5f868b493a;-;-;Tue Jul 18 14:31:56 2017 -0500;1500406316;-;-;Wed Jul 19 17:15:33 2017 +0200;1500477333
147368eccca6d8d8696952c2669efd252b729fb6;147368eccc;-;-;Wed Jul 19 12:35:46 2017 +0200;1500460546;-;-;Wed Jul 19 12:37:32 2017 +0200;1500460652
cbe5a67687239ee93f51f12132505db65c3bd46d;cbe5a67687;-;-;Wed Jul 19 11:46:23 2017 +0200;1500457583;-;-;Wed Jul 19 12:37:32 2017 +0200;1500460652
9fc4fb10b0da0d625dd7dff0bf2bd3e6b42b5684;9fc4fb10b0;-;-;Wed Jul 19 11:43:58 2017 +0200;1500457438;-;-;Wed Jul 19 11:43:58 2017 +0200;1500457438
06fc092be2d19622622b5379e17b5ed8919831b2;06fc092be2;-;-;Wed Jul 19 10:11:06 2017 +0200;1500451866;-;-;Wed Jul 19 10:11:06 2017 +0200;1500451866
19c88f2cfaeb519531e80797c53637c5efdc1e1f;19c88f2cfa;-;-;Wed Jul 19 10:05:09 2017 +0200;1500451509;-;-;Wed Jul 19 10:05:09 2017 +0200;1500451509
fb4ddb0746a3f194091043de328875596736427a;fb4ddb0746;-;-;Wed Jul 19 08:55:05 2017 +0200;1500447305;-;-;Wed Jul 19 09:07:56 2017 +0200;1500448076
ff85726fa9ca5f8c62c2b2b00da99729390d8360;ff85726fa9;-;-;Wed Jul 19 08:12:48 2017 +0200;1500444768;-;-;Wed Jul 19 08:12:48 2017 +0200;1500444768
e2fd04dff3fa72c38b3840639678a5c588b69447;e2fd04dff3;-;-;Tue Jul 18 16:42:32 2017 +0200;1500388952;-;-;Wed Jul 19 08:12:32 2017 +0200;1500444752
f72e0daa543f91c7b37de8d02d72f1f95107b22c;f72e0daa54;-;-;Tue Jul 18 16:19:34 2017 +0200;1500387574;-;-;Wed Jul 19 07:57:19 2017 +0200;1500443839
c292a89b24fbf955fd0eecf00b837212909f0e7e;c292a89b24;-;-;Wed Jul 19 00:15:37 2017 +0200;1500416137;-;-;Wed Jul 19 00:15:37 2017 +0200;1500416137
1e66191cbd18622cb68fc694509b78e0fce47a2b;1e66191cbd;-;-;Tue Jul 18 22:21:34 2017 +0200;1500409294;-;-;Tue Jul 18 22:21:34 2017 +0200;1500409294
43f2de467173c6eff650047755d9d7ee9d140f0e;43f2de4671;-;-;Tue Jul 18 18:13:47 2017 +0200;1500394427;-;-;Tue Jul 18 18:13:47 2017 +0200;1500394427
56903581d9e88894b2103208b4028df48e414b47;56903581d9;-;-;Tue Jul 18 17:09:24 2017 +0200;1500390564;-;-;Tue Jul 18 17:09:24 2017 +0200;1500390564
57221ab15cc18549d8342e1c9163a47e225433d8;57221ab15c;-;-;Tue Jul 18 15:52:29 2017 +0200;1500385949;-;-;Tue Jul 18 15:57:49 2017 +0200;1500386269
efb5ba5a95043ebe0b3b254233909a409f0d3212;efb5ba5a95;-;-;Tue Jul 18 04:35:56 2017 +0200;1500345356;-;-;Tue Jul 18 15:57:49 2017 +0200;1500386269
704d4c34be07f53d16f9f57854a77a39a98f0182;704d4c34be;-;-;Tue Jul 18 13:14:07 2017 +0200;1500376447;-;-;Tue Jul 18 13:14:07 2017 +0200;1500376447
a06da0019fe8bf855c49eee233650193b5aba8b4;a06da0019f;-;-;Tue Jul 18 11:40:30 2017 +0200;1500370830;-;-;Tue Jul 18 11:40:30 2017 +0200;1500370830
7a0e5a378a04817805ddaac30310fb10b12970b7;7a0e5a378a;-;-;Tue Jul 18 04:09:25 2017 +0200;1500343765;-;-;Tue Jul 18 04:09:25 2017 +0200;1500343765
b0422d02dc4ec727bdb43ace2627bf004828100d;b0422d02dc;-;-;Tue Jul 18 03:56:54 2017 +0200;1500343014;-;-;Tue Jul 18 03:58:21 2017 +0200;1500343101
bca5a362168e2dad27f273966857fb2f6b9fcd88;bca5a36216;-;-;Tue Jul 18 00:54:49 2017 +0200;1500332089;-;-;Tue Jul 18 00:54:49 2017 +0200;1500332089
12114a9d4c55e86cb0669d9c66d423b8d07c20b0;12114a9d4c;-;-;Tue Jul 18 00:54:41 2017 +0200;1500332081;-;-;Tue Jul 18 00:54:41 2017 +0200;1500332081
d56fedc226288ebca3afb248679591c4c9dbb070;d56fedc226;-;-;Mon Jul 17 12:25:25 2017 +0200;1500287125;-;-;Mon Jul 17 12:25:25 2017 +0200;1500287125
ee91e52c3a942f35964fccfce627c641d1a75b11;ee91e52c3a;-;-;Mon Jul 17 11:39:32 2017 +0200;1500284372;-;-;Mon Jul 17 11:39:32 2017 +0200;1500284372
e2ee23bfc597c667d3f5792eb319666723cf3014;e2ee23bfc5;-;-;Mon Jul 17 11:09:38 2017 +0200;1500282578;-;-;Mon Jul 17 11:09:38 2017 +0200;1500282578
70252a7335f3136d661d1d8387e4452621c9ed37;70252a7335;-;-;Mon Jul 17 08:35:58 2017 +0200;1500273358;-;-;Mon Jul 17 08:35:58 2017 +0200;1500273358
b0fc83ee058ddf51c8ffadc7f0626ecedddbae5f;b0fc83ee05;-;-;Mon Jul 17 08:16:25 2017 +0200;1500272185;-;-;Mon Jul 17 08:16:25 2017 +0200;1500272185
d3749bc1ec33e444c6b7ae41a6287ae642497c6f;d3749bc1ec;-;-;Fri Jul 14 23:07:48 2017 +0200;1500066468;-;-;Fri Jul 14 23:07:48 2017 +0200;1500066468
47b63150d1bb7891ae668e14b0a55e39d41ebc89;47b63150d1;-;-;Fri Jul 14 22:50:32 2017 +0200;1500065432;-;-;Fri Jul 14 22:55:56 2017 +0200;1500065756
bf712957f6c5329e948e90bfe03f4f1c8ab124c9;bf712957f6;-;-;Fri Jul 14 22:10:31 2017 +0200;1500063031;-;-;Fri Jul 14 22:55:56 2017 +0200;1500065756
c802827f0f4bd9ef18658645492b7bcc653fd2b6;c802827f0f;-;-;Fri Jul 14 18:55:04 2017 +0200;1500051304;-;-;Fri Jul 14 18:55:25 2017 +0200;1500051325
efc5b47b9ad524d73380c3a6e1d9bdb319195dd2;efc5b47b9a;-;-;Fri Jul 14 17:37:06 2017 +0200;1500046626;-;-;Fri Jul 14 17:37:06 2017 +0200;1500046626
83051b06b81bbd449ca484c576085e48a783af27;83051b06b8;-;-;Fri Jul 14 12:07:35 2017 +0200;1500026855;-;-;Fri Jul 14 17:13:59 2017 +0200;1500045239
e37af83459b79096f614add2df26a14a5e3aa571;e37af83459;-;-;Fri Jul 14 16:51:12 2017 +0200;1500043872;-;-;Fri Jul 14 16:52:02 2017 +0200;1500043922
1ad61800191597719bbf7ab7b29a4aa5a5feeb07;1ad6180019;-;-;Fri Jul 14 16:46:22 2017 +0200;1500043582;-;-;Fri Jul 14 16:46:22 2017 +0200;1500043582
f5c54f90b309957b16ebebdeba0d57e8e59d7f37;f5c54f90b3;-;-;Fri Jul 14 16:24:15 2017 +0200;1500042255;-;-;Fri Jul 14 16:24:15 2017 +0200;1500042255
bcf9f21ecc17687ce285fa2e1e62b2ed1dfab614;bcf9f21ecc;-;-;Fri Jul 14 15:18:05 2017 +0200;1500038285;-;-;Fri Jul 14 15:18:05 2017 +0200;1500038285
57f961e36beaf69951d7e92af5db1f4edae11d93;57f961e36b;-;-;Fri Jul 14 15:10:20 2017 +0200;1500037820;-;-;Fri Jul 14 15:10:20 2017 +0200;1500037820
9d04c0424dff50d02dfcd3bf3786ebe9194680c8;9d04c0424d;-;-;Fri Jul 14 14:38:42 2017 +0200;1500035922;-;-;Fri Jul 14 14:38:42 2017 +0200;1500035922
d2c6ea5b1ba61fe24854a30edb4b220fd91c11f3;d2c6ea5b1b;-;-;Fri Jul 14 13:22:58 2017 +0200;1500031378;-;-;Fri Jul 14 13:23:11 2017 +0200;1500031391
805b7159b0264f99a45095c55a481581c86c0fd4;805b7159b0;-;-;Wed Jul 12 14:21:00 2017 +0200;1499862060;-;-;Fri Jul 14 13:09:44 2017 +0200;1500030584
095cc2283eb347fc11ee44b5135d17c395731104;095cc2283e;-;-;Thu Jul 13 22:06:33 2017 +0200;1499976393;-;-;Thu Jul 13 22:07:19 2017 +0200;1499976439
301e2ea493e218b4d40125ccc0b9ff32797e50ff;301e2ea493;-;-;Thu Jul 13 21:20:42 2017 +0200;1499973642;-;-;Thu Jul 13 21:20:42 2017 +0200;1499973642
f46520e6e8e70e59ad46bc31debdfd155cf943bc;f46520e6e8;-;-;Wed Jul 12 17:44:07 2017 +0200;1499874247;-;-;Thu Jul 13 17:57:07 2017 +0200;1499961427
50493a0f5f61bf6b7ee40dd10d0dec4cac26de64;50493a0f5f;-;-;Thu Jul 13 13:19:52 2017 +0200;1499944792;-;-;Thu Jul 13 13:19:52 2017 +0200;1499944792
fd2b4f242788c53351bfa1d4dfddc5a6d4bd3651;fd2b4f2427;-;-;Thu Jul 13 13:02:29 2017 +0200;1499943749;-;-;Thu Jul 13 13:19:45 2017 +0200;1499944785
6d7612e052bfb2ac5d6f7c6721d82d9187c8b8c5;6d7612e052;-;-;Thu Jul 13 13:01:35 2017 +0200;1499943695;-;-;Thu Jul 13 13:19:40 2017 +0200;1499944780
ed5cc27f7bf09b395af2471f62cc068afe27383f;ed5cc27f7b;-;-;Thu Jul 13 11:11:34 2017 +0200;1499937094;-;-;Thu Jul 13 11:11:34 2017 +0200;1499937094
d9eafce266a341991a224647317444fda0e4420d;d9eafce266;-;-;Thu Jul 13 06:10:29 2017 +0200;1499919029;-;-;Thu Jul 13 06:10:29 2017 +0200;1499919029
25f3aef1ab7aa2b6832dac637cb9d29a014909d7;25f3aef1ab;-;-;Wed Jul 12 19:13:21 2017 +0200;1499879601;-;-;Wed Jul 12 19:13:21 2017 +0200;1499879601
19a8efc717ddc9ced322cb4bc41b29c3c88ad54d;19a8efc717;-;-;Wed Jul 12 19:13:12 2017 +0200;1499879592;-;-;Wed Jul 12 19:13:12 2017 +0200;1499879592
5f767a86f556fe04171483f3ec598a22a78f073c;5f767a86f5;-;-;Wed Jul 12 19:13:03 2017 +0200;1499879583;-;-;Wed Jul 12 19:13:03 2017 +0200;1499879583
8359201a0d4d625e05a5e7d44a72fa13914024f1;8359201a0d;-;-;Wed Jul 12 18:44:55 2017 +0200;1499877895;-;-;Wed Jul 12 18:49:28 2017 +0200;1499878168
6329ccb3272d21033937c9394a698162f8e1b778;6329ccb327;-;-;Wed Jul 12 18:13:24 2017 +0200;1499876004;-;-;Wed Jul 12 18:13:24 2017 +0200;1499876004
1764f905d80893daa8ad97a8276d9c5146628da1;1764f905d8;-;-;Wed Jul 12 17:25:02 2017 +0200;1499873102;-;-;Wed Jul 12 17:25:02 2017 +0200;1499873102
e90583fb58dcaaac9a704c02e9f145bac5e01670;e90583fb58;-;-;Wed Jul 12 17:15:35 2017 +0200;1499872535;-;-;Wed Jul 12 17:15:35 2017 +0200;1499872535
1f011467b8b929928963486f8594eea460b50eb7;1f011467b8;-;-;Tue Jul 11 12:05:24 2017 +0200;1499767524;-;-;Wed Jul 12 16:38:41 2017 +0200;1499870321
f4180eb35940ec41e49c290ec94c7f52974d0b7a;f4180eb359;-;-;Wed Jul 12 15:02:50 2017 +0200;1499864570;-;-;Wed Jul 12 15:02:50 2017 +0200;1499864570
d6c102d1b89b374e637639453d57c97b0f3f42b3;d6c102d1b8;-;-;Wed Jul 12 11:05:03 2017 +0200;1499850303;-;-;Wed Jul 12 14:53:06 2017 +0200;1499863986
9ac71afbdaa3e9364680b0e396a27b36229e4220;9ac71afbda;-;-;Wed Jul 12 13:16:51 2017 +0200;1499858211;-;-;Wed Jul 12 13:16:51 2017 +0200;1499858211
89a5c857acbc3d816fd7e5cf81a94475a812be64;89a5c857ac;-;-;Wed Jul 12 12:40:51 2017 +0200;1499856051;-;-;Wed Jul 12 12:40:51 2017 +0200;1499856051
fbcd554f428c8c5233db550463d0aeaded98fc91;fbcd554f42;-;-;Wed Jul 12 12:29:38 2017 +0200;1499855378;-;-;Wed Jul 12 12:29:38 2017 +0200;1499855378
42188020b49d12dc5f1b01c4e2d6693a913e549e;42188020b4;-;-;Wed Jul 12 12:21:04 2017 +0200;1499854864;-;-;Wed Jul 12 12:21:04 2017 +0200;1499854864
b3a05ebac9028f5dc0d0214e07838016d40809a8;b3a05ebac9;-;-;Tue Jul 11 13:12:07 2017 -0700;1499803927;-;-;Tue Jul 11 13:12:07 2017 -0700;1499803927
134ceac58e80c8f345e2a2946be8ce5291b60672;134ceac58e;-;-;Tue Jul 11 21:00:57 2017 +0200;1499799657;-;-;Tue Jul 11 21:00:57 2017 +0200;1499799657
befacf4a3577a4e7a023ed348a8e9ed142c30a48;befacf4a35;-;-;Tue Jul 11 17:50:34 2017 +0200;1499788234;-;-;Tue Jul 11 17:54:16 2017 +0200;1499788456
c9a3b863c4a30fb080ad98ac0f2494f70658101f;c9a3b863c4;-;-;Tue Jul 11 17:40:16 2017 +0200;1499787616;-;-;Tue Jul 11 17:40:16 2017 +0200;1499787616
51e02c2911f211ecb21ca64c0a4671d5f6bf176a;51e02c2911;-;-;Tue Jul 4 16:17:06 2017 +0200;1499177826;-;-;Tue Jul 11 16:36:47 2017 +0200;1499783807
2f9bd6e075facbf13edd629a98da88115c130b98;2f9bd6e075;-;-;Thu Jul 6 15:55:10 2017 +0200;1499349310;-;-;Tue Jul 11 16:36:40 2017 +0200;1499783800
2ea693bd8325380a202adfec76ed9981ef165934;2ea693bd83;-;-;Tue Jul 11 15:41:24 2017 +0200;1499780484;-;-;Tue Jul 11 15:41:33 2017 +0200;1499780493
e11bb17aa6fa43f56a6fa392665363b2faf34652;e11bb17aa6;-;-;Tue Jul 11 11:24:29 2017 +0200;1499765069;-;-;Tue Jul 11 15:41:33 2017 +0200;1499780493
dfcc9af9384a54104b760a782e2b16884e0c1629;dfcc9af938;-;-;Tue Jul 11 13:04:43 2017 +0200;1499771083;-;-;Tue Jul 11 13:04:43 2017 +0200;1499771083
1d5bd8ef35e63be5d6d6f1cf9c9dcdd4397f6f41;1d5bd8ef35;-;-;Tue Jul 11 12:01:44 2017 +0200;1499767304;-;-;Tue Jul 11 12:01:44 2017 +0200;1499767304
eb8454789429f30bbbe0a32d36406603f7d5ee25;eb84547894;-;-;Tue Jul 11 11:43:48 2017 +0200;1499766228;-;-;Tue Jul 11 11:43:48 2017 +0200;1499766228
f6e9c474328edcac47be23c2ec277b935f026442;f6e9c47432;-;-;Tue Jul 11 10:58:45 2017 +0200;1499763525;-;-;Tue Jul 11 10:58:45 2017 +0200;1499763525
122ee3096c3c83023af3a4c8d023dcdd04c4a2f8;122ee3096c;-;-;Mon Jul 10 20:44:51 2017 +0200;1499712291;-;-;Mon Jul 10 20:44:51 2017 +0200;1499712291
dd43b6aabe2cf1b77f955c2f57e2af363e5c787b;dd43b6aabe;-;-;Mon Jul 10 20:43:34 2017 +0200;1499712214;-;-;Mon Jul 10 20:43:34 2017 +0200;1499712214
3714e7b044d1651280e2e6bbcc23123aa8b846d8;3714e7b044;-;-;Mon Jul 10 14:25:13 2017 +0200;1499689513;-;-;Mon Jul 10 14:25:13 2017 +0200;1499689513
9b5132ce5386ecf1fade727bd52cc9b4fb99814e;9b5132ce53;-;-;Mon Jul 10 14:24:28 2017 +0200;1499689468;-;-;Mon Jul 10 14:24:28 2017 +0200;1499689468
fac35ebec2e6e0e1877527ad7b88cea6f6fb67ed;fac35ebec2;-;-;Mon Jul 10 11:37:18 2017 +0200;1499679438;-;-;Mon Jul 10 11:37:18 2017 +0200;1499679438
e7b77cb2b6c699b759a55cd81b345cca00ec5b64;e7b77cb2b6;-;-;Fri Jul 7 20:50:35 2017 +0200;1499453435;-;-;Fri Jul 7 20:50:35 2017 +0200;1499453435
6d55b3a592547fc335c73e7d071e511fea8f89b9;6d55b3a592;-;-;Fri Jul 7 20:44:09 2017 +0200;1499453049;-;-;Fri Jul 7 20:44:09 2017 +0200;1499453049
7d747f9645d5194ac15b17bf6a50835d3ea7b326;7d747f9645;-;-;Fri Jul 7 19:12:05 2017 +0200;1499447525;-;-;Fri Jul 7 19:20:36 2017 +0200;1499448036
9640cedeaed69902d1351cee27fd3426cdc21c40;9640cedeae;-;-;Fri Jul 7 19:11:13 2017 +0200;1499447473;-;-;Fri Jul 7 19:20:36 2017 +0200;1499448036
00f4c36d7a08710f489d1bd901ce0cd9e9ab274d;00f4c36d7a;-;-;Fri Jul 7 18:46:19 2017 +0200;1499445979;-;-;Fri Jul 7 18:46:19 2017 +0200;1499445979
4a3ca17d3f92bc672a63e4e8c94931b09caac525;4a3ca17d3f;-;-;Fri Jul 7 17:23:43 2017 +0200;1499441023;-;-;Fri Jul 7 17:23:43 2017 +0200;1499441023
5f2d2b21d91f57e3f53508a9933cc8fd156d0a36;5f2d2b21d9;-;-;Fri Jul 7 13:38:25 2017 +0200;1499427505;-;-;Fri Jul 7 17:07:15 2017 +0200;1499440035
3232cb626094123ff69ad4053b0a92f8cc768dad;3232cb6260;-;-;Mon Jul 3 15:55:58 2017 +0200;1499090158;-;-;Fri Jul 7 17:07:15 2017 +0200;1499440035
1c07369406c77940eeac443940dfeddfe7c775c3;1c07369406;-;-;Fri Jul 7 16:45:40 2017 +0200;1499438740;-;-;Fri Jul 7 16:52:37 2017 +0200;1499439157
2b03507894eeefc824fe0c06ecb4156607ea4787;2b03507894;-;-;Fri Jul 7 16:11:52 2017 +0200;1499436712;-;-;Fri Jul 7 16:52:37 2017 +0200;1499439157
ad5f85f8d3df4e4e8751217072f66882effe5be5;ad5f85f8d3;-;-;Fri Jul 7 15:41:02 2017 +0200;1499434862;-;-;Fri Jul 7 15:41:02 2017 +0200;1499434862
e4588628491889369119d73e801bdd7481ae13d3;e458862849;-;-;Fri Jul 7 15:24:15 2017 +0200;1499433855;-;-;Fri Jul 7 15:24:15 2017 +0200;1499433855
e0de7754cc7138d242ed987d80986f424bff71f5;e0de7754cc;-;-;Fri Jul 7 09:41:37 2017 +0200;1499413297;-;-;Fri Jul 7 09:44:02 2017 +0200;1499413442
3dd6069578a2aea3f87bcfeec10d9156e038c4f5;3dd6069578;-;-;Thu Jul 6 11:04:11 2017 +0200;1499331851;-;-;Fri Jul 7 09:42:50 2017 +0200;1499413370
aad4916cacf1bda56d79196f3540e87a231db85f;aad4916cac;-;-;Thu Jul 6 23:01:01 2017 +0200;1499374861;-;-;Thu Jul 6 23:01:01 2017 +0200;1499374861
4e95378fc636687a5b4275a2101f0ba4520b0aff;4e95378fc6;-;-;Thu Jul 6 15:28:32 2017 +0200;1499347712;-;-;Thu Jul 6 15:28:32 2017 +0200;1499347712
5f9f323b12a5b3cf9135f209c10aa2392c98f5d5;5f9f323b12;-;-;Thu Jul 6 15:07:41 2017 +0200;1499346461;-;-;Thu Jul 6 15:07:41 2017 +0200;1499346461
acd6b9df06ac24045576cb9ae5736f5fe24a29d2;acd6b9df06;-;-;Thu Jul 6 14:32:46 2017 +0200;1499344366;-;-;Thu Jul 6 14:32:46 2017 +0200;1499344366
b0ab84657b712aac59951420f4e9d696c3d84ba2;b0ab84657b;-;-;Thu Jul 6 13:37:21 2017 +0200;1499341041;-;-;Thu Jul 6 13:37:21 2017 +0200;1499341041
0065bc5ee55d347de8632f1b3d79e18d6ad4db4e;0065bc5ee5;-;-;Thu Jul 6 12:10:55 2017 +0200;1499335855;-;-;Thu Jul 6 12:10:55 2017 +0200;1499335855
625855c00f1a670724bcf3cf524b3a24e0e6f1a0;625855c00f;-;-;Thu Jul 6 11:45:13 2017 +0200;1499334313;-;-;Thu Jul 6 11:45:13 2017 +0200;1499334313
398322139a41118dcadeacd2bf442476d7a8bff8;398322139a;-;-;Wed Jul 5 17:56:37 2017 +0200;1499270197;-;-;Wed Jul 5 17:56:37 2017 +0200;1499270197
59c26f65ba5bd5a20438d52f7dc44b498e89b4e9;59c26f65ba;-;-;Wed Jul 5 17:55:11 2017 +0200;1499270111;-;-;Wed Jul 5 17:55:11 2017 +0200;1499270111
74b4c028819c67b90d4d06d352d3083d91d8a3f8;74b4c02881;-;-;Wed Jul 5 14:37:23 2017 +0200;1499258243;-;-;Wed Jul 5 14:52:38 2017 +0200;1499259158
eb928ce456a77cb0cb932aa76aeb67e2ae2b5379;eb928ce456;-;-;Wed Jul 5 13:41:56 2017 +0200;1499254916;-;-;Wed Jul 5 13:41:56 2017 +0200;1499254916
a6d616d8444fb29626df15a1e4943203ad030fe1;a6d616d844;-;-;Wed Jul 5 13:39:30 2017 +0200;1499254770;-;-;Wed Jul 5 13:39:30 2017 +0200;1499254770
45d376b6af82215a841ca0236b258a068d117aa7;45d376b6af;-;-;Wed Jul 5 10:55:30 2017 +0200;1499244930;-;-;Wed Jul 5 10:55:30 2017 +0200;1499244930
1306bb99826fb8b8473798257a1ce4b42b87871c;1306bb9982;-;-;Wed Jul 5 10:55:16 2017 +0200;1499244916;-;-;Wed Jul 5 10:55:16 2017 +0200;1499244916
e35b63f813fa4b49b138cbb9d5b8abaf6138a8df;e35b63f813;-;-;Wed Jul 5 00:19:38 2017 +0200;1499206778;-;-;Wed Jul 5 00:19:38 2017 +0200;1499206778
6c0ae1ec9b94ce3daa531e99b246a78d34079bd2;6c0ae1ec9b;-;-;Wed Jul 5 00:01:38 2017 +0200;1499205698;-;-;Wed Jul 5 00:01:38 2017 +0200;1499205698
75a71acceadd4f0d64610dc9ca6c52376656a78d;75a71accea;-;-;Tue Jul 4 14:47:10 2017 +0200;1499172430;-;-;Tue Jul 4 22:21:13 2017 +0200;1499199673
9c935215126116d437e571daf6aae478e56b370f;9c93521512;-;-;Tue Jul 4 15:44:15 2017 +0200;1499175855;-;-;Tue Jul 4 16:01:18 2017 +0200;1499176878
fd1859c34c6d082e62220287a9c9b86337f66ef4;fd1859c34c;-;-;Tue Jul 4 14:05:17 2017 +0300;1499166317;-;-;Tue Jul 4 15:26:29 2017 +0200;1499174789
f7478446b704b19783360ed65f85cfbab6b6a8d4;f7478446b7;-;-;Tue Jul 4 08:18:51 2017 -0400;1499170731;-;-;Tue Jul 4 08:19:50 2017 -0400;1499170790
f63b0d720ed4cc68b12a74b3ee7b652f0f2eb78b;f63b0d720e;-;-;Tue Jul 4 13:47:05 2017 +0200;1499168825;-;-;Tue Jul 4 13:47:05 2017 +0200;1499168825
baaa84e90fc0cb2279804442f4c58971036f6911;baaa84e90f;-;-;Tue Jul 4 12:13:06 2017 +0200;1499163186;-;-;Tue Jul 4 12:13:06 2017 +0200;1499163186
7a171c6ae9e3f99562a7d14a993a7ca695338885;7a171c6ae9;-;-;Tue Jul 4 11:27:45 2017 +0200;1499160465;-;-;Tue Jul 4 11:27:54 2017 +0200;1499160474
de9196bbdcf5b6dc8eacc3133263ade3469305db;de9196bbdc;-;-;Tue Jul 4 10:50:42 2017 +0200;1499158242;-;-;Tue Jul 4 10:51:43 2017 +0200;1499158303
839b6c18d4afb89823d0c2bc7f45f5e41f1ea5ed;839b6c18d4;-;-;Tue Jul 4 10:11:56 2017 +0200;1499155916;-;-;Tue Jul 4 10:11:56 2017 +0200;1499155916
f8589d9ecaa72181bba70b446844d40f58660b4f;f8589d9eca;-;-;Mon Jul 3 16:23:33 2017 +0200;1499091813;-;-;Mon Jul 3 16:23:33 2017 +0200;1499091813
2ccbc55ffdffc08d8f64f0b195b38e602cca7ce1;2ccbc55ffd;-;-;Mon Jul 3 12:33:41 2017 +0200;1499078021;-;-;Mon Jul 3 13:36:30 2017 +0200;1499081790
727ca4514a1886c0e8739417536382d534844f59;727ca4514a;-;-;Mon Jul 3 10:13:56 2017 +0200;1499069636;-;-;Mon Jul 3 10:25:59 2017 +0200;1499070359
9901c38f9dfadafcd29113a6887e36c661962239;9901c38f9d;-;-;Mon Jul 3 09:47:43 2017 +0200;1499068063;-;-;Mon Jul 3 09:47:43 2017 +0200;1499068063
1fa841099582a10f85ae2cebc112439411066ee8;1fa8410995;-;-;Sun Jul 2 22:31:28 2017 +0200;1499027488;-;-;Sun Jul 2 22:33:43 2017 +0200;1499027623
f79033788048d78c642b6385125e3cc9a348790d;f790337880;-;-;Sun Jul 2 21:28:39 2017 +0200;1499023719;-;-;Sun Jul 2 21:28:39 2017 +0200;1499023719
9528c3532d4bb7eb62514418e32c0c5687722564;9528c3532d;-;-;Sat Jul 1 21:07:08 2017 -0400;1498957628;-;-;Sat Jul 1 21:07:08 2017 -0400;1498957628
15cf9c1d78039b8b94793a4585032fbfd307c841;15cf9c1d78;-;-;Sat Jul 1 20:05:17 2017 -0400;1498953917;-;-;Sat Jul 1 20:05:17 2017 -0400;1498953917
145eab9c2f727464964d4c06531af278ae53ae45;145eab9c2f;-;-;Sat Jul 1 17:27:54 2017 -0400;1498944474;-;-;Sat Jul 1 17:27:54 2017 -0400;1498944474
a5e54788ccedbe6eef7e7d87586364fdfd67c601;a5e54788cc;-;-;Fri Jun 30 18:14:32 2017 -0400;1498860872;-;-;Fri Jun 30 18:19:35 2017 -0400;1498861175
850083ca6c5b9216efff34870fc0d79714605675;850083ca6c;-;-;Fri Jun 30 16:11:55 2017 -0400;1498853515;-;-;Fri Jun 30 18:19:35 2017 -0400;1498861175
8581afa621f8c87964e7ab28e0304127af0d5bcd;8581afa621;-;-;Fri Jun 30 11:03:36 2017 -0400;1498835016;-;-;Fri Jun 30 18:19:35 2017 -0400;1498861175
26448a0ebccb0559bd04b93191ef876ad1535ed5;26448a0ebc;-;-;Wed Jun 28 13:20:28 2017 -0700;1498681228;-;-;Fri Jun 30 18:19:35 2017 -0400;1498861175
fc3fcf05fd4a84aa06634aebe92b503c7cd4c01e;fc3fcf05fd;-;-;Tue Jun 27 17:16:29 2017 -0400;1498598189;-;-;Fri Jun 30 18:19:35 2017 -0400;1498861175
6534359473b72e6a4dfa602bf99a0a2359a160f4;6534359473;-;-;Fri Jun 30 20:57:15 2017 +0200;1498849035;-;-;Fri Jun 30 20:57:15 2017 +0200;1498849035
9afce23845e043c57cf6fef425963fb26bc4f586;9afce23845;-;-;Fri Jun 30 20:56:21 2017 +0200;1498848981;-;-;Fri Jun 30 20:56:21 2017 +0200;1498848981
930f0f1760ea9169f4f706aa0ba937052260a771;930f0f1760;-;-;Fri Jun 30 16:31:37 2017 +0200;1498833097;-;-;Fri Jun 30 16:31:37 2017 +0200;1498833097
621df7c978aa18e6e2336289ca6b462d29790f75;621df7c978;-;-;Fri Jun 30 10:33:29 2017 +0200;1498811609;-;-;Fri Jun 30 10:52:00 2017 +0200;1498812720
b33d8c6aded6f20359958713adc66806ea895fe4;b33d8c6ade;-;-;Fri Jun 30 10:33:39 2017 +0200;1498811619;-;-;Fri Jun 30 10:33:39 2017 +0200;1498811619
5f4d1a4628513ab34098fa3f92ba03aa20fc4204;5f4d1a4628;-;-;Fri Jun 30 01:54:32 2017 +0200;1498780472;-;-;Fri Jun 30 01:54:32 2017 +0200;1498780472
cc74a2891a4d2a4c7bcec059f20c35aa80bcf668;cc74a2891a;-;-;Fri Jun 30 01:53:45 2017 +0200;1498780425;-;-;Fri Jun 30 01:54:16 2017 +0200;1498780456
c4694c3f5c8e7ac94b92251249ad4d9b08d209e2;c4694c3f5c;-;-;Fri Jun 30 01:53:30 2017 +0200;1498780410;-;-;Fri Jun 30 01:53:30 2017 +0200;1498780410
af69c5b6a9dbd113f8125ac016b5004774ff7f17;af69c5b6a9;-;-;Fri Jun 30 01:53:22 2017 +0200;1498780402;-;-;Fri Jun 30 01:53:22 2017 +0200;1498780402
8f4eb235401374a6c3de3649fa8e58beb5b308de;8f4eb23540;-;-;Thu Jun 29 17:01:28 2017 -0400;1498770088;-;-;Thu Jun 29 17:19:48 2017 -0400;1498771188
7de6cfa1df3cc04c08543b05010244c020efcd40;7de6cfa1df;-;-;Thu Jun 29 15:23:36 2017 -0400;1498764216;-;-;Thu Jun 29 15:23:36 2017 -0400;1498764216
9253facf029e1592b5d9f2e0fd72fe47d3cb4515;9253facf02;-;-;Thu Jun 29 14:54:50 2017 -0400;1498762490;-;-;Thu Jun 29 14:55:30 2017 -0400;1498762530
cd643704adf1cb3787736452b3c7a96897ecde1c;cd643704ad;-;-;Thu Jun 29 10:46:25 2017 -0700;1498758385;-;-;Thu Jun 29 10:47:28 2017 -0700;1498758448
67330dfc23564ac830e6b33143cf48bd824dfa67;67330dfc23;-;-;Thu Jun 29 13:09:28 2017 -0400;1498756168;-;-;Thu Jun 29 13:18:39 2017 -0400;1498756719
58a5e7f17b860b39b5a3676e5287397998f8e313;58a5e7f17b;-;-;Thu Jun 29 16:48:53 2017 +0200;1498747733;-;-;Thu Jun 29 16:48:53 2017 +0200;1498747733
9d7b8503d0ee420cfa1ba1a2ffda0500b61042bb;9d7b8503d0;-;-;Thu Jun 29 16:19:03 2017 +0200;1498745943;-;-;Thu Jun 29 16:19:03 2017 +0200;1498745943
b1f06fddd2444b597730dd9911677b1adf87d410;b1f06fddd2;-;-;Thu Jun 29 10:26:50 2017 +0200;1498724810;-;-;Thu Jun 29 10:26:50 2017 +0200;1498724810
33f99910dd08f9f596987ade96d0398ae9d7f7ba;33f99910dd;-;-;Wed Jun 28 16:41:26 2017 +0200;1498660886;-;-;Wed Jun 28 16:41:26 2017 +0200;1498660886
31e0e537500c0763a36d3af2570d5c253a374690;31e0e53750;-;-;Wed Jun 28 16:05:35 2017 +0200;1498658735;-;-;Wed Jun 28 16:19:01 2017 +0200;1498659541
b778f94a072b1d0a4c976512d262213f6c71b21d;b778f94a07;-;-;Wed Jun 28 11:16:26 2017 +0200;1498641386;-;-;Wed Jun 28 16:19:01 2017 +0200;1498659541
667437e300ff053142517701816dc94441fcb56b;667437e300;-;-;Tue Jun 27 18:28:50 2017 -0400;1498602530;-;-;Tue Jun 27 18:48:45 2017 -0400;1498603725
d728d597f25f6ea2fcf1c7db66766812b01b6861;d728d597f2;-;-;Tue Jun 27 14:33:31 2017 +0200;1498566811;-;-;Tue Jun 27 14:39:26 2017 +0200;1498567166
87430f3cd30b401fbb10cf212cb437ff41b058f6;87430f3cd3;-;-;Tue Jun 27 00:43:37 2017 +0200;1498517017;-;-;Tue Jun 27 00:43:37 2017 +0200;1498517017
98642c7e29eb9596533341411b311c83c6aa5aa7;98642c7e29;-;-;Mon Jun 26 23:28:49 2017 +0200;1498512529;-;-;Mon Jun 26 23:28:49 2017 +0200;1498512529
41eaf03bc85c61e0c10a9aef9ef922882245efdd;41eaf03bc8;-;-;Mon Jun 26 23:22:28 2017 +0200;1498512148;-;-;Mon Jun 26 23:22:28 2017 +0200;1498512148
cea1a0f1ca174d3bef63bd07604015b71eb2d3f2;cea1a0f1ca;-;-;Mon Jun 26 15:51:08 2017 -0400;1498506668;-;-;Mon Jun 26 15:51:17 2017 -0400;1498506677
9cb74b1399d23b49b5a7c70c68a41e9b1300f4d8;9cb74b1399;-;-;Wed Jan 18 10:07:02 2017 +0200;1484726822;-;-;Mon Jun 26 15:39:02 2017 -0400;1498505942
5b8f7f503fd0a40d233a9e55af36b85408903e5a;5b8f7f503f;-;-;Mon Jun 26 15:34:51 2017 -0400;1498505691;-;-;Mon Jun 26 15:34:51 2017 -0400;1498505691
eb0479dee8cb0a366aa2e4dc707e918a95e86e22;eb0479dee8;-;-;Mon Jun 26 14:50:11 2017 -0400;1498503011;-;-;Mon Jun 26 14:50:11 2017 -0400;1498503011
e0678ba5835eb6f0a8d8b3ac344c8728102c4a4d;e0678ba583;-;-;Fri Jun 23 16:48:40 2017 +0300;1498225720;-;-;Mon Jun 26 14:12:56 2017 -0400;1498500776
140542e8b1f555d622578994b6c4f1b31b602238;140542e8b1;-;-;Mon Jun 26 18:59:17 2017 +0200;1498496357;-;-;Mon Jun 26 18:59:17 2017 +0200;1498496357
098ff6f0f8ef8e9e6288279f0cf96f43e076d425;098ff6f0f8;-;-;Mon Jun 26 18:58:59 2017 +0200;1498496339;-;-;Mon Jun 26 18:58:59 2017 +0200;1498496339
155a1c6c71c9ea06b58c2be49d6e3ed4db51c700;155a1c6c71;-;-;Mon Jun 26 18:58:39 2017 +0200;1498496319;-;-;Mon Jun 26 18:58:39 2017 +0200;1498496319
ba3a12e4ccadb561603869dd208629296d6a6473;ba3a12e4cc;-;-;Mon Jun 26 18:01:21 2017 +0200;1498492881;-;-;Mon Jun 26 18:01:21 2017 +0200;1498492881
043c0eff4fc515cc7fb6375956583228e4421ef7;043c0eff4f;-;-;Fri Jun 23 19:17:47 2017 -0400;1498259867;-;-;Fri Jun 23 19:19:14 2017 -0400;1498259954
d57cd3726693db53d57238e50f0c07c350b155c2;d57cd37266;-;-;Sat Jun 24 01:13:22 2017 +0200;1498259602;-;-;Sat Jun 24 01:13:22 2017 +0200;1498259602
97390fd939969f69b9eba2475bcf57d11c4b33c8;97390fd939;-;-;Fri Jun 23 17:05:57 2017 -0400;1498251957;-;-;Fri Jun 23 17:05:57 2017 -0400;1498251957
12850c5fc4d6fe51c290e33cce5a836d5875b08a;12850c5fc4;-;-;Fri Jun 23 16:22:10 2017 -0400;1498249330;-;-;Fri Jun 23 16:22:10 2017 -0400;1498249330
8ac29c8ce7055e1421ba5995ebb44f0aecc92223;8ac29c8ce7;-;-;Thu Jun 22 18:00:11 2017 +0200;1498147211;-;-;Fri Jun 23 16:16:23 2017 -0400;1498248983
8fc3b3bc37c3748e90b089abb24e4360857ab335;8fc3b3bc37;-;-;Fri Jun 23 14:45:46 2017 -0400;1498243546;-;-;Fri Jun 23 14:45:46 2017 -0400;1498243546
4db0ce12e1df049d651a03894b1307bd002833cf;4db0ce12e1;-;-;Fri Jun 23 10:46:59 2017 -0400;1498229219;-;-;Fri Jun 23 10:46:59 2017 -0400;1498229219
c37c59f5784994f4c59aa2efb3059e45dc218f51;c37c59f578;-;-;Fri Jun 23 07:12:10 2017 -0400;1498216330;-;-;Fri Jun 23 07:12:10 2017 -0400;1498216330
782c595cf7f839d2d6bf4c6bfc0502fc8c2c4ae0;782c595cf7;-;-;Thu Jun 22 18:33:11 2017 -0400;1498170791;-;-;Thu Jun 22 18:33:27 2017 -0400;1498170807
ac68cc35c2cf776d66c41e8544663f0db1f17166;ac68cc35c2;-;-;Sat Jun 3 12:09:28 2017 +0700;1496466568;-;-;Thu Jun 22 18:33:27 2017 -0400;1498170807
5c1d8c7c591f5447038bea4e18b9df259a0f0743;5c1d8c7c59;-;-;Wed Jun 21 23:23:09 2017 +0200;1498080189;-;-;Fri Jun 23 00:15:51 2017 +0200;1498169751
4f39edc9059bf3896e996224003599261412c004;4f39edc905;-;-;Wed Jun 21 15:48:48 2017 +0200;1498052928;-;-;Wed Jun 21 15:48:48 2017 +0200;1498052928
0a4d3c14dbdf3b0ddb03ab1362753e34158858d9;0a4d3c14db;-;-;Wed Jun 21 11:14:11 2017 +0200;1498036451;-;-;Wed Jun 21 11:14:34 2017 +0200;1498036474
1e04cdfa7e3ac74181efe57e0674abe4690c46a1;1e04cdfa7e;-;-;Tue Jun 20 15:35:34 2017 +0200;1497965734;-;-;Wed Jun 21 10:50:09 2017 +0200;1498035009
59e90943e410940fa4c3e24086c06afa1872ca7f;59e90943e4;-;-;Mon Jun 19 15:55:33 2017 +0200;1497880533;-;-;Wed Jun 21 10:50:09 2017 +0200;1498035009
f092ae567b1e61461a621850f9c2fdb5d02beb1d;f092ae567b;-;-;Tue Jun 13 09:45:27 2017 -0500;1497365127;-;-;Tue Jun 20 14:35:55 2017 -0500;1497987355
03133630cb442fd2ee5b775002a1d995fded06df;03133630cb;-;-;Tue Jun 20 18:08:42 2017 +0200;1497974922;-;-;Tue Jun 20 18:08:42 2017 +0200;1497974922
a95cf0731774661e7639a39abac195f991a2f2f6;a95cf07317;-;-;Tue Jun 20 17:06:41 2017 +0200;1497971201;-;-;Tue Jun 20 17:11:52 2017 +0200;1497971512
535103cd52b58f36618f0facbe938cca4628d32f;535103cd52;-;-;Tue Jun 20 16:50:35 2017 +0200;1497970235;-;-;Tue Jun 20 16:50:35 2017 +0200;1497970235
c244f33f84c1d976f0a7c99b258f872e278118c3;c244f33f84;-;-;Tue Jun 20 16:50:02 2017 +0200;1497970202;-;-;Tue Jun 20 16:50:02 2017 +0200;1497970202
3b1d46b3bac74802d264cd57c4a7e685f377c91e;3b1d46b3ba;-;-;Tue Jun 20 16:34:09 2017 +0200;1497969249;-;-;Tue Jun 20 16:34:09 2017 +0200;1497969249
50fc8f4e327078e512f7eb25538a36f7a58a1801;50fc8f4e32;-;-;Tue Jun 20 16:30:37 2017 +0200;1497969037;-;-;Tue Jun 20 16:30:37 2017 +0200;1497969037
4a0597d612d68d6e948c748da8d36621639d1b7f;4a0597d612;-;-;Mon Jun 19 11:40:10 2017 +0200;1497865210;-;-;Tue Jun 20 14:25:52 2017 +0200;1497961552
52148a10b766ed85e08aac7212a77786caab6a79;52148a10b7;-;-;Mon Jun 19 18:42:37 2017 +0200;1497890557;-;-;Mon Jun 19 18:42:37 2017 +0200;1497890557
018cc454832ae52275b7b8b98f9a6a8730310974;018cc45483;-;-;Mon Jun 19 12:28:09 2017 +0200;1497868089;-;-;Mon Jun 19 12:28:09 2017 +0200;1497868089
0e87a346ac09d327d5a6c5d517d40310612f9e01;0e87a346ac;-;-;Sat Jun 17 10:33:28 2017 +0200;1497688408;-;-;Sat Jun 17 10:33:28 2017 +0200;1497688408
a2e555d749bbe5c1782b3ecd900f68a404be9fe4;a2e555d749;-;-;Sat Jun 17 09:37:28 2017 +0200;1497685048;-;-;Sat Jun 17 09:37:28 2017 +0200;1497685048
38db64e0d8668328bd7f806bcdbc70245289a07d;38db64e0d8;-;-;Sat Jun 17 00:07:59 2017 +0200;1497650879;-;-;Sat Jun 17 00:07:59 2017 +0200;1497650879
efb735aa9989e9c3337daf9b91b8eab7e4e1f08a;efb735aa99;-;-;Fri Jun 16 13:32:43 2017 +0200;1497612763;-;-;Fri Jun 16 13:32:43 2017 +0200;1497612763
d5f9ad03a78ded2da778ae9d63b29e1a7bdd6359;d5f9ad03a7;-;-;Fri Jun 16 10:26:26 2017 +0200;1497601586;-;-;Fri Jun 16 10:38:59 2017 +0200;1497602339
7e251274ee574589d53e98a2042e731de4b8ac9c;7e251274ee;-;-;Thu Jun 15 22:45:06 2017 +0200;1497559506;-;-;Thu Jun 15 22:45:06 2017 +0200;1497559506
4a21fb27fc7e413076507c7e42602ee48f8e7adb;4a21fb27fc;-;-;Thu Jun 15 16:14:12 2017 -0400;1497557652;-;-;Thu Jun 15 16:14:12 2017 -0400;1497557652
67e482aaf898876080c1b36634ed711c0a41267d;67e482aaf8;-;-;Thu Jun 15 15:40:32 2017 -0400;1497555632;-;-;Thu Jun 15 15:40:32 2017 -0400;1497555632
ef3e309c12853378051d294ad82d68c9299d0c17;ef3e309c12;-;-;Thu Jun 15 13:11:59 2017 -0400;1497546719;-;-;Thu Jun 15 13:11:59 2017 -0400;1497546719
53e8ebe6a66e71f2565c496861a0baa0db80359e;53e8ebe6a6;-;-;Thu Jun 15 11:07:39 2017 -0400;1497539259;-;-;Thu Jun 15 11:07:39 2017 -0400;1497539259
97917aa57d898e3e085beb0d17d26728813bb10c;97917aa57d;-;-;Wed Jun 14 17:43:56 2017 -0400;1497476636;-;-;Wed Jun 14 17:44:56 2017 -0400;1497476696
1018bf771b57984cf3c7a9b2ad8c72e8c45165b9;1018bf771b;-;-;Wed Jun 14 16:38:28 2017 -0400;1497472708;-;-;Wed Jun 14 17:44:56 2017 -0400;1497476696
97a97f9bba284210ac372b045c1ea7a5c4b1fae8;97a97f9bba;-;-;Wed Jun 14 15:58:44 2017 -0400;1497470324;-;-;Wed Jun 14 17:44:56 2017 -0400;1497476696
7b5f96c804fcb34fe0157d6709ca6e25be91e5c3;7b5f96c804;-;-;Wed Jun 14 17:10:44 2017 +0200;1497453044;-;-;Wed Jun 14 17:10:44 2017 +0200;1497453044
137fc48cc294db667ea880c6261d92e01812a01f;137fc48cc2;-;-;Tue Jun 13 20:59:26 2017 +0200;1497380366;-;-;Tue Jun 13 20:59:26 2017 +0200;1497380366
04d5a2951c36bf52f0b6e0eb23fe45ecfacfdb25;04d5a2951c;-;-;Tue Jun 13 18:43:59 2017 +0200;1497372239;-;-;Tue Jun 13 18:43:59 2017 +0200;1497372239
223315f96b7eca0189a7fd8698cc1c01fe8f8d23;223315f96b;-;-;Tue Jun 13 08:37:21 2017 -0500;1497361041;-;-;Tue Jun 13 09:30:50 2017 -0500;1497364250
5e4e3fbe8bafdb8fc1afb72036e1a8d6886a7170;5e4e3fbe8b;-;-;Tue Jun 13 16:06:47 2017 +0200;1497362807;-;-;Tue Jun 13 16:06:47 2017 +0200;1497362807
7018804e8451fa935e8715754de43a3ef62fa5c8;7018804e84;-;-;Tue Jun 13 15:09:22 2017 +0200;1497359362;-;-;Tue Jun 13 15:23:46 2017 +0200;1497360226
97909f225819b2297c1036a8a9108c0582edcf90;97909f2258;-;-;Mon May 29 22:23:33 2017 +0200;1496089413;-;-;Tue Jun 13 15:17:48 2017 +0200;1497359868
e0e6736bc58101af13a352d4aa2a6c2dc0994d72;e0e6736bc5;-;-;Tue Jun 6 09:31:58 2017 +0200;1496734318;-;-;Tue Jun 13 15:10:18 2017 +0200;1497359418
72a8868f844f7a15900497915cf507ad908fbce6;72a8868f84;-;-;Tue Jun 13 14:21:09 2017 +0200;1497356469;-;-;Tue Jun 13 14:21:09 2017 +0200;1497356469
a0cea9a86f7cfb7131290f8815cc2d1f38a55c8c;a0cea9a86f;-;-;Tue Jun 13 14:20:33 2017 +0200;1497356433;-;-;Tue Jun 13 14:20:33 2017 +0200;1497356433
aa28b6cb5483559c73cb2b1c67bd8ac8a726c048;aa28b6cb54;-;-;Tue Jun 13 12:22:52 2017 +0200;1497349372;-;-;Tue Jun 13 12:22:52 2017 +0200;1497349372
779deb0fa786d57b67afa91c8b0164364982e679;779deb0fa7;-;-;Tue Jun 13 11:38:05 2017 +0200;1497346685;-;-;Tue Jun 13 11:38:05 2017 +0200;1497346685
7dd8dc62a5fa08e3cc99d2388ff62f5825151fb9;7dd8dc62a5;-;-;Tue Jun 13 11:37:58 2017 +0200;1497346678;-;-;Tue Jun 13 11:37:58 2017 +0200;1497346678
58242f224946682ad7cce515894f490b767c5240;58242f2249;-;-;Tue Jun 13 10:13:14 2017 +0200;1497341594;-;-;Tue Jun 13 10:13:14 2017 +0200;1497341594
40df48fd950e6c9464d818a0f21ab2f5dec63c58;40df48fd95;-;-;Tue Jun 13 10:09:57 2017 +0200;1497341397;-;-;Tue Jun 13 10:09:57 2017 +0200;1497341397
738160538eab258deacbacac873e53647fb40abb;738160538e;-;-;Tue Jun 13 03:11:36 2017 +0200;1497316296;-;-;Tue Jun 13 03:11:36 2017 +0200;1497316296
47ec9667571e3af8bb29fbdd5ce447461b5b0571;47ec966757;-;-;Mon Jun 12 22:54:18 2017 +0200;1497300858;-;-;Mon Jun 12 22:54:18 2017 +0200;1497300858
233c15b80e3b0d3ff221685838d2a7229b6f059b;233c15b80e;-;-;Mon Jun 12 16:07:35 2017 +0200;1497276455;-;-;Mon Jun 12 18:53:05 2017 +0200;1497286385
1f0d107d37d6418f66a8c9fbab5bd2932a252e47;1f0d107d37;-;-;Mon Jun 12 16:06:28 2017 +0200;1497276388;-;-;Mon Jun 12 16:17:18 2017 +0200;1497277038
3ae84d6dd8af742f1fcf90e4bd3972a4dc66aa68;3ae84d6dd8;-;-;Mon Jun 12 15:51:45 2017 +0200;1497275505;-;-;Mon Jun 12 15:51:45 2017 +0200;1497275505
14161d1dbf922f6fbaa9ca7a5ac54bbce3387281;14161d1dbf;-;-;Mon Jun 12 15:48:59 2017 +0200;1497275339;-;-;Mon Jun 12 15:48:59 2017 +0200;1497275339
6320976669d3a71339ca517697076940bacf3418;6320976669;-;-;Mon Jun 12 15:27:57 2017 +0200;1497274077;-;-;Mon Jun 12 15:27:57 2017 +0200;1497274077
aca5eb73935db5cea7369f19dfffc1cf691cba9f;aca5eb7393;-;-;Mon Jun 12 14:37:52 2017 +0200;1497271072;-;-;Mon Jun 12 14:37:52 2017 +0200;1497271072
424bc75fb11bb8e3198239aa9444b77d940e51c4;424bc75fb1;-;-;Mon Jun 12 14:14:40 2017 +0200;1497269680;-;-;Mon Jun 12 14:14:40 2017 +0200;1497269680
9bf82dc18f8f6b9c83e60b6e972306611526d492;9bf82dc18f;-;-;Mon Jun 12 14:12:12 2017 +0200;1497269532;-;-;Mon Jun 12 14:12:12 2017 +0200;1497269532
7085a303822cda26d60e627ffefdaeaf693c5523;7085a30382;-;-;Mon Jun 12 11:03:33 2017 +0200;1497258213;-;-;Mon Jun 12 11:04:19 2017 +0200;1497258259
3373a3f7ef879f9c53085fc2cc1b61ec7cef910e;3373a3f7ef;-;-;Mon Jun 12 10:42:56 2017 +0200;1497256976;-;-;Mon Jun 12 10:42:56 2017 +0200;1497256976
a665da415af48dfe748b9014ee9c267d75ea7b1d;a665da415a;-;-;Mon Jun 12 09:19:22 2017 +0200;1497251962;-;-;Mon Jun 12 09:19:22 2017 +0200;1497251962
ca1e682dc4bbb36a20150b6b5ed5cc8d4086d1a9;ca1e682dc4;-;-;Mon Jun 12 08:58:33 2017 +0200;1497250713;-;-;Mon Jun 12 08:58:33 2017 +0200;1497250713
5df053c44bde797cc1642bb82e03daabc95c2baa;5df053c44b;-;-;Mon Jun 12 08:08:14 2017 +0200;1497247694;-;-;Mon Jun 12 08:08:14 2017 +0200;1497247694
38a12ed4ba54b6929db0f114a5fa439677e441ac;38a12ed4ba;-;-;Sun Jun 11 21:57:54 2017 -0400;1497232674;-;-;Sun Jun 11 21:59:24 2017 -0400;1497232764
2d17411ec4b3f0b973264ab270689b8f578d3e52;2d17411ec4;-;-;Sun Jun 11 21:20:57 2017 -0400;1497230457;-;-;Sun Jun 11 21:59:24 2017 -0400;1497232764
e2e04105706954429747f04e05c8f7c066c87108;e2e0410570;-;-;Sun Jun 11 12:03:05 2017 +0200;1497175385;-;-;Sun Jun 11 12:03:05 2017 +0200;1497175385
f43ea96dd99e5528bd6f76cfed91ee1295e07ca6;f43ea96dd9;-;-;Sun Jun 11 12:02:57 2017 +0200;1497175377;-;-;Sun Jun 11 12:02:57 2017 +0200;1497175377
01a92517bdb657193f2aabc99c20113dada232fa;01a92517bd;-;-;Thu Jun 8 20:11:41 2017 -0400;1496967101;-;-;Fri Jun 9 16:15:38 2017 -0400;1497039338
b0e8e7f536e021836ec7737d6d97395f5736f2ff;b0e8e7f536;-;-;Wed Jun 7 12:17:49 2017 -0400;1496852269;-;-;Fri Jun 9 16:15:38 2017 -0400;1497039338
cb604738cf29caec954c1c7b550f9356b97adb86;cb604738cf;-;-;Wed Jun 7 14:36:57 2017 -0400;1496860617;-;-;Fri Jun 9 16:15:38 2017 -0400;1497039338
b65bfdb9795a0a8cd2f0578dd589fd26a4b89bfe;b65bfdb979;-;-;Tue Jun 6 21:40:40 2017 -0400;1496799640;-;-;Fri Jun 9 16:15:38 2017 -0400;1497039338
95196e1aee35d98a7866b43c7e0650c1474c1b8c;95196e1aee;-;-;Tue Jun 6 17:44:39 2017 -0400;1496785479;-;-;Fri Jun 9 16:15:38 2017 -0400;1497039338
ff2af660cf3e57a873107dcb18e1811bbe0806cf;ff2af660cf;-;-;Fri Jun 9 11:44:32 2017 -0700;1497033872;-;-;Fri Jun 9 13:08:07 2017 -0700;1497038887
c0550f7eb6c2a669a8bd945c49a16ef2fe8d96a4;c0550f7eb6;-;-;Fri Jun 9 20:46:15 2017 +0200;1497033975;-;-;Fri Jun 9 20:46:15 2017 +0200;1497033975
a1ce3244b06e0598e370a25003ee4bfce7e37cef;a1ce3244b0;-;-;Fri Jun 9 20:43:15 2017 +0200;1497033795;-;-;Fri Jun 9 20:43:15 2017 +0200;1497033795
b1345014b93ee433577e45f1013c2b1d0b8ca8a8;b1345014b9;-;-;Fri Jun 9 09:49:13 2017 -0500;1497019753;-;-;Fri Jun 9 09:49:31 2017 -0500;1497019771
5e954dcba030b607d40adf09a5f936ea27cac036;5e954dcba0;-;-;Wed Jun 7 17:29:56 2017 +0200;1496849396;-;-;Fri Jun 9 13:29:15 2017 +0200;1497007755
b6c09fa76a52abc818c7e79d8de25cfa3797a3ae;b6c09fa76a;-;-;Fri Jun 9 01:51:28 2017 +0300;1496962288;-;-;Fri Jun 9 01:51:28 2017 +0300;1496962288
86580b23583d8e6de3e613feb7ac6e5585774f18;86580b2358;-;-;Fri Jun 9 01:49:56 2017 +0300;1496962196;-;-;Fri Jun 9 01:49:56 2017 +0300;1496962196
736bf1c502ccbbb25f94bf5ec5db46644001636b;736bf1c502;-;-;Fri Jun 9 01:24:47 2017 +0300;1496960687;-;-;Fri Jun 9 01:24:47 2017 +0300;1496960687
8579ae66fcfc34160795ebbc212fc884eba5b4d0;8579ae66fc;-;-;Fri Jun 9 00:47:24 2017 +0300;1496958444;-;-;Fri Jun 9 01:01:16 2017 +0300;1496959276
fd53d2a51a4de263ac18d2f698abeab7afabce75;fd53d2a51a;-;-;Thu Jun 8 22:52:57 2017 +0200;1496955177;-;-;Thu Jun 8 22:52:59 2017 +0200;1496955179
ee5fa2633a79025a1af56365abf9a36501aa6bbc;ee5fa2633a;-;-;Thu Jun 8 22:51:41 2017 +0200;1496955101;-;-;Thu Jun 8 22:51:41 2017 +0200;1496955101
bf66f452837a44b066433bba48b08a337742e722;bf66f45283;-;-;Thu Jun 8 13:46:37 2017 +0200;1496922397;-;-;Thu Jun 8 14:00:39 2017 +0200;1496923239
e6f195095283beaf1637b8230e64cb324e96fe33;e6f1950952;-;-;Thu Jun 8 10:35:54 2017 +0200;1496910954;-;-;Thu Jun 8 10:35:54 2017 +0200;1496910954
72cd24446db45b0f3af483e399fbced392286f96;72cd24446d;-;-;Wed Jun 7 17:03:31 2017 -0700;1496880211;-;-;Wed Jun 7 17:03:31 2017 -0700;1496880211
c67542418921ece5be42b1aef7beadd5b36c9737;c675424189;-;-;Wed Jun 7 16:59:24 2017 -0700;1496879964;-;-;Wed Jun 7 16:59:24 2017 -0700;1496879964
7eaedf29161b08c9fbb30d7cb410b79f7b5e12d2;7eaedf2916;-;-;Wed Jun 7 18:33:19 2017 +0200;1496853199;-;-;Wed Jun 7 18:33:19 2017 +0200;1496853199
55b0fe10271b197af65ff2a05fdc973a0432a4f9;55b0fe1027;-;-;Wed Jun 7 17:56:42 2017 +0200;1496851002;-;-;Wed Jun 7 18:33:13 2017 +0200;1496853193
510436bae9a9c2611b95a5b7b0d9be779dbbe742;510436bae9;-;-;Wed Jun 7 17:55:51 2017 +0200;1496850951;-;-;Wed Jun 7 17:55:51 2017 +0200;1496850951
a0bce618c2f51d8af1fc00ee2c3868ba2c8e0045;a0bce618c2;-;-;Wed Jun 7 14:19:58 2017 +0200;1496837998;-;-;Wed Jun 7 14:19:58 2017 +0200;1496837998
f813712f5b413b354560cd7cc006352e9defa9a3;f813712f5b;-;-;Wed Jun 7 14:17:48 2017 +0200;1496837868;-;-;Wed Jun 7 14:19:15 2017 +0200;1496837955
ffc3f6d87d640631c997fc9566679d094cdda267;ffc3f6d87d;-;-;Sun Jun 4 13:06:26 2017 +0200;1496574386;-;-;Sun Jun 4 13:06:26 2017 +0200;1496574386
a1a6157fb118692760b45e0d5ab0eafeb802bc26;a1a6157fb1;-;-;Sat Jun 3 15:20:28 2017 +0200;1496496028;-;-;Sat Jun 3 15:20:28 2017 +0200;1496496028
77576ed6fe5e543397d57598b2f027c64fccfeba;77576ed6fe;-;-;Fri Jun 2 15:40:16 2017 -0700;1496443216;-;-;Fri Jun 2 15:40:16 2017 -0700;1496443216
4244df740b7c1d0d7911138bbbce40571bf35177;4244df740b;-;-;Fri Jun 2 15:52:44 2017 -0400;1496433164;-;-;Fri Jun 2 15:52:44 2017 -0400;1496433164
d2685dfe672ab9be43bff4a73a15f3c3a56839ea;d2685dfe67;-;-;Fri Jun 2 15:15:42 2017 -0400;1496430942;-;-;Fri Jun 2 15:15:42 2017 -0400;1496430942
a7020e419a1b51ae1cbc618487bffe622ac824a6;a7020e419a;-;-;Fri Jun 2 14:46:34 2017 -0400;1496429194;-;-;Fri Jun 2 14:46:34 2017 -0400;1496429194
90df7dd279a3c09ae0a022386319df2aacbb52d6;90df7dd279;-;-;Fri Jun 2 14:13:31 2017 +0200;1496405611;-;-;Fri Jun 2 14:16:19 2017 +0200;1496405779
74fb2645fd944ec5cf83acd31d4866e6f563686a;74fb2645fd;-;-;Fri Jun 2 09:26:35 2017 +0200;1496388395;-;-;Fri Jun 2 09:26:35 2017 +0200;1496388395
4d525909642bc25e2addd8b2c4980a7ac26eee74;4d52590964;-;-;Thu Jun 1 22:36:12 2017 -0400;1496370972;-;-;Thu Jun 1 22:36:12 2017 -0400;1496370972
895fa2ea7b272143fef828443686999f635a819a;895fa2ea7b;-;-;Thu Jun 1 15:39:19 2017 -0400;1496345959;-;-;Thu Jun 1 15:39:19 2017 -0400;1496345959
cf1bc8119999e2bf3f41ae572f5b83536685ce5e;cf1bc81199;-;-;Tue May 16 22:36:48 2017 +0200;1494967008;-;-;Thu Jun 1 18:31:04 2017 +0200;1496334664
0557404715f205e13001aec19c3d0d3d1ca3a0ed;0557404715;-;-;Thu Jun 1 18:22:05 2017 +0200;1496334125;-;-;Thu Jun 1 18:30:18 2017 +0200;1496334618
8ea54270e1bbaf32d0b2956ca6c9cab43437dbf6;8ea54270e1;-;-;Thu Jun 1 18:00:54 2017 +0200;1496332854;-;-;Thu Jun 1 18:00:54 2017 +0200;1496332854
b93579a43e97292febf97fa47f6e600642dbdffc;b93579a43e;-;-;Thu Jun 1 09:28:55 2017 -0400;1496323735;-;-;Thu Jun 1 09:28:55 2017 -0400;1496323735
e8d2c6c74be7aabbc74edadf02ac4453bc216a07;e8d2c6c74b;-;-;Tue May 2 23:22:01 2017 +0300;1493756521;-;-;Thu Jun 1 09:19:45 2017 -0400;1496323185
23a052c1604734ea603fe06966eec50701620b5e;23a052c160;-;-;Mon Apr 24 23:14:29 2017 +0300;1493064869;-;-;Thu Jun 1 15:14:25 2017 +0300;1496319265
850408455381a6b0b5d40f76276448f0d241e69d;8504084553;-;-;Thu Jun 1 12:37:42 2017 +0200;1496313462;-;-;Thu Jun 1 12:37:42 2017 +0200;1496313462
7894efdd1e97c26d609c8698284cf12a24d212f1;7894efdd1e;-;-;Thu Jun 1 11:44:08 2017 +0200;1496310248;-;-;Thu Jun 1 11:44:08 2017 +0200;1496310248
d3e336599026398bd53977bb3f14188cabbc4b48;d3e3365990;-;-;Wed May 31 22:46:09 2017 -0400;1496285169;-;-;Wed May 31 22:46:09 2017 -0400;1496285169
1412c2c5770392cbb4512e56be60fe5e53b3252d;1412c2c577;-;-;Mon May 8 00:52:22 2017 +0900;1494172342;-;-;Wed May 31 22:05:38 2017 -0400;1496282738
94618c4f37cfb00ed97c0a621de136eb3f801cab;94618c4f37;-;-;Wed May 24 17:17:54 2017 +0800;1495617474;-;-;Wed May 31 21:25:44 2017 -0400;1496280344
e81651b657b088f2b122499e863dc0e27adca24b;e81651b657;-;-;Wed May 31 21:10:08 2017 -0400;1496279408;-;-;Wed May 31 21:10:08 2017 -0400;1496279408
b494c53b40a76a3ce01a54b1bd384b6809f1a147;b494c53b40;-;-;Wed May 31 22:45:31 2017 +0200;1496263531;-;-;Wed May 31 22:51:33 2017 +0200;1496263893
1f28825f9da63a13aaf8940aadedcf81358dc506;1f28825f9d;-;-;Wed May 31 21:35:52 2017 +0200;1496259352;-;-;Wed May 31 21:42:23 2017 +0200;1496259743
f9b319d3ba9d3141fd5edc4fde558daebd2c596f;f9b319d3ba;-;-;Wed May 31 12:30:11 2017 -0400;1496248211;-;-;Wed May 31 15:12:46 2017 -0400;1496257966
c3e6afb8797e2893ab41c44514253c06b056c43c;c3e6afb879;-;-;Wed May 31 16:55:57 2017 +0200;1496242557;-;-;Wed May 31 17:14:49 2017 +0200;1496243689
b47d713e147d6994fbe435c267a1e8941e50ea08;b47d713e14;-;-;Wed May 31 12:37:54 2017 +0200;1496227074;-;-;Wed May 31 16:56:08 2017 +0200;1496242568
ad2c0f8410e3b8642e65545afe77e38614069b08;ad2c0f8410;-;-;Wed May 31 12:36:59 2017 +0200;1496227019;-;-;Wed May 31 16:56:08 2017 +0200;1496242568
abcc4ac979ca7b0d10e06d3e97b65be38ac41c82;abcc4ac979;-;-;Wed May 31 09:30:04 2017 -0400;1496237404;-;-;Wed May 31 09:30:04 2017 -0400;1496237404
e06c4d5116e35e21a4cfb3f202de5a290ae468c4;e06c4d5116;-;-;Fri May 26 10:58:56 2017 -0400;1495810736;-;-;Tue May 30 17:03:46 2017 -0400;1496178226
5dcfd84d3bf5a01b4c90cab2bb9a88ff8ffae8c5;5dcfd84d3b;-;-;Tue May 30 10:58:19 2017 -0400;1496156299;-;-;Tue May 30 11:00:15 2017 -0400;1496156415
67bcef22e40b8926eeb4b25b61e078c5ec384e6b;67bcef22e4;-;-;Tue May 30 08:58:01 2017 -0400;1496149081;-;-;Tue May 30 11:00:15 2017 -0400;1496156415
4b0dedc45e2f82d59c8414996f34520be1760698;4b0dedc45e;-;-;Mon May 29 14:16:09 2017 +0200;1496060169;-;-;Tue May 30 13:17:25 2017 +0200;1496143045
beb7ed97155b9164797aec7024254e12b9050cd4;beb7ed9715;-;-;Mon May 29 17:04:10 2017 +0200;1496070250;-;-;Mon May 29 17:04:10 2017 +0200;1496070250
42d1ba080da0fa41fc1635c6ba827d9cd0014121;42d1ba080d;-;-;Mon May 29 10:16:40 2017 +0200;1496045800;-;-;Mon May 29 10:16:55 2017 +0200;1496045815
76b28a0cece1049fe5317cd76dfc774437f0d6b6;76b28a0cec;-;-;Sun May 28 14:28:57 2017 +0200;1495974537;-;-;Sun May 28 14:28:57 2017 +0200;1495974537
1383ad5f9143f6ef8d3f1409ab76a8f1ac9f664b;1383ad5f91;-;-;Sat May 27 15:01:20 2017 -0400;1495911680;-;-;Sat May 27 20:41:07 2017 -0400;1495932067
03b344b579c98b1c3ae975b825260ae35e1fa205;03b344b579;-;-;Sat May 27 14:21:12 2017 -0400;1495909272;-;-;Sat May 27 20:41:07 2017 -0400;1495932067
1328c8f46e00f591255cba9257bf1ace70b2126e;1328c8f46e;-;-;Sat May 27 13:03:59 2017 -0400;1495904639;-;-;Sat May 27 20:41:07 2017 -0400;1495932067
7efa0db1d142cbe3c019d7eae23b91de91759af9;7efa0db1d1;-;-;Sat May 27 09:01:54 2017 +0200;1495868514;-;-;Sat May 27 09:01:54 2017 +0200;1495868514
87598f48e41d483745aba56cbf4e998c6f6d680c;87598f48e4;-;-;Sat May 27 08:14:59 2017 +0200;1495865699;-;-;Sat May 27 08:57:01 2017 +0200;1495868221
2d37c966b2831add8fd0e01efa9c1eb8240fbdd3;2d37c966b2;-;-;Fri May 26 18:03:01 2017 -0400;1495836181;-;-;Fri May 26 18:03:01 2017 -0400;1495836181
be0b67119121901dc0221e0181a6cdee30e568dc;be0b671191;-;-;Fri May 26 09:19:10 2017 -0400;1495804750;-;-;Fri May 26 09:19:10 2017 -0400;1495804750
e7b41bc30a4db84bdaad719dd12b0a162231e5bf;e7b41bc30a;-;-;Thu May 25 23:37:14 2017 +0200;1495748234;-;-;Thu May 25 23:37:14 2017 +0200;1495748234
3cc94ae8b53c5d71c3cc4fc453e8569843dd2e26;3cc94ae8b5;-;-;Thu May 25 23:37:02 2017 +0200;1495748222;-;-;Thu May 25 23:37:02 2017 +0200;1495748222
0287a74d69032ed2762ef27e8bc4af5781bc2542;0287a74d69;-;-;Thu May 25 17:07:50 2017 -0400;1495746470;-;-;Thu May 25 17:07:50 2017 -0400;1495746470
fd51893a44e2fe9766b9c7e78d3f151561ef3a2d;fd51893a44;-;-;Thu May 25 11:37:33 2017 -0400;1495726653;-;-;Thu May 25 11:41:28 2017 -0400;1495726888
6fcf3a104f05718cf34255af9fcfebd47b8358a7;6fcf3a104f;-;-;Thu May 25 13:16:51 2017 +0200;1495711011;-;-;Thu May 25 13:16:51 2017 +0200;1495711011
346d5d2fabc161e88d03d336c293d340032209d6;346d5d2fab;-;-;Wed May 24 20:20:35 2017 -0400;1495671635;-;-;Wed May 24 20:24:54 2017 -0400;1495671894
718162b8c428220f4cb9c86092c9c651dec6e71c;718162b8c4;-;-;Wed May 24 16:28:17 2017 -0400;1495657697;-;-;Wed May 24 16:31:05 2017 -0400;1495657865
109746a03bcb83b87793ea62fbd393afb9279391;109746a03b;-;-;Wed May 24 13:24:24 2017 -0700;1495657464;-;-;Wed May 24 13:24:24 2017 -0700;1495657464
805fcc6a059759c22055a747282b23e8a9586490;805fcc6a05;-;-;Wed May 24 15:34:40 2017 -0400;1495654480;-;-;Wed May 24 15:34:40 2017 -0400;1495654480
9b53b86d24330c2974cde3b4fb141e8362dac369;9b53b86d24;-;-;Wed May 24 15:05:59 2017 -0400;1495652759;-;-;Wed May 24 15:05:59 2017 -0400;1495652759
df8412bded77faadd60d62dc5c78ca8b2b44a481;df8412bded;-;-;Wed May 24 15:00:12 2017 -0400;1495652412;-;-;Wed May 24 15:00:12 2017 -0400;1495652412
204a9cf056977f5adc6e7d8cfc8a1f3b69b77b61;204a9cf056;-;-;Wed May 24 14:26:52 2017 -0400;1495650412;-;-;Wed May 24 14:26:52 2017 -0400;1495650412
4d4c3d5c0b74d55c4dd6a0927e813f54724cdb5f;4d4c3d5c0b;-;-;Wed May 24 13:56:38 2017 -0400;1495648598;-;-;Wed May 24 14:03:57 2017 -0400;1495649037
246e72ff2f3689b0292e119bb0b5cbc24ceb20e1;246e72ff2f;-;-;Wed May 24 13:37:09 2017 -0400;1495647429;-;-;Wed May 24 14:03:57 2017 -0400;1495649037
a5b94f3a776c16ce3eb09ac92a9a7907910f5ff5;a5b94f3a77;-;-;Wed May 24 17:19:43 2017 +0200;1495639183;-;-;Wed May 24 17:19:43 2017 +0200;1495639183
630fc194f0ae4ae261fb67269302610a655187ad;630fc194f0;-;-;Wed May 24 16:36:58 2017 +0200;1495636618;-;-;Wed May 24 16:36:58 2017 +0200;1495636618
31d1e26c95ebaf179a20ffe9b1328a21857954c3;31d1e26c95;-;-;Wed May 24 13:48:03 2017 +0200;1495626483;-;-;Wed May 24 13:48:03 2017 +0200;1495626483
01e3561db91a06979d9fede8bfaa02519360d6a7;01e3561db9;-;-;Thu May 11 14:57:01 2017 +0200;1494507421;-;-;Wed May 24 11:42:15 2017 +0200;1495618935
3d290165fb6b37544d23755f5182fac3478210f4;3d290165fb;-;-;Sun May 7 17:53:44 2017 +0200;1494172424;-;-;Wed May 24 10:46:35 2017 +0200;1495615595
3f32f72bfcd0540eb82f0ff9ed0a07a16cb53696;3f32f72bfc;-;-;Tue May 23 21:57:34 2017 -0400;1495591054;-;-;Tue May 23 21:57:34 2017 -0400;1495591054
01835762158511e57d8ec8aa1c54ce6d2979f542;0183576215;-;-;Tue May 23 22:05:22 2017 +0200;1495569922;-;-;Tue May 23 22:05:22 2017 +0200;1495569922
db69a082d9449ecb13f615316a382c100cab1f23;db69a082d9;-;-;Tue May 23 22:05:15 2017 +0200;1495569915;-;-;Tue May 23 22:05:15 2017 +0200;1495569915
ce5e2b94c4403b176051e8b3b8be50b5fd5ddd03;ce5e2b94c4;-;-;Tue May 23 21:59:23 2017 +0200;1495569563;-;-;Tue May 23 21:59:23 2017 +0200;1495569563
113f0fb13f08c465f8ae03c893d62a6ef1c4349d;113f0fb13f;-;-;Tue May 23 21:59:16 2017 +0200;1495569556;-;-;Tue May 23 21:59:16 2017 +0200;1495569556
b6e252495a70d716179db1e91397190ac2a0aee9;b6e252495a;-;-;Mon May 22 16:08:22 2017 -0400;1495483702;-;-;Mon May 22 16:08:34 2017 -0400;1495483714
b64de87a6bb3f7b94a8d4073da919803bf6ea413;b64de87a6b;-;-;Sat May 20 14:50:18 2017 +0200;1495284618;-;-;Sat May 20 14:50:18 2017 +0200;1495284618
11075f12bc2ac27b47d9362751a2a44f808828b9;11075f12bc;-;-;Fri May 19 21:46:06 2017 -0400;1495244766;-;-;Fri May 19 21:47:27 2017 -0400;1495244847
c59e192b0f448ff15ca2bc22229b1d49d612ce72;c59e192b0f;-;-;Fri May 19 23:23:11 2017 +0200;1495228991;-;-;Fri May 19 23:23:11 2017 +0200;1495228991
34f1712d59047fa322551d1453994d2044b68a75;34f1712d59;-;-;Fri May 19 17:00:16 2017 -0400;1495227616;-;-;Fri May 19 17:00:16 2017 -0400;1495227616
44c31a6aad26ce2a4e7225e93e6fb26612f07b2c;44c31a6aad;-;-;Sun May 14 18:55:53 2017 +0300;1494777353;-;-;Fri May 19 15:20:14 2017 -0400;1495221614
cb3d1befcd3f057c215ce206740ce616c20e041e;cb3d1befcd;-;-;Thu May 18 21:00:56 2017 +0200;1495134056;-;-;Thu May 18 21:00:56 2017 +0200;1495134056
67881a57262c98fee38eec47452afd8f1e4347fa;67881a5726;-;-;Wed May 17 17:40:25 2017 +0200;1495035625;-;-;Wed May 17 17:40:25 2017 +0200;1495035625
eaac348c05d2ac2a6e9ea5627e7d46b8a821c87a;eaac348c05;-;-;Wed May 17 14:34:50 2017 +0200;1495024490;-;-;Wed May 17 14:34:50 2017 +0200;1495024490
7b3f5fd855fe822ef1bfb21c3fa0d430c0713e39;7b3f5fd855;-;-;Wed May 17 14:22:43 2017 +0200;1495023763;-;-;Wed May 17 14:22:43 2017 +0200;1495023763
e835f4d0258b8b3067cd5d121e5826247a69b88e;e835f4d025;-;-;Wed May 17 14:21:44 2017 +0200;1495023704;-;-;Wed May 17 14:21:44 2017 +0200;1495023704
ba39697f2e568b27a97b2bf195b6b8c99ae1ce95;ba39697f2e;-;-;Tue May 16 14:50:57 2017 +0200;1494939057;-;-;Tue May 16 14:50:57 2017 +0200;1494939057
94efbe26879193d85384484559b7ee91334c4210;94efbe2687;-;-;Tue May 16 11:39:21 2017 +0200;1494927561;-;-;Tue May 16 11:39:21 2017 +0200;1494927561
9e3f4ccce95b76e5c43a07a226871e0c5f7612d4;9e3f4ccce9;-;-;Tue May 16 11:22:22 2017 +0200;1494926542;-;-;Tue May 16 11:22:22 2017 +0200;1494926542
5ac7955de9c99ba4811cbc770426f884a2eb7b63;5ac7955de9;-;-;Mon May 15 15:52:50 2017 -0400;1494877970;-;-;Mon May 15 15:52:50 2017 -0400;1494877970
7f616c216bf59d69a9b98161be94fed4097b955e;7f616c216b;-;-;Fri May 12 20:45:27 2017 +0300;1494611127;-;-;Fri May 12 20:45:27 2017 +0300;1494611127
f985f71daf905fb20d54a62865458a9ebf4439ad;f985f71daf;-;-;Fri May 12 12:50:17 2017 +0200;1494586217;-;-;Fri May 12 12:50:17 2017 +0200;1494586217
650a682659afa17818ec6c149535794801091185;650a682659;-;-;Fri May 12 12:50:10 2017 +0200;1494586210;-;-;Fri May 12 12:50:10 2017 +0200;1494586210
f4cf55cb2b189d0071eff6834a3f7080ce0b000a;f4cf55cb2b;-;-;Wed May 10 14:35:32 2017 +0200;1494419732;-;-;Thu May 11 11:45:00 2017 +0200;1494495900
ad9cf994201f3d4330a6a2ed5c8547cc2ea43eaf;ad9cf99420;-;-;Wed May 10 15:07:54 2017 +0200;1494421674;-;-;Thu May 11 11:45:00 2017 +0200;1494495900
8db4b2f7ed4b3a8efb8eadf630ae8693048a641b;8db4b2f7ed;-;-;Thu May 11 09:55:20 2017 +0200;1494489320;-;-;Thu May 11 09:55:20 2017 +0200;1494489320
285fa1cc2cf2b911e407167e75ab76b5b27bd764;285fa1cc2c;-;-;Wed May 10 17:22:27 2017 +0200;1494429747;-;-;Wed May 10 17:22:27 2017 +0200;1494429747
f0f3df5cc05be50335498fece59fbfc53fe825f7;f0f3df5cc0;-;-;Wed May 10 10:12:55 2017 +0200;1494403975;-;-;Wed May 10 10:12:55 2017 +0200;1494403975
64c0ec3d5e0fe8a39fee7def55587a19ec5293ed;64c0ec3d5e;-;-;Tue May 9 16:38:11 2017 +0200;1494340691;-;-;Tue May 9 16:38:30 2017 +0200;1494340710
9273197f110f62b0404ca0ae496e7eb6f6463b5c;9273197f11;-;-;Tue May 9 13:48:05 2017 +0200;1494330485;-;-;Tue May 9 13:48:05 2017 +0200;1494330485
b6490419764525fa427368d4068eb1e1de676060;b649041976;-;-;Tue May 9 10:18:39 2017 +0200;1494317919;-;-;Tue May 9 10:18:39 2017 +0200;1494317919
add1305252f715d98cb2af7acd01753e1fec1e98;add1305252;-;-;Mon May 8 15:50:27 2017 -0400;1494273027;-;-;Mon May 8 15:50:27 2017 -0400;1494273027
459457e1aae8036e40c7f7956f647d6f790da608;459457e1aa;-;-;Mon May 8 15:36:31 2017 -0400;1494272191;-;-;Mon May 8 15:36:31 2017 -0400;1494272191
47d6e4a332fc8ba5fdd729ea77f5877901570eee;47d6e4a332;-;-;Mon May 8 15:04:38 2017 -0400;1494270278;-;-;Mon May 8 15:04:38 2017 -0400;1494270278
5497416c2d9e30a9517c721eeb39783d4c8ff160;5497416c2d;-;-;Mon May 8 09:10:36 2017 +0200;1494227436;-;-;Mon May 8 09:10:36 2017 +0200;1494227436
f25c6ba9bc40fa9e950b957597f040b9892efc5b;f25c6ba9bc;-;-;Sun May 7 22:59:25 2017 +0200;1494190765;-;-;Sun May 7 22:59:25 2017 +0200;1494190765
c735eec08b29b414dac28c5f27e7660c1fd3f2b4;c735eec08b;-;-;Sun May 7 22:58:04 2017 +0200;1494190684;-;-;Sun May 7 22:58:04 2017 +0200;1494190684
92f18a4985f2eb66551883a77aba5e38a6ddd0a0;92f18a4985;-;-;Sun May 7 21:05:16 2017 +0200;1494183916;-;-;Sun May 7 21:05:16 2017 +0200;1494183916
25aef4d3ccd050c2b7d177f6156d74d2db1a9e43;25aef4d3cc;-;-;Sat May 6 12:53:03 2017 +0200;1494067983;-;-;Sat May 6 12:53:03 2017 +0200;1494067983
edbf9fa74edc287750d143a7ef767cedb5219036;edbf9fa74e;-;-;Fri May 5 23:55:18 2017 +0200;1494021318;-;-;Fri May 5 23:55:18 2017 +0200;1494021318
39f8bd663ee944d92ecd8b1e33b5315807419c94;39f8bd663e;-;-;Fri May 5 23:19:08 2017 +0200;1494019148;-;-;Fri May 5 23:19:08 2017 +0200;1494019148
4fdd85324d8f10c7dc851c0ad21ac50f48ae18ef;4fdd85324d;-;-;Fri May 5 23:19:01 2017 +0200;1494019141;-;-;Fri May 5 23:19:01 2017 +0200;1494019141
1c4babd410b88ab7543797d63c7f92fe719dbe00;1c4babd410;-;-;Fri May 5 16:14:03 2017 -0400;1494015243;-;-;Fri May 5 16:14:03 2017 -0400;1494015243
0d28a1c32b6a24025c50cbb2a6125b4c4f313b7e;0d28a1c32b;-;-;Fri May 5 15:02:09 2017 -0400;1494010929;-;-;Fri May 5 15:02:09 2017 -0400;1494010929
4d962a1793c3bf0c47b526e02b58d72e2817ad93;4d962a1793;-;-;Fri May 5 14:44:08 2017 -0400;1494009848;-;-;Fri May 5 14:44:08 2017 -0400;1494009848
83e0e1604a98b20a5fec3754a52101ac3cd3de60;83e0e1604a;-;-;Fri May 5 14:22:27 2017 -0400;1494008547;-;-;Fri May 5 14:29:43 2017 -0400;1494008983
d7e54cea84e65b29a82651f7e9de621867373260;d7e54cea84;-;-;Fri May 5 09:41:54 2017 -0400;1493991714;-;-;Fri May 5 09:41:54 2017 -0400;1493991714
ba501791c94dcccfe1eb81acbe257e6462724b3a;ba501791c9;-;-;Fri May 5 14:21:01 2017 +0200;1493986861;-;-;Fri May 5 14:21:01 2017 +0200;1493986861
429d6ac67d05a0c0537695fc5d19b4c6529036e0;429d6ac67d;-;-;Fri May 5 14:19:50 2017 +0200;1493986790;-;-;Fri May 5 14:19:50 2017 +0200;1493986790
1083fe6f3fd30a8cacead6a958c727bae8ee2d16;1083fe6f3f;-;-;Fri May 5 12:13:37 2017 +0200;1493979217;-;-;Fri May 5 12:13:37 2017 +0200;1493979217
8231812a3c6dcaae6a783176967ed3b8523207d7;8231812a3c;-;-;Thu May 4 18:05:55 2017 -0400;1493935555;-;-;Thu May 4 18:05:55 2017 -0400;1493935555
afa1c9358594d9701b9f478e9d3aa1a5dc6b06eb;afa1c93585;-;-;Thu May 4 17:24:28 2017 -0400;1493933068;-;-;Thu May 4 17:24:46 2017 -0400;1493933086
652266bcc23f6d5f70e8e7dc7a3265172497f942;652266bcc2;-;-;Thu May 4 22:27:36 2017 +0200;1493929656;-;-;Thu May 4 22:27:36 2017 +0200;1493929656
75117f42b827397890060d2297b79bbc1b0c528c;75117f42b8;-;-;Thu May 4 15:25:31 2017 -0400;1493925931;-;-;Thu May 4 15:59:54 2017 -0400;1493927994
bda272393342ab805078217a4512cefadf0ab4c5;bda2723933;-;-;Thu May 4 13:30:56 2017 -0400;1493919056;-;-;Thu May 4 13:30:56 2017 -0400;1493919056
bb744574e5fbc5aef1956d35c0f18bb2f4049895;bb744574e5;-;-;Thu May 4 13:04:04 2017 -0400;1493917444;-;-;Thu May 4 13:12:44 2017 -0400;1493917964
a56f735edde2338dcb642028615ae7ecaa962695;a56f735edd;-;-;Thu May 4 11:52:10 2017 -0400;1493913130;-;-;Thu May 4 12:25:19 2017 -0400;1493915119
ac1db169a449033f0d3de6664bfb73974171baab;ac1db169a4;-;-;Thu May 4 09:27:59 2017 -0400;1493904479;-;-;Thu May 4 10:13:16 2017 -0400;1493907196
4525c6a5371dbae3a618b54d2b0393d97a1529b7;4525c6a537;-;-;Thu May 4 12:21:48 2017 +0200;1493893308;-;-;Thu May 4 12:39:51 2017 +0200;1493894391
1f5eaf20b0353dece9df2d81b309ea6fe1e72d14;1f5eaf20b0;-;-;Thu May 4 11:26:21 2017 +0200;1493889981;-;-;Thu May 4 11:26:21 2017 +0200;1493889981
de35ff1198912269c323706f729c995a329adde7;de35ff1198;-;-;Thu May 4 11:24:58 2017 +0200;1493889898;-;-;Thu May 4 11:24:58 2017 +0200;1493889898
3a5e06401df40c4ac4e6dcbd87bf8e1f187697e5;3a5e06401d;-;-;Thu May 4 10:51:20 2017 +0200;1493887880;-;-;Thu May 4 10:51:20 2017 +0200;1493887880
07c9c4ddf9848f9552be0c5973794e84183c4302;07c9c4ddf9;-;-;Thu May 4 10:49:28 2017 +0200;1493887768;-;-;Thu May 4 10:49:28 2017 +0200;1493887768
6f3051c677f30fd1459a998d5fb3eba8129ecb58;6f3051c677;-;-;Wed May 3 23:03:47 2017 -0400;1493867027;-;-;Wed May 3 23:03:47 2017 -0400;1493867027
fc7bededd02410ce3ed0c828e82b44c170e765ce;fc7bededd0;-;-;Wed May 3 18:46:00 2017 -0400;1493851560;-;-;Wed May 3 22:36:04 2017 -0400;1493865364
b5089ac09208daa12b19b06924eff95b670eb764;b5089ac092;-;-;Wed May 3 17:25:49 2017 -0400;1493846749;-;-;Wed May 3 18:46:41 2017 -0400;1493851601
d43dfc7bae5aa5e81bc51dfb26c1ae1ff1ecc52e;d43dfc7bae;-;-;Wed May 3 21:58:59 2017 +0200;1493841539;-;-;Wed May 3 21:58:59 2017 +0200;1493841539
4d86515fa55dbc4ff9ff434effc3a73c1a04c2fa;4d86515fa5;-;-;Wed May 3 20:29:05 2017 +0200;1493836145;-;-;Wed May 3 20:29:05 2017 +0200;1493836145
cf7dfc7b17bf988d46fd3b2916f175d641afc591;cf7dfc7b17;-;-;Wed May 3 14:44:48 2017 +0200;1493815488;-;-;Wed May 3 14:51:22 2017 +0200;1493815882
27057889f88ff523a52739147537d0a06c1f6175;27057889f8;-;-;Wed May 3 13:45:29 2017 +0200;1493811929;-;-;Wed May 3 13:45:29 2017 +0200;1493811929
d74542ed21b5a6c2b93547c73e86e1a85954ca9d;d74542ed21;-;-;Wed May 3 13:42:16 2017 +0200;1493811736;-;-;Wed May 3 13:42:16 2017 +0200;1493811736
07ef7a97c775c7b4e20425a0aea198bd49f20b0d;07ef7a97c7;-;-;Tue May 2 12:09:17 2017 -0700;1493752157;-;-;Wed May 3 12:51:52 2017 +0200;1493808712
ed4bd43cacebf2d001a1d0b66b67ad5141499be1;ed4bd43cac;-;-;Wed May 3 11:19:55 2017 +0200;1493803195;-;-;Wed May 3 11:44:01 2017 +0200;1493804641
9d8e9cf24372bfe1aae8b93f23c41e19ee7a3483;9d8e9cf243;-;-;Wed May 3 11:31:28 2017 +0200;1493803888;-;-;Wed May 3 11:31:28 2017 +0200;1493803888
16901b14975273034194b9c8a109ab749a90f0bc;16901b1497;-;-;Tue May 2 18:13:27 2017 -0400;1493763207;-;-;Tue May 2 18:13:27 2017 -0400;1493763207
4db1eb1e4e95dbcd4c7be61ddf304dbef92a23ff;4db1eb1e4e;-;-;Tue May 2 17:59:22 2017 -0400;1493762362;-;-;Tue May 2 17:59:22 2017 -0400;1493762362
44786ff84083f5ffd07927125aab2eea2b26d379;44786ff840;-;-;Tue May 2 16:59:02 2017 -0400;1493758742;-;-;Tue May 2 16:59:02 2017 -0400;1493758742
2ccf78743af231b9f1eb9443fca52c3b18c647b5;2ccf78743a;-;-;Tue May 2 16:44:37 2017 -0400;1493757877;-;-;Tue May 2 16:44:37 2017 -0400;1493757877
1881727b37a75bd9cd3287ae57d9066c978c345b;1881727b37;-;-;Tue May 2 16:08:50 2017 -0400;1493755730;-;-;Tue May 2 16:09:55 2017 -0400;1493755795
7f19e57d9d23df3ffa77fa2881b8dd5cf7dc2013;7f19e57d9d;-;-;Tue May 2 21:38:09 2017 +0200;1493753889;-;-;Tue May 2 21:38:09 2017 +0200;1493753889
b709c77329528d98f94716994e98f3feb5ff5d1f;b709c77329;-;-;Tue May 2 21:26:31 2017 +0200;1493753191;-;-;Tue May 2 21:26:31 2017 +0200;1493753191
817e80c56b8efe40e3dc28c68586b1412589d064;817e80c56b;-;-;Tue May 2 21:16:31 2017 +0200;1493752591;-;-;Tue May 2 21:16:31 2017 +0200;1493752591
7ca0094fa1d83de72e8cbaaea3ff8538ae8796d6;7ca0094fa1;-;-;Tue May 2 21:13:55 2017 +0200;1493752435;-;-;Tue May 2 21:13:55 2017 +0200;1493752435
3b8b3502a84714bd01594fca10e0afabcd2e48e4;3b8b3502a8;-;-;Tue May 2 16:39:28 2017 +0200;1493735968;-;-;Tue May 2 16:39:28 2017 +0200;1493735968
90477b40a4b92c357184cc182f546ce742b1ffa1;90477b40a4;-;-;Mon May 1 21:26:16 2017 -0700;1493699176;-;-;Tue May 2 16:39:04 2017 +0200;1493735944
2390748fd7a59c14af060f8724cd6b2f1e62159a;2390748fd7;-;-;Mon May 1 18:00:08 2017 -0400;1493676008;-;-;Mon May 1 18:00:08 2017 -0400;1493676008
ea85431ac55acf9e3b8dfca51879727c99c2d5f7;ea85431ac5;-;-;Mon May 1 13:27:24 2017 +0200;1493638044;-;-;Mon May 1 13:36:35 2017 +0200;1493638595
057e388b6b68f7354f971d90d0c3b6122f90ea80;057e388b6b;-;-;Mon May 1 13:34:31 2017 +0200;1493638471;-;-;Mon May 1 13:34:31 2017 +0200;1493638471
12a95d8c689e35f180fff59efa6d08d3e7a9f7c8;12a95d8c68;-;-;Sun Apr 30 12:53:37 2017 +0200;1493549617;-;-;Sun Apr 30 12:53:37 2017 +0200;1493549617
c7338c70dc2052c8539743960a5c470787db8b85;c7338c70dc;-;-;Fri Apr 28 16:03:41 2017 -0400;1493409821;-;-;Fri Apr 28 16:03:41 2017 -0400;1493409821
1292bb20f9de8e8ed70986913ac5cfe431bcca64;1292bb20f9;-;-;Fri Apr 28 15:04:43 2017 -0400;1493406283;-;-;Fri Apr 28 15:04:43 2017 -0400;1493406283
f2caaa9195e4926669ae65afb2968db08ce05347;f2caaa9195;-;-;Fri Apr 28 16:12:15 2017 +0200;1493388735;-;-;Fri Apr 28 17:02:46 2017 +0200;1493391766
4bfd04b3c54000f6e2e17127cd4a11b70f4e8571;4bfd04b3c5;-;-;Fri Apr 28 12:03:55 2017 +0200;1493373835;-;-;Fri Apr 28 16:42:23 2017 +0200;1493390543
8e272bc5b095ff89bfc38613f56eae07999ce3f1;8e272bc5b0;-;-;Fri Apr 28 11:36:50 2017 +0200;1493372210;-;-;Fri Apr 28 16:42:23 2017 +0200;1493390543
a712c1966133385de1c4a1208aa32c392ec21049;a712c19661;-;-;Thu Apr 27 19:04:41 2017 +0200;1493312681;-;-;Fri Apr 28 16:42:23 2017 +0200;1493390543
852dc84d3853c971f25491a52cf011fdd12c28f2;852dc84d38;-;-;Thu Apr 27 11:45:40 2017 +0200;1493286340;-;-;Fri Apr 28 16:42:23 2017 +0200;1493390543
23e4dd6d3d2278825d1010e9dca26d76475c3ecd;23e4dd6d3d;-;-;Thu Apr 27 11:45:25 2017 +0200;1493286325;-;-;Fri Apr 28 16:42:23 2017 +0200;1493390543
7f1fa225fe147971ac0345abb7b33aa17053499a;7f1fa225fe;-;-;Fri Apr 28 12:06:55 2017 +0200;1493374015;-;-;Fri Apr 28 12:06:55 2017 +0200;1493374015
0f6704202d7f7908b414eb2a40a8beab1572ca4c;0f6704202d;-;-;Fri Apr 28 11:07:40 2017 +0200;1493370460;-;-;Fri Apr 28 11:07:40 2017 +0200;1493370460
1ea54eb2c6dd058501a1806becd7f5acf57197af;1ea54eb2c6;-;-;Thu Apr 27 21:38:30 2017 +0200;1493321910;-;-;Thu Apr 27 21:38:30 2017 +0200;1493321910
04f0f137e69a8256078e3a6b1637decb7166cd76;04f0f137e6;-;-;Thu Apr 27 21:32:11 2017 +0200;1493321531;-;-;Thu Apr 27 21:32:11 2017 +0200;1493321531
baa7b1c6c84f64465cecdf6ad2e2bf90371cbd7b;baa7b1c6c8;-;-;Thu Apr 27 21:31:50 2017 +0200;1493321510;-;-;Thu Apr 27 21:31:50 2017 +0200;1493321510
17f274fd6a9d4e73dd505594735a286557dc5127;17f274fd6a;-;-;Thu Apr 27 21:31:39 2017 +0200;1493321499;-;-;Thu Apr 27 21:31:39 2017 +0200;1493321499
c1edb3b5bd90a5548cf6db19f9bcf7383e4898fb;c1edb3b5bd;-;-;Thu Apr 27 11:21:27 2017 -0700;1493317287;-;-;Thu Apr 27 11:31:56 2017 -0700;1493317916
cd95f346662148b6bb9d2c9a2b11eee334b3d441;cd95f34666;-;-;Thu Apr 27 20:26:37 2017 +0200;1493317597;-;-;Thu Apr 27 20:26:37 2017 +0200;1493317597
d9bde0812fdd1ecfc4091eb6027f7fa649cf55ba;d9bde0812f;-;-;Thu Apr 27 15:20:07 2017 +0200;1493299207;-;-;Thu Apr 27 15:20:07 2017 +0200;1493299207
547c4f69a4c4041dd28163f8d847dec0487df6b9;547c4f69a4;-;-;Thu Apr 27 11:34:10 2017 +0200;1493285650;-;-;Thu Apr 27 11:34:10 2017 +0200;1493285650
333e5c6b017d14bd2e35fdce04ade9087115acfb;333e5c6b01;-;-;Thu Apr 27 11:29:14 2017 +0200;1493285354;-;-;Thu Apr 27 11:29:14 2017 +0200;1493285354
0479dc96c43aaccef3217e866eb3523f85e1522f;0479dc96c4;-;-;Wed Apr 26 21:32:50 2017 +0200;1493235170;-;-;Wed Apr 26 21:32:50 2017 +0200;1493235170
4b1e3df283ed97a8f54f2d900ff20b63bcf260f4;4b1e3df283;-;-;Wed Apr 26 19:15:51 2017 +0200;1493226951;-;-;Wed Apr 26 19:15:51 2017 +0200;1493226951
c855182e039403a837f6ebeea4f830b10bf21f5f;c855182e03;-;-;Wed Apr 26 18:59:43 2017 +0200;1493225983;-;-;Wed Apr 26 18:59:43 2017 +0200;1493225983
c668d9a473c3ea3f5c663c481ed60473f3e3099b;c668d9a473;-;-;Wed Apr 26 18:20:19 2017 +0200;1493223619;-;-;Wed Apr 26 18:20:19 2017 +0200;1493223619
3daf626842713178f4f396524865da18850467b0;3daf626842;-;-;Wed Apr 26 18:17:00 2017 +0200;1493223420;-;-;Wed Apr 26 18:17:00 2017 +0200;1493223420
8b50f887dbf7c18a48b4be8c00eec90265bf7b20;8b50f887db;-;-;Wed Apr 26 18:16:47 2017 +0200;1493223407;-;-;Wed Apr 26 18:16:47 2017 +0200;1493223407
6c43d14a77287bbf3272251f6e50563357a6c8c3;6c43d14a77;-;-;Wed Apr 26 18:16:40 2017 +0200;1493223400;-;-;Wed Apr 26 18:16:40 2017 +0200;1493223400
42d6d7ec4e2ddabc9c50dab6d6ac572ef46d2a6a;42d6d7ec4e;-;-;Wed Apr 26 18:16:31 2017 +0200;1493223391;-;-;Wed Apr 26 18:16:31 2017 +0200;1493223391
4a8c99c9ce6773a1b192d4b60969241b2370ac4f;4a8c99c9ce;-;-;Wed Apr 26 17:33:21 2017 +0200;1493220801;-;-;Wed Apr 26 17:50:59 2017 +0200;1493221859
0e7d6fc4d14145e80b61ca9d214da3ebe7a54310;0e7d6fc4d1;-;-;Wed Apr 26 17:00:30 2017 +0200;1493218830;-;-;Wed Apr 26 17:50:59 2017 +0200;1493221859
299b9d60fd40e70e32c8b91eb737586ca656ee94;299b9d60fd;-;-;Tue Apr 25 12:44:10 2017 -0400;1493138650;-;-;Wed Apr 26 15:05:32 2017 +0200;1493211932
2579dab209f955a6190104ba0e963b1da6734721;2579dab209;-;-;Wed Apr 26 10:24:23 2017 +0200;1493195063;-;-;Wed Apr 26 10:24:23 2017 +0200;1493195063
140379fe7e8a7cb5e0d6a5ec934f2174d5e41efd;140379fe7e;-;-;Wed Apr 26 09:48:35 2017 +0200;1493192915;-;-;Wed Apr 26 09:48:35 2017 +0200;1493192915
191bbc20dcb6769edc550a433e65fca25cdab85f;191bbc20dc;-;-;Tue Apr 25 17:23:20 2017 -0400;1493155400;-;-;Tue Apr 25 17:23:20 2017 -0400;1493155400
60442ec33d1f0a9dcc0eede520b5fec37c7bb135;60442ec33d;-;-;Tue Apr 25 16:33:33 2017 -0400;1493152413;-;-;Tue Apr 25 16:34:07 2017 -0400;1493152447
4f3db9b822bf9769d5f2be5e66f0eca3d7f74370;4f3db9b822;-;-;Tue Apr 25 16:26:23 2017 -0400;1493151983;-;-;Tue Apr 25 16:28:25 2017 -0400;1493152105
61a4eaf3cfd3f4d21d9f999415e0907f37d25b6a;61a4eaf3cf;-;-;Tue Apr 25 22:22:16 2017 +0200;1493151736;-;-;Tue Apr 25 22:22:16 2017 +0200;1493151736
6e71828a351ae31dec6bb0621266e4cef6e4a42f;6e71828a35;-;-;Tue Apr 25 16:07:25 2017 -0400;1493150845;-;-;Tue Apr 25 16:07:25 2017 -0400;1493150845
abe3cfd8debea18cbfb32e923cf73d0a86ae98e4;abe3cfd8de;-;-;Tue Apr 25 12:47:13 2017 -0400;1493138833;-;-;Tue Apr 25 12:47:13 2017 -0400;1493138833
c67b0d650759bc27786bef06480a417bb611ace7;c67b0d6507;-;-;Tue Apr 25 12:02:19 2017 -0400;1493136139;-;-;Tue Apr 25 12:03:59 2017 -0400;1493136239
20718e682eb1ac673effae2828e9a92022767348;20718e682e;-;-;Tue Apr 25 12:16:11 2017 +0200;1493115371;-;-;Tue Apr 25 12:16:11 2017 +0200;1493115371
b9dbac7b2cc09f086ce6256744a8a31e5d0fd90e;b9dbac7b2c;-;-;Mon Apr 24 17:15:33 2017 +0200;1493046933;-;-;Tue Apr 25 11:33:47 2017 +0200;1493112827
6a1ce13ae2bc3946ffcf43c6bc6905ed137d8073;6a1ce13ae2;-;-;Tue Apr 25 11:00:16 2017 +0200;1493110816;-;-;Tue Apr 25 11:00:16 2017 +0200;1493110816
a38b03f669a0bbe33b73688687a01c77db0faf6d;a38b03f669;-;-;Tue Apr 25 10:07:56 2017 +0200;1493107676;-;-;Tue Apr 25 10:07:56 2017 +0200;1493107676
3ffe7a283f237e5b7864b4c21ec977a4d49206cd;3ffe7a283f;-;-;Mon Apr 24 22:19:10 2017 +0200;1493065150;-;-;Mon Apr 24 22:19:10 2017 +0200;1493065150
cf6031f98e8aedb8ba99762cdf069fda985bc816;cf6031f98e;-;-;Mon Apr 24 13:12:48 2017 +0200;1493032368;-;-;Mon Apr 24 13:12:48 2017 +0200;1493032368
4d058ceef4223017fb9ce17650e1b351afc02900;4d058ceef4;-;-;Fri Apr 21 18:11:28 2017 +0300;1492787488;-;-;Mon Apr 24 11:17:37 2017 +0200;1493025457
55833dc3d1f7bd05881484e488066d07390b2df8;55833dc3d1;-;-;Sat Apr 22 19:02:38 2017 +0200;1492880558;-;-;Sat Apr 22 19:02:46 2017 +0200;1492880566
624790e7ab8e7eac19919b9d75d3c9f0233e6490;624790e7ab;-;-;Fri Apr 21 09:48:27 2017 +0200;1492760907;-;-;Fri Apr 21 09:48:27 2017 +0200;1492760907
7df3d68b2a0f833ec786e577a7a4ba22919bdc2f;7df3d68b2a;-;-;Thu Apr 20 16:13:08 2017 -0400;1492719188;-;-;Thu Apr 20 16:14:13 2017 -0400;1492719253
d3b178a812b6c3b55f8060ba75679b3ad7b84f3b;d3b178a812;-;-;Thu Apr 20 09:17:52 2017 -0400;1492694272;-;-;Thu Apr 20 09:19:38 2017 -0400;1492694378
cc102c2fcdd1d1e3e34cfb09e5efe21ad786e2b1;cc102c2fcd;-;-;Thu Apr 20 08:40:15 2017 -0400;1492692015;-;-;Thu Apr 20 09:19:38 2017 -0400;1492694378
a93698487e8c5b87685af58dd41eb6dd79c02158;a93698487e;-;-;Thu Apr 20 08:12:09 2017 -0400;1492690329;-;-;Thu Apr 20 09:19:38 2017 -0400;1492694378
633544943f99a26ff8fc007d0cafb392ebd73ecf;633544943f;-;-;Thu Apr 20 07:45:19 2017 -0400;1492688719;-;-;Thu Apr 20 09:19:38 2017 -0400;1492694378
62584a53370a321b2a082abad33c1096b464d65a;62584a5337;-;-;Thu Apr 20 15:19:27 2017 +0200;1492694367;-;-;Thu Apr 20 15:19:27 2017 +0200;1492694367
03861df0ba95e9981d09b26e18192a240cf5ca40;03861df0ba;-;-;Thu Apr 20 11:02:02 2017 +0200;1492678922;-;-;Thu Apr 20 11:02:02 2017 +0200;1492678922
cd8655881101290ea98db64b1b087fa36806f1ea;cd86558811;-;-;Wed Apr 19 11:59:21 2017 -0700;1492628361;-;-;Wed Apr 19 11:59:21 2017 -0700;1492628361
e93e49f268ce93ba67d33e71a79f05dc3a195ba9;e93e49f268;-;-;Wed Apr 19 20:50:20 2017 +0200;1492627820;-;-;Wed Apr 19 20:50:20 2017 +0200;1492627820
c16c8f26f55ed68f1446b04e165281d883948ecb;c16c8f26f5;-;-;Wed Apr 19 20:16:57 2017 +0200;1492625817;-;-;Wed Apr 19 20:16:57 2017 +0200;1492625817
d1e099029388795c31c76eeb1a963332599f6652;d1e0990293;-;-;Wed Apr 19 16:49:06 2017 +0200;1492613346;-;-;Wed Apr 19 16:49:06 2017 +0200;1492613346
30f61e0c0709c66c9171b0be0210555447a8f55e;30f61e0c07;-;-;Wed Apr 19 16:40:23 2017 +0200;1492612823;-;-;Wed Apr 19 16:40:23 2017 +0200;1492612823
b897f96e0ff61ec8965ebd51bbad0d5b798e5e7f;b897f96e0f;-;-;Wed Apr 19 10:39:51 2017 +0200;1492591191;-;-;Wed Apr 19 10:39:51 2017 +0200;1492591191
09fcfb510c1c830592f4b71408edb3d9c05a1989;09fcfb510c;-;-;Wed Apr 19 09:22:51 2017 +0200;1492586571;-;-;Wed Apr 19 09:22:51 2017 +0200;1492586571
7d8dda9a5ac6b05edb0bbb9d23edf44a3c465554;7d8dda9a5a;-;-;Tue Apr 18 23:25:44 2017 -0400;1492572344;-;-;Tue Apr 18 23:25:44 2017 -0400;1492572344
887e5e50a9a7397b02edb5bd4be65b2a6355325d;887e5e50a9;-;-;Tue Apr 18 23:10:47 2017 -0400;1492571447;-;-;Tue Apr 18 23:10:47 2017 -0400;1492571447
d78d82c516e08c9c74f9ad6260e7a54c8798a342;d78d82c516;-;-;Tue Apr 18 22:58:56 2017 -0400;1492570736;-;-;Tue Apr 18 23:00:43 2017 -0400;1492570843
5c502b87ca03669b92e13aa2db54d96fcd979066;5c502b87ca;-;-;Tue Apr 18 16:45:45 2017 -0400;1492548345;-;-;Tue Apr 18 23:00:43 2017 -0400;1492570843
71966b0777d876fc20db62c6ab43b31b90aea505;71966b0777;-;-;Tue Apr 18 15:39:52 2017 -0400;1492544392;-;-;Tue Apr 18 23:00:43 2017 -0400;1492570843
316a680577a392464c6da60d989b00acd2a5e472;316a680577;-;-;Fri Apr 14 07:48:51 2017 -0700;1492181331;-;-;Tue Apr 18 16:17:44 2017 -0700;1492557464
88f8df4dced5a97e443cda4a25ed2afb54165eae;88f8df4dce;-;-;Tue Apr 18 21:11:19 2017 +0200;1492542679;-;-;Tue Apr 18 21:11:19 2017 +0200;1492542679
09b0364ad7773dc8b541e9daa0c9e7ec9cd2037c;09b0364ad7;-;-;Tue Apr 18 14:51:16 2017 +0200;1492519876;-;-;Tue Apr 18 14:51:16 2017 +0200;1492519876
929ab10b499b62e6031e5ea88b7184f1817e0e80;929ab10b49;-;-;Tue Apr 18 13:33:27 2017 +0200;1492515207;-;-;Tue Apr 18 13:33:27 2017 +0200;1492515207
4ffdb50681a9e4c81ccb1d1eb46ace804a3af0ad;4ffdb50681;-;-;Tue Apr 18 13:32:53 2017 +0200;1492515173;-;-;Tue Apr 18 13:32:53 2017 +0200;1492515173
a2acbee004e010fe36b2970c52bd25a9a4054371;a2acbee004;-;-;Tue Apr 18 13:18:08 2017 +0200;1492514288;-;-;Tue Apr 18 13:18:08 2017 +0200;1492514288
1c0b3be6e60af5704a0d0ac6e119d620fe84b0f4;1c0b3be6e6;-;-;Tue Apr 18 13:15:18 2017 +0200;1492514118;-;-;Tue Apr 18 13:15:38 2017 +0200;1492514138
a49a0007b2bf9edd850114b1a1e7a6f4ac7d1e93;a49a0007b2;-;-;Mon Apr 17 19:55:45 2017 +0200;1492451745;-;-;Mon Apr 17 19:55:45 2017 +0200;1492451745
43e806c7333e09419c6db3ada28aeb0960299e70;43e806c733;-;-;Mon Apr 17 19:29:01 2017 +0200;1492450141;-;-;Mon Apr 17 19:47:24 2017 +0200;1492451244
91df0653fe5e22477ec2ed6dbe7e44b835c99038;91df0653fe;-;-;Mon Apr 17 15:05:34 2017 +0200;1492434334;-;-;Mon Apr 17 15:05:34 2017 +0200;1492434334
0d0b879a2313b73bf85abfe45ff0a59897aa6a3e;0d0b879a23;-;-;Mon Apr 17 15:02:13 2017 +0200;1492434133;-;-;Mon Apr 17 15:02:13 2017 +0200;1492434133
5d3249f6925f841f5b3e1395d81a78b239df0f1a;5d3249f692;-;-;Mon Apr 17 14:52:06 2017 +0200;1492433526;-;-;Mon Apr 17 14:52:06 2017 +0200;1492433526
022aefdfe8656f0aa315dbbd8c84a2e3a816e762;022aefdfe8;-;-;Sat Apr 15 14:17:45 2017 +0200;1492258665;-;-;Sat Apr 15 14:17:45 2017 +0200;1492258665
9abf249cee58f1a23ff6f2f99ab56082a65aa617;9abf249cee;-;-;Sat Apr 15 14:10:28 2017 +0200;1492258228;-;-;Sat Apr 15 14:10:28 2017 +0200;1492258228
3efb76c85285bd9899552dd2cb57ec3ae1920174;3efb76c852;-;-;Fri Apr 14 17:18:44 2017 -0400;1492204724;-;-;Fri Apr 14 17:21:26 2017 -0400;1492204886
2ba4a224a68b5ff05fb36071d36ada003faa6d0a;2ba4a224a6;-;-;Fri Apr 14 22:54:11 2017 +0200;1492203251;-;-;Fri Apr 14 22:54:11 2017 +0200;1492203251
29f2c96a3d0754576c64fe4956b55afc75e912ed;29f2c96a3d;-;-;Fri Apr 14 22:45:03 2017 +0200;1492202703;-;-;Fri Apr 14 22:45:03 2017 +0200;1492202703
d50dab6ea975a1af1c343bd68f32d0af8e87f006;d50dab6ea9;-;-;Fri Apr 14 22:43:44 2017 +0200;1492202624;-;-;Fri Apr 14 22:43:44 2017 +0200;1492202624
7ea2caa82cd52241d5e33640e5813a1a90620e01;7ea2caa82c;-;-;Fri Apr 14 16:36:07 2017 -0400;1492202167;-;-;Fri Apr 14 16:39:30 2017 -0400;1492202370
1e8c7e55ded453054d264643afbe58933fd0b9c1;1e8c7e55de;-;-;Thu Apr 13 17:14:48 2017 -0400;1492118088;-;-;Fri Apr 14 16:39:30 2017 -0400;1492202370
0e84f246cb934dfef457a53fcd92e3bd31badafa;0e84f246cb;-;-;Thu Apr 13 09:47:01 2017 -0400;1492091221;-;-;Fri Apr 14 16:39:30 2017 -0400;1492202370
bf3fe93dbdbe8e94f23ab6fc0d74f0325a295efd;bf3fe93dbd;-;-;Fri Apr 14 19:22:46 2017 +0200;1492190566;-;-;Fri Apr 14 19:22:46 2017 +0200;1492190566
a8d785b87fb2e662c0ad931a11dbf37489565f39;a8d785b87f;-;-;Fri Apr 14 19:18:42 2017 +0200;1492190322;-;-;Fri Apr 14 19:18:42 2017 +0200;1492190322
005e85b0f55c8a073e6180739232f4a124d013bf;005e85b0f5;-;-;Fri Apr 14 13:18:20 2017 +0200;1492168700;-;-;Fri Apr 14 13:18:20 2017 +0200;1492168700
135651de9a0294dfab3829eb96a399d2b200032f;135651de9a;-;-;Thu Apr 13 17:50:35 2017 +0200;1492098635;-;-;Thu Apr 13 17:50:35 2017 +0200;1492098635
37d0db161512c2a06cfd3d80a622951c4d6f5c50;37d0db1615;-;-;Thu Apr 13 17:46:11 2017 +0200;1492098371;-;-;Thu Apr 13 17:46:11 2017 +0200;1492098371
0b118322b09e7f8b54f63007985fe244ce9c6645;0b118322b0;-;-;Thu Apr 13 16:17:05 2017 +0200;1492093025;-;-;Thu Apr 13 16:17:05 2017 +0200;1492093025
46a790f9be6070d3c8fbb92bd013208ebe7755f2;46a790f9be;-;-;Thu Apr 13 09:58:48 2017 -0400;1492091928;-;-;Thu Apr 13 09:58:48 2017 -0400;1492091928
dce72e0ad014a774b47f0fd2f134d47f813121da;dce72e0ad0;-;-;Thu Apr 13 15:31:44 2017 +0200;1492090304;-;-;Thu Apr 13 15:37:27 2017 +0200;1492090647
e3fae2716e9d70903e9790efa0bdc312fda39615;e3fae2716e;-;-;Thu Apr 13 15:30:21 2017 +0200;1492090221;-;-;Thu Apr 13 15:36:34 2017 +0200;1492090594
cec36fe784285b4ec27692f9e4f005c09893b7a6;cec36fe784;-;-;Thu Apr 13 13:07:54 2017 +0200;1492081674;-;-;Thu Apr 13 13:07:54 2017 +0200;1492081674
dc279d839bab457561caf2b5c677e53f10d06c99;dc279d839b;-;-;Thu Apr 13 11:01:46 2017 +0200;1492074106;-;-;Thu Apr 13 11:02:29 2017 +0200;1492074149
908d16904fc9906c781711e79e8f3017a915427a;908d16904f;-;-;Thu Apr 13 10:30:27 2017 +0200;1492072227;-;-;Thu Apr 13 11:02:17 2017 +0200;1492074137
fce8ed62cef7df6aaffe5699dc64bf1a0c4faf3a;fce8ed62ce;-;-;Wed Apr 12 17:51:36 2017 -0400;1492033896;-;-;Wed Apr 12 17:51:36 2017 -0400;1492033896
9e55e8f8a6f0fae13e1d04de968c2c7ecce9fd00;9e55e8f8a6;-;-;Wed Apr 12 18:07:14 2017 +0200;1492013234;-;-;Wed Apr 12 18:07:14 2017 +0200;1492013234
a55a0f26cb5192d7f88ea4f227d62aa2e7311866;a55a0f26cb;-;-;Wed Apr 12 18:06:37 2017 +0200;1492013197;-;-;Wed Apr 12 18:06:37 2017 +0200;1492013197
4838f06d5d06c2e2cf7a437de4eae78a4980f347;4838f06d5d;-;-;Wed Apr 12 18:05:30 2017 +0200;1492013130;-;-;Wed Apr 12 18:05:30 2017 +0200;1492013130
fcdf3900b98bf9ca3b298d21a68dd483097f3e25;fcdf3900b9;-;-;Wed Apr 12 17:21:10 2017 +0200;1492010470;-;-;Wed Apr 12 17:21:56 2017 +0200;1492010516
093e573aceda50f4e94d35ceec465a3532094f22;093e573ace;-;-;Wed Apr 12 15:36:18 2017 +0200;1492004178;-;-;Wed Apr 12 15:36:18 2017 +0200;1492004178
1735ba22cb1b3691d6a4a25d80058805d24902aa;1735ba22cb;-;-;Wed Apr 12 15:34:50 2017 +0200;1492004090;-;-;Wed Apr 12 15:34:50 2017 +0200;1492004090
d12d5f345509515e9677fd4886ae7a505584aa5d;d12d5f3455;-;-;Wed Apr 12 11:04:11 2017 +0200;1491987851;-;-;Wed Apr 12 11:04:11 2017 +0200;1491987851
779779de7befc9ddda57d0edef55d3164b1cde5f;779779de7b;-;-;Tue Apr 11 17:41:41 2017 -0400;1491946901;-;-;Tue Apr 11 17:41:41 2017 -0400;1491946901
190408d1dc36e6566bcf90a0eac1fb532522666c;190408d1dc;-;-;Tue Apr 11 15:08:39 2017 -0400;1491937719;-;-;Tue Apr 11 15:08:39 2017 -0400;1491937719
4d9144132e25212011ba5a683d6f256398854a4c;4d9144132e;-;-;Tue Apr 11 18:12:18 2017 +0200;1491927138;-;-;Tue Apr 11 18:13:04 2017 +0200;1491927184
f963367484bce59cd7e3f0e02a0a970f38b8842a;f963367484;-;-;Tue Apr 11 11:55:10 2017 -0400;1491926110;-;-;Tue Apr 11 11:55:10 2017 -0400;1491926110
95e78b16f7451682fd9c2355d7a660ece2a6c20f;95e78b16f7;-;-;Tue Apr 11 17:53:44 2017 +0200;1491926024;-;-;Tue Apr 11 17:53:44 2017 +0200;1491926024
987421c880585c244d19bebea56bf26779ce97da;987421c880;-;-;Tue Apr 11 17:45:06 2017 +0200;1491925506;-;-;Tue Apr 11 17:45:06 2017 +0200;1491925506
b061556f68798b9cc4b95daa42a6251a04f05528;b061556f68;-;-;Tue Apr 11 15:39:17 2017 +0200;1491917957;-;-;Tue Apr 11 15:39:17 2017 +0200;1491917957
7f162a033bb3bdefe5650eae327b673017bf0ddc;7f162a033b;-;-;Tue Apr 11 15:37:56 2017 +0200;1491917876;-;-;Tue Apr 11 15:37:56 2017 +0200;1491917876
9a501fac46a9e4879ba8d72360ad1713169f2d8e;9a501fac46;-;-;Tue Apr 11 13:57:21 2017 +0200;1491911841;-;-;Tue Apr 11 14:00:31 2017 +0200;1491912031
e33f603f68fc5ad2abfc4301e5d646a8a80ae0b7;e33f603f68;-;-;Tue Apr 11 07:16:43 2017 -0400;1491909403;-;-;Tue Apr 11 07:19:07 2017 -0400;1491909547
5d92a85fcbce98d680d91287eb24697456786a8b;5d92a85fcb;-;-;Tue Apr 11 07:01:20 2017 -0400;1491908480;-;-;Tue Apr 11 07:19:07 2017 -0400;1491909547
3393c10d790abfb0092edcce95519807d6f94568;3393c10d79;-;-;Tue Apr 11 06:58:27 2017 -0400;1491908307;-;-;Tue Apr 11 07:19:07 2017 -0400;1491909547
23e35c0e1a98c6c3659b38ae7b79e3f90a790df4;23e35c0e1a;-;-;Tue Apr 11 11:46:49 2017 +0200;1491904009;-;-;Tue Apr 11 12:39:09 2017 +0200;1491907149
c4e0d6c2a235fe4896276844d20a60f8510acf09;c4e0d6c2a2;-;-;Tue Apr 11 11:45:30 2017 +0200;1491903930;-;-;Tue Apr 11 11:45:30 2017 +0200;1491903930
ce4eff321cd976df4ba26fe3971642259af891d2;ce4eff321c;-;-;Tue Apr 11 11:40:50 2017 +0200;1491903650;-;-;Tue Apr 11 11:40:50 2017 +0200;1491903650
ac27dbea4bc71c233514e37a9c3a3083fb3d0433;ac27dbea4b;-;-;Tue Apr 11 10:51:41 2017 +0200;1491900701;-;-;Tue Apr 11 11:01:27 2017 +0200;1491901287
870e1897b659e20e32f8b0446bbd5e8c79116561;870e1897b6;-;-;Tue Apr 11 10:24:38 2017 +0200;1491899078;-;-;Tue Apr 11 11:01:27 2017 +0200;1491901287
82e864b217797e660b79bab47844b1e1af214230;82e864b217;-;-;Fri Apr 7 16:03:56 2017 +0200;1491573836;-;-;Tue Apr 11 11:01:27 2017 +0200;1491901287
3a1d431c7df30cffd70174c635879b0d9dd9f745;3a1d431c7d;-;-;Tue Apr 11 10:11:54 2017 +0200;1491898314;-;-;Tue Apr 11 10:11:54 2017 +0200;1491898314
7fbc20e2251b5afe716361ddeda5a4db6af1d884;7fbc20e225;-;-;Tue Apr 11 10:09:09 2017 +0200;1491898149;-;-;Tue Apr 11 10:09:09 2017 +0200;1491898149
42420a2df7e15c0b76e39bad9e0526aaf07ae984;42420a2df7;-;-;Tue Apr 11 00:11:44 2017 +0200;1491862304;-;-;Tue Apr 11 00:11:44 2017 +0200;1491862304
e5fc40a9de80597324e59801d9bfa17ff5cb67a5;e5fc40a9de;-;-;Mon Apr 10 17:37:11 2017 -0400;1491860231;-;-;Mon Apr 10 17:37:11 2017 -0400;1491860231
4da4f2be315e92a10da76a90ef434b0bb3c41d60;4da4f2be31;-;-;Mon Apr 10 15:27:30 2017 -0400;1491852450;-;-;Mon Apr 10 15:28:44 2017 -0400;1491852524
f5fe3f0f97f0e578101ba1484539824dc123b661;f5fe3f0f97;-;-;Mon Apr 10 21:22:04 2017 +0200;1491852124;-;-;Mon Apr 10 21:22:04 2017 +0200;1491852124
e92e65f8c36661c3314e9200a1aee743fb938ee5;e92e65f8c3;-;-;Mon Apr 10 09:03:51 2017 -0500;1491833031;-;-;Mon Apr 10 09:50:44 2017 -0500;1491835844
96bfe7d197702258c60aae0f71275b95b6d56095;96bfe7d197;-;-;Mon Apr 10 08:56:48 2017 -0500;1491832608;-;-;Mon Apr 10 09:50:44 2017 -0500;1491835844
1f289b7580fab4a0b8ea2619da1ab5e4f4d24683;1f289b7580;-;-;Mon Apr 10 08:54:43 2017 -0500;1491832483;-;-;Mon Apr 10 09:50:43 2017 -0500;1491835843
84db06ec0bbb6dcae37366af8aa8f7464d89acee;84db06ec0b;-;-;Mon Apr 10 08:41:07 2017 -0500;1491831667;-;-;Mon Apr 10 09:50:43 2017 -0500;1491835843
d098a4b96b0251065ea606450e5de95c9827fd19;d098a4b96b;-;-;Mon Apr 10 15:56:15 2017 +0200;1491832575;-;-;Mon Apr 10 16:07:56 2017 +0200;1491833276
15b5dd9f1268c84bc16a8f1f5f39f17ba2ab909d;15b5dd9f12;-;-;Mon Apr 10 15:36:45 2017 +0200;1491831405;-;-;Mon Apr 10 15:36:45 2017 +0200;1491831405
cf306037b5be019eaf6876e7271902d05854e7e9;cf306037b5;-;-;Mon Apr 10 15:36:38 2017 +0200;1491831398;-;-;Mon Apr 10 15:36:38 2017 +0200;1491831398
e5fdd4cd1de76303842e47646213054d25242f4f;e5fdd4cd1d;-;-;Mon Apr 10 15:36:29 2017 +0200;1491831389;-;-;Mon Apr 10 15:36:29 2017 +0200;1491831389
ea98ee820a34ffcf4cad744ed00a0b921b026363;ea98ee820a;-;-;Mon Apr 10 15:36:13 2017 +0200;1491831373;-;-;Mon Apr 10 15:36:13 2017 +0200;1491831373
9b85c5b6361a1a0997733326992dbb9005b16c9f;9b85c5b636;-;-;Mon Apr 10 10:25:58 2017 +0200;1491812758;-;-;Mon Apr 10 10:37:24 2017 +0200;1491813444
18d8876dc8330ac816473aad1139b94be53c1794;18d8876dc8;-;-;Mon Apr 10 10:25:14 2017 +0200;1491812714;-;-;Mon Apr 10 10:37:23 2017 +0200;1491813443
57f1f4cc9849257d95ab658877ad945f42e503a6;57f1f4cc98;-;-;Mon Apr 10 09:50:56 2017 +0200;1491810656;-;-;Mon Apr 10 10:37:23 2017 +0200;1491813443
7d61911cd483ba6424e0509a2cae088704196d53;7d61911cd4;-;-;Mon Apr 10 09:54:19 2017 +0200;1491810859;-;-;Mon Apr 10 09:54:19 2017 +0200;1491810859
c5b23c218ca504b5dd41c52482cdc3c481ecefbc;c5b23c218c;-;-;Sun Apr 9 09:47:41 2017 +0200;1491724061;-;-;Sun Apr 9 09:47:41 2017 +0200;1491724061
5986f881d02e9281862844fb9f2a131be71a2f10;5986f881d0;-;-;Sat Apr 8 15:56:05 2017 +0200;1491659765;-;-;Sat Apr 8 15:56:05 2017 +0200;1491659765
ff03b4a4adbaf4a2e05f6163584379a1335706d7;ff03b4a4ad;-;-;Thu Apr 6 22:06:20 2017 +0300;1491505580;-;-;Fri Apr 7 18:14:30 2017 -0400;1491603270
91977c81adf34abc23fc61ee6d31cb4560c32293;91977c81ad;-;-;Fri Apr 7 16:51:55 2017 -0400;1491598315;-;-;Fri Apr 7 17:15:07 2017 -0400;1491599707
3780d040ee351e718492ac81fba66f4ef00bc8ab;3780d040ee;-;-;Fri Apr 7 16:42:59 2017 -0400;1491597779;-;-;Fri Apr 7 17:15:07 2017 -0400;1491599707
e4c62cc0296ba699440dfe8c01ab5f63dd26ac50;e4c62cc029;-;-;Thu Apr 6 14:21:39 2017 -0400;1491502899;-;-;Fri Apr 7 17:15:07 2017 -0400;1491599707
9a9166622eb08e5445ae64daea7ada56fd735d41;9a9166622e;-;-;Fri Apr 7 14:59:32 2017 -0500;1491595172;-;-;Fri Apr 7 15:51:11 2017 -0500;1491598271
a95843a0684585e09dcb63c7ce06a04c7f16d72a;a95843a068;-;-;Fri Apr 7 18:01:28 2017 +0200;1491580888;-;-;Fri Apr 7 18:01:28 2017 +0200;1491580888
ea5cb26d750f4bd3a1d7c21ce5b46ce677dd99b2;ea5cb26d75;-;-;Fri Apr 7 16:34:12 2017 +0200;1491575652;-;-;Fri Apr 7 16:34:12 2017 +0200;1491575652
32bda47ed160f6aa155fb5a4c0fb0a3bbb032f6e;32bda47ed1;-;-;Fri Apr 7 13:51:14 2017 +0200;1491565874;-;-;Fri Apr 7 13:51:14 2017 +0200;1491565874
8cb24e0d93c9a073fc9a8b50692c90c2e19a5b43;8cb24e0d93;-;-;Fri Apr 7 13:39:58 2017 +0200;1491565198;-;-;Fri Apr 7 13:39:58 2017 +0200;1491565198
e556aacceedd90947c746e0bcd03cbf6f6993b35;e556aaccee;-;-;Thu Apr 6 16:42:49 2017 +0200;1491489769;-;-;Fri Apr 7 11:25:15 2017 +0200;1491557115
b245918574024f4f0e576d984d3b336905d920e1;b245918574;-;-;Thu Apr 6 16:08:25 2017 -0400;1491509305;-;-;Thu Apr 6 16:08:25 2017 -0400;1491509305
584b290dff472d93abed673e17f4f8cc1b04be37;584b290dff;-;-;Wed Apr 5 22:53:25 2017 -0700;1491458005;-;-;Thu Apr 6 12:21:32 2017 -0700;1491506492
e49d797104af4b9f964c84d75cef0c1a469a1ef9;e49d797104;-;-;Wed Apr 5 17:02:42 2017 -0400;1491426162;-;-;Thu Apr 6 14:21:48 2017 -0400;1491502908
10aa56aa8d22b44220af0d7084edf9d5edea6d71;10aa56aa8d;-;-;Thu Apr 6 14:20:40 2017 -0400;1491502840;-;-;Thu Apr 6 14:20:40 2017 -0400;1491502840
68cc57549a56480b723b6112e1bee0de114eeda1;68cc57549a;-;-;Thu Apr 6 19:15:12 2017 +0200;1491498912;-;-;Thu Apr 6 14:01:49 2017 -0400;1491501709
43eea41dd6b7260e6ee4c226ece23498e65eafbc;43eea41dd6;-;-;Thu Apr 6 12:52:31 2017 -0400;1491497551;-;-;Thu Apr 6 12:54:49 2017 -0400;1491497689
3312ef0aa23999782264f91fd550b4298be8e4b4;3312ef0aa2;-;-;Thu Apr 6 15:13:35 2017 +0200;1491484415;-;-;Thu Apr 6 12:54:49 2017 -0400;1491497689
f3ec812abf985260166457c49b4cd5da2732456c;f3ec812abf;-;-;Thu Apr 6 18:14:11 2017 +0200;1491495251;-;-;Thu Apr 6 18:14:11 2017 +0200;1491495251
3a4b205b2001d5a44e51c0667d39a18b0aadf667;3a4b205b20;-;-;Thu Apr 6 18:07:19 2017 +0200;1491494839;-;-;Thu Apr 6 18:07:19 2017 +0200;1491494839
b403fb37497c3525b9cc1a37a19cf3b02f7b386a;b403fb3749;-;-;Thu Apr 6 17:47:13 2017 +0200;1491493633;-;-;Thu Apr 6 17:47:13 2017 +0200;1491493633
2566d6f5c89b090eafbd6f1b1df3bb0b976d704e;2566d6f5c8;-;-;Thu Apr 6 17:10:37 2017 +0200;1491491437;-;-;Thu Apr 6 17:10:37 2017 +0200;1491491437
702e01ad52c308a2a3197a589b4b83db01ed86fb;702e01ad52;-;-;Thu Apr 6 14:27:00 2017 +0200;1491481620;-;-;Thu Apr 6 14:27:00 2017 +0200;1491481620
67ea4b3a050af3db5545f58ff85a0d132ee91c2a;67ea4b3a05;-;-;Thu Apr 6 14:10:46 2017 +0200;1491480646;-;-;Thu Apr 6 14:10:46 2017 +0200;1491480646
75dd8d9c0688331c0ca06b2e5cd497be49af0d3a;75dd8d9c06;-;-;Thu Apr 6 14:07:22 2017 +0200;1491480442;-;-;Thu Apr 6 14:07:22 2017 +0200;1491480442
3037277d0ed225895fe28e90e1ca3e7436c4c306;3037277d0e;-;-;Thu Apr 6 14:07:17 2017 +0200;1491480437;-;-;Thu Apr 6 14:07:17 2017 +0200;1491480437
aa3573b2bc7f5d9dae887beebe455d4afb0b81f8;aa3573b2bc;-;-;Thu Apr 6 11:37:10 2017 +0200;1491471430;-;-;Thu Apr 6 11:37:21 2017 +0200;1491471441
699064870fa4eec03154f8be908c53c4b3c3b02d;699064870f;-;-;Thu Apr 6 09:52:56 2017 +0200;1491465176;-;-;Thu Apr 6 09:52:56 2017 +0200;1491465176
45e7b350bdc16ced83ea7607420117a7e550edb0;45e7b350bd;-;-;Wed Apr 5 22:24:09 2017 +0200;1491423849;-;-;Wed Apr 5 22:24:09 2017 +0200;1491423849
47277f43da050e5f7caa30449a104082333fa318;47277f43da;-;-;Wed Apr 5 21:22:44 2017 +0200;1491420164;-;-;Wed Apr 5 21:22:44 2017 +0200;1491420164
e83fdaa2ddd9f5ace2ae2376b7da2427fc1ecd20;e83fdaa2dd;-;-;Wed Apr 5 12:41:41 2017 -0400;1491410501;-;-;Wed Apr 5 12:41:41 2017 -0400;1491410501
ffa5dbe8984b7230ce764f35029b563bfbef73d2;ffa5dbe898;-;-;Wed Apr 5 18:21:14 2017 +0200;1491409274;-;-;Wed Apr 5 18:21:22 2017 +0200;1491409282
99474376e6fc5406324becaeb4a8df1fe210ccae;99474376e6;-;-;Tue Apr 4 15:55:22 2017 +0200;1491314122;-;-;Wed Apr 5 11:36:56 2017 +0200;1491385016
ed8565894a4780716d238a9ae32910020730d0ce;ed8565894a;-;-;Wed Apr 5 10:36:01 2017 +0200;1491381361;-;-;Wed Apr 5 11:31:26 2017 +0200;1491384686
454e61e8ac94f08bf879103382d9c422c2df162f;454e61e8ac;-;-;Wed Apr 5 00:09:35 2017 +0200;1491343775;-;-;Wed Apr 5 00:09:54 2017 +0200;1491343794
c7c480610cae60434ffe8f6d496d04157f5e57f6;c7c480610c;-;-;Tue Apr 4 17:44:57 2017 -0400;1491342297;-;-;Tue Apr 4 17:44:57 2017 -0400;1491342297
f293c4d84bb87c9e2d2b68da2bce7ff6e3a7bdae;f293c4d84b;-;-;Tue Apr 4 17:32:24 2017 -0400;1491341544;-;-;Tue Apr 4 17:32:24 2017 -0400;1491341544
f716c8e9bc8ada04b4060e21680aca793e315cd0;f716c8e9bc;-;-;Tue Apr 4 16:30:54 2017 -0400;1491337854;-;-;Tue Apr 4 16:30:54 2017 -0400;1491337854
c0f2017262f8d3e784007d5e0134e696c1adfcf7;c0f2017262;-;-;Tue Apr 4 15:33:47 2017 -0400;1491334427;-;-;Tue Apr 4 15:33:47 2017 -0400;1491334427
ece481545987ebcd13552b5db1b56be929a9ae78;ece4815459;-;-;Tue Apr 4 21:36:29 2017 +0300;1491330989;-;-;Tue Apr 4 14:45:00 2017 -0400;1491331500
de6f34893a8fd329822aec3a7875440b2eb86624;de6f34893a;-;-;Tue Apr 4 14:23:47 2017 -0400;1491330227;-;-;Tue Apr 4 14:23:47 2017 -0400;1491330227
ae2306326edfbb8485e2b9a785189ab78cbc80a2;ae2306326e;-;-;Tue Apr 4 12:25:58 2017 -0400;1491323158;-;-;Tue Apr 4 12:25:58 2017 -0400;1491323158
d9221fb87d046f0311b4b97fd9c98d62d5c71998;d9221fb87d;-;-;Tue Apr 4 10:12:02 2017 -0400;1491315122;-;-;Tue Apr 4 11:22:40 2017 -0400;1491319360
af6f688196856af93412e3a3d694c854cf1d14a4;af6f688196;-;-;Tue Apr 4 17:17:29 2017 +0200;1491319049;-;-;Tue Apr 4 17:17:29 2017 +0200;1491319049
f29ffb37f71e09bc1ec98633a87b49875b611f8b;f29ffb37f7;-;-;Tue Apr 4 17:17:23 2017 +0200;1491319043;-;-;Tue Apr 4 17:17:23 2017 +0200;1491319043
917207b7aebfb67f5026254b52e75fa2043ed29f;917207b7ae;-;-;Tue Apr 4 17:17:03 2017 +0200;1491319023;-;-;Tue Apr 4 17:17:03 2017 +0200;1491319023
e9627a10c7fdbc263601fdd9f0f783b41389ff5d;e9627a10c7;-;-;Tue Apr 4 17:16:50 2017 +0200;1491319010;-;-;Tue Apr 4 17:16:50 2017 +0200;1491319010
8e84fd0aed5037ad772d63e95ba9cf84a042eabc;8e84fd0aed;-;-;Tue Apr 4 15:53:49 2017 +0200;1491314029;-;-;Tue Apr 4 15:53:49 2017 +0200;1491314029
51f23cb424c8c451b8e410c14382b73e68b08881;51f23cb424;-;-;Mon Apr 3 16:48:05 2017 +0200;1491230885;-;-;Mon Apr 3 16:48:05 2017 +0200;1491230885
279c56a385d9fae56a82531e4bfeed118880a80a;279c56a385;-;-;Mon Apr 3 16:43:55 2017 +0200;1491230635;-;-;Mon Apr 3 16:43:55 2017 +0200;1491230635
37f9c8675804d4282bed9d2d1fb9da9761aee86a;37f9c86758;-;-;Mon Apr 3 09:38:08 2017 -0400;1491226688;-;-;Mon Apr 3 09:38:08 2017 -0400;1491226688
62c1e44db212ab55b748f6d245f649289d05a361;62c1e44db2;-;-;Mon Apr 3 08:52:07 2017 -0400;1491223927;-;-;Mon Apr 3 09:01:49 2017 -0400;1491224509
ae1ed16cb89cffafb5d6e5ab3a090399d147e721;ae1ed16cb8;-;-;Sun Apr 2 20:30:24 2017 -0400;1491179424;-;-;Mon Apr 3 09:01:49 2017 -0400;1491224509
cfc89ebe16269a9816f97411485456d4d5c7bae0;cfc89ebe16;-;-;Mon Apr 3 10:41:01 2017 +0200;1491208861;-;-;Mon Apr 3 10:41:01 2017 +0200;1491208861
a292539af9067574d59d5e11f2adfda56f426144;a292539af9;-;-;Sun Apr 2 08:07:56 2017 +0200;1491113276;-;-;Sun Apr 2 08:07:56 2017 +0200;1491113276
ce21fa41524ce5a8914d9cfc142a48b98ab15cc8;ce21fa4152;-;-;Sat Apr 1 22:55:24 2017 +0200;1491080124;-;-;Sat Apr 1 22:55:24 2017 +0200;1491080124
73b44828e9dba23fec73286829c4583e6342049a;73b44828e9;-;-;Thu Mar 30 21:45:00 2017 +0200;1490903100;-;-;Thu Mar 30 21:48:45 2017 +0200;1490903325
840d7abbf633745e8a7e17fe08ff356cac170e03;840d7abbf6;-;-;Wed Mar 29 14:09:38 2017 -0400;1490810978;-;-;Thu Mar 30 12:24:16 2017 -0400;1490891056
e6b4edc757b9470db5238155a958622b1d005baa;e6b4edc757;-;-;Wed Mar 29 12:04:57 2017 -0400;1490803497;-;-;Thu Mar 30 08:58:04 2017 -0400;1490878684
dd5a73b2e1e725867297793ecc3d6ec7977ebf7c;dd5a73b2e1;-;-;Thu Mar 30 14:36:23 2017 +0200;1490877383;-;-;Thu Mar 30 14:36:23 2017 +0200;1490877383
9f321e8d56cbfec70d3dda163602b1c1c4a8faab;9f321e8d56;-;-;Thu Mar 30 14:21:44 2017 +0200;1490876504;-;-;Thu Mar 30 14:28:10 2017 +0200;1490876890
e2fd398bad35640aa1bfdece6e18ec611a647cbe;e2fd398bad;-;-;Thu Mar 30 12:20:56 2017 +0200;1490869256;-;-;Thu Mar 30 14:25:13 2017 +0200;1490876713
cd8c365a0d47d27a4117a24bff8fdf353073596e;cd8c365a0d;-;-;Wed Mar 29 16:33:51 2017 -0400;1490819631;-;-;Wed Mar 29 16:33:51 2017 -0400;1490819631
d1db249584c16e17ca94185e18e8da916d56190a;d1db249584;-;-;Wed Mar 29 16:10:53 2017 -0400;1490818253;-;-;Wed Mar 29 16:10:53 2017 -0400;1490818253
a8162c03f9dd0a2922204f11d93b82acc3efc989;a8162c03f9;-;-;Wed Mar 29 15:39:31 2017 -0400;1490816371;-;-;Wed Mar 29 15:39:31 2017 -0400;1490816371
118f33aedad84e9f8a01e4db983545d18fdd1fc3;118f33aeda;-;-;Wed Mar 29 11:51:51 2017 -0400;1490802711;-;-;Wed Mar 29 12:22:15 2017 -0400;1490804535
cbd98d52471a49b72013f04c09f28a6cb58e982b;cbd98d5247;-;-;Wed Mar 29 16:38:49 2017 +0200;1490798329;-;-;Wed Mar 29 16:41:54 2017 +0200;1490798514
81430caa43849a6f1c319a4b0a379cfc8e6b69c8;81430caa43;-;-;Fri Mar 17 11:25:30 2017 +0100;1489746330;-;-;Wed Mar 29 15:54:06 2017 +0200;1490795646
25561784228a60c125a237933f5064ecfde1a96e;2556178422;-;-;Tue Mar 28 14:08:13 2017 +0300;1490699293;-;-;Wed Mar 29 15:10:36 2017 +0200;1490793036
dea4825a9fcf8e7958d13b04417aab7234b05c0a;dea4825a9f;-;-;Wed Mar 29 14:20:12 2017 +0200;1490790012;-;-;Wed Mar 29 14:22:46 2017 +0200;1490790166
924adaec6c9f955d0207e2ee84652aae70175674;924adaec6c;-;-;Wed Jan 4 17:51:58 2017 +0100;1483548718;-;-;Wed Mar 29 14:22:46 2017 +0200;1490790166
c5bcefbd0739f6abf925d617c2e8b537f7ae812e;c5bcefbd07;-;-;Tue Mar 28 17:50:36 2017 -0400;1490737836;-;-;Tue Mar 28 17:53:42 2017 -0400;1490738022
b053311306a0974bce0cb0b12ac0b9ede0d61af0;b053311306;-;-;Tue Mar 28 20:06:42 2017 +0200;1490724402;-;-;Tue Mar 28 20:06:42 2017 +0200;1490724402
0f0aa46e4983d2c48e30db710d8e07fe3d649825;0f0aa46e49;-;-;Tue Mar 28 20:02:27 2017 +0200;1490724147;-;-;Tue Mar 28 20:02:27 2017 +0200;1490724147
7a01771a45dfa124289403226487b9cd63d17fdb;7a01771a45;-;-;Tue Mar 28 19:27:03 2017 +0200;1490722023;-;-;Tue Mar 28 19:27:03 2017 +0200;1490722023
0b1178585255a4fd958d709c621fb13bcecbc3bc;0b11785852;-;-;Tue Mar 28 19:26:45 2017 +0200;1490722005;-;-;Tue Mar 28 19:26:45 2017 +0200;1490722005
e06871ef175227305f6c0f09d1d63fccd9b9fdf0;e06871ef17;-;-;Mon Mar 27 18:29:03 2017 -0400;1490653743;-;-;Mon Mar 27 18:29:03 2017 -0400;1490653743
525f30ad5e9bac3ed5e55b577ce779c0d021db1d;525f30ad5e;-;-;Mon Mar 27 15:49:20 2017 -0400;1490644160;-;-;Mon Mar 27 15:49:20 2017 -0400;1490644160
0479e3eefcce86c22605868b042a2cb0bbb8d3d6;0479e3eefc;-;-;Mon Mar 27 15:16:59 2017 -0400;1490642219;-;-;Mon Mar 27 15:16:59 2017 -0400;1490642219
9e96cfa7cdb07b5fc147ae78fe25e72dd1475b12;9e96cfa7cd;-;-;Mon Mar 27 15:08:46 2017 -0400;1490641726;-;-;Mon Mar 27 15:15:45 2017 -0400;1490642145
f8a21ab11bf1ecad7ac7866f280d42c70be48b8a;f8a21ab11b;-;-;Mon Mar 27 14:54:22 2017 -0400;1490640862;-;-;Mon Mar 27 14:57:55 2017 -0400;1490641075
dc3851df00aa50c209a5be6df59e4d84a3f7c477;dc3851df00;-;-;Mon Mar 27 12:07:18 2017 -0400;1490630838;-;-;Mon Mar 27 14:57:49 2017 -0400;1490641069
5211a099d5653b164723d923af77529ac2980ac9;5211a099d5;-;-;Mon Mar 27 15:41:35 2017 +0200;1490622095;-;-;Mon Mar 27 15:41:35 2017 +0200;1490622095
a3bf2c4a82634d00e736f5e81da2d374d0578f4d;a3bf2c4a82;-;-;Mon Mar 27 15:35:01 2017 +0200;1490621701;-;-;Mon Mar 27 15:35:01 2017 +0200;1490621701
d7eabeae268b09fef98d35e21d03cf02a46ebe1a;d7eabeae26;-;-;Mon Mar 27 12:51:27 2017 +0200;1490611887;-;-;Mon Mar 27 12:51:27 2017 +0200;1490611887
0ddcce4169dd9c885b02cba1180d49d1d5c366e0;0ddcce4169;-;-;Mon Mar 27 10:57:15 2017 +0200;1490605035;-;-;Mon Mar 27 10:57:15 2017 +0200;1490605035
f78bc953f47cd05ca8f686bce963349ccc79df51;f78bc953f4;-;-;Mon Mar 27 10:12:26 2017 +0200;1490602346;-;-;Mon Mar 27 10:12:26 2017 +0200;1490602346
b4530e19fc3df0b96e3cc828ef5f102cbdf8305e;b4530e19fc;-;-;Mon Mar 27 10:09:42 2017 +0200;1490602182;-;-;Mon Mar 27 10:09:42 2017 +0200;1490602182
0bcdec7d911c77d43f7e55ac76747830184ab7c9;0bcdec7d91;-;-;Mon Mar 27 10:04:49 2017 +0200;1490601889;-;-;Mon Mar 27 10:04:49 2017 +0200;1490601889
3598addc0ef3769be7a5ccb4aeb0588c7f8bdccb;3598addc0e;-;-;Sun Mar 26 03:21:05 2017 +0200;1490491265;-;-;Sun Mar 26 03:21:05 2017 +0200;1490491265
c9f4fca944f4b8b0f81eaf7890aef371f7972806;c9f4fca944;-;-;Sun Mar 26 03:05:15 2017 +0200;1490490315;-;-;Sun Mar 26 03:05:15 2017 +0200;1490490315
ba3b521af38bbbbd7924d62fb257914411e78d46;ba3b521af3;-;-;Fri Mar 24 18:02:26 2017 -0400;1490392946;-;-;Fri Mar 24 18:02:26 2017 -0400;1490392946
e644c557e7785a9499124572eac236f8ec127f7b;e644c557e7;-;-;Fri Mar 24 18:01:11 2017 +0100;1490374871;-;-;Fri Mar 24 18:01:11 2017 +0100;1490374871
2baceac5ff03489628e058c76a35306519e6cbb2;2baceac5ff;-;-;Fri Mar 24 16:09:14 2017 +0100;1490368154;-;-;Fri Mar 24 16:09:14 2017 +0100;1490368154
fdd503152d8073e4bef7de41d7cebe79f0aeb557;fdd503152d;-;-;Fri Mar 24 14:14:43 2017 +0100;1490361283;-;-;Fri Mar 24 14:14:43 2017 +0100;1490361283
65ba865d7058a7beb54d9d9dfd519678c93641ec;65ba865d70;-;-;Fri Mar 24 12:15:45 2017 +0100;1490354145;-;-;Fri Mar 24 12:15:45 2017 +0100;1490354145
b3154357f0e67034e08e9aae3bfb936d36bead67;b3154357f0;-;-;Fri Mar 24 11:10:53 2017 +0100;1490350253;-;-;Fri Mar 24 11:10:53 2017 +0100;1490350253
2236262fc67996b3cde59703e70a76d0e5a6cf2e;2236262fc6;-;-;Fri Mar 24 11:09:57 2017 +0100;1490350197;-;-;Fri Mar 24 11:09:57 2017 +0100;1490350197
b90d3d0e88eabe4e0bfd42c793cf193c5e1088f0;b90d3d0e88;-;-;Fri Mar 24 11:08:57 2017 +0100;1490350137;-;-;Fri Mar 24 11:08:57 2017 +0100;1490350137
b2a6a572d3855699752b54e44a3415f902da952f;b2a6a572d3;-;-;Fri Mar 24 11:07:14 2017 +0100;1490350034;-;-;Fri Mar 24 11:07:14 2017 +0100;1490350034
15bff8f9111306812acc992b953d03aebea0af71;15bff8f911;-;-;Fri Mar 24 11:07:01 2017 +0100;1490350021;-;-;Fri Mar 24 11:07:01 2017 +0100;1490350021
5ea4abdb85431e474a0da8219b63155890c36f4a;5ea4abdb85;-;-;Fri Mar 24 11:06:47 2017 +0100;1490350007;-;-;Fri Mar 24 11:06:47 2017 +0100;1490350007
b73153cd7c88acf89efcc48500af8f971d6cac83;b73153cd7c;-;-;Fri Mar 24 11:06:39 2017 +0100;1490349999;-;-;Fri Mar 24 11:06:39 2017 +0100;1490349999
0662dbf0447d8e788575fcf73fafe248b74cbe8d;0662dbf044;-;-;Thu Mar 23 16:23:34 2017 -0400;1490300614;-;-;Thu Mar 23 16:53:06 2017 -0400;1490302386
a287e67992b06eb32a5dfa87ca9cdde49968d819;a287e67992;-;-;Thu Mar 23 14:56:43 2017 +0100;1490277403;-;-;Thu Mar 23 17:16:46 2017 +0100;1490285806
e2aa880301230eb8fa94290a7872f771fd36b2f3;e2aa880301;-;-;Thu Mar 23 12:45:48 2017 +0100;1490269548;-;-;Thu Mar 23 12:45:48 2017 +0100;1490269548
fd1db57e058c240d6e953940b9147d233c9d85fe;fd1db57e05;-;-;Thu Mar 23 10:14:43 2017 +0100;1490260483;-;-;Thu Mar 23 10:14:43 2017 +0100;1490260483
3d68c496f15c80a75711480a569cda1f7c64dc91;3d68c496f1;-;-;Wed Mar 22 17:54:18 2017 -0400;1490219658;-;-;Wed Mar 22 18:01:32 2017 -0400;1490220092
2896c5d2ab23b6faf1004d3e9aef18d23d790c04;2896c5d2ab;-;-;Tue Mar 21 21:03:29 2017 -0400;1490144609;-;-;Wed Mar 22 18:01:32 2017 -0400;1490220092
290e9bea14ee017519194254f763ea3572310734;290e9bea14;-;-;Wed Mar 22 16:38:26 2017 +0100;1490197106;-;-;Wed Mar 22 16:38:41 2017 +0100;1490197121
4db2daae5cfee193cb66776b099b2845c91f73e4;4db2daae5c;-;-;Wed Mar 22 11:50:41 2017 +0100;1490179841;-;-;Wed Mar 22 13:28:04 2017 +0100;1490185684
722e23066c7740e3231d25df0417115058c5445f;722e23066c;-;-;Wed Mar 22 12:52:02 2017 +0100;1490183522;-;-;Wed Mar 22 12:52:02 2017 +0100;1490183522
24f7f26fe613a0067c81922021ef32e590e3b7f2;24f7f26fe6;-;-;Wed Mar 22 12:30:48 2017 +0100;1490182248;-;-;Wed Mar 22 12:30:48 2017 +0100;1490182248
54abda5e9ec5ba218dfe753dca399f678fd1e739;54abda5e9e;-;-;Wed Mar 22 11:53:04 2017 +0100;1490179984;-;-;Wed Mar 22 11:56:24 2017 +0100;1490180184
d17b99fe37a945436254e99d90c45b413ba73323;d17b99fe37;-;-;Wed Mar 22 11:52:40 2017 +0100;1490179960;-;-;Wed Mar 22 11:55:15 2017 +0100;1490180115
9e8bc95dd643f16505f039f4fa7261d82d613303;9e8bc95dd6;-;-;Wed Mar 22 10:30:31 2017 +0100;1490175031;-;-;Wed Mar 22 10:30:31 2017 +0100;1490175031
a999f40daaac6fd77ccf48ed57ffd13eb5eab9ed;a999f40daa;-;-;Tue Mar 21 17:32:14 2017 -0400;1490131934;-;-;Tue Mar 21 17:32:14 2017 -0400;1490131934
d0e0b6c8c9b03a9342c9b722ab12039e3791f94f;d0e0b6c8c9;-;-;Tue Mar 21 14:48:36 2017 -0400;1490122116;-;-;Tue Mar 21 14:51:46 2017 -0400;1490122306
35805995c2bcc96967ee8f79fa79e7265756bfe2;35805995c2;-;-;Tue Mar 21 12:40:13 2017 -0400;1490114413;-;-;Tue Mar 21 14:51:46 2017 -0400;1490122306
e892e02f41031ae18f09aef34bf82d31ddbb12c7;e892e02f41;-;-;Tue Mar 21 17:44:47 2017 +0100;1490114687;-;-;Tue Mar 21 17:44:47 2017 +0100;1490114687
85f64706a80d53bb340a5d90e3b73920ab934552;85f64706a8;-;-;Tue Mar 21 17:44:41 2017 +0100;1490114681;-;-;Tue Mar 21 17:44:41 2017 +0100;1490114681
5345bd4a85cc5f9ba723bec7c558f685ccb22bac;5345bd4a85;-;-;Tue Mar 21 11:37:42 2017 -0400;1490110662;-;-;Tue Mar 21 11:37:42 2017 -0400;1490110662
041437fd687dbf44b2da223653bbae9a58e96410;041437fd68;-;-;Tue Mar 21 11:15:21 2017 -0400;1490109321;-;-;Tue Mar 21 11:15:21 2017 -0400;1490109321
1be2d8343d3379f8ecf866ede0356be9e2c4d748;1be2d8343d;-;-;Tue Mar 21 09:58:26 2017 -0400;1490104706;-;-;Tue Mar 21 09:58:26 2017 -0400;1490104706
6f075c9060ece6d37efeab0a5f3a0a8fe9842c80;6f075c9060;-;-;Mon Mar 20 21:57:17 2017 -0400;1490061437;-;-;Mon Mar 20 21:57:17 2017 -0400;1490061437
7c84266259227467513aff7c6fe1ea84ba55a5d5;7c84266259;-;-;Mon Mar 20 20:09:22 2017 +0100;1490036962;-;-;Mon Mar 20 20:09:22 2017 +0100;1490036962
76fe5f6fce3a62b12537415e49d4c3ed17af9393;76fe5f6fce;-;-;Sat Mar 18 10:35:18 2017 -0400;1489847718;-;-;Mon Mar 20 09:21:35 2017 -0400;1490016095
d46c307f550e69e5bc3a7b96f059325803c6682a;d46c307f55;-;-;Sat Mar 18 16:58:03 2017 +0100;1489852683;-;-;Sat Mar 18 16:58:03 2017 +0100;1489852683
ee379f8fc9390eb75edcd376f62df94ba1ca2ab6;ee379f8fc9;-;-;Sat Mar 18 15:06:30 2017 +0100;1489845990;-;-;Sat Mar 18 15:06:30 2017 +0100;1489845990
c735ffb39b0404e97ae72d9e2c6f5e52fe6eb18c;c735ffb39b;-;-;Fri Mar 17 17:29:05 2017 -0400;1489786145;-;-;Fri Mar 17 17:29:05 2017 -0400;1489786145
2979b37ae3badd2ff6e8048c1b21e8b6229a35f0;2979b37ae3;-;-;Fri Mar 17 16:33:33 2017 -0400;1489782813;-;-;Fri Mar 17 16:33:33 2017 -0400;1489782813
91a75ed772e0cdbb50c3aacdbc91eab4b5f35dd1;91a75ed772;-;-;Fri Mar 17 12:42:50 2017 -0400;1489768970;-;-;Fri Mar 17 12:46:29 2017 -0400;1489769189
ad91b94249c236b5508d36434a847b90312e9ce4;ad91b94249;-;-;Fri Mar 17 11:05:07 2017 -0400;1489763107;-;-;Fri Mar 17 12:46:22 2017 -0400;1489769182
1940f8cf899f91d07c6c49ca7979612ff7e9c290;1940f8cf89;-;-;Fri Mar 17 12:45:52 2017 +0100;1489751152;-;-;Fri Mar 17 12:50:12 2017 +0100;1489751412
71852a9241a594ea74d0ecd32c1facfdcd7efb58;71852a9241;-;-;Thu Mar 16 18:00:00 2017 -0400;1489701600;-;-;Thu Mar 16 18:02:06 2017 -0400;1489701726
92288630cf987fee43a8ab14d0f2733fa91509fd;92288630cf;-;-;Thu Mar 16 21:51:35 2017 +0100;1489697495;-;-;Thu Mar 16 21:53:42 2017 +0100;1489697622
54192cf5138c7e9bce2f05673ec448b503c0d5f2;54192cf513;-;-;Thu Mar 16 15:38:49 2017 -0400;1489693129;-;-;Thu Mar 16 15:38:49 2017 -0400;1489693129
a99fe3eda4af496cd6e2b90b7f9988a76fe6695e;a99fe3eda4;-;-;Thu Mar 16 15:00:47 2017 -0400;1489690847;-;-;Thu Mar 16 15:01:23 2017 -0400;1489690883
37592ea07c1257326c98f88ca07c37974ba9f118;37592ea07c;-;-;Thu Mar 16 13:44:55 2017 -0400;1489686295;-;-;Thu Mar 16 15:01:23 2017 -0400;1489690883
ab7db413c69f81e8bdf68c90e560208e366fb9ea;ab7db413c6;-;-;Thu Mar 16 18:57:13 2017 +0100;1489687033;-;-;Thu Mar 16 18:57:13 2017 +0100;1489687033
012c56a1f071d4ce14b78ce73f287cfb4582b624;012c56a1f0;-;-;Thu Mar 16 18:55:49 2017 +0100;1489686949;-;-;Thu Mar 16 18:55:49 2017 +0100;1489686949
f6e2c585c8b16c2bf88f483eb36d906bac08796d;f6e2c585c8;-;-;Thu Mar 16 11:53:46 2017 -0400;1489679626;-;-;Thu Mar 16 11:55:09 2017 -0400;1489679709
41c413a7489f4e3d612b1133328eb0fe2fe80e92;41c413a748;-;-;Thu Mar 16 11:52:30 2017 -0400;1489679550;-;-;Thu Mar 16 11:55:09 2017 -0400;1489679709
45aa1edf871e7e86cbd9523146a94b911d944736;45aa1edf87;-;-;Thu Mar 16 12:35:47 2017 +0100;1489664147;-;-;Thu Mar 16 12:35:51 2017 +0100;1489664151
1dc38660e5abb1b3eeb1108564a43b627ccb5478;1dc38660e5;-;-;Thu Mar 16 09:40:48 2017 +0100;1489653648;-;-;Thu Mar 16 09:40:48 2017 +0100;1489653648
8be0b9ce9044c8e94271385fad0898c5a1fbbeed;8be0b9ce90;-;-;Wed Mar 15 18:26:54 2017 -0400;1489616814;-;-;Wed Mar 15 18:26:54 2017 -0400;1489616814
d39da1d06ddebca55caeee8d7439381eba8ba2ed;d39da1d06d;-;-;Wed Mar 15 16:57:40 2017 -0400;1489611460;-;-;Wed Mar 15 17:05:20 2017 -0400;1489611920
57d2fcef557882097e7fea4b603c437488546988;57d2fcef55;-;-;Mon Mar 13 20:11:03 2017 -0700;1489461063;-;-;Wed Mar 15 17:05:20 2017 -0400;1489611920
170057005e4960035e2b8fc2d0f11ac63295473b;170057005e;-;-;Wed Mar 15 17:21:04 2017 +0100;1489594864;-;-;Wed Mar 15 17:21:04 2017 +0100;1489594864
abc0c6e3e81a17144ca119fc7db20fa3db7ed1a6;abc0c6e3e8;-;-;Wed Mar 15 17:08:15 2017 +0100;1489594095;-;-;Wed Mar 15 17:17:31 2017 +0100;1489594651
1a49de3204a3f8adc4f8424cbc42dd83eddae060;1a49de3204;-;-;Wed Mar 15 17:04:43 2017 +0100;1489593883;-;-;Wed Mar 15 17:04:43 2017 +0100;1489593883
164204ca04b9b369267ef5e36c2f243b3898bae1;164204ca04;-;-;Tue Mar 14 19:55:08 2017 -0400;1489535708;-;-;Tue Mar 14 19:56:31 2017 -0400;1489535791
a04fef84509bf4d497ffe77ff5a5c79679c46cde;a04fef8450;-;-;Mon Mar 13 17:56:21 2017 -0400;1489442181;-;-;Tue Mar 14 19:56:31 2017 -0400;1489535791
79ea77908ac3f68103d06935a0e2100621df988a;79ea77908a;-;-;Tue Mar 14 15:19:13 2017 +0100;1489501153;-;-;Tue Mar 14 15:19:13 2017 +0100;1489501153
899f2359984c4fbf396bfc74a824541b6332eb2f;899f235998;-;-;Tue Mar 14 15:19:02 2017 +0100;1489501142;-;-;Tue Mar 14 15:19:02 2017 +0100;1489501142
4e82bf30c6b1fe144f9581cf277c381f03f8a2f9;4e82bf30c6;-;-;Tue Mar 14 15:18:53 2017 +0100;1489501133;-;-;Tue Mar 14 15:18:53 2017 +0100;1489501133
e4741b8e42cf8f1d2ca6b83db7fecd8d844b2262;e4741b8e42;-;-;Tue Mar 14 15:18:44 2017 +0100;1489501124;-;-;Tue Mar 14 15:18:44 2017 +0100;1489501124
e999da0eb0e34c1766ac39b547d294e1a9ec0637;e999da0eb0;-;-;Tue Mar 14 14:38:41 2017 +0100;1489498721;-;-;Tue Mar 14 14:38:41 2017 +0100;1489498721
c56e4bd581dcf7304376731f21502a8558ce9606;c56e4bd581;-;-;Tue Mar 14 10:39:22 2017 +0100;1489484362;-;-;Tue Mar 14 10:39:22 2017 +0100;1489484362
a7582fcc235c87940db5fa5cc1d11e13b8d140b2;a7582fcc23;-;-;Mon Mar 13 15:34:18 2017 -0400;1489433658;-;-;Mon Mar 13 15:38:08 2017 -0400;1489433888
5ae9afd5a55715d37a185223736725915e330b27;5ae9afd5a5;-;-;Mon Mar 13 14:02:13 2017 -0400;1489428133;-;-;Mon Mar 13 15:38:03 2017 -0400;1489433883
f490f3ca63a56a6e31a271b513f89f2926b491fa;f490f3ca63;-;-;Mon Mar 13 12:29:08 2017 -0400;1489422548;-;-;Mon Mar 13 15:37:40 2017 -0400;1489433860
dda8beeb78afd52b190d36210cdf2e997f1c89ef;dda8beeb78;-;-;Mon Mar 13 17:37:41 2017 +0100;1489423061;-;-;Mon Mar 13 17:37:41 2017 +0100;1489423061
3c26e7f0146f59fc4db76d1b24fbc4e9c197df6e;3c26e7f014;-;-;Mon Mar 13 11:32:49 2017 +0100;1489401169;-;-;Mon Mar 13 11:32:49 2017 +0100;1489401169
f84580c32d88ffbc25bd12cfc9c323eda5bc2dcb;f84580c32d;-;-;Fri Mar 10 17:01:50 2017 -0500;1489183310;-;-;Fri Mar 10 17:24:27 2017 -0500;1489184667
f36e3d4a0df2e057bd8bf339aee2eb4cdf9936c4;f36e3d4a0d;-;-;Fri Mar 10 15:00:30 2017 -0500;1489176030;-;-;Fri Mar 10 17:04:11 2017 -0500;1489183451
1c9d4deba2fc4506f8160b9ef6a8813b081cf460;1c9d4deba2;-;-;Fri Mar 10 10:57:31 2017 -0500;1489161451;-;-;Fri Mar 10 17:04:11 2017 -0500;1489183451
2cd6240dab883758d6c0d230aafc4b972181f1e9;2cd6240dab;-;-;Fri Mar 10 10:00:56 2017 -0500;1489158056;-;-;Fri Mar 10 17:04:11 2017 -0500;1489183451
b799013567bfd61658525c04aafd83841f8a6760;b799013567;-;-;Fri Mar 10 15:20:40 2017 +0100;1489155640;-;-;Fri Mar 10 15:20:40 2017 +0100;1489155640
c8635de34e8468eac6b5ee4e25438f3f1b8d877a;c8635de34e;-;-;Fri Mar 10 14:47:05 2017 +0100;1489153625;-;-;Fri Mar 10 14:47:05 2017 +0100;1489153625
9963c4a495c194deafcb0e7f983b1e67e3effd11;9963c4a495;-;-;Fri Mar 10 10:35:30 2017 +0100;1489138530;-;-;Fri Mar 10 10:35:30 2017 +0100;1489138530
813d3efe61ad59932e8ffb7c13080c328bc4f96f;813d3efe61;-;-;Thu Mar 9 17:33:18 2017 -0500;1489098798;-;-;Thu Mar 9 17:40:56 2017 -0500;1489099256
63118c1ea76a7cb5e893ae24495dd1e49d157db5;63118c1ea7;-;-;Thu Mar 9 13:58:04 2017 +0100;1489064284;-;-;Thu Mar 9 14:08:40 2017 +0100;1489064920
e4b1a953bff8ccad0e9bad4f3807200589911eb4;e4b1a953bf;-;-;Thu Mar 9 10:28:14 2017 +0100;1489051694;-;-;Thu Mar 9 10:28:14 2017 +0100;1489051694
a1c24d212223642ac0e39602049016c7ae65eb30;a1c24d2122;-;-;Wed Mar 8 17:13:40 2017 -0500;1489011220;-;-;Wed Mar 8 17:13:40 2017 -0500;1489011220
8c36d3c4d90e7a7e7492c6fd4d1c32fde04976c4;8c36d3c4d9;-;-;Wed Mar 8 16:56:37 2017 -0500;1489010197;-;-;Wed Mar 8 16:56:37 2017 -0500;1489010197
9aa25c39826b20257cd2c08a162470618dd84c5e;9aa25c3982;-;-;Wed Mar 8 16:38:58 2017 -0500;1489009138;-;-;Wed Mar 8 16:38:58 2017 -0500;1489009138
d57d3efc8991ad69c8cf2d6106b7605b1d8cd80b;d57d3efc89;-;-;Wed Mar 8 12:16:44 2017 -0500;1488993404;-;-;Wed Mar 8 14:33:44 2017 -0500;1489001624
84d11e9c17313c08b08ad7471973680e03a3b2bf;84d11e9c17;-;-;Tue Mar 7 20:50:10 2017 -0500;1488937810;-;-;Tue Mar 7 20:50:10 2017 -0500;1488937810
f5804b40b2cc5139149c97f67f6905a0bb3a6cde;f5804b40b2;-;-;Tue Mar 7 20:37:52 2017 -0500;1488937072;-;-;Tue Mar 7 20:37:52 2017 -0500;1488937072
cea3a078b2a35677c07137c4cc67010fc3fa1049;cea3a078b2;-;-;Tue Mar 7 15:43:02 2017 +0100;1488897782;-;-;Tue Mar 7 15:43:02 2017 +0100;1488897782
94a7624c1f6cc7ea26acd41ceaaba7fea01ad6e5;94a7624c1f;-;-;Tue Mar 7 15:42:04 2017 +0100;1488897724;-;-;Tue Mar 7 15:42:04 2017 +0100;1488897724
f30c49816281c62e63433300309d85e0a0786fe9;f30c498162;-;-;Tue Mar 7 15:41:23 2017 +0100;1488897683;-;-;Tue Mar 7 15:41:23 2017 +0100;1488897683
fc2e635c05ea20076235d1d147117988abbb0ca5;fc2e635c05;-;-;Tue Mar 7 13:51:43 2017 +0100;1488891103;-;-;Tue Mar 7 13:51:43 2017 +0100;1488891103
8b741508a68472f4cce0d86cc9a82a90f1252091;8b741508a6;-;-;Tue Mar 7 13:50:01 2017 +0100;1488891001;-;-;Tue Mar 7 13:50:01 2017 +0100;1488891001
9aaed2bcefc5fbdd16c073e679822aeccfb74b24;9aaed2bcef;-;-;Tue Mar 7 11:02:26 2017 +0100;1488880946;-;-;Tue Mar 7 11:02:26 2017 +0100;1488880946
2f85cbf0d95f5deffa7164db29473e636b54f37e;2f85cbf0d9;-;-;Tue Mar 7 11:01:59 2017 +0100;1488880919;-;-;Tue Mar 7 11:01:59 2017 +0100;1488880919
0d7b25f324e3df7c51a9b9cde6247bab2c4255b5;0d7b25f324;-;-;Tue Mar 7 00:51:36 2017 +0100;1488844296;-;-;Tue Mar 7 00:51:36 2017 +0100;1488844296
eeb01db88821b988edbda405d6726149c12dc8bc;eeb01db888;-;-;Mon Mar 6 21:42:41 2017 +0100;1488832961;-;-;Mon Mar 6 21:42:41 2017 +0100;1488832961
e61e8d5062de28dee0c57707a1f478f2ce96aa53;e61e8d5062;-;-;Mon Mar 6 17:54:28 2017 +0100;1488819268;-;-;Mon Mar 6 17:54:28 2017 +0100;1488819268
47c4cf7abf231018e102bf51d83dd92c656f8996;47c4cf7abf;-;-;Mon Mar 6 17:54:02 2017 +0100;1488819242;-;-;Mon Mar 6 17:54:02 2017 +0100;1488819242
37726f42143c36a7dd744b40e3c766dc7edc397e;37726f4214;-;-;Mon Mar 6 09:18:22 2017 -0500;1488809902;-;-;Mon Mar 6 09:19:57 2017 -0500;1488809997
0296d003af5aa45d489af4c3dd43945e60954c4a;0296d003af;-;-;Sun Mar 5 18:10:45 2017 -0500;1488755445;-;-;Mon Mar 6 09:19:57 2017 -0500;1488809997
c5351fdbef0edb1ce5a51620f48f8606a0dbc28c;c5351fdbef;-;-;Tue Feb 28 11:48:46 2017 +0100;1488278926;-;-;Mon Mar 6 11:20:25 2017 +0100;1488795625
33c4a71b0833d44590ca229b899ada1f34933f36;33c4a71b08;-;-;Sun Mar 5 09:34:32 2017 +0100;1488702872;-;-;Sun Mar 5 09:34:32 2017 +0100;1488702872
cdf19d1db19d07819fdfc319a721ff38410fa87f;cdf19d1db1;-;-;Fri Mar 3 23:42:38 2017 -0500;1488602558;-;-;Fri Mar 3 23:43:01 2017 -0500;1488602581
6950cc0e64abd10e4c8890aa6baf06d74a9dde95;6950cc0e64;-;-;Fri Mar 3 16:34:55 2017 -0500;1488576895;-;-;Fri Mar 3 22:12:33 2017 -0500;1488597153
8ed22394cfdb9326f56bb2af2c26200c0fc5a511;8ed22394cf;-;-;Thu Mar 2 11:10:17 2017 -0500;1488471017;-;-;Fri Mar 3 22:12:28 2017 -0500;1488597148
e38854a72f34710e66dd6b1317a66bad94a90de1;e38854a72f;-;-;Fri Mar 3 09:29:46 2017 +0100;1488529786;-;-;Fri Mar 3 09:29:46 2017 +0100;1488529786
ce69855274e93b436c378e808f746f0d1cc2e538;ce69855274;-;-;Thu Mar 2 11:13:47 2017 -0500;1488471227;-;-;Thu Mar 2 11:13:47 2017 -0500;1488471227
ccb2c6530ee76d785eb1576411f860f291445266;ccb2c6530e;-;-;Wed Mar 1 18:08:30 2017 -0500;1488409710;-;-;Thu Mar 2 03:30:34 2017 -0500;1488443434
24034447f60ac62caf2f1683eeff7ed88aa89740;24034447f6;-;-;Wed Mar 1 15:45:50 2017 -0500;1488401150;-;-;Wed Mar 1 18:08:41 2017 -0500;1488409721
d8b150e83d1a5d617ae73d1a65d1f9364dff6d9b;d8b150e83d;-;-;Wed Mar 1 12:12:14 2017 -0500;1488388334;-;-;Wed Mar 1 18:08:41 2017 -0500;1488409721
c1086f41144e43f0c0dab5761497330c91452e90;c1086f4114;-;-;Tue Feb 28 20:28:21 2017 -0500;1488331701;-;-;Wed Mar 1 18:08:41 2017 -0500;1488409721
eb47f4c4e23fe422247fe252f5d3d06123e526d8;eb47f4c4e2;-;-;Wed Mar 1 22:51:46 2017 +0100;1488405106;-;-;Wed Mar 1 22:51:46 2017 +0100;1488405106
ad3dafef4f34d883de24c89bbb6a161a6991a0eb;ad3dafef4f;-;-;Wed Mar 1 14:43:50 2017 +0100;1488375830;-;-;Wed Mar 1 15:17:32 2017 +0100;1488377852
2b3fb2f5cc64b914759f2bdc83f4eb9847a91172;2b3fb2f5cc;-;-;Tue Feb 28 18:37:33 2017 +0100;1488303453;-;-;Tue Feb 28 18:37:33 2017 +0100;1488303453
56d669f849d4b4caaef97b93385c873ac810ecd9;56d669f849;-;-;Tue Feb 28 15:45:06 2017 +0100;1488293106;-;-;Tue Feb 28 15:47:19 2017 +0100;1488293239
6556b40c2bec8dbb79b24f5ba337a70adecbc82e;6556b40c2b;-;-;Tue Feb 28 13:19:33 2017 +0100;1488284373;-;-;Tue Feb 28 13:19:33 2017 +0100;1488284373
6d6cf01a421d8f78a1e83a2680f570faef8c098b;6d6cf01a42;-;-;Tue Feb 28 13:13:23 2017 +0100;1488284003;-;-;Tue Feb 28 13:13:23 2017 +0100;1488284003
d003f6614b2456b50c574f1579e5e97efd4d5b06;d003f6614b;-;-;Tue Feb 28 13:11:15 2017 +0100;1488283875;-;-;Tue Feb 28 13:11:15 2017 +0100;1488283875
d4a1b59b4c02852432814f467bce857bd9f799e6;d4a1b59b4c;-;-;Tue Feb 28 13:08:55 2017 +0100;1488283735;-;-;Tue Feb 28 13:08:55 2017 +0100;1488283735
8992f5924f37b69e3ecf976ddd97c5714a91e6f8;8992f5924f;-;-;Tue Feb 28 13:07:03 2017 +0100;1488283623;-;-;Tue Feb 28 13:07:03 2017 +0100;1488283623
5237e47e666b552fe3db1aaa4ead4daa27f144a4;5237e47e66;-;-;Mon Feb 27 17:26:20 2017 -0500;1488234380;-;-;Mon Feb 27 17:26:20 2017 -0500;1488234380
226c9f9a73d9468b5c0b1c7dfc35700619e06386;226c9f9a73;-;-;Mon Feb 27 17:14:56 2017 -0500;1488233696;-;-;Mon Feb 27 17:14:56 2017 -0500;1488233696
40ae8d41a450b070b23651cf3f9758dd2005d722;40ae8d41a4;-;-;Mon Feb 27 19:35:56 2017 +0100;1488220556;-;-;Mon Feb 27 19:46:07 2017 +0100;1488221167
710702acdc026b189e39f94055c99fdb36171f95;710702acdc;-;-;Mon Feb 27 19:14:24 2017 +0100;1488219264;-;-;Mon Feb 27 19:14:24 2017 +0100;1488219264
a936ece2856572a004035087e5f683a81f665026;a936ece285;-;-;Sat Feb 25 16:50:40 2017 +0100;1488037840;-;-;Sat Feb 25 16:50:40 2017 +0100;1488037840
aecdf738d3d95e99074f89be62be8c2a312e2205;aecdf738d3;-;-;Thu Feb 23 16:39:21 2017 -0500;1487885961;-;-;Thu Feb 23 16:39:21 2017 -0500;1487885961
24dbfc8ace867f5a65b2db0591b4c35759420c15;24dbfc8ace;-;-;Thu Feb 23 16:10:47 2017 -0500;1487884247;-;-;Thu Feb 23 16:10:47 2017 -0500;1487884247
2d7742b2145833dfbf6e107d8427724b26120ae9;2d7742b214;-;-;Wed Feb 22 16:56:24 2017 +0100;1487778984;-;-;Wed Feb 22 16:56:24 2017 +0100;1487778984
cbd19153c48b8570a2b46e052e549d82ea316a53;cbd19153c4;-;-;Wed Feb 22 16:53:54 2017 +0100;1487778834;-;-;Wed Feb 22 16:53:54 2017 +0100;1487778834
6357c5167aa02c8e3dfe24c761a999411eadb60b;6357c5167a;-;-;Wed Feb 22 15:43:52 2017 +0100;1487774632;-;-;Wed Feb 22 15:43:52 2017 +0100;1487774632
f4de1ea1472f6c7ca9b34067d58e2d9a08ad1b5f;f4de1ea147;-;-;Wed Feb 22 15:32:19 2017 +0100;1487773939;-;-;Wed Feb 22 15:32:19 2017 +0100;1487773939
7fb0ad37da156ae9a2c9c236eaa0f0e2a512c462;7fb0ad37da;-;-;Wed Feb 22 15:32:04 2017 +0100;1487773924;-;-;Wed Feb 22 15:32:04 2017 +0100;1487773924
6108ab1c31a059777c1c35cc37dddd508285353a;6108ab1c31;-;-;Wed Feb 22 15:28:34 2017 +0100;1487773714;-;-;Wed Feb 22 15:28:34 2017 +0100;1487773714
21ae169653b9da60f9ec8bfe18f5d1bf9e801c94;21ae169653;-;-;Wed Feb 22 11:56:24 2017 +0100;1487760984;-;-;Wed Feb 22 11:56:24 2017 +0100;1487760984
c85f063d92d1d6ac0daa134ac4b64dac2c218182;c85f063d92;-;-;Wed Feb 22 01:43:11 2017 +0100;1487724191;-;-;Wed Feb 22 01:43:11 2017 +0100;1487724191
d2cc97af47cce39a41bac4b4d73c6f8e76f26cbd;d2cc97af47;-;-;Tue Feb 21 22:41:40 2017 +0100;1487713300;-;-;Tue Feb 21 22:41:40 2017 +0100;1487713300
f219680d42e4ccb80fefd3e72ef848bfc9ab5488;f219680d42;-;-;Tue Feb 21 15:05:06 2017 -0500;1487707506;-;-;Tue Feb 21 15:05:06 2017 -0500;1487707506
5ea5f81c00d022ef0668aec07f5af4b399650b8e;5ea5f81c00;-;-;Tue Feb 21 14:27:27 2017 -0500;1487705247;-;-;Tue Feb 21 14:44:17 2017 -0500;1487706257
ba974320434a623d466ed39bb860dca7b368aae3;ba97432043;-;-;Tue Feb 21 16:00:19 2017 +0000;1487692819;-;-;Tue Feb 21 16:00:19 2017 +0000;1487692819
6242e30539334a04524090d5d1fd142d408085c8;6242e30539;-;-;Tue Feb 21 15:27:21 2017 +0100;1487687241;-;-;Tue Feb 21 15:27:21 2017 +0100;1487687241
7582adc0bc4d9456465338f92198fbcbdc84151a;7582adc0bc;-;-;Tue Feb 21 13:43:59 2017 +0100;1487681039;-;-;Tue Feb 21 13:46:27 2017 +0100;1487681187
babd5517aa892750bf6aca34e9572d67e84aa410;babd5517aa;-;-;Tue Feb 21 11:42:31 2017 +0100;1487673751;-;-;Tue Feb 21 11:44:59 2017 +0100;1487673899
a0505bf1e70206a94f4748a5843fc5638389b7d9;a0505bf1e7;-;-;Sun Feb 19 11:32:47 2017 -0800;1487532767;-;-;Tue Feb 21 11:44:59 2017 +0100;1487673899
8450c69497dc04e14b5a01484ab087a6c9a1a4c4;8450c69497;-;-;Tue Feb 21 11:24:44 2017 +0100;1487672684;-;-;Tue Feb 21 11:25:49 2017 +0100;1487672749
262e5f783dc5514720202ec0ea47f420b975ac63;262e5f783d;-;-;Mon Feb 20 21:59:47 2017 -0500;1487645987;-;-;Mon Feb 20 21:59:47 2017 -0500;1487645987
2515134f8ebbb6cc3b12c0055d9687105ea1ee1d;2515134f8e;-;-;Mon Feb 20 18:38:15 2017 -0500;1487633895;-;-;Mon Feb 20 18:38:15 2017 -0500;1487633895
e6401b29e68067c09db04991ec7096afc1b790a9;e6401b29e6;-;-;Mon Feb 20 18:26:31 2017 -0500;1487633191;-;-;Mon Feb 20 18:29:30 2017 -0500;1487633370
71b021c7cca87a6ca1d71532961dd082cf50c66a;71b021c7cc;-;-;Mon Feb 20 18:26:15 2017 -0500;1487633175;-;-;Mon Feb 20 18:29:30 2017 -0500;1487633370
d59dc970a046796a5f9ed734b317dd5082c6410a;d59dc970a0;-;-;Mon Feb 20 13:30:17 2017 -0500;1487615417;-;-;Mon Feb 20 18:29:30 2017 -0500;1487633370
1ddf8ec625c9dbc733ae2a6701b5725283232523;1ddf8ec625;-;-;Tue Feb 21 00:04:08 2017 +0100;1487631848;-;-;Tue Feb 21 00:04:08 2017 +0100;1487631848
73493bc490f4cf2010cb5583a286f94678514f64;73493bc490;-;-;Mon Feb 20 23:00:20 2017 +0100;1487628020;-;-;Mon Feb 20 23:00:22 2017 +0100;1487628022
370e3d683a648db506056fcb2af3394e5fea70ea;370e3d683a;-;-;Mon Feb 20 23:00:12 2017 +0100;1487628012;-;-;Mon Feb 20 23:00:12 2017 +0100;1487628012
fc113210104082f96ec6516a66d2397f9d23554a;fc11321010;-;-;Mon Feb 20 23:00:07 2017 +0100;1487628007;-;-;Mon Feb 20 23:00:07 2017 +0100;1487628007
b3ad4229f5317b9665003d54e20ccfa80e45a80b;b3ad4229f5;-;-;Mon Feb 20 23:00:00 2017 +0100;1487628000;-;-;Mon Feb 20 23:00:00 2017 +0100;1487628000
73909f41cbf5dbb223737545979782e7395b8a30;73909f41cb;-;-;Mon Feb 20 16:29:05 2017 +0100;1487604545;-;-;Mon Feb 20 16:29:05 2017 +0100;1487604545
1c74a1a0fe8553223a635b5752eb2f174e3e6a38;1c74a1a0fe;-;-;Mon Feb 20 15:58:04 2017 +0100;1487602684;-;-;Mon Feb 20 16:08:08 2017 +0100;1487603288
2fe5064dbed7b11828978f3de66af1b1c5b985fa;2fe5064dbe;-;-;Mon Feb 20 11:47:48 2017 +0100;1487587668;-;-;Mon Feb 20 15:52:03 2017 +0100;1487602323
4221a344dc799314b2a4711838e6f1a152811ec1;4221a344dc;-;-;Mon Feb 20 15:36:41 2017 +0100;1487601401;-;-;Mon Feb 20 15:40:24 2017 +0100;1487601624
b732251b093552812d7457608d422e899241ca04;b732251b09;-;-;Mon Feb 20 11:58:22 2017 +0100;1487588302;-;-;Mon Feb 20 11:58:22 2017 +0100;1487588302
598d9a4b052922e6dec1a9b28b859fe2066912bb;598d9a4b05;-;-;Mon Feb 20 11:34:08 2017 +0100;1487586848;-;-;Mon Feb 20 11:34:08 2017 +0100;1487586848
1efcf26559ff1416f54bc4a7d6793d4726bf827a;1efcf26559;-;-;Mon Feb 20 10:57:00 2017 +0100;1487584620;-;-;Mon Feb 20 10:59:53 2017 +0100;1487584793
9ab8bd046c6485d4d314901cc3279e97cfaa1018;9ab8bd046c;-;-;Fri Feb 17 11:32:30 2017 +0100;1487327550;-;-;Mon Feb 20 10:59:23 2017 +0100;1487584763
63f261155ac29d721f7984e02761b32a612973b8;63f261155a;-;-;Mon Feb 20 09:22:59 2017 +0100;1487578979;-;-;Mon Feb 20 09:22:59 2017 +0100;1487578979
24358200c3b69c702d5cfed8304a3ea55ab2a6c9;24358200c3;-;-;Sun Feb 19 21:08:03 2017 -0500;1487556483;-;-;Sun Feb 19 21:14:48 2017 -0500;1487556888
d1a64e1122335834731613764efc3cc63e96c920;d1a64e1122;-;-;Sun Feb 19 20:45:22 2017 -0500;1487555122;-;-;Sun Feb 19 21:14:48 2017 -0500;1487556888
20be40bf64a753953296967b937f118bc6f40129;20be40bf64;-;-;Sun Feb 19 20:00:19 2017 -0500;1487552419;-;-;Sun Feb 19 21:14:48 2017 -0500;1487556888
d9245382112ee7923ba615222b7e6e1f7cfeda21;d924538211;-;-;Sun Feb 19 17:06:49 2017 -0800;1487552809;-;-;Sun Feb 19 17:11:31 2017 -0800;1487553091
9829a620444fdd481457004358b1bfa4df222499;9829a62044;-;-;Fri Feb 17 22:58:32 2017 -0500;1487390312;-;-;Fri Feb 17 23:10:34 2017 -0500;1487391034
f1653cc21c09ebab136f84ee723bdf3c23965dde;f1653cc21c;-;-;Fri Feb 17 17:37:12 2017 -0800;1487381832;-;-;Fri Feb 17 17:37:12 2017 -0800;1487381832
45df1d9feaa1a2d5067d226308a51d362c2e5de4;45df1d9fea;-;-;Sat Feb 18 01:43:30 2017 +0100;1487378610;-;-;Sat Feb 18 01:43:30 2017 +0100;1487378610
214d0d76a5e149b0b848fd7fcc6b94863cb15ebe;214d0d76a5;-;-;Sat Feb 18 01:01:35 2017 +0100;1487376095;-;-;Sat Feb 18 01:01:35 2017 +0100;1487376095
0f51ff5ebc33201218be6616e7eb3600f24f1960;0f51ff5ebc;-;-;Fri Feb 17 23:40:44 2017 +0100;1487371244;-;-;Fri Feb 17 23:40:44 2017 +0100;1487371244
1ee0626c94e6862fc21c99257e53433ee7ce4d36;1ee0626c94;-;-;Fri Feb 17 21:06:58 2017 +0100;1487362018;-;-;Fri Feb 17 21:06:58 2017 +0100;1487362018
74bdcd8ed4553a8b36f7ae44000bd887089118d6;74bdcd8ed4;-;-;Fri Feb 17 20:59:17 2017 +0100;1487361557;-;-;Fri Feb 17 20:59:17 2017 +0100;1487361557
692e432f0b154be0acfa287a1beeb4a68d6c93d6;692e432f0b;-;-;Fri Feb 17 11:47:19 2017 +0100;1487328439;-;-;Fri Feb 17 11:47:19 2017 +0100;1487328439
4d48fde7959b7a2635e3968888619b8c1932989c;4d48fde795;-;-;Thu Feb 16 23:34:28 2017 +0100;1487284468;-;-;Thu Feb 16 23:34:28 2017 +0100;1487284468
305f303d46eb0c6da03e7dd2a14317797bb07706;305f303d46;-;-;Thu Feb 16 17:19:11 2017 +0100;1487261951;-;-;Thu Feb 16 17:23:06 2017 +0100;1487262186
03f34e24ca588e6f1bdf20287d43c958b952b724;03f34e24ca;-;-;Thu Feb 16 17:18:50 2017 +0100;1487261930;-;-;Thu Feb 16 17:22:55 2017 +0100;1487262175
0da8dee289e4cbe353d4bd6cc0935cd62ab27901;0da8dee289;-;-;Thu Feb 16 16:24:13 2017 +0100;1487258653;-;-;Thu Feb 16 16:24:13 2017 +0100;1487258653
8d707eb5304e42babe3d680c5cd3880869cfabe2;8d707eb530;-;-;Thu Feb 16 15:37:31 2017 +0100;1487255851;-;-;Thu Feb 16 15:37:31 2017 +0100;1487255851
9543384d9e3b7c51aa997a47b3758a0284ff72d4;9543384d9e;-;-;Thu Feb 16 15:36:27 2017 +0100;1487255787;-;-;Thu Feb 16 15:36:27 2017 +0100;1487255787
f90cd7705f99c4b3bc34c8b3b4c023d0bc960bde;f90cd7705f;-;-;Thu Feb 16 15:32:07 2017 +0100;1487255527;-;-;Thu Feb 16 15:32:07 2017 +0100;1487255527
0922943c125b49649f029619550d8bdb426ff477;0922943c12;-;-;Thu Feb 16 14:10:40 2017 +0100;1487250640;-;-;Thu Feb 16 14:12:25 2017 +0100;1487250745
22322fde264d8f0cdfce6b0ac2083dcc966d9b0d;22322fde26;-;-;Thu Feb 16 13:13:20 2017 +0100;1487247200;-;-;Thu Feb 16 13:13:20 2017 +0100;1487247200
8c04a65eb1db736f1bcbf6b348bec0f6888da187;8c04a65eb1;-;-;Thu Feb 16 12:47:56 2017 +0100;1487245676;-;-;Thu Feb 16 12:47:56 2017 +0100;1487245676
1d589eb6396531674d36cc80a62c912b5e004cb3;1d589eb639;-;-;Thu Feb 16 10:08:56 2017 +0100;1487236136;-;-;Thu Feb 16 10:17:04 2017 +0100;1487236624
285ba7d391a06ee058fafdc42746de2fc6990ef8;285ba7d391;-;-;Wed Feb 15 20:10:47 2017 -0500;1487207447;-;-;Wed Feb 15 20:10:47 2017 -0500;1487207447
f98ea11e5e3fa8b16d5c98b544377058ee30a205;f98ea11e5e;-;-;Wed Feb 15 16:36:09 2017 -0800;1487205369;-;-;Wed Feb 15 16:37:43 2017 -0800;1487205463
51f2042e9759c7f0575fcf133cd53dac4c44bfba;51f2042e97;-;-;Wed Feb 15 18:10:57 2017 -0500;1487200257;-;-;Wed Feb 15 18:11:51 2017 -0500;1487200311
50d93d37943f08b692f740a563eff3030165a62c;50d93d3794;-;-;Wed Feb 15 23:16:11 2017 +0100;1487196971;-;-;Wed Feb 15 23:16:11 2017 +0100;1487196971
dbf5b1e5730e790f4356e8bd6cec069126f20acf;dbf5b1e573;-;-;Wed Feb 15 18:05:57 2017 +0100;1487178357;-;-;Wed Feb 15 18:05:57 2017 +0100;1487178357
599c1ba73e5e4b0097dd290af4abc67b3283a69c;599c1ba73e;-;-;Wed Feb 15 18:05:38 2017 +0100;1487178338;-;-;Wed Feb 15 18:05:38 2017 +0100;1487178338
5f531a7a7d0a6d2c3ad099ca8014192af847a94e;5f531a7a7d;-;-;Wed Feb 15 18:05:32 2017 +0100;1487178332;-;-;Wed Feb 15 18:05:32 2017 +0100;1487178332
07dd61eabdfe73a816cc71b44191afc8bbafcb51;07dd61eabd;-;-;Wed Feb 15 18:04:08 2017 +0100;1487178248;-;-;Wed Feb 15 18:04:08 2017 +0100;1487178248
54f01cffaf6bb68e5f9adf5029ded0f9da9ee581;54f01cffaf;-;-;Wed Feb 15 18:03:49 2017 +0100;1487178229;-;-;Wed Feb 15 18:03:49 2017 +0100;1487178229
36db6b2753c829b2a7893d98a7c8c7f8809d328e;36db6b2753;-;-;Wed Feb 15 10:57:21 2017 +0100;1487152641;-;-;Wed Feb 15 11:06:08 2017 +0100;1487153168
7dd0f358ed9c4be448f161b6462cd26ae0e45d5d;7dd0f358ed;-;-;Tue Feb 14 23:52:58 2017 +0100;1487112778;-;-;Tue Feb 14 23:52:58 2017 +0100;1487112778
bb9d3e16805d927fc3c67a5c55065a0c14965651;bb9d3e1680;-;-;Tue Feb 14 15:42:01 2017 +0100;1487083321;-;-;Tue Feb 14 15:51:57 2017 +0100;1487083917
276f896956832e798b00d414ba6d55e85d8bea47;276f896956;-;-;Tue Feb 14 13:25:39 2017 +0100;1487075139;-;-;Tue Feb 14 13:29:40 2017 +0100;1487075380
fcaf42507a2e8750a5e7318ba6c9a0ec68f872bb;fcaf42507a;-;-;Tue Feb 14 12:10:00 2017 +0100;1487070600;-;-;Tue Feb 14 12:11:48 2017 +0100;1487070708
a3561168b091cd03b104f7af6d85d063fe2a9d58;a3561168b0;-;-;Tue Feb 14 12:07:27 2017 +0100;1487070447;-;-;Tue Feb 14 12:07:27 2017 +0100;1487070447
b21c0cb8e09f9855b675e754327b16cfe6f4ff29;b21c0cb8e0;-;-;Tue Feb 14 10:40:21 2017 +0100;1487065221;-;-;Tue Feb 14 10:40:21 2017 +0100;1487065221
130598ffb28342cc2a2a10e2fa62de79cb26ad4c;130598ffb2;-;-;Mon Feb 13 20:37:42 2017 -0500;1487036262;-;-;Mon Feb 13 22:03:04 2017 -0500;1487041384
656e7f801e45cd967b668a1c99a4e38cfd5681c5;656e7f801e;-;-;Mon Feb 13 16:17:21 2017 -0800;1487031441;-;-;Mon Feb 13 16:17:21 2017 -0800;1487031441
f380ab9d90e4ed4e10382d4a22c2b3c22394673b;f380ab9d90;-;-;Mon Feb 13 16:47:12 2017 +0100;1487000832;-;-;Mon Feb 13 23:08:56 2017 +0100;1487023736
e2e5e7653cd6e8a4cb1d69a88e571b7f267c644c;e2e5e7653c;-;-;Mon Feb 13 15:42:17 2017 -0500;1487018537;-;-;Mon Feb 13 15:42:54 2017 -0500;1487018574
4ff17676d3827fdef46f2d0e3243696730faea64;4ff17676d3;-;-;Mon Feb 13 21:00:46 2017 +0100;1487016046;-;-;Mon Feb 13 21:07:35 2017 +0100;1487016455
28e77fa68ae60df22bf339ff4fc22036e2090d3d;28e77fa68a;-;-;Mon Feb 13 20:58:31 2017 +0100;1487015911;-;-;Mon Feb 13 21:07:35 2017 +0100;1487016455
6f68af686070b36bf78712a4e78441cf35ae725a;6f68af6860;-;-;Mon Feb 13 15:01:59 2017 -0500;1487016119;-;-;Mon Feb 13 15:02:42 2017 -0500;1487016162
febed19bf477321c4546f6c2c251eba73605727d;febed19bf4;-;-;Mon Feb 13 10:18:12 2017 +0100;1486977492;-;-;Mon Feb 13 16:44:03 2017 +0100;1487000643
a31429be2b8c5b890040f0fee3cccbe97e5d8d48;a31429be2b;-;-;Wed Sep 28 10:05:05 2016 +0200;1475049905;-;-;Mon Feb 13 15:37:50 2017 +0100;1486996670
896e4db411103c7b747d73a4fec0eed82e1b53ad;896e4db411;-;-;Mon Feb 13 09:24:36 2017 -0500;1486995876;-;-;Mon Feb 13 09:29:17 2017 -0500;1486996157
dff9b3b85c5d62df3569ed60e8368c339cd02191;dff9b3b85c;-;-;Mon Feb 13 15:09:36 2017 +0100;1486994976;-;-;Mon Feb 13 15:09:43 2017 +0100;1486994983
44ec6e003762b8bf571b0735746249f4697440e0;44ec6e0037;-;-;Mon Feb 13 15:07:07 2017 +0100;1486994827;-;-;Mon Feb 13 15:07:07 2017 +0100;1486994827
199aa776c96d9a50ff4fcbf18673eb59960c6d48;199aa776c9;-;-;Mon Feb 13 15:06:59 2017 +0100;1486994819;-;-;Mon Feb 13 15:06:59 2017 +0100;1486994819
d44325ec91e7245f55c7c637fe9d473fdf194ddf;d44325ec91;-;-;Mon Feb 13 15:06:52 2017 +0100;1486994812;-;-;Mon Feb 13 15:06:52 2017 +0100;1486994812
2ac08afab5085238947fc94c1590e22a2998004d;2ac08afab5;-;-;Mon Feb 13 14:12:30 2017 +0100;1486991550;-;-;Mon Feb 13 14:34:49 2017 +0100;1486992889
ef550c43d61dfd506a15034756e68e0476fa4655;ef550c43d6;-;-;Mon Feb 13 13:58:39 2017 +0100;1486990719;-;-;Mon Feb 13 14:20:19 2017 +0100;1486992019
45770d73ede714533741f97275996ea7a04a381a;45770d73ed;-;-;Fri Feb 10 11:46:38 2017 +0100;1486723598;-;-;Mon Feb 13 13:54:23 2017 +0100;1486990463
d513fe87f299afd47ad05fd55abc1b10465901a3;d513fe87f2;-;-;Sat Feb 11 14:28:22 2017 -0500;1486841302;-;-;Sat Feb 11 16:25:22 2017 -0500;1486848322
92f09c650fce82156daeb7434c1ed0c9618344c0;92f09c650f;-;-;Sat Feb 11 13:15:22 2017 -0500;1486836922;-;-;Sat Feb 11 16:25:15 2017 -0500;1486848315
4b4201efa1b3f8f310ff5aef15555e0c20795b52;4b4201efa1;-;-;Wed Feb 8 16:48:46 2017 -0500;1486590526;-;-;Fri Feb 10 17:53:12 2017 -0500;1486767192
1901cc65fddc3f2650354def45f6705af681c338;1901cc65fd;-;-;Fri Feb 10 18:29:06 2017 +0100;1486747746;-;-;Fri Feb 10 18:30:28 2017 +0100;1486747828
fa4202f1bd2b1df5364c50723e99571df0db6605;fa4202f1bd;-;-;Fri Feb 10 18:08:43 2017 +0100;1486746523;-;-;Fri Feb 10 18:30:01 2017 +0100;1486747801
5b98a54c9b9f8c2f4332734ee23cd483b7df0d22;5b98a54c9b;-;-;Fri Feb 10 11:11:05 2017 +0100;1486721465;-;-;Fri Feb 10 11:11:05 2017 +0100;1486721465
e9019cd7d108edbdd46a53fed18ccb5904a0abe7;e9019cd7d1;-;-;Fri Feb 10 10:56:40 2017 +0100;1486720600;-;-;Fri Feb 10 10:56:40 2017 +0100;1486720600
e1bb697cf9d7dcc5eae95d3f2ae00326ca1546c6;e1bb697cf9;-;-;Fri Feb 10 10:56:17 2017 +0100;1486720577;-;-;Fri Feb 10 10:56:17 2017 +0100;1486720577
c0f4d78ef9b9e03836baa31ac3ada0b4c48197e7;c0f4d78ef9;-;-;Fri Feb 10 10:54:54 2017 +0100;1486720494;-;-;Fri Feb 10 10:54:54 2017 +0100;1486720494
81aca78579df061e08aa0e6a6488b3e4d3ebb3dc;81aca78579;-;-;Fri Feb 10 10:53:08 2017 +0100;1486720388;-;-;Fri Feb 10 10:53:08 2017 +0100;1486720388
ed853379019eae3f6d2b0429a9d2ba4530dcdc3e;ed85337901;-;-;Fri Feb 10 10:47:36 2017 +0100;1486720056;-;-;Fri Feb 10 10:47:36 2017 +0100;1486720056
65d8d698cded8e8222170907e55eee8d2582ff36;65d8d698cd;-;-;Fri Feb 10 10:42:48 2017 +0100;1486719768;-;-;Fri Feb 10 10:42:48 2017 +0100;1486719768
448ea4cdfe30c732f4c5dee0ce020ddb5d64dceb;448ea4cdfe;-;-;Fri Feb 10 10:41:10 2017 +0100;1486719670;-;-;Fri Feb 10 10:41:10 2017 +0100;1486719670
b630c9bea77e211d4078a58fabd6ece0b0998790;b630c9bea7;-;-;Fri Feb 10 10:39:33 2017 +0100;1486719573;-;-;Fri Feb 10 10:39:33 2017 +0100;1486719573
50156139348d744811390ff8e62d7a831ab57fda;5015613934;-;-;Fri Feb 10 10:38:01 2017 +0100;1486719481;-;-;Fri Feb 10 10:38:01 2017 +0100;1486719481
caf11a49ffd86be8856466d1fd8e3887fbca256f;caf11a49ff;-;-;Fri Feb 10 10:36:52 2017 +0100;1486719412;-;-;Fri Feb 10 10:36:52 2017 +0100;1486719412
5488906d0c01ca280cbc44b2fb373cfed10ab76f;5488906d0c;-;-;Thu Feb 9 22:36:28 2017 +0100;1486676188;-;-;Thu Feb 9 22:36:28 2017 +0100;1486676188
e4be7131ca74c23275837684ce63d839469a0dda;e4be7131ca;-;-;Mon Feb 6 13:46:55 2017 -0600;1486410415;-;-;Thu Feb 9 22:35:57 2017 +0100;1486676157
8d43f45515d0261e6e0255a12c282a503902a97a;8d43f45515;-;-;Thu Feb 9 22:09:46 2017 +0100;1486674586;-;-;Thu Feb 9 22:09:46 2017 +0100;1486674586
49998986170ad16f769ab9eeaafd498219bfde57;4999898617;-;-;Thu Feb 9 13:12:15 2017 -0600;1486667535;-;-;Thu Feb 9 13:26:33 2017 -0600;1486668393
6dd0e6bfac8600c02e9ff431baaa8532b7ac6201;6dd0e6bfac;-;-;Thu Feb 9 17:23:15 2017 +0100;1486657395;-;-;Thu Feb 9 17:23:20 2017 +0100;1486657400
11efbaead967bfb0ff6a9cbb749af98cfab6fdb3;11efbaead9;-;-;Thu Feb 9 16:43:12 2017 +0100;1486654992;-;-;Thu Feb 9 16:43:12 2017 +0100;1486654992
12de9643a6b1d81b83a023896a1e007103074da5;12de9643a6;-;-;Thu Feb 9 16:06:12 2017 +0100;1486652772;-;-;Thu Feb 9 16:06:12 2017 +0100;1486652772
09d18f2ef5f9d9ef254d060f1d189e5ce8ce7a9c;09d18f2ef5;-;-;Thu Feb 9 15:56:15 2017 +0100;1486652175;-;-;Thu Feb 9 15:58:16 2017 +0100;1486652296
da4af6157e13943ac27b1da19f540bb254c49a8c;da4af6157e;-;-;Thu Feb 9 15:03:24 2017 +0100;1486649004;-;-;Thu Feb 9 15:04:07 2017 +0100;1486649047
2a512d7b9fa89467ead6968c9d34ca07d700e4d9;2a512d7b9f;-;-;Fri Dec 16 10:27:45 2016 +0100;1481880465;-;-;Thu Feb 9 13:46:00 2017 +0100;1486644360
47ac3379ea1f49d6ced1e82a5649441a964eed68;47ac3379ea;-;-;Wed Feb 8 14:23:14 2017 +0100;1486560194;-;-;Thu Feb 9 11:21:33 2017 +0100;1486635693
18c04815a7c734bf8034d23be01b035d66de2ece;18c04815a7;-;-;Wed Feb 8 14:03:22 2017 +0100;1486559002;-;-;Thu Feb 9 11:21:33 2017 +0100;1486635693
a4da313a0a53751a89b7aa42a1fe8a54e8af9e3b;a4da313a0a;-;-;Wed Feb 8 13:58:23 2017 +0100;1486558703;-;-;Thu Feb 9 11:21:32 2017 +0100;1486635692
f786feb5e1183177e97935f7be2603b94597c4b3;f786feb5e1;-;-;Tue Jan 10 17:24:47 2017 -0800;1484097887;-;-;Thu Feb 9 11:09:38 2017 +0100;1486634978
f58ffad9391a48a9d0d0815baea5171a1c840df2;f58ffad939;-;-;Tue Oct 11 15:14:08 2016 -0700;1476224048;-;-;Thu Feb 9 11:09:38 2017 +0100;1486634978
6f029392c74ebfab743840f8f235414e270cd366;6f029392c7;-;-;Wed Feb 8 23:39:18 2017 +0100;1486593558;-;-;Thu Feb 9 10:30:02 2017 +0100;1486632602
ab50f7b0d583565f9428a1d917524c6bbe1e4237;ab50f7b0d5;-;-;Thu Feb 9 00:25:01 2017 +0100;1486596301;-;-;Thu Feb 9 00:25:01 2017 +0100;1486596301
706c72e1c760de2e0467766d720b0e1c09452cc9;706c72e1c7;-;-;Mon Feb 6 20:09:59 2017 +0200;1486404599;-;-;Wed Feb 8 16:55:58 2017 -0500;1486590958
9efa976d31a3d91cec8745a473aba89c6539135c;9efa976d31;-;-;Wed Feb 8 16:46:58 2017 -0500;1486590418;-;-;Wed Feb 8 16:46:58 2017 -0500;1486590418
f2967467e08a969a4e338c7b9a342bb2dda7f971;f2967467e0;-;-;Tue Feb 7 21:57:38 2017 -0500;1486522658;-;-;Tue Feb 7 21:57:38 2017 -0500;1486522658
d41d28f8cef5355e0cc36e51049577fb113f3b6f;d41d28f8ce;-;-;Mon Feb 6 09:43:10 2017 -0800;1486402990;-;-;Mon Feb 6 09:43:10 2017 -0800;1486402990
fe05d3529227bba6b9a243bcb0f192609938f23b;fe05d35292;-;-;Mon Feb 6 18:24:55 2017 +0100;1486401895;-;-;Mon Feb 6 18:24:55 2017 +0100;1486401895
6b9b0230c4de394348c42b6f5964fc66eb659dd3;6b9b0230c4;-;-;Fri Feb 3 11:18:01 2017 +0100;1486117081;-;-;Mon Feb 6 18:14:53 2017 +0100;1486401293
f128feb1cc1f339a93bbd162a1074c73094143d6;f128feb1cc;-;-;Mon Feb 6 16:19:51 2017 +0100;1486394391;-;-;Mon Feb 6 16:19:51 2017 +0100;1486394391
2fe310806c2d835938ef069f26c343dca84f5a20;2fe310806c;-;-;Mon Feb 6 15:27:51 2017 +0100;1486391271;-;-;Mon Feb 6 15:27:51 2017 +0100;1486391271
7796c4db14a35b6d1b7a5977bda2565fd68a384b;7796c4db14;-;-;Fri Dec 16 10:27:45 2016 +0100;1481880465;-;-;Fri Feb 3 11:25:48 2017 +0100;1486117548
71cdd61b338efa332005fe5271e3b0cfd567911a;71cdd61b33;-;-;Fri Feb 3 07:38:07 2017 +0100;1486103887;-;-;Fri Feb 3 07:38:07 2017 +0100;1486103887
48e834dfd1f5158913c44fcc40081f0d0d9cb370;48e834dfd1;-;-;Fri Feb 3 07:34:39 2017 +0100;1486103679;-;-;Fri Feb 3 07:34:39 2017 +0100;1486103679
7e40bd73becd786c83e17669896ceab578c4833d;7e40bd73be;-;-;Fri Feb 3 07:30:23 2017 +0100;1486103423;-;-;Fri Feb 3 07:30:23 2017 +0100;1486103423
02c4aff4ce93fb090383cf9526765774d1d54b4b;02c4aff4ce;-;-;Fri Feb 3 00:33:04 2017 +0100;1486078384;-;-;Fri Feb 3 00:33:04 2017 +0100;1486078384
654e14a86a5035d5cc061fb8f6bb44cdc3b41e7c;654e14a86a;-;-;Thu Feb 2 17:46:21 2017 +0000;1486057581;-;-;Thu Feb 2 17:29:20 2017 -0500;1486074560
1466c82f538b1edcbff99a69c8cf6c67dff9690d;1466c82f53;-;-;Thu Feb 2 17:09:53 2017 -0500;1486073393;-;-;Thu Feb 2 17:24:18 2017 -0500;1486074258
82a34f4b246537429a8b236f0d1790b1ae924091;82a34f4b24;-;-;Thu Feb 2 16:15:44 2017 -0500;1486070144;-;-;Thu Feb 2 17:17:37 2017 -0500;1486073857
acf511ac0ef2f3151a0662a1d0437bf70d5463cb;acf511ac0e;-;-;Thu Feb 2 20:11:06 2017 +0100;1486062666;-;-;Thu Feb 2 20:11:06 2017 +0100;1486062666
02195f5abfdfe6e99588446bbcad3046113bcacb;02195f5abf;-;-;Thu Feb 2 20:06:28 2017 +0100;1486062388;-;-;Thu Feb 2 20:06:28 2017 +0100;1486062388
9b3131ffbaa7a4bb312dfad66d685a348ee7e61f;9b3131ffba;-;-;Thu Feb 2 20:01:10 2017 +0100;1486062070;-;-;Thu Feb 2 20:01:10 2017 +0100;1486062070
e44533f4c21a7dba303ac075363f26e054b0c5bf;e44533f4c2;-;-;Thu Feb 2 19:59:30 2017 +0100;1486061970;-;-;Thu Feb 2 19:59:30 2017 +0100;1486061970
0da964f0a76a1e1b5ea95210081f5bac2a2fc603;0da964f0a7;-;-;Thu Feb 2 19:55:42 2017 +0100;1486061742;-;-;Thu Feb 2 19:55:42 2017 +0100;1486061742
c9b99daa740ffe029a25b6ff46cb29a891ea097b;c9b99daa74;-;-;Thu Feb 2 19:54:08 2017 +0100;1486061648;-;-;Thu Feb 2 19:54:08 2017 +0100;1486061648
ebaf6e1c24aee961a852998645c9c1fc527c025e;ebaf6e1c24;-;-;Thu Feb 2 19:00:50 2017 +0100;1486058450;-;-;Thu Feb 2 19:00:50 2017 +0100;1486058450
73999567083b1c20cad1aa47393056c501882663;7399956708;-;-;Thu Feb 2 11:25:54 2017 -0500;1486052754;-;-;Thu Feb 2 11:25:54 2017 -0500;1486052754
123ee5f2dab22f1148272a9e1a852cd474b233a5;123ee5f2da;-;-;Thu Feb 2 11:36:45 2017 +0100;1486031805;-;-;Thu Feb 2 11:36:45 2017 +0100;1486031805
080a3d6a41034e9e746be0c555af81f3d4f8cf9e;080a3d6a41;-;-;Wed Feb 1 17:50:24 2017 -0500;1485989424;-;-;Wed Feb 1 17:50:24 2017 -0500;1485989424
fafd2d20e177d56b5d08dfa630b920d7095877da;fafd2d20e1;-;-;Wed Feb 1 17:02:52 2017 -0500;1485986572;-;-;Wed Feb 1 17:02:52 2017 -0500;1485986572
81d121797645c65cbfc5a85b73b3540e1ab0ea92;81d1217976;-;-;Wed Feb 1 15:29:46 2017 -0500;1485980986;-;-;Wed Feb 1 15:29:46 2017 -0500;1485980986
3e8ac25342c59233ed4c685196e0e93a52ee3143;3e8ac25342;-;-;Wed Feb 1 11:58:08 2017 -0500;1485968288;-;-;Wed Feb 1 11:58:08 2017 -0500;1485968288
99deb387ed1328f0fbdc603b17cbd69dccf01228;99deb387ed;-;-;Wed Feb 1 11:20:53 2017 +0100;1485944453;-;-;Wed Feb 1 11:28:58 2017 +0100;1485944938
2c94ee20433a38073edd7da1662320f81bf7e722;2c94ee2043;-;-;Wed Feb 1 11:00:50 2017 +0100;1485943250;-;-;Wed Feb 1 11:00:50 2017 +0100;1485943250
52e87cb425b79f33b2d638a081d66a6a944d8122;52e87cb425;-;-;Tue Jan 31 12:55:54 2017 +0100;1485863754;-;-;Wed Feb 1 09:59:15 2017 +0100;1485939555
60517b23e2de6baea356fe546d35bd5b650fa876;60517b23e2;-;-;Tue Jan 31 17:55:53 2017 -0500;1485903353;-;-;Tue Jan 31 17:55:53 2017 -0500;1485903353
949bb55ef5cacc85a44f8d58b81c499228258cfb;949bb55ef5;-;-;Tue Jan 31 16:49:57 2017 -0500;1485899397;-;-;Tue Jan 31 16:49:57 2017 -0500;1485899397
c79092f0f98073d74917c044d234fee658226456;c79092f0f9;-;-;Tue Jan 31 16:19:19 2017 -0500;1485897559;-;-;Tue Jan 31 16:19:19 2017 -0500;1485897559
1fb0b0b78609e5d201d90062149697e68722612a;1fb0b0b786;-;-;Tue Jan 31 15:04:24 2017 -0500;1485893064;-;-;Tue Jan 31 15:04:24 2017 -0500;1485893064
9142427c4d898db174aa895494269ff6d2372556;9142427c4d;-;-;Tue Jan 31 12:50:27 2017 -0500;1485885027;-;-;Tue Jan 31 12:50:27 2017 -0500;1485885027
c33ad15b281530f204fef4add2a66b70566d1565;c33ad15b28;-;-;Sun Jan 15 22:51:04 2017 +0000;1484520664;-;-;Tue Jan 31 16:44:35 2017 +0100;1485877475
9666fcc41dca4c8014c40736527d9eacf91893ed;9666fcc41d;-;-;Tue Jan 31 15:57:52 2017 +0100;1485874672;-;-;Tue Jan 31 15:57:52 2017 +0100;1485874672
9b26fcd7d2f9df2ec5cfc584f27e4d70431d7942;9b26fcd7d2;-;-;Tue Jan 31 15:56:39 2017 +0100;1485874599;-;-;Tue Jan 31 15:56:39 2017 +0100;1485874599
f84907a1fc8180c121593ac52c1cd28dec28899c;f84907a1fc;-;-;Tue Jan 31 12:00:13 2017 +0100;1485860413;-;-;Tue Jan 31 12:00:13 2017 +0100;1485860413
9243a147946405e0bad69b7430104753dbfc34a1;9243a14794;-;-;Tue Jan 31 11:59:41 2017 +0100;1485860381;-;-;Tue Jan 31 11:59:41 2017 +0100;1485860381
23aac2de8c53903e91f74c2fd16f332eb77b5326;23aac2de8c;-;-;Tue Jan 31 09:27:55 2017 +0100;1485851275;-;-;Tue Jan 31 09:27:55 2017 +0100;1485851275
1b2dc3638f90508dbc98dcd8a518153fb0db62d0;1b2dc3638f;-;-;Mon Jan 30 22:15:53 2017 +0100;1485810953;-;-;Mon Jan 30 22:15:55 2017 +0100;1485810955
768802fa96afc641ce69e2d72cf9a994b411fd2e;768802fa96;-;-;Mon Jan 30 22:15:30 2017 +0100;1485810930;-;-;Mon Jan 30 22:15:30 2017 +0100;1485810930
f51b896bd92c4f1d56afcdc982ebafec37eed275;f51b896bd9;-;-;Mon Jan 30 22:13:54 2017 +0100;1485810834;-;-;Mon Jan 30 22:13:54 2017 +0100;1485810834
f2fa74055ea3a81246c94d4d60b28f1b6d41f216;f2fa74055e;-;-;Sun Jan 29 22:34:39 2017 +0900;1485696879;-;-;Mon Jan 30 12:10:51 2017 -0500;1485796251
cd476832cc23e9b52b7d3d7d194ff9e33b734224;cd476832cc;-;-;Mon Jan 30 10:03:20 2017 -0500;1485788600;-;-;Mon Jan 30 10:03:20 2017 -0500;1485788600
74a3013174b046cc95f6f484bd5b4c6701456c00;74a3013174;-;-;Mon Jan 30 09:14:05 2017 -0500;1485785645;-;-;Mon Jan 30 09:14:05 2017 -0500;1485785645
69c16f3821354c9b0732687825cb902375649c5a;69c16f3821;-;-;Mon Jan 30 14:18:46 2017 +0100;1485782326;-;-;Mon Jan 30 14:18:50 2017 +0100;1485782330
b487ed6748a0cdf68dc0e20ee5733d56a1f711f2;b487ed6748;-;-;Sat Jan 28 12:38:44 2017 -0500;1485625124;-;-;Sat Jan 28 12:38:44 2017 -0500;1485625124
ee861e8001072a11c0c619c8739ef1297e36bb46;ee861e8001;-;-;Fri Jan 27 17:26:14 2017 -0500;1485555974;-;-;Fri Jan 27 17:26:14 2017 -0500;1485555974
ecb2e97ab46001ee350f0a8234ae41f668ee8fb2;ecb2e97ab4;-;-;Fri Jan 27 16:46:51 2017 -0500;1485553611;-;-;Fri Jan 27 16:46:51 2017 -0500;1485553611
cb0d992303213c42403e7c0f2da6253d889b1e37;cb0d992303;-;-;Fri Jan 27 10:31:08 2017 -0500;1485531068;-;-;Fri Jan 27 10:31:08 2017 -0500;1485531068
33f0995b42999de2f7adcb53453d299173a2fe12;33f0995b42;-;-;Fri Jan 27 14:17:33 2017 +0100;1485523053;-;-;Fri Jan 27 14:17:33 2017 +0100;1485523053
944d17f23773d179b1d788507e8d27ad26777d71;944d17f237;-;-;Thu Jan 26 18:29:26 2017 +0100;1485451766;-;-;Thu Jan 26 18:31:11 2017 +0100;1485451871
7ff257c0ea00c02e453c8390c641835ebe778955;7ff257c0ea;-;-;Thu Jan 26 15:29:55 2017 +0100;1485440995;-;-;Thu Jan 26 15:29:55 2017 +0100;1485440995
2a5d1b086f514fe4ddf0d9e8a42d09416f93d36a;2a5d1b086f;-;-;Thu Jan 26 14:33:18 2017 +0100;1485437598;-;-;Thu Jan 26 14:33:21 2017 +0100;1485437601
4aac7c2ee2dea657f5eed533a58857dd47d5d031;4aac7c2ee2;-;-;Thu Jan 26 07:37:46 2017 -0500;1485434266;-;-;Thu Jan 26 07:37:46 2017 -0500;1485434266
a2aaa05592fb29d0fa61a69bc61ef35c235423f0;a2aaa05592;-;-;Thu Jan 26 07:25:22 2017 -0500;1485433522;-;-;Thu Jan 26 07:25:22 2017 -0500;1485433522
383375c35f12ff4aec67560b77e00f332b54a36c;383375c35f;-;-;Tue Jan 24 20:41:26 2017 +0200;1485283286;-;-;Thu Jan 26 06:21:44 2017 -0500;1485429704
ea67a637aea3e479d4f1d3c28f756162ec0c6de3;ea67a637ae;-;-;Thu Jan 26 06:10:31 2017 -0500;1485429031;-;-;Thu Jan 26 06:17:03 2017 -0500;1485429423
871f5efeaa8d8a21f880bafc7123e8a3d5f8b34a;871f5efeaa;-;-;Thu Jan 26 01:27:15 2017 +0100;1485390435;-;-;Thu Jan 26 01:27:15 2017 +0100;1485390435
ae034e9afeebef5264a42ea3cca29435f0cf0bb7;ae034e9afe;-;-;Wed Jan 25 17:19:30 2017 -0500;1485382770;-;-;Wed Jan 25 17:19:30 2017 -0500;1485382770
eabd8a2964e84eba7bff9d6a50269d15a1f87d1f;eabd8a2964;-;-;Wed Jan 25 17:04:25 2017 -0500;1485381865;-;-;Wed Jan 25 17:05:30 2017 -0500;1485381930
c8f98ecd8d36b6d270852f0fd5b6b491108c696c;c8f98ecd8d;-;-;Wed Jan 25 15:23:18 2017 -0500;1485375798;-;-;Wed Jan 25 17:05:25 2017 -0500;1485381925
3bc819799b00a268fb58e46a9f4422fa813f899f;3bc819799b;-;-;Wed Jan 25 19:40:08 2017 +0100;1485369608;-;-;Wed Jan 25 19:40:08 2017 +0100;1485369608
f5d2b88e3f86d9475acf4f07941690739da535f5;f5d2b88e3f;-;-;Wed Jan 25 12:32:07 2017 -0500;1485365527;-;-;Wed Jan 25 12:33:11 2017 -0500;1485365591
1d35c7c55a8294fe05d259f196318cfb9dd98c32;1d35c7c55a;-;-;Wed Jan 25 11:37:32 2017 -0500;1485362252;-;-;Wed Jan 25 12:33:11 2017 -0500;1485365591
2d95199466c52e26ff4c5c3e327e8ae6114e807f;2d95199466;-;-;Mon Jan 23 18:37:27 2017 +0100;1485193047;-;-;Wed Jan 25 17:23:20 2017 +0100;1485361400
8038fb9c8b211278e0ce1c8e20f43743dff869ce;8038fb9c8b;-;-;Wed Jan 25 11:09:43 2017 +0100;1485338983;-;-;Wed Jan 25 11:09:43 2017 +0100;1485338983
4e65c10272a97e063389fa8b171b80d3f873ff56;4e65c10272;-;-;Wed Jan 25 05:56:02 2017 +0100;1485320162;-;-;Wed Jan 25 05:56:02 2017 +0100;1485320162
1443c0808dc1ccd32bf6eaf201c60db6115b704a;1443c0808d;-;-;Wed Jan 11 15:58:02 2017 +0200;1484143082;-;-;Tue Jan 24 19:49:18 2017 -0500;1485305358
4a57d4512e82aa05dc7a92a0686a6736ae38bfe7;4a57d4512e;-;-;Wed Jan 25 00:30:05 2017 +0100;1485300605;-;-;Wed Jan 25 00:30:05 2017 +0100;1485300605
5e946c270018c71bf25778bc2dc25e5a9dd809b0;5e946c2700;-;-;Tue Jan 24 18:00:17 2017 +0100;1485277217;-;-;Tue Jan 24 18:00:17 2017 +0100;1485277217
e8776f80dab416517a2ffeb2e55517eeee32e80b;e8776f80da;-;-;Tue Jan 24 17:48:54 2017 +0100;1485276534;-;-;Tue Jan 24 17:48:54 2017 +0100;1485276534
12973ac702d2262c3ea5c785a332ebc6fce0391a;12973ac702;-;-;Tue Jan 24 00:12:53 2017 +0100;1485213173;-;-;Tue Jan 24 00:12:53 2017 +0100;1485213173
cb242894a9efaa3b02894a623900f161d4aa7570;cb242894a9;-;-;Mon Jan 23 21:47:00 2017 +0100;1485204420;-;-;Mon Jan 23 21:47:00 2017 +0100;1485204420
f095aa20eb8da585f05c772a17518a7fe40b3ed1;f095aa20eb;-;-;Mon Jan 23 21:28:40 2017 +0100;1485203320;-;-;Mon Jan 23 21:28:40 2017 +0100;1485203320
e94fa3f34d95a788c94218285fdbb80a7e0398d4;e94fa3f34d;-;-;Mon Jan 23 21:28:30 2017 +0100;1485203310;-;-;Mon Jan 23 21:28:30 2017 +0100;1485203310
a0df36dddab474971db0b211a62603ce712c3b29;a0df36ddda;-;-;Mon Jan 23 21:25:21 2017 +0100;1485203121;-;-;Mon Jan 23 21:25:21 2017 +0100;1485203121
ecc22f717970a1dea1e76d5c0ea633bd29a84232;ecc22f7179;-;-;Mon Jan 23 21:22:38 2017 +0100;1485202958;-;-;Mon Jan 23 21:22:38 2017 +0100;1485202958
7d3fcaa934ad0fefd4a7097e659caa60a9bac856;7d3fcaa934;-;-;Mon Jan 23 17:28:18 2017 +0100;1485188898;-;-;Mon Jan 23 17:28:18 2017 +0100;1485188898
ed40b1c8ee2c86a2e2055c6d54f34cb0d7207ecc;ed40b1c8ee;-;-;Mon Jan 23 13:41:55 2017 +0100;1485175315;-;-;Mon Jan 23 13:41:55 2017 +0100;1485175315
6fe7e56598e7ad8fad52d7bec6c2f07d2483e3e5;6fe7e56598;-;-;Mon Jan 23 13:39:11 2017 +0100;1485175151;-;-;Mon Jan 23 13:39:11 2017 +0100;1485175151
253060c21c8fc2de0ee0fab0bbc56ff6624d1517;253060c21c;-;-;Mon Jan 23 13:37:22 2017 +0100;1485175042;-;-;Mon Jan 23 13:37:22 2017 +0100;1485175042
a9ae2c34020c291cb374030989671fb50d72317c;a9ae2c3402;-;-;Mon Jan 23 12:42:01 2017 +0100;1485171721;-;-;Mon Jan 23 12:42:01 2017 +0100;1485171721
e566e25b6f7702858ae7d1ed6b3cbeae6bf95122;e566e25b6f;-;-;Mon Jan 23 12:29:38 2017 +0100;1485170978;-;-;Mon Jan 23 12:29:38 2017 +0100;1485170978
55554143d70d3ef5a8fa8df039e4f67b46dc6a21;55554143d7;-;-;Mon Jan 23 11:21:13 2017 +0100;1485166873;-;-;Mon Jan 23 11:21:13 2017 +0100;1485166873
3ec6c0e42442aaaa2fa68e93fb68bec082dfae95;3ec6c0e424;-;-;Sat Jan 21 03:16:42 2017 +0100;1484965002;-;-;Sat Jan 21 03:16:42 2017 +0100;1484965002
bc884023e41ec80dcc1bbb1d6d2006731615cd3a;bc884023e4;-;-;Fri Jan 20 17:11:09 2017 -0500;1484950269;-;-;Fri Jan 20 17:12:13 2017 -0500;1484950333
f07a23e63d55d9f1ad622b85fa50122bd50c4cd2;f07a23e63d;-;-;Fri Jan 20 17:28:08 2017 +0100;1484929688;-;-;Fri Jan 20 17:28:08 2017 +0100;1484929688
ab5f3e733b5581772cabaade949f8120a2eaefbb;ab5f3e733b;-;-;Fri Jan 20 17:18:12 2017 +0100;1484929092;-;-;Fri Jan 20 17:18:12 2017 +0100;1484929092
0b08d0a246902e798cd978d9ae2dda9658eff7df;0b08d0a246;-;-;Fri Jan 20 11:11:26 2017 +0100;1484907086;-;-;Fri Jan 20 11:12:07 2017 +0100;1484907127
5203bd13cc8b0b213e7d32a350e63aabda409654;5203bd13cc;-;-;Fri Jan 20 09:53:39 2017 +0100;1484902419;-;-;Fri Jan 20 09:53:39 2017 +0100;1484902419
b1fed6f7c8314f070833e8dfda86f8d0f112a6c0;b1fed6f7c8;-;-;Thu Jan 19 21:38:51 2017 +0000;1484861931;-;-;Thu Jan 19 21:38:51 2017 +0000;1484861931
54e2d63d6f6f4e9467fe4bcba0c83306c6d60ba4;54e2d63d6f;-;-;Thu Jan 19 21:21:01 2017 +0100;1484857261;-;-;Thu Jan 19 21:21:01 2017 +0100;1484857261
69326dbf9ae7f8ec908bedd97cc52d0035f9edba;69326dbf9a;-;-;Thu Jan 19 21:20:54 2017 +0100;1484857254;-;-;Thu Jan 19 21:20:54 2017 +0100;1484857254
6fe7b176c4ae1ceb26aa81f4d465abde8e8f6dd9;6fe7b176c4;-;-;Thu Jan 19 17:27:43 2017 +0000;1484846863;-;-;Thu Jan 19 17:27:43 2017 +0000;1484846863
053ac64101362fe749bf4138e96df0eff9d1e2f2;053ac64101;-;-;Sun Jan 8 14:48:02 2017 +0900;1483854482;-;-;Thu Jan 19 15:14:35 2017 +0100;1484835275
35d5dca571ead26abf5947b0161caede764d316a;35d5dca571;-;-;Thu Jan 19 13:00:34 2017 +0100;1484827234;-;-;Thu Jan 19 13:09:38 2017 +0100;1484827778
b77e03b1e0af83ddbd5eee3ee2bcd0f6b3b26cfe;b77e03b1e0;-;-;Thu Jan 19 11:12:24 2017 +0100;1484820744;-;-;Thu Jan 19 11:12:29 2017 +0100;1484820749
b39ebfd6e8c04a10defd1c8c32dbef2f471be07a;b39ebfd6e8;-;-;Thu Jan 19 09:59:32 2017 +0100;1484816372;-;-;Thu Jan 19 09:59:40 2017 +0100;1484816380
264edb3fb5de63051e6a66a533e40dadee253ae0;264edb3fb5;-;-;Thu Jan 19 05:42:26 2017 +0100;1484800946;-;-;Thu Jan 19 05:58:02 2017 +0100;1484801882
bb3b1f2fe200f93253af49d413d037a6ccc4be1f;bb3b1f2fe2;-;-;Wed Jan 18 21:45:33 2017 -0500;1484793933;-;-;Wed Jan 18 21:45:33 2017 -0500;1484793933
f2e293aadf98cb64ba7ef3044b59f469efd21503;f2e293aadf;-;-;Wed Jan 18 21:04:37 2017 -0500;1484791477;-;-;Wed Jan 18 21:04:37 2017 -0500;1484791477
8703cdd9cbb3b71b7c0caf35eeab246cc036ffd8;8703cdd9cb;-;-;Wed Jan 18 20:57:22 2017 -0500;1484791042;-;-;Wed Jan 18 20:57:22 2017 -0500;1484791042
b609f3a5469b269d3c1d4058529d2e675655a8bd;b609f3a546;-;-;Wed Jan 18 20:54:33 2017 -0500;1484790873;-;-;Wed Jan 18 20:55:29 2017 -0500;1484790929
9faaa22fd4a801de5b3ee450a1cc85c8f968c69f;9faaa22fd4;-;-;Wed Jan 18 20:53:23 2017 -0500;1484790803;-;-;Wed Jan 18 20:55:29 2017 -0500;1484790929
95da47f57987c8d668828a120095a478ae85388e;95da47f579;-;-;Wed Jan 18 17:48:26 2017 -0600;1484783306;-;-;Wed Jan 18 17:48:26 2017 -0600;1484783306
a0427209d8e73c1006aa3cce406d5f17b2f72cef;a0427209d8;-;-;Wed Jan 18 22:30:28 2017 +0100;1484775028;-;-;Wed Jan 18 22:30:28 2017 +0100;1484775028
63106e7ffb5bc103ef18d1674bcba3a7cf1d3f40;63106e7ffb;-;-;Wed Jan 18 19:10:05 2017 +0000;1484766605;-;-;Wed Jan 18 22:10:35 2017 +0100;1484773835
17525ef969f69074a5c406caf5ee98c47bee8a0d;17525ef969;-;-;Wed Jan 18 18:55:42 2017 +0100;1484762142;-;-;Wed Jan 18 22:10:35 2017 +0100;1484773835
7b341ae5e29a5a23f850e4c4b49cb7db122f9510;7b341ae5e2;-;-;Wed Jan 18 16:16:18 2017 +0100;1484752578;-;-;Wed Jan 18 16:16:26 2017 +0100;1484752586
13a7563ddde4e66fcd5ebda84b9b08ccf552e017;13a7563ddd;-;-;Wed Jan 18 15:35:55 2017 +0100;1484750155;-;-;Wed Jan 18 15:36:10 2017 +0100;1484750170
bc87c27b184e28f46adcdf65cb42d99ee84668d8;bc87c27b18;-;-;Wed Jan 18 06:37:44 2017 +0100;1484717864;-;-;Wed Jan 18 06:37:44 2017 +0100;1484717864
ee71e7bae1fe7039dd3ad994cf501d3b4df5ebbd;ee71e7bae1;-;-;Wed Jan 18 01:00:02 2017 +0100;1484697602;-;-;Wed Jan 18 01:00:02 2017 +0100;1484697602
bea934b5bdf2988bbc088ebd8ba9edff4c70158a;bea934b5bd;-;-;Wed Jan 18 00:43:17 2017 +0100;1484696597;-;-;Wed Jan 18 00:43:17 2017 +0100;1484696597
d21b6e596fd54381c8bbbb5cf80d28d302faf6a6;d21b6e596f;-;-;Wed Jan 18 00:09:06 2017 +0100;1484694546;-;-;Wed Jan 18 00:09:06 2017 +0100;1484694546
8417831602fb1f3ea873d88cd09090f878db73d3;8417831602;-;-;Tue Jan 17 17:18:03 2017 -0500;1484691483;-;-;Tue Jan 17 17:19:04 2017 -0500;1484691544
2e414ab25a359012ffa513521cc0476b39c5b11d;2e414ab25a;-;-;Tue Jan 17 17:08:45 2017 -0500;1484690925;-;-;Tue Jan 17 17:10:32 2017 -0500;1484691032
be45de0571fbcd2340d864988b9351df3628f471;be45de0571;-;-;Tue Jan 17 23:04:37 2017 +0100;1484690677;-;-;Tue Jan 17 23:04:58 2017 +0100;1484690698
6e508f70d31818916c34d13a538b1fdc803eb274;6e508f70d3;-;-;Tue Jan 17 16:43:13 2017 -0500;1484689393;-;-;Tue Jan 17 16:49:25 2017 -0500;1484689765
af7289d6e9879f7494c1c18b8e2112afa5890dd4;af7289d6e9;-;-;Tue Jan 17 21:12:54 2017 +0100;1484683974;-;-;Tue Jan 17 21:28:10 2017 +0100;1484684890
99dc96b1a47394740b0db4bf15e67d9abd27a25a;99dc96b1a4;-;-;Tue Jan 17 20:42:40 2017 +0100;1484682160;-;-;Tue Jan 17 20:42:40 2017 +0100;1484682160
ad5386773e8d501215da9b2218917c97ecaa9994;ad5386773e;-;-;Tue Jan 17 20:42:19 2017 +0100;1484682139;-;-;Tue Jan 17 20:42:19 2017 +0100;1484682139
976d32fc5943a11668b12e83621feaa197677ec4;976d32fc59;-;-;Tue Jan 17 20:37:20 2017 +0100;1484681840;-;-;Tue Jan 17 20:37:20 2017 +0100;1484681840
e5f4cb6a1a086fdcb6fd900110baa69896b562ac;e5f4cb6a1a;-;-;Tue Jan 17 12:46:47 2017 -0500;1484675207;-;-;Tue Jan 17 12:46:47 2017 -0500;1484675207
88c5f5981f29a8815b9521adf49408780a12933b;88c5f5981f;-;-;Tue Jan 17 16:19:25 2017 +0100;1484666365;-;-;Tue Jan 17 16:46:43 2017 +0100;1484668003
141e04aa0f43d221aa0a80569df70301fe294304;141e04aa0f;-;-;Thu Jan 12 16:28:27 2017 +0200;1484231307;-;-;Tue Jan 17 10:19:01 2017 -0500;1484666341
8b7f3a65ed50f176b739d9723d8deff1d4362171;8b7f3a65ed;-;-;Sat Jan 14 00:00:41 2017 +0100;1484348441;-;-;Tue Jan 17 10:10:46 2017 -0500;1484665846
052014783a6f40cc231a3c56192e78a4704906c4;052014783a;-;-;Tue Jan 17 16:03:17 2017 +0100;1484665397;-;-;Tue Jan 17 16:03:17 2017 +0100;1484665397
874b65331435a6f7d8c81b77f4b1c80c4960d957;874b653314;-;-;Tue Jan 17 15:33:30 2017 +0100;1484663610;-;-;Tue Jan 17 15:33:30 2017 +0100;1484663610
2047f8d5ae4f00a1085c32251cbcde23dc2678d3;2047f8d5ae;-;-;Tue Jan 17 15:32:24 2017 +0100;1484663544;-;-;Tue Jan 17 15:32:24 2017 +0100;1484663544
54da4a8c8e4e60f17f9295dc3df8ad58974f149d;54da4a8c8e;-;-;Tue Jan 17 14:00:15 2017 +0100;1484658015;-;-;Tue Jan 17 14:00:15 2017 +0100;1484658015
ac6aa53031b361e4ea8c74c6bdb4035715f37fb4;ac6aa53031;-;-;Tue Jan 17 13:58:37 2017 +0100;1484657917;-;-;Tue Jan 17 13:58:37 2017 +0100;1484657917
d96738d61337e52398d7bfd5cf8a066142637ccc;d96738d613;-;-;Tue Jan 17 12:59:42 2017 +0100;1484654382;-;-;Tue Jan 17 12:59:42 2017 +0100;1484654382
c42d44a42c83ee44d91f99bf41072bdc62cb9d48;c42d44a42c;-;-;Tue Jan 17 12:47:04 2017 +0100;1484653624;-;-;Tue Jan 17 12:47:04 2017 +0100;1484653624
5471d6a465b1e2c86942615d4112d2bdf7d04ede;5471d6a465;-;-;Tue Jan 17 12:46:55 2017 +0100;1484653615;-;-;Tue Jan 17 12:46:55 2017 +0100;1484653615
0c99346829b19a65fb435fb2557db3b2427de54b;0c99346829;-;-;Tue Jan 17 11:15:06 2017 +0100;1484648106;-;-;Tue Jan 17 11:15:06 2017 +0100;1484648106
e9db4d6f96e98a3bf1cf84fdf2463612363dcae3;e9db4d6f96;-;-;Tue Jan 17 10:46:37 2017 +0100;1484646397;-;-;Tue Jan 17 10:46:37 2017 +0100;1484646397
46fc7fba8f173b1ef2c1644e9a4c385edb6af758;46fc7fba8f;-;-;Mon Jan 16 23:08:44 2017 +0100;1484604524;-;-;Mon Jan 16 23:08:44 2017 +0100;1484604524
e59f4004eb896e9136e4c965184710d2ddd23663;e59f4004eb;-;-;Mon Jan 16 23:08:06 2017 +0100;1484604486;-;-;Mon Jan 16 23:08:06 2017 +0100;1484604486
95330d0e44356f98b591e4c865f6864a2b2be7d9;95330d0e44;-;-;Mon Jan 16 21:49:21 2017 +0100;1484599761;-;-;Mon Jan 16 21:49:21 2017 +0100;1484599761
1922f03d24247001571e38e38ecea497c274b51f;1922f03d24;-;-;Mon Jan 16 21:45:22 2017 +0100;1484599522;-;-;Mon Jan 16 21:45:22 2017 +0100;1484599522
62e530ec94fe2b9a60f15739356ef70065aa4371;62e530ec94;-;-;Mon Jan 16 21:43:12 2017 +0100;1484599392;-;-;Mon Jan 16 21:43:12 2017 +0100;1484599392
047786acef33021ef7eb5a4d063c4d588866e6bc;047786acef;-;-;Mon Jan 16 21:14:46 2017 +0100;1484597686;-;-;Mon Jan 16 21:14:46 2017 +0100;1484597686
74596a6f1ed3bed2853d79ce1c1c228ca3400db5;74596a6f1e;-;-;Mon Jan 16 15:40:36 2017 +0100;1484577636;-;-;Mon Jan 16 15:40:36 2017 +0100;1484577636
153fd82946c350a0c42be2dbd13774d5ee9ffc0c;153fd82946;-;-;Mon Jan 16 15:35:18 2017 +0100;1484577318;-;-;Mon Jan 16 15:35:18 2017 +0100;1484577318
32fc855dd1ae2485ef7a23abc7711ef620fad052;32fc855dd1;-;-;Mon Jan 16 12:00:38 2017 +0100;1484564438;-;-;Mon Jan 16 12:00:38 2017 +0100;1484564438
e88e8f1d094351a27d2aa758459d8dbf985eda5b;e88e8f1d09;-;-;Mon Jan 16 11:49:07 2017 +0100;1484563747;-;-;Mon Jan 16 11:49:07 2017 +0100;1484563747
bb9e561934b012a65abe7e912b921700c59fe117;bb9e561934;-;-;Mon Jan 16 08:58:31 2017 +0100;1484553511;-;-;Mon Jan 16 08:58:31 2017 +0100;1484553511
c9835f0f6cacf6714ece7cb886ad5f84068ee401;c9835f0f6c;-;-;Mon Jan 16 03:21:43 2017 +0100;1484533303;-;-;Mon Jan 16 03:21:43 2017 +0100;1484533303
83beb9d57d558d1386c194b7792c88134105dfa4;83beb9d57d;-;-;Mon Jan 16 03:17:54 2017 +0100;1484533074;-;-;Mon Jan 16 03:17:54 2017 +0100;1484533074
02409f74b912c51a666c5afc664470da432f130c;02409f74b9;-;-;Fri Jan 13 16:57:47 2017 +0100;1484323067;-;-;Fri Jan 13 23:32:30 2017 +0100;1484346750
ba3cc535f1b9ecaadac9130959a46662b25d01da;ba3cc535f1;-;-;Fri Jan 13 15:08:03 2017 -0500;1484338083;-;-;Fri Jan 13 15:23:06 2017 -0500;1484338986
4d6c1d0d3fc44edce52b27b8007c9deae634bc79;4d6c1d0d3f;-;-;Fri Jan 13 12:38:50 2017 +0100;1484307530;-;-;Fri Jan 13 12:38:50 2017 +0100;1484307530
1cb381e9a78b0f6435eb56a5066aa31a2193c41a;1cb381e9a7;-;-;Fri Jan 13 10:53:20 2017 +0100;1484301200;-;-;Fri Jan 13 10:53:20 2017 +0100;1484301200
08c2fd4e7ca655cd376b3c700a61b0251d2add21;08c2fd4e7c;-;-;Fri Jan 13 10:23:38 2017 +0100;1484299418;-;-;Fri Jan 13 10:23:38 2017 +0100;1484299418
7c05b427a7e2aebbfc70af2a2de49847986f2146;7c05b427a7;-;-;Thu Jan 12 23:30:57 2017 +0100;1484260257;-;-;Thu Jan 12 23:30:57 2017 +0100;1484260257
743ce2cda6d802f6ac20bc2b251ae984b511362d;743ce2cda6;-;-;Thu Jan 12 23:30:38 2017 +0100;1484260238;-;-;Thu Jan 12 23:30:38 2017 +0100;1484260238
e19dff179e462d3726e0ccb1d4e7174ffd65d81e;e19dff179e;-;-;Thu Jan 12 21:18:01 2017 +0100;1484252281;-;-;Thu Jan 12 21:18:01 2017 +0100;1484252281
02d727fd7c9f6fe7b5d610c4cb112651c2a3e4d7;02d727fd7c;-;-;Thu Jan 12 21:17:54 2017 +0100;1484252274;-;-;Thu Jan 12 21:17:54 2017 +0100;1484252274
d0e93284f346cb93fbb046c5915a74fda92a6b8f;d0e93284f3;-;-;Thu Jan 12 21:16:56 2017 +0100;1484252216;-;-;Thu Jan 12 21:16:56 2017 +0100;1484252216
b06423a5f8a05318976f7c1c1340d3d4b650d922;b06423a5f8;-;-;Thu Jan 12 21:16:48 2017 +0100;1484252208;-;-;Thu Jan 12 21:16:48 2017 +0100;1484252208
8084da59a74baee7ba8404e5c4b300a875159868;8084da59a7;-;-;Thu Jan 12 21:15:41 2017 +0100;1484252141;-;-;Thu Jan 12 21:15:41 2017 +0100;1484252141
9e6aa0ff59b972f7b79be8e2b964d3c0354d116a;9e6aa0ff59;-;-;Thu Jan 12 21:15:22 2017 +0100;1484252122;-;-;Thu Jan 12 21:15:22 2017 +0100;1484252122
de4349792b56254476f513a40948aaa998308cf2;de4349792b;-;-;Thu Jan 12 21:15:08 2017 +0100;1484252108;-;-;Thu Jan 12 21:15:08 2017 +0100;1484252108
50e5a65b2d76e0b62b262a6caf071698963d75b8;50e5a65b2d;-;-;Thu Jan 12 21:14:07 2017 +0100;1484252047;-;-;Thu Jan 12 21:14:07 2017 +0100;1484252047
60882ceb4e207f9c846eacd2626a49b50307a110;60882ceb4e;-;-;Thu Jan 12 20:25:04 2017 +0100;1484249104;-;-;Thu Jan 12 20:25:04 2017 +0100;1484249104
0403fe340d2ec64474cf4cc0527bf33c2e476c62;0403fe340d;-;-;Thu Jan 12 20:24:27 2017 +0100;1484249067;-;-;Thu Jan 12 20:24:27 2017 +0100;1484249067
31f7860a40493f56ba71af2043d3e39a257fd830;31f7860a40;-;-;Thu Jan 12 20:22:26 2017 +0100;1484248946;-;-;Thu Jan 12 20:22:26 2017 +0100;1484248946
d724644588b77e807ce16b13ae3cd36208807055;d724644588;-;-;Thu Jan 12 11:35:24 2017 +0100;1484217324;-;-;Thu Jan 12 11:37:48 2017 +0100;1484217468
b7471e7fca4548e0234a45ecd68db772e3cb5cb6;b7471e7fca;-;-;Wed Jan 11 14:53:34 2017 +0100;1484142814;-;-;Wed Jan 11 14:54:31 2017 +0100;1484142871
b04b41b93b1bad9b80044a10c71de691be591d36;b04b41b93b;-;-;Wed Jan 11 08:59:10 2017 +0100;1484121550;-;-;Wed Jan 11 08:59:10 2017 +0100;1484121550
0a988fd2b1c7e2d98e87df3842c4fc053acac9a5;0a988fd2b1;-;-;Wed Jan 11 08:52:01 2017 +0100;1484121121;-;-;Wed Jan 11 08:52:01 2017 +0100;1484121121
4f1fe74912788f95b2785f58c8a1104fafb364c7;4f1fe74912;-;-;Wed Jan 11 07:57:02 2017 +0100;1484117822;-;-;Wed Jan 11 07:57:02 2017 +0100;1484117822
8f14e29067d51b80aa4cc9562b41b7b1260e4ac8;8f14e29067;-;-;Tue Jan 10 22:35:31 2017 +0100;1484084131;-;-;Tue Jan 10 22:47:33 2017 +0100;1484084853
f8461d856ae6f9e47736a5d8b93c15472f8433b7;f8461d856a;-;-;Tue Jan 10 21:42:49 2017 +0100;1484080969;-;-;Tue Jan 10 21:43:27 2017 +0100;1484081007
1af905ca0a97c1e19a60e63a1d62469888fbb12a;1af905ca0a;-;-;Mon Jan 9 02:11:01 2017 +0000;1483927861;-;-;Tue Jan 10 14:22:54 2017 +0100;1484054574
6ee5e2a817ef77c341151a17d20e8e3d6709ea19;6ee5e2a817;-;-;Tue Jan 10 10:54:24 2017 +0100;1484042064;-;-;Tue Jan 10 10:54:24 2017 +0100;1484042064
c5cfd8c8fc6b76b875a1544b82e10e5d64dc8e0e;c5cfd8c8fc;-;-;Tue Jan 10 10:13:26 2017 +0100;1484039606;-;-;Tue Jan 10 10:38:24 2017 +0100;1484041104
715274e327fe8ec72479f96b2e922a0e63f02ceb;715274e327;-;-;Mon Jan 9 20:13:23 2017 +0100;1483989203;-;-;Mon Jan 9 20:22:30 2017 +0100;1483989750
b503e4679ce37ac099be668cc1e33705da3fead1;b503e4679c;-;-;Mon Jan 9 19:32:42 2017 +0100;1483986762;-;-;Mon Jan 9 19:47:07 2017 +0100;1483987627
74fa088c7efdca272b610f26f6baf0593292d208;74fa088c7e;-;-;Mon Jan 9 19:19:27 2017 +0100;1483985967;-;-;Mon Jan 9 19:19:27 2017 +0100;1483985967
aa43472f2ea1f8aaffa65be917bc24603dc4d56c;aa43472f2e;-;-;Mon Jan 9 14:51:16 2017 +0100;1483969876;-;-;Mon Jan 9 14:51:16 2017 +0100;1483969876
e4a599f961fe4ed75a7e2d8fbc3fc26844b4d409;e4a599f961;-;-;Sat Jan 7 02:24:46 2017 +0100;1483752286;-;-;Sat Jan 7 02:24:46 2017 +0100;1483752286
08cc92176a101bd1c9a06d1d9a8aea94bbe496a8;08cc92176a;-;-;Sat Jan 7 02:15:02 2017 +0100;1483751702;-;-;Sat Jan 7 02:15:02 2017 +0100;1483751702
9ed66bf2ebf4605323ba7a310f671d79344be03a;9ed66bf2eb;-;-;Sat Jan 7 01:44:55 2017 +0100;1483749895;-;-;Sat Jan 7 01:54:38 2017 +0100;1483750478
055da43e30528ac5e0ad5f289cfa58996cf75109;055da43e30;-;-;Sat Jan 7 00:57:17 2017 +0100;1483747037;-;-;Sat Jan 7 00:57:17 2017 +0100;1483747037
87f498195c8d3a2685c04e9f204131e8b2be699b;87f498195c;-;-;Fri Jan 6 23:12:31 2017 +0100;1483740751;-;-;Fri Jan 6 23:19:51 2017 +0100;1483741191
afd93a0b52441d2ecf23242850ed8c1776524e0b;afd93a0b52;-;-;Thu Jan 5 14:48:35 2017 +0100;1483624115;-;-;Thu Jan 5 14:48:35 2017 +0100;1483624115
848a2b2ef8545882fd87bc24a1558006e06c06b6;848a2b2ef8;-;-;Thu Jan 5 10:25:31 2017 +0100;1483608331;-;-;Thu Jan 5 10:25:31 2017 +0100;1483608331
9e0a08753d3bb835ee919d169e7980537058d524;9e0a08753d;-;-;Wed Jan 4 09:31:49 2017 +0100;1483518709;-;-;Wed Jan 4 09:31:49 2017 +0100;1483518709
4cd9710a0d181a7f204690a17da02b5ce674bb91;4cd9710a0d;-;-;Wed Jan 4 09:30:55 2017 +0100;1483518655;-;-;Wed Jan 4 09:30:55 2017 +0100;1483518655
df98d304fd0a8b7b5eb8ce133e0bcc303967f293;df98d304fd;-;-;Tue Jan 3 14:48:00 2017 -0600;1483476480;-;-;Tue Jan 3 14:51:31 2017 -0600;1483476691
e78ea3471143184a43a20e79c97a4eac070462b2;e78ea34711;-;-;Tue Jan 3 16:50:09 2017 +0100;1483458609;-;-;Tue Jan 3 18:07:49 2017 +0100;1483463269
d912f77a31e34156d55c149d8b322ab274269cd6;d912f77a31;-;-;Tue Jan 3 18:02:10 2017 +0100;1483462930;-;-;Tue Jan 3 18:02:10 2017 +0100;1483462930
1ab0916bed079b2236ff174c21c990a562eb4fdd;1ab0916bed;-;-;Mon Jan 2 22:04:20 2017 +0100;1483391060;-;-;Mon Jan 2 22:04:20 2017 +0100;1483391060
badde3a479a53e1dd0777dd1bd5b55cb1021cf9e;badde3a479;-;-;Sun Jan 1 13:52:54 2017 +0100;1483275174;-;-;Sun Jan 1 14:17:39 2017 +0100;1483276659
ef4340063e1440d1679acbe8c35488fb8eebd15d;ef4340063e;-;-;Sat Dec 31 18:27:14 2016 +0100;1483205234;-;-;Sun Jan 1 13:48:08 2017 +0100;1483274888
276cfd8993dc7d97995d324a14806ea16547f832;276cfd8993;-;-;Fri Dec 30 14:53:16 2016 +0100;1483105996;-;-;Fri Dec 30 14:53:16 2016 +0100;1483105996
e8a082fbe1851745cf225a0062aba71231c29330;e8a082fbe1;-;-;Fri Dec 30 11:30:18 2016 +0100;1483093818;-;-;Fri Dec 30 11:30:18 2016 +0100;1483093818
ccabff6ba3f89a24fe48c27ae753cb704b7f6f33;ccabff6ba3;-;-;Fri Dec 30 11:20:54 2016 +0100;1483093254;-;-;Fri Dec 30 11:20:54 2016 +0100;1483093254
311522bc864b07645d31b5d62536664e108403b6;311522bc86;-;-;Thu Dec 29 22:41:23 2016 +0100;1483047683;-;-;Thu Dec 29 22:41:23 2016 +0100;1483047683
fc629bb508f950fe4a0f62b42395299677f7819e;fc629bb508;-;-;Thu Dec 29 22:39:36 2016 +0100;1483047576;-;-;Thu Dec 29 22:39:36 2016 +0100;1483047576
a5c6658d2cc025c34c711aa90b280cefd0643f68;a5c6658d2c;-;-;Thu Dec 29 22:38:00 2016 +0100;1483047480;-;-;Thu Dec 29 22:38:00 2016 +0100;1483047480
edc62be2310acbce918f742bb6960fcd69d413d2;edc62be231;-;-;Thu Dec 29 22:35:10 2016 +0100;1483047310;-;-;Thu Dec 29 22:35:10 2016 +0100;1483047310
a30ceafc2cae8621b123d8c38a30ece64c4374ff;a30ceafc2c;-;-;Thu Dec 29 13:17:13 2016 -0500;1483035433;-;-;Thu Dec 29 13:17:13 2016 -0500;1483035433
58d79fffd856a08d4e73a44c47baaa7ac9b13051;58d79fffd8;-;-;Thu Dec 29 13:07:36 2016 -0500;1483034856;-;-;Thu Dec 29 13:07:36 2016 -0500;1483034856
5333f9cbf15c76a44f22694c585a7f8959270e2e;5333f9cbf1;-;-;Thu Dec 29 13:01:36 2016 -0500;1483034496;-;-;Thu Dec 29 13:01:36 2016 -0500;1483034496
6bf12812f1e4aef4be338887b49482ef1721195a;6bf12812f1;-;-;Thu Dec 29 12:35:01 2016 -0500;1483032901;-;-;Thu Dec 29 12:35:01 2016 -0500;1483032901
e62b104e03cdb7ffb00d816e5922446eb359a4a2;e62b104e03;-;-;Wed Dec 28 21:34:34 2016 -0500;1482978874;-;-;Wed Dec 28 21:37:12 2016 -0500;1482979032
698c885e0601bb03dd5a763c5a24e1703433a174;698c885e06;-;-;Wed Dec 28 16:35:12 2016 -0500;1482960912;-;-;Wed Dec 28 21:37:07 2016 -0500;1482979027
ea274ebc0a355ffb499791a9abf1618b829c5edd;ea274ebc0a;-;-;Wed Dec 28 15:43:48 2016 -0500;1482957828;-;-;Wed Dec 28 21:36:37 2016 -0500;1482978997
fdf88c9795269c3e551bc3202e6eaead8cfa3752;fdf88c9795;-;-;Wed Dec 28 14:53:18 2016 -0500;1482954798;-;-;Wed Dec 28 21:36:37 2016 -0500;1482978997
2a3e01399a1fbe4a5374a46de501de1b70aaceb0;2a3e01399a;-;-;Wed Dec 28 11:02:50 2016 -0500;1482940970;-;-;Wed Dec 28 21:36:37 2016 -0500;1482978997
e38c020535dc5d6b326d5e22f8a59dc35ba7361a;e38c020535;-;-;Wed Dec 28 22:51:29 2016 +0100;1482961889;-;-;Wed Dec 28 22:51:29 2016 +0100;1482961889
963ea062e481a5c4334d0b1c94b16fac8ea5eff8;963ea062e4;-;-;Wed Dec 28 18:20:15 2016 +0100;1482945615;-;-;Wed Dec 28 18:48:35 2016 +0100;1482947315
209e7a700dd2f0f5bf478e28c04437513161bed7;209e7a700d;-;-;Wed Dec 28 17:27:06 2016 +0100;1482942426;-;-;Wed Dec 28 17:27:06 2016 +0100;1482942426
cff311b03cbd2b092269dbeef79992c675527139;cff311b03c;-;-;Wed Dec 28 17:22:57 2016 +0100;1482942177;-;-;Wed Dec 28 17:22:57 2016 +0100;1482942177
9c62b1eaf7d3761c9760cf3e87b577c009a35edd;9c62b1eaf7;-;-;Wed Dec 28 17:22:18 2016 +0100;1482942138;-;-;Wed Dec 28 17:22:18 2016 +0100;1482942138
4cd330989041d1a2f3db3cc01ab015577fbff2dd;4cd3309890;-;-;Wed Dec 28 12:36:49 2016 +0100;1482925009;-;-;Wed Dec 28 12:36:49 2016 +0100;1482925009
4a380b84019240fabb83b299c60e33aeacda70e0;4a380b8401;-;-;Tue Dec 27 17:42:01 2016 -0500;1482878521;-;-;Tue Dec 27 17:42:01 2016 -0500;1482878521
e4d39bb86fe79f592d7a418d8b43dfbdb40bad2b;e4d39bb86f;-;-;Tue Dec 27 15:45:10 2016 -0500;1482871510;-;-;Tue Dec 27 16:02:40 2016 -0500;1482872560
384e851bd1e2e348ea54fe057cf87349192a83a7;384e851bd1;-;-;Tue Dec 27 13:44:39 2016 -0500;1482864279;-;-;Tue Dec 27 13:44:59 2016 -0500;1482864299
c18ebdeee0235785396f3b2ffbdab2f83e9bbf01;c18ebdeee0;-;-;Tue Dec 27 18:12:58 2016 +0100;1482858778;-;-;Tue Dec 27 18:12:58 2016 +0100;1482858778
58e113a591fc040cbe1534ece68c5a28bf6d73bf;58e113a591;-;-;Tue Dec 27 16:34:29 2016 +0100;1482852869;-;-;Tue Dec 27 16:37:01 2016 +0100;1482853021
7818c650ba3ad567cff2975b408509679d03e663;7818c650ba;-;-;Tue Dec 27 13:38:24 2016 +0100;1482842304;-;-;Tue Dec 27 13:38:24 2016 +0100;1482842304
048098119efedbea0461539623188ed2af785bb7;048098119e;-;-;Tue Dec 27 13:32:43 2016 +0100;1482841963;-;-;Tue Dec 27 13:32:43 2016 +0100;1482841963
6a850ee688fcada1728d3e1b58a96fa37ca22112;6a850ee688;-;-;Tue Dec 27 10:08:12 2016 +0100;1482829692;-;-;Tue Dec 27 10:08:12 2016 +0100;1482829692
546687d5e44c6771a95f5334dbcbf4b37a6cea33;546687d5e4;-;-;Tue Dec 27 10:08:02 2016 +0100;1482829682;-;-;Tue Dec 27 10:08:02 2016 +0100;1482829682
3626a1c7f99a8026337a29bd8a958264e6bf13c0;3626a1c7f9;-;-;Mon Dec 26 17:43:34 2016 +0100;1482770614;-;-;Tue Dec 27 08:47:58 2016 +0100;1482824878
bb94ba6e3ff8dfc053c5808d337289e8df37e935;bb94ba6e3f;-;-;Mon Dec 26 22:31:27 2016 +0100;1482787887;-;-;Mon Dec 26 22:31:27 2016 +0100;1482787887
64d6561cbbda4d5a74cd0f3ce5983e29c9d42b89;64d6561cbb;-;-;Mon Dec 26 19:47:26 2016 +0100;1482778046;-;-;Mon Dec 26 19:47:26 2016 +0100;1482778046
47be2d8786f8690efd04d12ce5ed34ced2000247;47be2d8786;-;-;Mon Dec 26 19:37:53 2016 +0100;1482777473;-;-;Mon Dec 26 19:37:53 2016 +0100;1482777473
ff675f52269ef60c694f647ccaddefb58c174097;ff675f5226;-;-;Mon Dec 26 14:09:30 2016 +0100;1482757770;-;-;Mon Dec 26 14:21:10 2016 +0100;1482758470
a8741dd3716b54be7b65f9e722166627d67b793e;a8741dd371;-;-;Mon Dec 26 11:26:58 2016 +0100;1482748018;-;-;Mon Dec 26 11:26:58 2016 +0100;1482748018
f805427629ff00eddf511fe3356b515174f2fb17;f805427629;-;-;Mon Dec 26 11:23:07 2016 +0100;1482747787;-;-;Mon Dec 26 11:23:07 2016 +0100;1482747787
020819880404f596e6361688bf32035c4a3a6174;0208198804;-;-;Mon Dec 26 11:00:22 2016 +0100;1482746422;-;-;Mon Dec 26 11:00:22 2016 +0100;1482746422
fd41f63ec065b890a539451532392fa9b5bb0b28;fd41f63ec0;-;-;Mon Dec 26 10:57:50 2016 +0100;1482746270;-;-;Mon Dec 26 10:57:50 2016 +0100;1482746270
a77da869a6ad6a136c25a96d34aa3ded9a14fc46;a77da869a6;-;-;Fri Dec 23 22:11:17 2016 -0500;1482549077;-;-;Fri Dec 23 22:11:17 2016 -0500;1482549077
22a57b9aedf0039e30a0cab427998ad55f9a80dc;22a57b9aed;-;-;Fri Dec 23 21:55:40 2016 -0500;1482548140;-;-;Fri Dec 23 21:55:40 2016 -0500;1482548140
1b8cdb89241290af2999dd073cf463cd30271537;1b8cdb8924;-;-;Fri Dec 23 21:20:42 2016 -0500;1482546042;-;-;Fri Dec 23 21:20:42 2016 -0500;1482546042
12f80be1f0738109a91471a2dca56f7d02614863;12f80be1f0;-;-;Fri Dec 23 18:04:53 2016 -0500;1482534293;-;-;Fri Dec 23 18:04:53 2016 -0500;1482534293
935577f00b0647a883ba92587b0bbcd888669e48;935577f00b;-;-;Fri Dec 23 17:16:22 2016 -0500;1482531382;-;-;Fri Dec 23 17:23:23 2016 -0500;1482531803
d49ab90187c455c8a21055810e837e75f67ce046;d49ab90187;-;-;Fri Dec 23 10:41:25 2016 +0200;1482482485;-;-;Fri Dec 23 17:23:22 2016 -0500;1482531802
b4b7b163d1197caa338ea17c026ee862526b0ef5;b4b7b163d1;-;-;Fri Dec 23 09:45:21 2016 +0200;1482479121;-;-;Fri Dec 23 17:23:22 2016 -0500;1482531802
30ee71ea1a71e05ab7a725a8cda8d3c0b5c68d3a;30ee71ea1a;-;-;Fri Dec 23 00:28:51 2016 +0200;1482445731;-;-;Fri Dec 23 17:23:22 2016 -0500;1482531802
bd09a76a1eec053bd5a7533f67ecbb65fbe2b96d;bd09a76a1e;-;-;Tue Dec 20 17:07:06 2016 +0200;1482246426;-;-;Fri Dec 23 17:23:22 2016 -0500;1482531802
113d1b6970a10b628e03a45b953898f43cd5bf8c;113d1b6970;-;-;Tue Dec 20 10:30:52 2016 +0200;1482222652;-;-;Fri Dec 23 17:23:22 2016 -0500;1482531802
ef5c79756911416220959a08a7dbb3de3a6dcd3c;ef5c797569;-;-;Fri Dec 23 21:23:30 2016 +0100;1482524610;-;-;Fri Dec 23 21:23:30 2016 +0100;1482524610
3295a4e6ef43c3e3053f41404ccf7da6ab53f310;3295a4e6ef;-;-;Fri Dec 23 20:29:12 2016 +0100;1482521352;-;-;Fri Dec 23 20:29:12 2016 +0100;1482521352
8147c112f542c3ec384a177c11aafe3b9603deec;8147c112f5;-;-;Fri Dec 23 18:57:50 2016 +0100;1482515870;-;-;Fri Dec 23 18:57:50 2016 +0100;1482515870
d3f97e309290ea9a9654f9fe77292f833ee7f2be;d3f97e3092;-;-;Fri Dec 23 18:49:12 2016 +0100;1482515352;-;-;Fri Dec 23 18:49:12 2016 +0100;1482515352
54b8aab1c600f697b1de59df7f0400fdf1d076cd;54b8aab1c6;-;-;Fri Dec 23 18:45:51 2016 +0100;1482515151;-;-;Fri Dec 23 18:45:51 2016 +0100;1482515151
fbf88d19da1a9a80c8f0e4d5854723a451910cf1;fbf88d19da;-;-;Fri Dec 23 17:58:34 2016 +0100;1482512314;-;-;Fri Dec 23 17:58:34 2016 +0100;1482512314
f51fe5fd39210648ed78055eb3899c1024960b56;f51fe5fd39;-;-;Fri Dec 23 12:27:07 2016 +0100;1482492427;-;-;Fri Dec 23 12:27:07 2016 +0100;1482492427
e788b8467d2680ee727c9f88ceac746710eb59c8;e788b8467d;-;-;Fri Dec 23 12:26:47 2016 +0100;1482492407;-;-;Fri Dec 23 12:26:47 2016 +0100;1482492407
a86f89daa8a61d0829981245e9ac9e91d0b63dbc;a86f89daa8;-;-;Thu Dec 22 22:23:31 2016 -0500;1482463411;-;-;Thu Dec 22 22:23:31 2016 -0500;1482463411
3d1b6fd3628039ef613b04a258fc4d614731d57d;3d1b6fd362;-;-;Thu Dec 22 16:18:10 2016 -0500;1482441490;-;-;Thu Dec 22 22:07:02 2016 -0500;1482462422
dc9f338add26d6290a52a37250a4e120abef7ebc;dc9f338add;-;-;Fri Dec 23 03:01:52 2016 +0000;1482462112;-;-;Fri Dec 23 03:02:16 2016 +0000;1482462136
5c48daa8ebf16f5ef2f6dac28ab0ffd1aaac5878;5c48daa8eb;-;-;Thu Dec 22 23:34:19 2016 +0100;1482446059;-;-;Thu Dec 22 23:34:19 2016 +0100;1482446059
2819f7c78165d96e8e27f017bd5677c6c3844843;2819f7c781;-;-;Thu Dec 22 22:36:07 2016 +0100;1482442567;-;-;Thu Dec 22 22:36:07 2016 +0100;1482442567
ae62341fa3d0a9d8de5e0d9e2b8a8dc39fd1c4fa;ae62341fa3;-;-;Thu Dec 22 22:35:54 2016 +0100;1482442554;-;-;Thu Dec 22 22:35:54 2016 +0100;1482442554
3719f75d3b70e2510f9eb1de1c1bbfa2ca39f302;3719f75d3b;-;-;Thu Dec 22 16:14:33 2016 -0500;1482441273;-;-;Thu Dec 22 16:18:15 2016 -0500;1482441495
d64d9ab370bfdeffdc185f89c33ecfb1eee7e239;d64d9ab370;-;-;Thu Dec 22 17:00:04 2016 +0100;1482422404;-;-;Thu Dec 22 17:00:04 2016 +0100;1482422404
0d0d46190346954325b86bbce17e688d520b1793;0d0d461903;-;-;Wed Dec 21 14:14:37 2016 -0500;1482347677;-;-;Wed Dec 21 14:14:37 2016 -0500;1482347677
00387c3bbd898b306c778a1895abec74d8eeca69;00387c3bbd;-;-;Wed Dec 21 12:38:46 2016 -0500;1482341926;-;-;Wed Dec 21 12:39:56 2016 -0500;1482341996
54901ab865d273c5658876958c504168028e92d6;54901ab865;-;-;Wed Dec 21 17:25:53 2016 +0100;1482337553;-;-;Wed Dec 21 17:27:27 2016 +0100;1482337647
7b183048b8179ed4cc73abb0cd6b7ac449e482c3;7b183048b8;-;-;Wed Dec 21 17:19:53 2016 +0100;1482337193;-;-;Wed Dec 21 17:24:45 2016 +0100;1482337485
69b69442bcbd1b7da6f360e33c7ccc7785e43729;69b69442bc;-;-;Wed Dec 21 17:07:41 2016 +0100;1482336461;-;-;Wed Dec 21 17:07:41 2016 +0100;1482336461
183b326f6db7559a00f603674be35b86b3e9c9ca;183b326f6d;-;-;Tue Dec 20 17:12:54 2016 +0100;1482250374;-;-;Wed Dec 21 16:46:43 2016 +0100;1482335203
419d2b4e0ac1032e6ed53a3f88605ba389bdcc35;419d2b4e0a;-;-;Mon Dec 19 11:23:44 2016 +0100;1482143024;-;-;Wed Dec 21 16:46:43 2016 +0100;1482335203
a8d8273dc15a07cfec81367fc1bc9dac16fe0861;a8d8273dc1;-;-;Mon Dec 19 10:54:08 2016 +0100;1482141248;-;-;Wed Dec 21 16:46:42 2016 +0100;1482335202
b54aee27bedda88e0c49903c16b67d035b19701b;b54aee27be;-;-;Wed Dec 21 14:42:43 2016 +0100;1482327763;-;-;Wed Dec 21 14:42:43 2016 +0100;1482327763
598122fe8a17e1ae190675ed773be5953f622dec;598122fe8a;-;-;Wed Dec 21 14:42:32 2016 +0100;1482327752;-;-;Wed Dec 21 14:42:32 2016 +0100;1482327752
98d306f558e85175c1af78130db012cc17078f9a;98d306f558;-;-;Wed Dec 21 14:41:25 2016 +0100;1482327685;-;-;Wed Dec 21 14:41:25 2016 +0100;1482327685
4125825cf3f45a39200baa37d387359d686d01d0;4125825cf3;-;-;Wed Dec 21 09:59:43 2016 +0100;1482310783;-;-;Wed Dec 21 09:59:43 2016 +0100;1482310783
483abfe2665ee6cc3acf92f3ccbf9a3b934cb8fa;483abfe266;-;-;Wed Dec 21 09:47:29 2016 +0100;1482310049;-;-;Wed Dec 21 09:56:13 2016 +0100;1482310573
e07d110a67791281597bc5d08abdbb93a09b1bf9;e07d110a67;-;-;Wed Dec 21 08:40:19 2016 +0100;1482306019;-;-;Wed Dec 21 08:40:19 2016 +0100;1482306019
804935a8ebbe969a3d6f73412678ac3f4c7c0929;804935a8eb;-;-;Wed Dec 21 00:48:17 2016 +0000;1482281297;-;-;Wed Dec 21 00:48:29 2016 +0000;1482281309
a1ae9ac1bdd6aaaceb42c2a65b37ed92450334cc;a1ae9ac1bd;-;-;Tue Dec 20 23:51:26 2016 +0100;1482274286;-;-;Tue Dec 20 23:54:22 2016 +0100;1482274462
712a63205c8b7c80352b7fbd2b73c142aec31fc1;712a63205c;-;-;Tue Dec 20 22:29:48 2016 +0100;1482269388;-;-;Tue Dec 20 22:33:09 2016 +0100;1482269589
82c1c859d9feee91590a9facb9d1142d074f3307;82c1c859d9;-;-;Tue Dec 20 21:11:07 2016 +0100;1482264667;-;-;Tue Dec 20 21:17:48 2016 +0100;1482265068
154ef8bf10973286438a91e948ff75c2f7cd923b;154ef8bf10;-;-;Tue Dec 20 19:57:52 2016 +0100;1482260272;-;-;Tue Dec 20 19:57:52 2016 +0100;1482260272
9005481a4993937ec88d447c8ba3472579f5b170;9005481a49;-;-;Tue Dec 20 19:57:44 2016 +0100;1482260264;-;-;Tue Dec 20 19:57:44 2016 +0100;1482260264
3b987c263c17fd0a903c03425f8f9384294d7dcc;3b987c263c;-;-;Tue Dec 20 12:21:30 2016 -0500;1482254490;-;-;Tue Dec 20 12:22:24 2016 -0500;1482254544
241d5f7a3ba6a4cf200e43687bd6046a32aad2c8;241d5f7a3b;-;-;Tue Dec 20 14:37:11 2016 +0000;1482244631;-;-;Tue Dec 20 14:37:32 2016 +0000;1482244652
97ea22cb4a29b3ec683b39d8dbf5c550fb980f30;97ea22cb4a;-;-;Tue Dec 20 12:17:51 2016 +0100;1482232671;-;-;Tue Dec 20 12:17:51 2016 +0100;1482232671
f6b2a212066c97eabdd861044cb72dca78b0f80d;f6b2a21206;-;-;Tue Dec 20 12:16:16 2016 +0100;1482232576;-;-;Tue Dec 20 12:16:16 2016 +0100;1482232576
30df1372733f36e6ce6776441a042a943c4ed1d9;30df137273;-;-;Mon Dec 19 18:30:14 2016 -0500;1482190214;-;-;Mon Dec 19 18:30:14 2016 -0500;1482190214
47e141675f7a46f308beb606d8948475250b0528;47e141675f;-;-;Mon Dec 19 18:07:22 2016 -0500;1482188842;-;-;Mon Dec 19 18:16:36 2016 -0500;1482189396
5fd600d2adeb0c0b4cdab5d3a1ec55ce6a10e849;5fd600d2ad;-;-;Mon Dec 19 15:29:00 2016 -0500;1482179340;-;-;Mon Dec 19 15:29:00 2016 -0500;1482179340
1243556047a737536d69098ea1130180bced231c;1243556047;-;-;Sun Dec 18 10:52:17 2016 -0500;1482076337;-;-;Mon Dec 19 14:57:10 2016 -0500;1482177430
14068d5274db412480c1aee221d11f638adcdf2b;14068d5274;-;-;Mon Dec 19 11:57:43 2016 -0500;1482166663;-;-;Mon Dec 19 12:09:47 2016 -0500;1482167387
9c55d22f782a86219fb263b58c77f024cc01e45f;9c55d22f78;-;-;Mon Dec 19 16:02:59 2016 +0100;1482159779;-;-;Mon Dec 19 16:02:59 2016 +0100;1482159779
e0c43c4fcbdb259d7a63ab84ac3c5568f255f42b;e0c43c4fcb;-;-;Mon Dec 19 10:48:44 2016 +0100;1482140924;-;-;Mon Dec 19 10:48:44 2016 +0100;1482140924
7bde85ae555c5ac315d60c963a1517367e9a99b5;7bde85ae55;-;-;Mon Dec 19 10:21:04 2016 +0100;1482139264;-;-;Mon Dec 19 10:21:36 2016 +0100;1482139296
879b3879547b094a5f5642d06fe99df7dc262681;879b387954;-;-;Mon Dec 19 09:55:58 2016 +0100;1482137758;-;-;Mon Dec 19 09:55:58 2016 +0100;1482137758
558d7f3f3efa4bdc03e252474bec46f62c2acb72;558d7f3f3e;-;-;Sun Dec 18 20:37:05 2016 -0500;1482111425;-;-;Sun Dec 18 20:37:05 2016 -0500;1482111425
7867e564946647399bd819fd1af878e6d738f990;7867e56494;-;-;Mon Dec 19 02:00:28 2016 +0100;1482109228;-;-;Mon Dec 19 02:00:28 2016 +0100;1482109228
3ee6286eb5d2993c66fcb468ecc48d4c7afde0a4;3ee6286eb5;-;-;Sun Dec 18 21:05:45 2016 +0100;1482091545;-;-;Sun Dec 18 21:05:45 2016 +0100;1482091545
12aa14ddbc9fe1699bbd0f559b15074946a1c2ed;12aa14ddbc;-;-;Sun Dec 18 21:04:08 2016 +0100;1482091448;-;-;Sun Dec 18 21:04:08 2016 +0100;1482091448
8be791c4ff5f8671a0378efad84834f1b96e31a0;8be791c4ff;-;-;Sat Dec 17 17:27:19 2016 -0500;1482013639;-;-;Sun Dec 18 10:49:52 2016 -0500;1482076192
bcf6f6e75f3bf3cfc0b80e6960334cefa7aa4a43;bcf6f6e75f;-;-;Sat Dec 17 16:12:03 2016 -0500;1482009123;-;-;Sun Dec 18 10:49:52 2016 -0500;1482076192
edcf04911f4ca3a045194c0a7e90b2d48603929b;edcf04911f;-;-;Sat Dec 17 15:46:37 2016 -0500;1482007597;-;-;Sun Dec 18 10:49:47 2016 -0500;1482076187
6cd92c69cf526da5d0598d595155c52373a9a74c;6cd92c69cf;-;-;Sat Dec 17 15:06:41 2016 -0500;1482005201;-;-;Sun Dec 18 10:46:28 2016 -0500;1482075988
140ff7ce8ffcfa3e5804e285b1bf7addc092923a;140ff7ce8f;-;-;Sat Dec 17 14:05:30 2016 -0500;1482001530;-;-;Sun Dec 18 10:41:05 2016 -0500;1482075665
4c005e6336e1a5a7c2b5eac83e8efe61c2ce5d29;4c005e6336;-;-;Sat Dec 17 23:10:48 2016 +0100;1482012648;-;-;Sat Dec 17 23:10:48 2016 +0100;1482012648
e9b4cac47f37e9ddcc18b89388c3689976c1258c;e9b4cac47f;-;-;Sat Dec 17 13:01:18 2016 +0100;1481976078;-;-;Sat Dec 17 13:01:18 2016 +0100;1481976078
9ba4b47bee166f818484c2e2d312cb2e9acc08dc;9ba4b47bee;-;-;Sat Dec 17 12:57:18 2016 +0100;1481975838;-;-;Sat Dec 17 12:57:18 2016 +0100;1481975838
9376748c9c17902f650709af4fc1c572ce63f04a;9376748c9c;-;-;Fri Dec 16 17:21:07 2016 -0500;1481926867;-;-;Fri Dec 16 17:33:39 2016 -0500;1481927619
bd8af55bc7448d17b84fa4dfbfb09f4a7cbf6552;bd8af55bc7;-;-;Fri Dec 16 17:15:43 2016 -0500;1481926543;-;-;Fri Dec 16 17:15:43 2016 -0500;1481926543
fa56361ad242723e172630e5a6706a07a191c975;fa56361ad2;-;-;Fri Dec 16 16:15:37 2016 -0500;1481922937;-;-;Fri Dec 16 16:20:06 2016 -0500;1481923206
c85d768b3c8778c76be800c32d4e30614a26642a;c85d768b3c;-;-;Fri Dec 16 14:08:37 2016 -0500;1481915317;-;-;Fri Dec 16 16:20:06 2016 -0500;1481923206
7d9e8def445fc8211cefb8c82193aaf782afb8d6;7d9e8def44;-;-;Fri Dec 16 20:09:21 2016 +0000;1481918961;-;-;Fri Dec 16 20:09:32 2016 +0000;1481918972
95818609fcab71d6ee4c64c36903c0f62ca0ba48;95818609fc;-;-;Thu Dec 15 17:45:17 2016 -0500;1481841917;-;-;Thu Dec 15 19:34:33 2016 -0500;1481848473
db2ebd30da027498273ed7a4ea6714d07adef6fd;db2ebd30da;-;-;Wed Dec 14 16:57:18 2016 -0600;1481756238;-;-;Thu Dec 15 17:04:57 2016 -0500;1481839497
96474405dce4862a3ad1523b1237260a07fbdabc;96474405dc;-;-;Thu Dec 15 16:22:47 2016 -0500;1481836967;-;-;Thu Dec 15 17:02:05 2016 -0500;1481839325
6119415427861cb5d99d7795cf4c7d3547ce286c;6119415427;-;-;Thu Dec 15 09:51:21 2016 -0500;1481813481;-;-;Thu Dec 15 14:24:39 2016 -0500;1481829879
36da299f96e7be182ea956f3094d0cf1715da6c5;36da299f96;-;-;Thu Dec 15 17:26:40 2016 +0100;1481819200;-;-;Thu Dec 15 17:30:53 2016 +0100;1481819453
9764d5743384fea77e0894090b6e56418ae82457;9764d57433;-;-;Thu Dec 15 17:16:20 2016 +0100;1481818580;-;-;Thu Dec 15 17:19:37 2016 +0100;1481818777
8a7467020f11f95bd47c55f54abc454278788407;8a7467020f;-;-;Thu Dec 15 15:44:16 2016 +0100;1481813056;-;-;Thu Dec 15 15:44:16 2016 +0100;1481813056
37c734ec90fd695c4674fd1efd13c77065c2aa9b;37c734ec90;-;-;Thu Dec 15 15:43:47 2016 +0100;1481813027;-;-;Thu Dec 15 15:43:47 2016 +0100;1481813027
23f0418337d14798b401009e51ada89b56c52b69;23f0418337;-;-;Thu Dec 15 15:43:40 2016 +0100;1481813020;-;-;Thu Dec 15 15:43:40 2016 +0100;1481813020
36a6580638a15c7d7426de8b364c8ee333d0abe9;36a6580638;-;-;Thu Dec 15 13:21:45 2016 +0100;1481804505;-;-;Thu Dec 15 13:22:11 2016 +0100;1481804531
97558ab4de28b1579eafcda56c32ae832a59c1a7;97558ab4de;-;-;Thu Dec 15 13:20:35 2016 +0100;1481804435;-;-;Thu Dec 15 13:22:11 2016 +0100;1481804531
aac20b3fd1cf643eb1a999e684be2936203b2735;aac20b3fd1;-;-;Thu Dec 15 12:15:17 2016 +0100;1481800517;-;-;Thu Dec 15 13:22:11 2016 +0100;1481804531
aa8f5315265b83895effd7038ac7f4772ed6a6f1;aa8f531526;-;-;Thu Dec 15 12:14:15 2016 +0100;1481800455;-;-;Thu Dec 15 13:22:11 2016 +0100;1481804531
dfcd5b9ed9f429439980b5ffde17b2ee08593670;dfcd5b9ed9;-;-;Thu Dec 15 13:08:36 2016 +0100;1481803716;-;-;Thu Dec 15 13:08:36 2016 +0100;1481803716
c201a14ea2283ebbab41c5e91ec57c38665d5b2e;c201a14ea2;-;-;Thu Dec 15 04:11:34 2016 +0000;1481775094;-;-;Thu Dec 15 04:11:34 2016 +0000;1481775094
257318eb8754068e543e876e04fb8f4eadabeef1;257318eb87;-;-;Wed Dec 14 17:43:07 2016 -0500;1481755387;-;-;Wed Dec 14 17:43:07 2016 -0500;1481755387
4738a61e989475c7b719f6b5633e87731ef2cd90;4738a61e98;-;-;Wed Dec 14 16:12:08 2016 -0500;1481749928;-;-;Wed Dec 14 16:17:46 2016 -0500;1481750266
3370f41c610a0b2f600a2112a6a9ddaf6cf93796;3370f41c61;-;-;Wed Dec 14 22:06:13 2016 +0100;1481749573;-;-;Wed Dec 14 22:06:13 2016 +0100;1481749573
29543856ec6f9eb173d796ac31b4aba8dec2452c;29543856ec;-;-;Wed Dec 14 22:05:34 2016 +0100;1481749534;-;-;Wed Dec 14 22:05:34 2016 +0100;1481749534
6d1cae2f577e08ef28a21143404f4db1ab12dcaf;6d1cae2f57;-;-;Wed Dec 14 22:00:41 2016 +0100;1481749241;-;-;Wed Dec 14 22:00:41 2016 +0100;1481749241
58eccfe5bdab21212c19f39a1ab635a0e5f541d6;58eccfe5bd;-;-;Wed Dec 14 22:00:05 2016 +0100;1481749205;-;-;Wed Dec 14 22:00:05 2016 +0100;1481749205
b366e159f82e5cfd28dad741e84d685d9f687cbf;b366e159f8;-;-;Wed Dec 14 21:59:49 2016 +0100;1481749189;-;-;Wed Dec 14 21:59:49 2016 +0100;1481749189
5a2906979816ce1268a8dfe56c5f0a89ad720b99;5a29069798;-;-;Wed Dec 14 15:34:58 2016 -0500;1481747698;-;-;Wed Dec 14 15:34:58 2016 -0500;1481747698
70f14c14c8951b56059552554f51170c8a089b76;70f14c14c8;-;-;Wed Dec 14 14:51:33 2016 -0500;1481745093;-;-;Wed Dec 14 14:51:33 2016 -0500;1481745093
c3621bf153f473188d0dbfbc60caf41daf801bdc;c3621bf153;-;-;Wed Dec 14 13:51:35 2016 -0500;1481741495;-;-;Wed Dec 14 13:51:35 2016 -0500;1481741495
35eaeb56364d755ad2e3bf5d83f6cd982b118330;35eaeb5636;-;-;Wed Dec 14 18:25:51 2016 +0100;1481736351;-;-;Wed Dec 14 18:25:51 2016 +0100;1481736351
582e625fcf340f76964888e93d1ba19df5742f2b;582e625fcf;-;-;Wed Dec 7 09:34:57 2016 +0100;1481099697;-;-;Wed Dec 14 16:52:36 2016 +0100;1481730756
4021d239ab15dfd119d248c9e830ed2f2f935985;4021d239ab;-;-;Wed Dec 14 14:38:19 2016 +0100;1481722699;-;-;Wed Dec 14 14:53:12 2016 +0100;1481723592
b70071fdda7c97eb07049c940132a641575aed41;b70071fdda;-;-;Wed Dec 14 08:50:37 2016 -0500;1481723437;-;-;Wed Dec 14 08:50:37 2016 -0500;1481723437
2633b4e9ece819619e18bf162f0d984410222697;2633b4e9ec;-;-;Wed Dec 14 05:54:17 2016 -0500;1481712857;-;-;Wed Dec 14 05:54:53 2016 -0500;1481712893
c66dd0172470452a1b85c393016269a70119f992;c66dd01724;-;-;Wed Dec 14 04:53:13 2016 -0500;1481709193;-;-;Wed Dec 14 05:54:53 2016 -0500;1481712893
4519c236d6e3fc558d88dc3579f6768a2f40f356;4519c236d6;-;-;Wed Dec 14 11:05:18 2016 +0100;1481709918;-;-;Wed Dec 14 11:05:18 2016 +0100;1481709918
1829adecb7b8d80d4110399b3582bbc2597492d6;1829adecb7;-;-;Wed Dec 14 09:34:19 2016 +0100;1481704459;-;-;Wed Dec 14 09:34:19 2016 +0100;1481704459
b9892cc5d4a0d1658873b150a7c1014531ffbea4;b9892cc5d4;-;-;Wed Dec 14 03:00:03 2016 +0100;1481680803;-;-;Wed Dec 14 03:13:44 2016 +0100;1481681624
3df902c6cc62770d5ef49f18fac8a3f6e35e7526;3df902c6cc;-;-;Tue Dec 13 17:56:59 2016 -0500;1481669819;-;-;Tue Dec 13 17:59:51 2016 -0500;1481669991
f693e32973d2858c0a4127390920096dfbcd5031;f693e32973;-;-;Tue Dec 13 16:41:16 2016 -0500;1481665276;-;-;Tue Dec 13 17:59:51 2016 -0500;1481669991
d421112af38712bf614bac48ad81458f00116318;d421112af3;-;-;Tue Dec 13 16:34:40 2016 -0500;1481664880;-;-;Tue Dec 13 17:59:51 2016 -0500;1481669991
7193686bb0d7686383e8479b13f9c17796c1e98f;7193686bb0;-;-;Tue Dec 13 09:53:43 2016 -0500;1481640823;-;-;Tue Dec 13 17:59:51 2016 -0500;1481669991
2191d80a31507e1c6b30ad57c49d7998625c7487;2191d80a31;-;-;Fri Dec 9 17:39:15 2016 -0500;1481323155;-;-;Tue Dec 13 17:59:51 2016 -0500;1481669991
d4411f4cc63186f45fbba757aff713c7dd441fb9;d4411f4cc6;-;-;Tue Dec 13 22:58:01 2016 +0100;1481666281;-;-;Tue Dec 13 22:58:01 2016 +0100;1481666281
a8d834b7977636ae54dd59f03e2582072f3e204e;a8d834b797;-;-;Tue Dec 13 16:01:24 2016 -0500;1481662884;-;-;Tue Dec 13 16:01:24 2016 -0500;1481662884
ba47d06cbb6a07bdc57042da9dd59daafe5c5aae;ba47d06cbb;-;-;Tue Dec 13 21:34:13 2016 +0100;1481661253;-;-;Tue Dec 13 21:34:13 2016 +0100;1481661253
2802926c1dae64c1ec067effb4d22c616e1183ba;2802926c1d;-;-;Tue Dec 13 17:29:43 2016 +0000;1481650183;-;-;Tue Dec 13 17:31:09 2016 +0000;1481650269
70bab23609a63903dde7112983a324748c371146;70bab23609;-;-;Tue Dec 13 17:29:43 2016 +0000;1481650183;-;-;Tue Dec 13 17:29:43 2016 +0000;1481650183
6922a1c5346a0f9730990986e3cbb984b3f3cb2e;6922a1c534;-;-;Tue Dec 13 17:22:11 2016 +0000;1481649731;-;-;Tue Dec 13 17:22:40 2016 +0000;1481649760
39d2769bd0cee82e15104b7d10201a324e81656f;39d2769bd0;-;-;Tue Dec 13 17:38:58 2016 +0100;1481647138;-;-;Tue Dec 13 17:38:58 2016 +0100;1481647138
361ab6b6219b4e44908bab206b18e185d8f76bb4;361ab6b621;-;-;Tue Dec 13 16:55:59 2016 +0100;1481644559;-;-;Tue Dec 13 16:55:59 2016 +0100;1481644559
5169c51a6c5a7ac3911a367bd855f574632c95c6;5169c51a6c;-;-;Tue Dec 13 13:02:23 2016 +0100;1481630543;-;-;Tue Dec 13 13:02:23 2016 +0100;1481630543
eeb7ae537feb79c7ed1a585e2c76f43bd021ef06;eeb7ae537f;-;-;Tue Dec 13 13:00:03 2016 +0100;1481630403;-;-;Tue Dec 13 13:00:03 2016 +0100;1481630403
52f664139f65bc8573e70f8c770c4784f9163f23;52f664139f;-;-;Tue Dec 13 10:43:27 2016 +0100;1481622207;-;-;Tue Dec 13 10:43:27 2016 +0100;1481622207
885e76bdd0d08eb5c22631078ee8b519ed7e2bbc;885e76bdd0;-;-;Mon Dec 12 21:01:49 2016 -0500;1481594509;-;-;Mon Dec 12 21:10:59 2016 -0500;1481595059
75422787b69470b17def9961097d23c91466f74d;75422787b6;-;-;Mon Dec 12 17:57:30 2016 -0500;1481583450;-;-;Mon Dec 12 17:57:30 2016 -0500;1481583450
e49813f2c4c6bb645c0990b3bd0fc290fc7c9f8e;e49813f2c4;-;-;Mon Dec 12 22:49:40 2016 +0100;1481579380;-;-;Mon Dec 12 22:49:40 2016 +0100;1481579380
aef1460a64628739146a0b91df708933931d0a60;aef1460a64;-;-;Mon Dec 12 22:28:48 2016 +0100;1481578128;-;-;Mon Dec 12 22:28:48 2016 +0100;1481578128
8b5ee4ef9150dd3294e005225c215a1fa6f52fa1;8b5ee4ef91;-;-;Mon Dec 12 22:26:24 2016 +0100;1481577984;-;-;Mon Dec 12 22:26:24 2016 +0100;1481577984
b825528d01c6d166118bf0cdd4f238d6b30864e1;b825528d01;-;-;Mon Dec 12 15:26:46 2016 +0100;1481552806;-;-;Mon Dec 12 15:26:46 2016 +0100;1481552806
04ed5910ba7772682f506f5f82c6f44e6dff5f41;04ed5910ba;-;-;Mon Dec 12 15:26:12 2016 +0100;1481552772;-;-;Mon Dec 12 15:26:12 2016 +0100;1481552772
933f1501e84240b72e6da93ab3e43714017b44db;933f1501e8;-;-;Mon Dec 12 15:14:50 2016 +0100;1481552090;-;-;Mon Dec 12 15:14:50 2016 +0100;1481552090
66e6b35e9ff990c871d873137d1cb6e37d760378;66e6b35e9f;-;-;Mon Dec 12 09:57:57 2016 +0100;1481533077;-;-;Mon Dec 12 09:57:57 2016 +0100;1481533077
f7ea469897fefa79f1da7ab7839746b8d6b49e03;f7ea469897;-;-;Mon Dec 12 09:57:10 2016 +0100;1481533030;-;-;Mon Dec 12 09:57:10 2016 +0100;1481533030
17089d607feb28c5f7689ecdf2eb0a145430f3a9;17089d607f;-;-;Fri Dec 9 23:41:22 2016 +0100;1481323282;-;-;Fri Dec 9 23:41:22 2016 +0100;1481323282
547b9638dc851e8b25bf719abc30acc1a49b3ff6;547b9638dc;-;-;Fri Dec 9 23:09:10 2016 +0100;1481321350;-;-;Fri Dec 9 23:09:10 2016 +0100;1481321350
aa29495d1d00d633875ed1872622fe03ed4dc600;aa29495d1d;-;-;Fri Dec 9 23:05:51 2016 +0100;1481321151;-;-;Fri Dec 9 23:05:51 2016 +0100;1481321151
39739b3157b7afc5997013e127b237853da68d12;39739b3157;-;-;Fri Dec 9 15:22:24 2016 +0100;1481293344;-;-;Fri Dec 9 15:22:24 2016 +0100;1481293344
52799c0e3d14662f01e1e381ddbbd57981d89d4e;52799c0e3d;-;-;Fri Dec 9 15:21:31 2016 +0100;1481293291;-;-;Fri Dec 9 15:21:31 2016 +0100;1481293291
953bc189e706950ac25cb36b95d62afb9b0d2740;953bc189e7;-;-;Fri Dec 9 15:05:20 2016 +0100;1481292320;-;-;Fri Dec 9 15:05:20 2016 +0100;1481292320
7714eeccf322c93159c81b759f18300051a14b2b;7714eeccf3;-;-;Fri Dec 9 15:04:26 2016 +0100;1481292266;-;-;Fri Dec 9 15:04:26 2016 +0100;1481292266
a7ec6dc0afb5ad83371ed073a26a31cb9e1dd4f1;a7ec6dc0af;-;-;Fri Dec 9 15:01:21 2016 +0100;1481292081;-;-;Fri Dec 9 15:01:21 2016 +0100;1481292081
e1b89c7f6585004b557a854d1ee8ca49a1d640a1;e1b89c7f65;-;-;Fri Dec 9 09:13:01 2016 +0100;1481271181;-;-;Fri Dec 9 09:13:01 2016 +0100;1481271181
8d828dd16f5babc1a9f0fce1b94acdf1cb10eb73;8d828dd16f;-;-;Thu Dec 8 16:38:19 2016 +0100;1481211499;-;-;Thu Dec 8 21:53:28 2016 +0100;1481230408
cf6a5835cccf42cc8ba615998fa3f3cda10e096c;cf6a5835cc;-;-;Thu Dec 8 18:39:30 2016 +0100;1481218770;-;-;Thu Dec 8 18:39:30 2016 +0100;1481218770
313c89dd5c3dc144d0f43ca8b3f56930dd36c1ac;313c89dd5c;-;-;Thu Dec 8 18:34:00 2016 +0100;1481218440;-;-;Thu Dec 8 18:34:00 2016 +0100;1481218440
278a6250e6643eaa856c62faf047b33201a7ab99;278a6250e6;-;-;Thu Dec 8 18:30:25 2016 +0100;1481218225;-;-;Thu Dec 8 18:30:25 2016 +0100;1481218225
ee30ce95fe466ad239b04decde002ca095c12350;ee30ce95fe;-;-;Thu Dec 8 18:29:41 2016 +0100;1481218181;-;-;Thu Dec 8 18:29:41 2016 +0100;1481218181
8ab977e7d143d6d3be7ccd09a94c23995ed4fbdc;8ab977e7d1;-;-;Thu Dec 8 18:28:03 2016 +0100;1481218083;-;-;Thu Dec 8 18:28:03 2016 +0100;1481218083
2f80b8485aa3a1e3867d7cd81d30f93678a56825;2f80b8485a;-;-;Thu Dec 8 18:24:12 2016 +0100;1481217852;-;-;Thu Dec 8 18:24:12 2016 +0100;1481217852
05579fd1b9e1e75e28d31e32b49efc5834c28186;05579fd1b9;-;-;Thu Dec 8 18:16:48 2016 +0100;1481217408;-;-;Thu Dec 8 18:16:48 2016 +0100;1481217408
6517c53768851690a0fe213610cc291860ba1154;6517c53768;-;-;Thu Dec 8 18:11:21 2016 +0100;1481217081;-;-;Thu Dec 8 18:11:21 2016 +0100;1481217081
11ff03ed38105e2905709b76174f6932ab2ba260;11ff03ed38;-;-;Thu Dec 8 11:14:40 2016 -0500;1481213680;-;-;Thu Dec 8 11:14:40 2016 -0500;1481213680
2735cba4b353027ac649b592bc9eb38c473b4fa1;2735cba4b3;-;-;Wed Nov 30 19:44:38 2016 +0100;1480531478;-;-;Thu Dec 8 11:19:46 2016 +0100;1481192386
8315a4033feea39f04a14c0b088e634b13fe774c;8315a4033f;-;-;Thu Dec 8 01:29:48 2016 +0300;1481149788;-;-;Wed Dec 7 17:45:43 2016 -0500;1481150743
1b0e95d7d82435d7c532b597eab7cf86265fdbe1;1b0e95d7d8;-;-;Wed Dec 7 17:03:56 2016 -0500;1481148236;-;-;Wed Dec 7 17:03:56 2016 -0500;1481148236
24b3614063d5f3318a0242ce62e1f2203e8ead12;24b3614063;-;-;Wed Dec 7 10:43:22 2016 +0100;1481103802;-;-;Wed Dec 7 11:13:45 2016 +0100;1481105625
856cb3b96452cd19aa06419918e11fe93aacde14;856cb3b964;-;-;Wed Dec 7 11:02:37 2016 +0100;1481104957;-;-;Wed Dec 7 11:02:37 2016 +0100;1481104957
472126c0b24fcc70558719658504ee3bba8cc180;472126c0b2;-;-;Wed Dec 7 10:23:53 2016 +0100;1481102633;-;-;Wed Dec 7 10:23:53 2016 +0100;1481102633
ec8391a7fbc8ba67d1a04c9b93408230345fec36;ec8391a7fb;-;-;Tue Dec 6 23:18:04 2016 +0100;1481062684;-;-;Wed Dec 7 09:23:53 2016 +0100;1481099033
2c2de82ffba51f102bea67b5dbdb695ca547239e;2c2de82ffb;-;-;Tue Dec 6 17:07:07 2016 -0500;1481062027;-;-;Tue Dec 6 17:08:30 2016 -0500;1481062110
c097c0284a8aa2de782c5f1021fe440c23d3fc79;c097c0284a;-;-;Tue Dec 6 16:09:24 2016 -0500;1481058564;-;-;Tue Dec 6 17:08:30 2016 -0500;1481062110
46f2aafdc0bd6e4c249267b95472e41e0887bcd9;46f2aafdc0;-;-;Tue Dec 6 16:07:59 2016 -0500;1481058479;-;-;Tue Dec 6 17:08:30 2016 -0500;1481062110
30bd3d873682734502554a25db398906215c81f1;30bd3d8736;-;-;Tue Dec 6 17:12:35 2016 +0100;1481040755;-;-;Tue Dec 6 17:12:40 2016 +0100;1481040760
9e720330366bafa3ebeaed3cd99e5bca710308d5;9e72033036;-;-;Tue Dec 6 13:03:49 2016 +0100;1481025829;-;-;Tue Dec 6 13:03:58 2016 +0100;1481025838
079eca9f63784c1159f5c1a327665097807fe005;079eca9f63;-;-;Tue Dec 6 09:24:29 2016 +0100;1481012669;-;-;Tue Dec 6 09:29:21 2016 +0100;1481012961
953f7d40cf9e42d62027e9c756d545ba0ace2b74;953f7d40cf;-;-;Mon Dec 5 16:03:12 2016 -0500;1480971792;-;-;Mon Dec 5 16:03:12 2016 -0500;1480971792
0e20360bf9a1e5756b78151593f92b02db5a6bd8;0e20360bf9;-;-;Sun Dec 4 20:22:59 2016 -0500;1480900979;-;-;Sun Dec 4 20:22:59 2016 -0500;1480900979
55d4268448c4db6f475470363dc83858f2d9c16b;55d4268448;-;-;Fri Dec 2 20:41:39 2016 -0500;1480729299;-;-;Fri Dec 2 20:41:39 2016 -0500;1480729299
c9abd99f44ab1bcd84baf5dbf90f1bf873800257;c9abd99f44;-;-;Wed Nov 30 22:58:52 2016 -0500;1480564732;-;-;Fri Dec 2 16:27:57 2016 -0500;1480714077
9a7028ad0ded832618b76d935b4f7ffe46a0d6fd;9a7028ad0d;-;-;Fri Dec 2 07:47:29 2016 +0100;1480661249;-;-;Fri Dec 2 16:22:25 2016 -0500;1480713745
8ad95b09e82f9f2f2b833cb22193d40ed6f6d0f3;8ad95b09e8;-;-;Wed Nov 30 14:58:12 2016 -0500;1480535892;-;-;Fri Dec 2 11:48:54 2016 -0500;1480697334
136b33bc4a7ae4bf43730e9b17f35c30be30058e;136b33bc4a;-;-;Thu Dec 1 11:40:17 2016 +0100;1480588817;-;-;Fri Dec 2 15:47:26 2016 +0100;1480690046
20c60650ee901942295cf3115bf86078c7cdc0c5;20c60650ee;-;-;Fri Dec 2 14:45:21 2016 +0100;1480686321;-;-;Fri Dec 2 14:45:21 2016 +0100;1480686321
1039fa1d34f5b2d52700646f7f4d8720dba8445f;1039fa1d34;-;-;Thu Dec 1 20:11:54 2016 +0100;1480619514;-;-;Thu Dec 1 20:11:54 2016 +0100;1480619514
f6fc0a86b3d6ac499d704118612f7ec76cb2f064;f6fc0a86b3;-;-;Thu Dec 1 19:09:26 2016 +0100;1480615766;-;-;Thu Dec 1 20:11:47 2016 +0100;1480619507
300f2cd2ddc6a2a22df40ff2e2ede2167c5eccf5;300f2cd2dd;-;-;Wed Nov 30 11:01:48 2016 +0100;1480500108;-;-;Thu Dec 1 17:27:29 2016 +0100;1480609649
7a8ec4f6ebf21f2c29ced3134863af8f8cc6b6c8;7a8ec4f6eb;-;-;Thu Dec 1 12:30:10 2016 +0100;1480591810;-;-;Thu Dec 1 12:30:10 2016 +0100;1480591810
d41d3aa1d6060f43ccdc82c60376908cb9b38381;d41d3aa1d6;-;-;Wed Nov 30 21:17:51 2016 -0500;1480558671;-;-;Wed Nov 30 21:17:51 2016 -0500;1480558671
845dbf040dcff315157678efd6d8b17628266b01;845dbf040d;-;-;Wed Nov 30 23:47:32 2016 +0100;1480546052;-;-;Wed Nov 30 23:47:32 2016 +0100;1480546052
1ae17c27dfc69d1a3a4bc70179ce907984c7b85a;1ae17c27df;-;-;Wed Nov 30 23:41:00 2016 +0100;1480545660;-;-;Wed Nov 30 23:41:00 2016 +0100;1480545660
5458a427a111b293ae39c4f5d753eb4bd973a21d;5458a427a1;-;-;Wed Nov 30 22:31:47 2016 +0100;1480541507;-;-;Wed Nov 30 22:31:47 2016 +0100;1480541507
01868096a30df950a7116a7f228d5dd18ff5c9a5;01868096a3;-;-;Wed Nov 30 22:24:14 2016 +0100;1480541054;-;-;Wed Nov 30 22:24:14 2016 +0100;1480541054
f6b8b84df9f64ee8b3300695078eed39789188ea;f6b8b84df9;-;-;Wed Nov 30 22:22:44 2016 +0100;1480540964;-;-;Wed Nov 30 22:22:44 2016 +0100;1480540964
ac5933a7acc343f3ba77e6a7a3a667ca66838a1a;ac5933a7ac;-;-;Wed Nov 30 22:07:55 2016 +0100;1480540075;-;-;Wed Nov 30 22:07:55 2016 +0100;1480540075
2f9a775a8ebd77da5014a402e02377a20640e377;2f9a775a8e;-;-;Wed Nov 30 15:12:00 2016 +0100;1480515120;-;-;Wed Nov 30 15:12:00 2016 +0100;1480515120
8cb7e026e20b67461d084e15ccb9d5b267c9cafe;8cb7e026e2;-;-;Wed Nov 30 11:12:06 2016 +0100;1480500726;-;-;Wed Nov 30 11:12:06 2016 +0100;1480500726
93cfc791a7c6c60a01528fd3e29c9b33e696a5c6;93cfc791a7;-;-;Tue Nov 29 15:18:02 2016 -0500;1480450682;-;-;Tue Nov 29 15:18:02 2016 -0500;1480450682
729551f375a2fb9675c337873ae6cf4341735139;729551f375;-;-;Tue Nov 29 13:27:27 2016 -0500;1480444047;-;-;Tue Nov 29 13:29:49 2016 -0500;1480444189
10d5926b1adc61b260bb079d08609122779aa4c2;10d5926b1a;-;-;Tue Nov 29 18:09:13 2016 +0100;1480439353;-;-;Tue Nov 29 18:09:13 2016 +0100;1480439353
f065589a37649b6d6ed9a04eb17c1b445b0d5532;f065589a37;-;-;Tue Nov 29 18:07:46 2016 +0100;1480439266;-;-;Tue Nov 29 18:07:46 2016 +0100;1480439266
3bd17175eda68bb54a572fd5c039a759615e2b5f;3bd17175ed;-;-;Tue Nov 29 14:26:45 2016 +0100;1480426005;-;-;Tue Nov 29 14:29:39 2016 +0100;1480426179
38b6746d3d92d82c8fc57110f5f62370ef3d68df;38b6746d3d;-;-;Mon Nov 28 18:07:40 2016 -0500;1480374460;-;-;Mon Nov 28 18:07:40 2016 -0500;1480374460
cb50f6bc8c7696261b220e0cf3bc04799f713091;cb50f6bc8c;-;-;Mon Nov 28 17:22:24 2016 -0500;1480371744;-;-;Mon Nov 28 17:22:24 2016 -0500;1480371744
a203b74d20b60db0a6adc8f230623a2b2158c6bc;a203b74d20;-;-;Mon Nov 28 17:00:22 2016 -0500;1480370422;-;-;Mon Nov 28 17:00:22 2016 -0500;1480370422
122334c37acc35aa7cf4157fc8636ba913ae03d2;122334c37a;-;-;Mon Nov 28 16:48:31 2016 -0500;1480369711;-;-;Mon Nov 28 16:48:31 2016 -0500;1480369711
2e994f7dc38b5520555720dac215064949ccfabf;2e994f7dc3;-;-;Fri Nov 18 13:46:21 2016 +0100;1479473181;-;-;Mon Nov 28 19:23:42 2016 +0100;1480357422
25b95efad929ffac93e0c3faf03fdcfd661c13d2;25b95efad9;-;-;Mon Nov 28 12:54:48 2016 -0500;1480355688;-;-;Mon Nov 28 12:54:48 2016 -0500;1480355688
5651c2180e7b19d0f53d65a8546b65910677f4fd;5651c2180e;-;-;Mon Nov 28 12:43:22 2016 -0500;1480355002;-;-;Mon Nov 28 12:43:22 2016 -0500;1480355002
adb80f4099e4994e918ae9edace731847ae9d78a;adb80f4099;-;-;Sun Nov 27 21:44:51 2016 -0500;1480301091;-;-;Sun Nov 27 21:44:51 2016 -0500;1480301091
4f37fdb133516608378257f984a4dcededa678f6;4f37fdb133;-;-;Fri Nov 25 13:31:01 2016 +0100;1480077061;-;-;Fri Nov 25 13:31:01 2016 +0100;1480077061
0fcae5d2c5cad7c63cec9497d12d4f44d9a66cae;0fcae5d2c5;-;-;Fri Nov 25 12:54:48 2016 +0100;1480074888;-;-;Fri Nov 25 12:54:48 2016 +0100;1480074888
4660ef701e5ec027d8c8a01a638870e454a47ca8;4660ef701e;-;-;Fri Nov 25 11:38:09 2016 +0100;1480070289;-;-;Fri Nov 25 11:38:09 2016 +0100;1480070289
8d26c738a016d9aa57fc3b080fe58f0c44fb341d;8d26c738a0;-;-;Fri Nov 25 09:59:08 2016 +0100;1480064348;-;-;Fri Nov 25 10:33:13 2016 +0100;1480066393
a98be035a3ed1b7f37b6ca6573863118672cda4a;a98be035a3;-;-;Thu Nov 24 22:58:10 2016 +0100;1480024690;-;-;Fri Nov 25 09:59:33 2016 +0100;1480064373
a143b57d4b397f5778428be40cc7a5083c42ee89;a143b57d4b;-;-;Mon Nov 21 23:59:41 2016 +0100;1479769181;-;-;Thu Nov 24 18:28:50 2016 +0100;1480008530
fada91e538590e2eab0b05230a8a449ca41af695;fada91e538;-;-;Thu Sep 8 14:06:01 2016 -0400;1473357961;-;-;Thu Nov 24 17:18:55 2016 +0100;1480004335
735e288d465ca36ae1eeccbd8a4d044d7bd3ad50;735e288d46;-;-;Thu Nov 24 16:45:32 2016 +0100;1480002332;-;-;Thu Nov 24 17:04:50 2016 +0100;1480003490
b22a59a0c4ea118147dc45c563d68234b8692d97;b22a59a0c4;-;-;Thu Nov 24 15:32:06 2016 +0100;1479997926;-;-;Thu Nov 24 15:32:06 2016 +0100;1479997926
0b71e3640b6626fd2be81d8f9dac184fada37ad2;0b71e3640b;-;-;Thu Nov 24 15:30:10 2016 +0100;1479997810;-;-;Thu Nov 24 15:30:10 2016 +0100;1479997810
80931b211c372fead567b5e2eed30c91226fd660;80931b211c;-;-;Thu Nov 24 15:29:17 2016 +0100;1479997757;-;-;Thu Nov 24 15:29:17 2016 +0100;1479997757
34c6c9ffc27bcfc2138a7dd3c76ddd7a3dfe1453;34c6c9ffc2;-;-;Thu Nov 24 11:55:34 2016 +0100;1479984934;-;-;Thu Nov 24 11:55:34 2016 +0100;1479984934
14eba5034d40c04f0b7a8b2aa3d47e6fdcf31922;14eba5034d;-;-;Thu Nov 24 11:08:55 2016 +0100;1479982135;-;-;Thu Nov 24 11:08:55 2016 +0100;1479982135
b10045dc0e91a671afe3a3a3ec93fafe2274f84b;b10045dc0e;-;-;Wed Nov 16 19:02:20 2016 +0100;1479319340;-;-;Thu Nov 24 09:56:33 2016 +0100;1479977793
9bcc7c3b06f0e693269cbd37726ea6b27af952ec;9bcc7c3b06;-;-;Wed Nov 23 21:24:07 2016 -0500;1479954247;-;-;Wed Nov 23 21:24:07 2016 -0500;1479954247
d201a222b86b3540e9a29f4d0e5389a6d32c49af;d201a222b8;-;-;Wed Nov 23 20:49:24 2016 -0500;1479952164;-;-;Wed Nov 23 20:49:24 2016 -0500;1479952164
3eb2432ced0cba56ddb8fefac6da88f173a98703;3eb2432ced;-;-;Wed Nov 23 15:47:08 2016 -0500;1479934028;-;-;Wed Nov 23 15:47:19 2016 -0500;1479934039
1f4c6de287d3022c058d8dbf5a0713f11a69671e;1f4c6de287;-;-;Wed Nov 23 21:10:01 2016 +0100;1479931801;-;-;Wed Nov 23 21:10:01 2016 +0100;1479931801
200fa5ed6733f0e5bcd5238e56a6666e933a8edc;200fa5ed67;-;-;Wed Nov 23 21:09:20 2016 +0100;1479931760;-;-;Wed Nov 23 21:09:20 2016 +0100;1479931760
82ad86c9d381f8bcb27fe67f2824ae6320572632;82ad86c9d3;-;-;Wed Nov 23 13:21:30 2016 -0500;1479925290;-;-;Wed Nov 23 13:21:30 2016 -0500;1479925290
57130b2d10ebc4faafb4de6488bc437787901819;57130b2d10;-;-;Wed Nov 23 16:53:57 2016 +0100;1479916437;-;-;Wed Nov 23 16:53:57 2016 +0100;1479916437
b3e94dc747715b468775312458ac0c9eef6f89f8;b3e94dc747;-;-;Wed Nov 23 14:01:37 2016 +0100;1479906097;-;-;Wed Nov 23 14:01:37 2016 +0100;1479906097
89802cfc11bc7b94387bf75f376dc08218e3946c;89802cfc11;-;-;Wed Nov 23 12:25:01 2016 +0100;1479900301;-;-;Wed Nov 23 12:25:01 2016 +0100;1479900301
637b6387ea3d9cfba01a6267e4ea5cfd033f9148;637b6387ea;-;-;Wed Nov 16 13:55:04 2016 -0500;1479322504;-;-;Tue Nov 22 16:24:02 2016 -0500;1479849842
8662b7773c01c710aa44b684b292335695199436;8662b7773c;-;-;Tue Nov 22 16:05:30 2016 +0100;1479827130;-;-;Tue Nov 22 16:05:30 2016 +0100;1479827130
96bfc14dba7691f0f8cd893ac90b39e09ac8ae1a;96bfc14dba;-;-;Tue Nov 22 16:00:23 2016 +0100;1479826823;-;-;Tue Nov 22 16:00:23 2016 +0100;1479826823
9bf4d7cf4e6a6aa303616d9e496cdad26a3c1ceb;9bf4d7cf4e;-;-;Tue Nov 22 14:57:00 2016 +0100;1479823020;-;-;Tue Nov 22 14:57:00 2016 +0100;1479823020
85b0ce1ef78ea0aa795e80821e206cc851c9894b;85b0ce1ef7;-;-;Tue Nov 22 14:55:03 2016 +0100;1479822903;-;-;Tue Nov 22 14:55:03 2016 +0100;1479822903
a0fee4657daf22ccdb55fdb1f2731cfcd7001bdd;a0fee4657d;-;-;Tue Nov 22 14:52:21 2016 +0100;1479822741;-;-;Tue Nov 22 14:52:21 2016 +0100;1479822741
3b49aacb9f2d54bb16775d03302380430d2ac0a1;3b49aacb9f;-;-;Mon Nov 21 21:14:42 2016 +0100;1479759282;-;-;Mon Nov 21 21:14:42 2016 +0100;1479759282
da63898d5fdefa7fc9946791a580bb420fdc3c5d;da63898d5f;-;-;Mon Nov 21 17:36:04 2016 +0100;1479746164;-;-;Mon Nov 21 17:36:04 2016 +0100;1479746164
a49809b1a4a250360426a6f59f594623dd8d8a45;a49809b1a4;-;-;Mon Nov 21 17:24:44 2016 +0100;1479745484;-;-;Mon Nov 21 17:24:44 2016 +0100;1479745484
94fd4a696f75ac83412e971bfceca0e531ea2196;94fd4a696f;-;-;Mon Nov 21 17:20:55 2016 +0100;1479745255;-;-;Mon Nov 21 17:20:55 2016 +0100;1479745255
fe7f4db2ae7504fb2c2d073ec34e9966d9733c32;fe7f4db2ae;-;-;Mon Nov 21 10:13:20 2016 +0100;1479719600;-;-;Mon Nov 21 10:13:20 2016 +0100;1479719600
dbe81bef52e1bcaf802663d2bb3236c69f922512;dbe81bef52;-;-;Thu Nov 17 10:14:44 2016 +0100;1479374084;-;-;Thu Nov 17 10:19:09 2016 +0100;1479374349
f0ceefba0ece5bc85ba75ce671b2df0c0e369758;f0ceefba0e;-;-;Thu Nov 17 07:25:11 2016 +0900;1479335111;-;-;Thu Nov 17 07:25:11 2016 +0900;1479335111
a224874b430e19f68f367c829e37a02b603fbdfe;a224874b43;-;-;Wed Nov 16 14:18:09 2016 -0500;1479323889;-;-;Wed Nov 16 14:18:09 2016 -0500;1479323889
bb702ee9c00802760453b9728f5d3e9a8dfe15d7;bb702ee9c0;-;-;Wed Nov 16 14:06:59 2016 +0100;1479301619;-;-;Wed Nov 16 14:06:59 2016 +0100;1479301619
cb44f2746e8854fac384af96a53ef1155d9cd05e;cb44f2746e;-;-;Wed Nov 16 10:26:09 2016 +0100;1479288369;-;-;Wed Nov 16 10:26:09 2016 +0100;1479288369
a4f18427382a941aa68853b8687298d7b2a21085;a4f1842738;-;-;Mon Nov 14 18:21:54 2016 +0100;1479144114;-;-;Mon Nov 14 18:21:54 2016 +0100;1479144114
6de062d198a0a00861a7c89c304f53dd32b76033;6de062d198;-;-;Mon Nov 14 17:16:59 2016 +0100;1479140219;-;-;Mon Nov 14 17:17:05 2016 +0100;1479140225
6261106a93099d714fd38f0b7007f0a40a662170;6261106a93;-;-;Wed Nov 9 13:36:32 2016 +0100;1478694992;-;-;Fri Nov 11 16:39:18 2016 +0100;1478878758
3a29daac45d9450006e5ac463e1c82e995d408af;3a29daac45;-;-;Tue Nov 8 17:38:57 2016 +0100;1478623137;-;-;Tue Nov 8 17:38:57 2016 +0100;1478623137
dc8cd4e4c0772c3fde7034735e1f4aefa8e7260d;dc8cd4e4c0;-;-;Tue Nov 8 17:26:59 2016 +0100;1478622419;-;-;Tue Nov 8 17:26:59 2016 +0100;1478622419
55afb59c7a4f4e64dd34c7f02fdc263a71b5f367;55afb59c7a;-;-;Tue Nov 8 17:17:47 2016 +0100;1478621867;-;-;Tue Nov 8 17:17:47 2016 +0100;1478621867
dda9762072bd4e1ceda3736740d25bb78de49f38;dda9762072;-;-;Tue Nov 8 11:01:58 2016 +0100;1478599318;-;-;Tue Nov 8 11:01:58 2016 +0100;1478599318
f0be79e0a113fc03f70f25cf8ade6d72e677b3c8;f0be79e0a1;-;-;Tue Nov 8 09:33:49 2016 +0100;1478594029;-;-;Tue Nov 8 09:33:49 2016 +0100;1478594029
99a8510ace46af9b05b822e7c65f08aae885ca98;99a8510ace;-;-;Tue Nov 8 00:52:07 2016 +0100;1478562727;-;-;Tue Nov 8 01:12:23 2016 +0100;1478563943
c44c6075701ff46d356f09729f5c738337add39a;c44c607570;-;-;Mon Nov 7 22:10:26 2016 +0100;1478553026;-;-;Mon Nov 7 22:10:26 2016 +0100;1478553026
b3cd1ad7f13db8a8d495a693d35c585f148f36e8;b3cd1ad7f1;-;-;Mon Nov 7 19:03:18 2016 +0100;1478541798;-;-;Mon Nov 7 19:03:18 2016 +0100;1478541798
cf479bf893df758b54f1a7117a7eae9a32728ab7;cf479bf893;-;-;Mon Nov 7 16:56:35 2016 +0100;1478534195;-;-;Mon Nov 7 18:00:21 2016 +0100;1478538021
1f128110f7ceb5b3da696600025c62c0fe0cb1a5;1f128110f7;-;-;Mon Nov 7 15:04:45 2016 +0200;1478523885;-;-;Mon Nov 7 15:04:45 2016 +0200;1478523885
9b57437b7af7d7cdde3eb1bd1547d3859af59d00;9b57437b7a;-;-;Mon Nov 7 12:55:35 2016 +0100;1478519735;-;-;Mon Nov 7 12:55:35 2016 +0100;1478519735
7f4904ed22208028e9c47e3ee4802ab94186fbaa;7f4904ed22;-;-;Fri Nov 4 20:39:53 2016 +0100;1478288393;-;-;Fri Nov 4 20:39:53 2016 +0100;1478288393
9b10541111f0169bf909ab417bd3bcff1f18722d;9b10541111;-;-;Fri Nov 4 20:12:00 2016 +0100;1478286720;-;-;Fri Nov 4 20:12:00 2016 +0100;1478286720
b447d7dbe644dc095dd1afc99c4d3fd31e9732f3;b447d7dbe6;-;-;Fri Nov 4 17:15:03 2016 +0100;1478276103;-;-;Fri Nov 4 17:15:03 2016 +0100;1478276103
b338e6d7aaea5d460f97661a3ea6a36b34afa6d1;b338e6d7aa;-;-;Fri Nov 4 16:14:09 2016 +0100;1478272449;-;-;Fri Nov 4 16:14:09 2016 +0100;1478272449
671c4e9650b0501b370a8bebd123c204b7733941;671c4e9650;-;-;Fri Nov 4 15:01:14 2016 +0100;1478268074;-;-;Fri Nov 4 15:01:14 2016 +0100;1478268074
4936fe60880b00d99c38fc54e5efbee9f917a5f5;4936fe6088;-;-;Fri Nov 4 14:22:22 2016 +0100;1478265742;-;-;Fri Nov 4 14:22:22 2016 +0100;1478265742
365ecd4ccafc3d11484f7005896a344428c5d7fd;365ecd4cca;-;-;Fri Nov 4 14:14:31 2016 +0100;1478265271;-;-;Fri Nov 4 14:14:31 2016 +0100;1478265271
8df45dd274b9b962b3af4d71e51256ca7d3f525d;8df45dd274;-;-;Fri Nov 4 12:54:24 2016 +0100;1478260464;-;-;Fri Nov 4 12:54:24 2016 +0100;1478260464
cd398ed9e47fcb566cdeb85ae03ba4acfcc3c09a;cd398ed9e4;-;-;Fri Nov 4 12:26:33 2016 +0100;1478258793;-;-;Fri Nov 4 12:26:33 2016 +0100;1478258793
17f5f86a54bbfb0edb1f85cf187d34d92dc0b531;17f5f86a54;-;-;Fri Nov 4 12:25:38 2016 +0100;1478258738;-;-;Fri Nov 4 12:25:38 2016 +0100;1478258738
ac774cdcef7b25878f075d7e3514c373880eacac;ac774cdcef;-;-;Fri Nov 4 12:24:46 2016 +0100;1478258686;-;-;Fri Nov 4 12:24:46 2016 +0100;1478258686
475b876f08349b70e066719e5ae7437db96ad255;475b876f08;-;-;Fri Nov 4 13:18:53 2016 +0200;1478258333;-;-;Fri Nov 4 13:18:53 2016 +0200;1478258333
c43040287253bda3e9710759eb722fb54c1e9cc0;c430402872;-;-;Fri Nov 4 12:51:00 2016 +0200;1478256660;-;-;Fri Nov 4 12:51:00 2016 +0200;1478256660
84d3808b3b6107675ea4d41359fceb8156ac96d4;84d3808b3b;-;-;Thu Nov 3 22:53:35 2016 +0100;1478210015;-;-;Thu Nov 3 22:53:35 2016 +0100;1478210015
8ae0bd6ea949a6685cada34d4bca92072f511f4b;8ae0bd6ea9;-;-;Thu Nov 3 22:52:43 2016 +0100;1478209963;-;-;Thu Nov 3 22:52:43 2016 +0100;1478209963
95abd18fea067b271bf50252b0a741c5850cab93;95abd18fea;-;-;Thu Nov 3 17:00:18 2016 +0100;1478188818;-;-;Thu Nov 3 17:13:54 2016 +0100;1478189634
a90e4b230f409eebaea28ae66f42e13fed63e107;a90e4b230f;-;-;Thu Nov 3 14:41:41 2016 +0100;1478180501;-;-;Thu Nov 3 14:41:41 2016 +0100;1478180501
8053fefea82f523b9db7ecad4b1d7317f1a28173;8053fefea8;-;-;Thu Nov 3 14:33:48 2016 +0100;1478180028;-;-;Thu Nov 3 14:33:48 2016 +0100;1478180028
03468fd9ed2e9b07c672897ef6fd98a0224228bd;03468fd9ed;-;-;Thu Nov 3 14:27:44 2016 +0100;1478179664;-;-;Thu Nov 3 14:27:44 2016 +0100;1478179664
00069572740906bf6ce5b83525753edc89e2db42;0006957274;-;-;Sun Oct 23 13:58:16 2016 +0200;1477223896;-;-;Thu Nov 3 12:00:30 2016 +0100;1478170830
87e01513fdb2954db683d8fa131be3fc6e44c486;87e01513fd;-;-;Thu Nov 3 09:35:30 2016 +0200;1478158530;-;-;Thu Nov 3 09:35:30 2016 +0200;1478158530
8705df502dd2254e3b3af4ed61e3f3a2273c59af;8705df502d;-;-;Wed Nov 2 19:01:40 2016 +0100;1478109700;-;-;Wed Nov 2 19:01:40 2016 +0100;1478109700
bb0d4c8ce0a8e16de2cdefb164c8c77b11e9c19a;bb0d4c8ce0;-;-;Wed Nov 2 14:55:12 2016 +0100;1478094912;-;-;Wed Nov 2 14:55:12 2016 +0100;1478094912
be853d466b406b7f6a66420158b5eba1de2fe267;be853d466b;-;-;Wed Nov 2 14:41:11 2016 +0100;1478094071;-;-;Wed Nov 2 14:54:43 2016 +0100;1478094883
dc9a8ee9330fa619e674a4f208cfe791fc9716f9;dc9a8ee933;-;-;Wed Nov 2 13:48:06 2016 +0100;1478090886;-;-;Wed Nov 2 13:48:06 2016 +0100;1478090886
3e419cde7d5106c66e4daa4e1063772d19426900;3e419cde7d;-;-;Wed Nov 2 12:44:12 2016 +0100;1478087052;-;-;Wed Nov 2 12:44:12 2016 +0100;1478087052
82fa4ef2747a4246a0165fc7c80d89cd19e94822;82fa4ef274;-;-;Wed Nov 2 11:45:59 2016 +0100;1478083559;-;-;Wed Nov 2 11:45:59 2016 +0100;1478083559
388e173ba3bc4b70363f65cc4bacdd714c8b5798;388e173ba3;-;-;Wed Nov 2 10:00:19 2016 +0200;1478073619;-;-;Wed Nov 2 10:00:19 2016 +0200;1478073619
6c098b330103b28c3a87ed5caae1e4d5990dbca2;6c098b3301;-;-;Wed Nov 2 09:53:27 2016 +0200;1478073207;-;-;Wed Nov 2 09:53:27 2016 +0200;1478073207
b4b7c278dfb17017cc176ca95525372b5a830dd1;b4b7c278df;-;-;Tue Nov 1 17:54:53 2016 +0100;1478019293;-;-;Tue Nov 1 22:28:50 2016 +0100;1478035730
9000acd39dac17e88bfe82b9420aa050b5e56083;9000acd39d;-;-;Tue Nov 1 13:42:23 2016 -0700;1478032943;-;-;Tue Nov 1 13:42:23 2016 -0700;1478032943
99cacaa72d075e86f458186e178348e6175bbfce;99cacaa72d;-;-;Tue Nov 1 18:32:56 2016 +0200;1478017976;-;-;Tue Nov 1 18:44:14 2016 +0200;1478018654
e1a382b61f7f2c2d63434bd4575586acd8e881a8;e1a382b61f;-;-;Tue Nov 1 18:15:11 2016 +0200;1478016911;-;-;Tue Nov 1 18:15:11 2016 +0200;1478016911
b07d40cc44b5ee70c2e3fbeac534ec15d9b6b901;b07d40cc44;-;-;Mon Oct 31 20:40:46 2016 +0100;1477942846;-;-;Mon Oct 31 20:56:00 2016 +0100;1477943760
33dbbce1824a5af9b85a838a51fd3654dc8d1ede;33dbbce182;-;-;Fri Oct 21 18:02:16 2016 -0400;1477087336;-;-;Mon Oct 31 20:45:26 2016 +0200;1477939526
45fc4495503dc62ee96eeed2cda0f27aaeafaff5;45fc449550;-;-;Mon Oct 31 19:24:45 2016 +0100;1477938285;-;-;Mon Oct 31 19:24:45 2016 +0100;1477938285
eaf80781e8370dc22cf39bd91491c889b39f48fe;eaf80781e8;-;-;Mon Oct 31 19:24:09 2016 +0100;1477938249;-;-;Mon Oct 31 19:24:09 2016 +0100;1477938249
3da0295c12d3107b4156a560bd40b47f99c100cd;3da0295c12;-;-;Mon Oct 31 16:08:28 2016 +0200;1477922908;-;-;Mon Oct 31 16:11:44 2016 +0200;1477923104
0b76b6d7e98e3095ecdb00ed8bc81e2aee7272a6;0b76b6d7e9;-;-;Sun Oct 30 22:07:05 2016 +0200;1477858025;-;-;Mon Oct 31 16:11:44 2016 +0200;1477923104
b55ab1119ea16f75b6a9873275c1fd9294cdc70a;b55ab1119e;-;-;Mon Oct 31 12:23:53 2016 +0200;1477909433;-;-;Mon Oct 31 16:11:44 2016 +0200;1477923104
c4ee876416a336bc89e5da217fd148ba6a6f1763;c4ee876416;-;-;Mon Oct 31 12:45:41 2016 +0100;1477914341;-;-;Mon Oct 31 12:45:41 2016 +0100;1477914341
7f280a3b177fb8456e036565f747cfc4b64104ed;7f280a3b17;-;-;Mon Oct 31 12:28:44 2016 +0100;1477913324;-;-;Mon Oct 31 12:28:44 2016 +0100;1477913324
61d7d1621bbd8a4a86061833a548d50665ba8239;61d7d1621b;-;-;Mon Oct 31 11:56:34 2016 +0100;1477911394;-;-;Mon Oct 31 12:28:29 2016 +0100;1477913309
9659bc5fe7ad70811bae0b2057194b47d5a506cd;9659bc5fe7;-;-;Sun Oct 30 22:29:53 2016 +0100;1477862993;-;-;Sun Oct 30 22:29:53 2016 +0100;1477862993
ac80ac6f8bd5cfc173297d38330bd950b9c8338c;ac80ac6f8b;-;-;Sun Oct 30 21:40:27 2016 +0100;1477860027;-;-;Sun Oct 30 21:40:27 2016 +0100;1477860027
7627c38695fbe4b2457640548cc03041abed3618;7627c38695;-;-;Sun Oct 30 21:40:20 2016 +0100;1477860020;-;-;Sun Oct 30 21:40:20 2016 +0100;1477860020
9ccffb6de5783b970d06d5aa036531d46524aa9b;9ccffb6de5;-;-;Sat Oct 29 16:35:59 2016 +0200;1477751759;-;-;Sat Oct 29 16:38:35 2016 +0200;1477751915
e3f6b61743bb66a955dfe551bb7b6659ceac8c16;e3f6b61743;-;-;Sat Oct 29 11:15:26 2016 +0200;1477732526;-;-;Sat Oct 29 11:15:26 2016 +0200;1477732526
30291a8cd7b2808a7146b88593e2d514dea2138e;30291a8cd7;-;-;Fri Oct 28 14:31:44 2016 +0200;1477657904;-;-;Sat Oct 29 10:58:29 2016 +0200;1477731509
c036e4019f2ebfbe6a94cc6b8bb0acff98c7dfa5;c036e4019f;-;-;Fri Oct 28 23:53:23 2016 +0200;1477691603;-;-;Fri Oct 28 23:53:23 2016 +0200;1477691603
2f9ed5917ba01b00d8ded358d1b2c17be2684921;2f9ed5917b;-;-;Fri Oct 28 23:49:21 2016 +0200;1477691361;-;-;Fri Oct 28 23:49:21 2016 +0200;1477691361
dc080cb1be4c35398d1d995c3bb8025ccfde6dea;dc080cb1be;-;-;Fri Oct 28 23:39:05 2016 +0200;1477690745;-;-;Fri Oct 28 23:39:05 2016 +0200;1477690745
36332441aeb588a52272805493bafd74dee6a468;36332441ae;-;-;Fri Oct 28 23:37:58 2016 +0200;1477690678;-;-;Fri Oct 28 23:37:58 2016 +0200;1477690678
c946924431fb759af7b0be894c5d564b66c309c9;c946924431;-;-;Fri Oct 28 23:35:56 2016 +0200;1477690556;-;-;Fri Oct 28 23:35:56 2016 +0200;1477690556
5ac5ec10465948d6ce2864c5d94cfcca5af2e574;5ac5ec1046;-;-;Fri Oct 28 23:35:01 2016 +0200;1477690501;-;-;Fri Oct 28 23:35:01 2016 +0200;1477690501
72e1f7e898a31bdac4233fdf52a79f65eee44dfe;72e1f7e898;-;-;Fri Oct 28 23:34:19 2016 +0200;1477690459;-;-;Fri Oct 28 23:34:19 2016 +0200;1477690459
bf9083d60f5265e055eb756f9a27d8facd49618e;bf9083d60f;-;-;Fri Oct 28 23:33:26 2016 +0200;1477690406;-;-;Fri Oct 28 23:33:26 2016 +0200;1477690406
08972eff9b696fbb7089de1dc26a28979e96c71a;08972eff9b;-;-;Fri Oct 28 23:32:55 2016 +0200;1477690375;-;-;Fri Oct 28 23:32:55 2016 +0200;1477690375
00a35897fe2d2667fbdfbbbf86bb9036b99c552a;00a35897fe;-;-;Fri Oct 28 22:58:31 2016 +0300;1477684711;-;-;Fri Oct 28 22:58:31 2016 +0300;1477684711
81b4dedd0855e67f7ac4b60fa9027685eaf29710;81b4dedd08;-;-;Fri Oct 28 21:29:02 2016 +0300;1477679342;-;-;Fri Oct 28 21:29:02 2016 +0300;1477679342
46599e7d039b95acb141308c7dfa5d3398404bc1;46599e7d03;-;-;Fri Oct 28 17:51:15 2016 +0200;1477669875;-;-;Fri Oct 28 19:08:01 2016 +0300;1477670881
c3f22b73646be44d29ae42e0c5dc9531a1a36b31;c3f22b7364;-;-;Sun Oct 23 21:07:07 2016 -0400;1477271227;-;-;Fri Oct 28 19:05:05 2016 +0300;1477670705
afcc120b97f8ae7888879aeb1fb02b8e91b3b08f;afcc120b97;-;-;Fri Oct 28 17:41:48 2016 +0300;1477665708;-;-;Fri Oct 28 17:45:30 2016 +0300;1477665930
b1030eba3f6f0601413e1652f9b2151d21adc245;b1030eba3f;-;-;Fri Oct 28 11:25:37 2016 +0200;1477646737;-;-;Fri Oct 28 16:44:53 2016 +0200;1477665893
d59caaa2a7c8db66ac8943d8fec50a22c82a29d0;d59caaa2a7;-;-;Fri Oct 28 16:37:33 2016 +0200;1477665453;-;-;Fri Oct 28 16:37:33 2016 +0200;1477665453
a04b6c5142b38721129b1f94586d4db6376964e7;a04b6c5142;-;-;Fri Oct 28 16:25:29 2016 +0200;1477664729;-;-;Fri Oct 28 16:25:29 2016 +0200;1477664729
71d83388d44e550ebca15964566ee026c22f66e2;71d83388d4;-;-;Fri Oct 28 15:37:10 2016 +0200;1477661830;-;-;Fri Oct 28 15:37:10 2016 +0200;1477661830
5912d6f52af193e8bc562db80a64062394158851;5912d6f52a;-;-;Fri Oct 28 15:35:04 2016 +0200;1477661704;-;-;Fri Oct 28 15:35:04 2016 +0200;1477661704
20419d72ef8695b612153f40a21d5185755ed299;20419d72ef;-;-;Fri Oct 28 15:28:42 2016 +0200;1477661322;-;-;Fri Oct 28 15:28:42 2016 +0200;1477661322
13001b9affad668479ebdb924f2bd491745232a8;13001b9aff;-;-;Fri Oct 28 15:25:22 2016 +0200;1477661122;-;-;Fri Oct 28 15:25:22 2016 +0200;1477661122
2874066a975b28128856ee07ac44f37f83f624eb;2874066a97;-;-;Fri Oct 28 15:23:57 2016 +0200;1477661037;-;-;Fri Oct 28 15:23:57 2016 +0200;1477661037
e2b1dcbaca1cc618281d1308a5c24c28d4a04020;e2b1dcbaca;-;-;Fri Oct 28 15:15:38 2016 +0200;1477660538;-;-;Fri Oct 28 15:15:38 2016 +0200;1477660538
b7d3a969a4c49d894ce2ae12d9cf0c39ee16dbac;b7d3a969a4;-;-;Fri Oct 28 15:13:37 2016 +0200;1477660417;-;-;Fri Oct 28 15:13:37 2016 +0200;1477660417
dbaafdd04e026b566d93471e34f00dbe38c09df9;dbaafdd04e;-;-;Fri Oct 28 15:11:03 2016 +0200;1477660263;-;-;Fri Oct 28 15:11:03 2016 +0200;1477660263
37ce56fe9656310e343e46d22ced8eec758426e3;37ce56fe96;-;-;Fri Oct 28 14:38:48 2016 +0200;1477658328;-;-;Fri Oct 28 14:42:21 2016 +0200;1477658541
8f844461a06503d09e1f2dae4907bb56a8071edc;8f844461a0;-;-;Fri Oct 28 14:18:46 2016 +0200;1477657126;-;-;Fri Oct 28 14:19:15 2016 +0200;1477657155
7b469f9c6248fcaa522ea2492317dfaf115836c2;7b469f9c62;-;-;Fri Oct 28 11:39:28 2016 +0200;1477647568;-;-;Fri Oct 28 13:15:29 2016 +0200;1477653329
c96badc794856afa9bd3aec7637b37daa9a95a23;c96badc794;-;-;Thu Oct 27 12:59:24 2016 +0200;1477565964;-;-;Fri Oct 28 09:05:07 2016 +0200;1477638307
c448739b7bc0a16862f0ebdc7662aa66597b54df;c448739b7b;-;-;Fri Oct 28 00:36:44 2016 +0200;1477607804;-;-;Fri Oct 28 00:36:44 2016 +0200;1477607804
f1c20a8d31470a47e72ec757b77fc5e14b0dcf56;f1c20a8d31;-;-;Thu Oct 27 17:42:38 2016 +0200;1477582958;-;-;Thu Oct 27 17:42:38 2016 +0200;1477582958
1b0b2693708c5de003805630a1c469c50e9d9139;1b0b269370;-;-;Thu Oct 27 17:41:33 2016 +0200;1477582893;-;-;Thu Oct 27 17:41:33 2016 +0200;1477582893
5c9350b8cb8678292ff5887da4ba207fbbeb67d1;5c9350b8cb;-;-;Thu Oct 27 16:46:05 2016 +0200;1477579565;-;-;Thu Oct 27 16:52:32 2016 +0200;1477579952
56c48623fd1e3eb63ce5086eabc6219e55007781;56c48623fd;-;-;Thu Oct 27 09:47:15 2016 +0200;1477554435;-;-;Thu Oct 27 09:47:15 2016 +0200;1477554435
ffa728c23c2b9b1d5630e879680e46dc54ed9f93;ffa728c23c;-;-;Thu Oct 27 09:06:32 2016 +0200;1477551992;-;-;Thu Oct 27 09:06:32 2016 +0200;1477551992
e78af3097a0975774677d3bd47a93f6e2eeefa39;e78af3097a;-;-;Thu Oct 27 08:50:04 2016 +0200;1477551004;-;-;Thu Oct 27 08:50:04 2016 +0200;1477551004
1f3b8ff2f7f68ee7fdb4558d604cfcf872d32938;1f3b8ff2f7;-;-;Wed Oct 26 15:03:14 2016 +0200;1477486994;-;-;Wed Oct 26 15:03:14 2016 +0200;1477486994
7dd3e26da4cf68ccded85b77f6935970fdf69d78;7dd3e26da4;-;-;Wed Oct 26 09:50:04 2016 +0200;1477468204;-;-;Wed Oct 26 09:50:04 2016 +0200;1477468204
19db0424d2dd13bfd22faa7fd39631d307ac999e;19db0424d2;-;-;Tue Oct 25 17:45:12 2016 +0200;1477410312;-;-;Tue Oct 25 17:45:12 2016 +0200;1477410312
7ee0abe20d230c782a76fedf5c08524c87747576;7ee0abe20d;-;-;Tue Oct 25 17:23:02 2016 +0200;1477408982;-;-;Tue Oct 25 17:23:02 2016 +0200;1477408982
2075932780b9801c22222ddd2016ed63f360c894;2075932780;-;-;Tue Oct 25 16:41:25 2016 +0200;1477406485;-;-;Tue Oct 25 16:49:22 2016 +0200;1477406962
20dec61d0425d034baea738fb044fc8b5e28c4b3;20dec61d04;-;-;Fri Oct 21 16:55:38 2016 +0200;1477061738;-;-;Tue Oct 25 11:11:58 2016 +0200;1477386718
94930043fdcbd85d0aa4db1a4e61c175a0390e82;94930043fd;-;-;Fri Oct 21 17:44:52 2016 +0200;1477064692;-;-;Tue Oct 25 11:11:58 2016 +0200;1477386718
99a321085902ac002bf6ac918500f0d30d71cf0b;99a3210859;-;-;Tue Oct 18 09:06:33 2016 +0200;1476774393;-;-;Tue Oct 25 10:44:44 2016 +0200;1477385084
827bc78e34485c929acbd343bdbea423235e1644;827bc78e34;-;-;Mon Oct 24 20:12:18 2016 +0200;1477332738;-;-;Mon Oct 24 20:12:18 2016 +0200;1477332738
b7d85f8ebc49267b6d511f11c583b46f1c0886f9;b7d85f8ebc;-;-;Fri Oct 21 15:02:27 2016 +0200;1477054947;-;-;Mon Oct 24 17:43:54 2016 +0200;1477323834
efe3996cf9247180549694ee38a9b3e36518d23a;efe3996cf9;-;-;Mon Oct 24 15:59:54 2016 +0100;1477321194;-;-;Mon Oct 24 16:04:49 2016 +0100;1477321489
aea3a750189977ca231172db87408f03979bace6;aea3a75018;-;-;Fri Oct 21 16:19:41 2016 -0400;1477081181;-;-;Fri Oct 21 16:19:57 2016 -0400;1477081197
5c9c5e0b45fd4d00eb06b021d2d57df76413b64b;5c9c5e0b45;-;-;Fri Oct 21 15:24:12 2016 -0400;1477077852;-;-;Fri Oct 21 15:29:57 2016 -0400;1477078197
61cf9fdda5b2219adc76a4a3e024006ed01fcdd6;61cf9fdda5;-;-;Fri Oct 21 21:14:38 2016 +0200;1477077278;-;-;Fri Oct 21 21:19:32 2016 +0200;1477077572
e3673d43b9af441e0b64532ede5bc0b9a64c46bc;e3673d43b9;-;-;Fri Oct 21 13:11:38 2016 -0400;1477069898;-;-;Fri Oct 21 15:17:28 2016 -0400;1477077448
0e886abf3d3b5a161c5963a9711dabb4721c1383;0e886abf3d;-;-;Fri Oct 21 13:10:11 2016 -0400;1477069811;-;-;Fri Oct 21 15:17:28 2016 -0400;1477077448
08931950f479ed375619275d44a9e9c22f35d73f;08931950f4;-;-;Fri Oct 21 12:06:53 2016 +0200;1477044413;-;-;Fri Oct 21 12:34:06 2016 +0200;1477046046
3726c6f18d34b03f278100a06726a294672d2b98;3726c6f18d;-;-;Fri Oct 21 12:26:27 2016 +0200;1477045587;-;-;Fri Oct 21 12:26:27 2016 +0200;1477045587
be187babf9d00c5145bd43f9300eadf472a9af87;be187babf9;-;-;Fri Oct 21 12:26:06 2016 +0200;1477045566;-;-;Fri Oct 21 12:26:06 2016 +0200;1477045566
f7d740fa69397b8e998b11b13149f541d9553f9c;f7d740fa69;-;-;Fri Oct 21 12:24:12 2016 +0200;1477045452;-;-;Fri Oct 21 12:24:12 2016 +0200;1477045452
52b029d71d440982e6173007010cfe579fbc6191;52b029d71d;-;-;Fri Oct 21 12:23:13 2016 +0200;1477045393;-;-;Fri Oct 21 12:23:13 2016 +0200;1477045393
67a5ff02acf57ab34417d0ce790529319457b2cf;67a5ff02ac;-;-;Fri Oct 21 12:16:26 2016 +0200;1477044986;-;-;Fri Oct 21 12:16:26 2016 +0200;1477044986
518f3fab0192bfaa364b41e55c98d623259b2322;518f3fab01;-;-;Fri Oct 21 11:19:18 2016 +0200;1477041558;-;-;Fri Oct 21 11:19:18 2016 +0200;1477041558
00ce72f9e37ab538acfb93cb4f740df04028da31;00ce72f9e3;-;-;Fri Oct 21 10:27:48 2016 +0200;1477038468;-;-;Fri Oct 21 10:27:48 2016 +0200;1477038468
b92d541ba0934052769d0bcf08fec7d8c44d2c2d;b92d541ba0;-;-;Thu Oct 20 17:26:41 2016 -0400;1476998801;-;-;Thu Oct 20 17:42:38 2016 -0400;1476999758
c2fdc9103b828fed387aa28ed39f13de906f1daf;c2fdc9103b;-;-;Thu Oct 20 21:45:12 2016 +0200;1476992712;-;-;Thu Oct 20 21:45:12 2016 +0200;1476992712
8143e5fe20dbee05a16554283f4f4b7fbd285051;8143e5fe20;-;-;Sat Sep 24 16:53:01 2016 +0200;1474728781;-;-;Thu Oct 20 17:06:46 2016 +0200;1476976006
fa9cc1eb1a7755d3e3d91e3a89954e85b02b26f2;fa9cc1eb1a;-;-;Thu Oct 20 16:50:25 2016 +0200;1476975025;-;-;Thu Oct 20 16:58:30 2016 +0200;1476975510
2a279b70649524746623e80fd91aed2b86ebd243;2a279b7064;-;-;Thu Oct 20 15:44:48 2016 +0200;1476971088;-;-;Thu Oct 20 16:02:37 2016 +0200;1476972157
b961a31cc8798b661cf11cd18c12f7d7872a5298;b961a31cc8;-;-;Thu Oct 20 15:38:23 2016 +0200;1476970703;-;-;Thu Oct 20 16:02:37 2016 +0200;1476972157
31af6783a51834f286c05c40b81bcacc26ed4b33;31af6783a5;-;-;Thu Oct 20 15:41:29 2016 +0200;1476970889;-;-;Thu Oct 20 15:41:29 2016 +0200;1476970889
59e43269890f724f5d3284a08bade5a61ee55505;59e4326989;-;-;Thu Oct 13 16:59:33 2016 +0200;1476370773;-;-;Thu Oct 20 15:11:16 2016 +0200;1476969076
921bf5fb7076a6836cac1fa7cf421d2d76827899;921bf5fb70;-;-;Thu Oct 20 14:02:19 2016 +0200;1476964939;-;-;Thu Oct 20 15:08:05 2016 +0200;1476968885
7e907c1e830b68ffebe651b0898b013b26019052;7e907c1e83;-;-;Thu Oct 20 12:12:15 2016 +0200;1476958335;-;-;Thu Oct 20 12:35:52 2016 +0200;1476959752
0cfb6b37f2f1e9eedcc5d34673cf24205c5a5ff6;0cfb6b37f2;-;-;Thu Oct 20 12:13:07 2016 +0200;1476958387;-;-;Thu Oct 20 12:35:23 2016 +0200;1476959723
dc1926a8614920e1fcf2a952287d0773fe2e59ee;dc1926a861;-;-;Wed Oct 5 15:01:23 2016 +0200;1475672483;-;-;Thu Oct 20 11:44:01 2016 +0200;1476956641
ed6c5330797f790439db31cff95863a34533a0b6;ed6c533079;-;-;Wed Oct 19 16:31:56 2016 -0400;1476909116;-;-;Wed Oct 19 16:31:56 2016 -0400;1476909116
25e7cd577d6855bd56c463ad0ce4ae20bf33d541;25e7cd577d;-;-;Wed Oct 19 10:42:32 2016 +0300;1476862952;-;-;Wed Oct 19 14:28:24 2016 -0400;1476901704
139eb9a580946e44769a57bc3a536ec16b15872e;139eb9a580;-;-;Tue Oct 18 13:48:08 2016 +0200;1476791288;-;-;Tue Oct 18 13:48:08 2016 +0200;1476791288
ec1eb14280e2a5b4584504938d657c63c938a0d0;ec1eb14280;-;-;Mon Oct 17 17:48:22 2016 -0400;1476740902;-;-;Mon Oct 17 17:48:22 2016 -0400;1476740902
7565355debde4be196fd38fbf604d89021795f71;7565355deb;-;-;Sat Oct 15 11:57:34 2016 +0300;1476521854;-;-;Sat Oct 15 11:57:34 2016 +0300;1476521854
33bf439a74b710b31f39a10b27e5bd798139f424;33bf439a74;-;-;Sat Oct 15 11:55:30 2016 +0300;1476521730;-;-;Sat Oct 15 11:55:30 2016 +0300;1476521730
8619ad9d9a64e37b127779a77c0f7d66a7612975;8619ad9d9a;-;-;Fri Oct 14 21:06:42 2016 -0400;1476493602;-;-;Fri Oct 14 21:06:42 2016 -0400;1476493602
351cfb8eeff0eaa7ac8c1b4da80017d202445a06;351cfb8eef;-;-;Fri Oct 14 18:11:58 2016 -0400;1476483118;-;-;Fri Oct 14 18:11:58 2016 -0400;1476483118
ea319345ed220710f01993ee7ceb7b9818cf62a9;ea319345ed;-;-;Fri Oct 14 17:17:12 2016 -0400;1476479832;-;-;Fri Oct 14 17:17:12 2016 -0400;1476479832
ced65599413410be71b81ad0fb420d6be3013fc3;ced6559941;-;-;Fri Oct 14 23:26:17 2016 +0300;1476476777;-;-;Fri Oct 14 16:41:14 2016 -0400;1476477674
fada5aed6ef1b7a268a56652617ff994c568f1a0;fada5aed6e;-;-;Fri Oct 14 15:32:34 2016 -0400;1476473554;-;-;Fri Oct 14 15:32:34 2016 -0400;1476473554
6fb4352e5c93eaf33aa356a55ebbb606b4e776d0;6fb4352e5c;-;-;Fri Oct 14 18:00:58 2016 +0300;1476457258;-;-;Fri Oct 14 18:00:58 2016 +0300;1476457258
960cc420601b67eed2e06b8fa668e847f7b5c6a3;960cc42060;-;-;Thu Oct 13 18:02:41 2016 -0400;1476396161;-;-;Thu Oct 13 18:02:41 2016 -0400;1476396161
d4446c79b659d1230bdd8caf3f233de5c39ce127;d4446c79b6;-;-;Thu Oct 13 17:10:51 2016 -0400;1476393051;-;-;Thu Oct 13 17:10:51 2016 -0400;1476393051
8eeda746e39e594d57f120f90d2595912c2de89b;8eeda746e3;-;-;Thu Oct 13 16:33:22 2016 -0400;1476390802;-;-;Thu Oct 13 16:33:22 2016 -0400;1476390802
9f8e8458c1281307481c425c191e2f75ac44ae1c;9f8e8458c1;-;-;Thu Oct 13 15:59:08 2016 -0400;1476388748;-;-;Thu Oct 13 16:04:30 2016 -0400;1476389070
336b4d2fb83a951cfe19dc76cdcb946cdfc76f1f;336b4d2fb8;-;-;Thu Oct 13 20:57:15 2016 +0200;1476385035;-;-;Thu Oct 13 20:57:15 2016 +0200;1476385035
e3ecf012f909aa636dbf19f4eb986a2e84a00441;e3ecf012f9;-;-;Thu Oct 13 13:56:40 2016 -0400;1476381400;-;-;Thu Oct 13 13:56:40 2016 -0400;1476381400
71201e1a4310990762ed9a0a74114c3aac4905c5;71201e1a43;-;-;Thu Oct 13 13:23:22 2016 -0400;1476379402;-;-;Thu Oct 13 13:31:47 2016 -0400;1476379907
a795fd47142bd3b206ce244b94b1fd1dd0adc2e9;a795fd4714;-;-;Thu Oct 13 16:50:40 2016 +0200;1476370240;-;-;Thu Oct 13 17:02:00 2016 +0200;1476370920
509796a4b55e85b1e7efb4355908c2eff0b3d44d;509796a4b5;-;-;Wed Oct 12 21:57:47 2016 +0200;1476302267;-;-;Thu Oct 13 17:01:47 2016 +0200;1476370907
8cf19331483e09264452890e73434c06093e3b8e;8cf1933148;-;-;Wed Oct 12 21:32:37 2016 +0200;1476300757;-;-;Thu Oct 13 16:55:14 2016 +0200;1476370514
69116c2acc3881040686da594ced49cb9a964eb5;69116c2acc;-;-;Wed Oct 12 17:14:24 2016 +0200;1476285264;-;-;Wed Oct 12 17:14:24 2016 +0200;1476285264
a29188a191fa30b864785713221f780a735addcf;a29188a191;-;-;Wed Oct 12 17:13:07 2016 +0200;1476285187;-;-;Wed Oct 12 17:13:07 2016 +0200;1476285187
eafaaa5cb81dcf13daf102d5ba1bde73c4875f4d;eafaaa5cb8;-;-;Wed Oct 12 17:11:04 2016 +0200;1476285064;-;-;Wed Oct 12 17:11:04 2016 +0200;1476285064
a32b52555a57167b1d1e38d18d348c62ad2c63ec;a32b52555a;-;-;Wed Oct 12 17:10:29 2016 +0200;1476285029;-;-;Wed Oct 12 17:10:29 2016 +0200;1476285029
74b6a5b6d7892200b2d4ab8418421507ff4f0ba0;74b6a5b6d7;-;-;Wed Oct 12 17:08:55 2016 +0200;1476284935;-;-;Wed Oct 12 17:08:55 2016 +0200;1476284935
66722afda0ae391f0cd994e64516cc12f3807840;66722afda0;-;-;Wed Oct 12 17:08:05 2016 +0200;1476284885;-;-;Wed Oct 12 17:08:05 2016 +0200;1476284885
aff43c29fdaea3790ca8c8eaa1e314e352f9e1a6;aff43c29fd;-;-;Wed Oct 12 09:01:15 2016 -0400;1476277275;-;-;Wed Oct 12 09:01:15 2016 -0400;1476277275
bd69390c0f3b601c1e11a63c4bfca9da613587f5;bd69390c0f;-;-;Wed Oct 12 08:56:52 2016 -0400;1476277012;-;-;Wed Oct 12 08:56:52 2016 -0400;1476277012
8a043ae9aad072f888650b9ccd929f6c1e61e7fa;8a043ae9aa;-;-;Tue Oct 11 20:16:03 2016 -0400;1476231363;-;-;Tue Oct 11 20:53:52 2016 -0400;1476233632
d87aa40efe851194c3add8ed2ff5082d0a1aadf1;d87aa40efe;-;-;Mon Oct 10 06:06:32 2016 -0400;1476093992;-;-;Tue Oct 11 20:50:59 2016 -0400;1476233459
cabb25326921ecb958dae9e578abddfa6551f2f7;cabb253269;-;-;Mon Oct 10 05:57:18 2016 -0400;1476093438;-;-;Tue Oct 11 20:20:40 2016 -0400;1476231640
1de73b9b4f9bed3dcc4f5f7de8382633a273bd64;1de73b9b4f;-;-;Mon Oct 10 05:45:37 2016 -0400;1476092737;-;-;Tue Oct 11 20:20:40 2016 -0400;1476231640
b28b3e887705f6fb8525bcfa4ffba72de003687c;b28b3e8877;-;-;Fri Oct 7 06:15:40 2016 -0400;1475835340;-;-;Tue Oct 11 20:20:40 2016 -0400;1476231640
580b8b92f8efc95ef44bbe914cc2867838b46428;580b8b92f8;-;-;Tue Oct 11 20:40:12 2016 +0200;1476211212;-;-;Tue Oct 11 20:40:12 2016 +0200;1476211212
e65a1a43727ca7455ed7fa47fb4ed68f8c5e2862;e65a1a4372;-;-;Tue Oct 11 19:03:58 2016 +0200;1476205438;-;-;Tue Oct 11 20:19:26 2016 +0200;1476209966
7ae729480ecfc04ff3e1dd27fded2def1a8d7faf;7ae729480e;-;-;Fri Oct 7 22:46:56 2016 +0200;1475873216;-;-;Tue Oct 11 17:45:34 2016 +0200;1476200734
679b661e199502fc47f47917dd9a54aea98529b2;679b661e19;-;-;Fri Oct 7 22:25:56 2016 +0200;1475871956;-;-;Tue Oct 11 17:45:34 2016 +0200;1476200734
9bf8489afd9cdfbbc217f5d4ad3461660a00d671;9bf8489afd;-;-;Tue Oct 11 10:06:17 2016 +0200;1476173177;-;-;Tue Oct 11 10:38:34 2016 +0200;1476175114
196c73fa50f79a7690bb5b2904efe36c9ddd1b65;196c73fa50;-;-;Tue Oct 11 10:03:12 2016 +0200;1476172992;-;-;Tue Oct 11 10:03:12 2016 +0200;1476172992
ab232a538650c78628b8ac5f36bfe9c8ce003c24;ab232a5386;-;-;Tue Oct 11 08:21:52 2016 +0200;1476166912;-;-;Tue Oct 11 08:21:52 2016 +0200;1476166912
1f6f0dc101fb425bd63786ef669b0626a6591543;1f6f0dc101;-;-;Mon Oct 10 17:39:54 2016 -0400;1476135594;-;-;Mon Oct 10 18:00:11 2016 -0400;1476136811
33c48e7a178f8f84c88610c57b92a71369e696dc;33c48e7a17;-;-;Mon Oct 10 16:37:34 2016 -0400;1476131854;-;-;Mon Oct 10 18:00:11 2016 -0400;1476136811
e31a2f778bf401f59cb6ae5124bf2d8b70e8606f;e31a2f778b;-;-;Tue Oct 4 19:19:42 2016 +0200;1475601582;-;-;Mon Oct 10 18:00:05 2016 -0400;1476136805
0cc330e8fc8b29790af7c220e828cfe393094e6b;0cc330e8fc;-;-;Mon Oct 10 23:22:18 2016 +0200;1476134538;-;-;Mon Oct 10 23:35:23 2016 +0200;1476135323
ea5ff87f8ec8d34871aaf3bcc49a165e2db076e5;ea5ff87f8e;-;-;Thu Oct 6 15:36:48 2016 +0200;1475761008;-;-;Fri Oct 7 23:11:34 2016 +0200;1475874694
53441f8962532a7afbc44c615d557e458d56c568;53441f8962;-;-;Thu Oct 6 13:36:57 2016 +0200;1475753817;-;-;Thu Oct 6 15:57:26 2016 +0200;1475762246
715006d5df415b799ca3b22b7db7efc93c6a90f1;715006d5df;-;-;Thu Oct 6 15:26:26 2016 +0200;1475760386;-;-;Thu Oct 6 15:26:26 2016 +0200;1475760386
0ba7ea5f92a16c59c3ce71fe4f44c381ff579b4e;0ba7ea5f92;-;-;Thu Oct 6 15:15:47 2016 +0200;1475759747;-;-;Thu Oct 6 15:16:25 2016 +0200;1475759785
ebed7b77c356ff91e02292473c51024868feae6b;ebed7b77c3;-;-;Wed Oct 5 21:54:56 2016 +0200;1475697296;-;-;Wed Oct 5 21:54:56 2016 +0200;1475697296
ffc781b1630d192100ae3b09213b54a95a369de2;ffc781b163;-;-;Wed Oct 5 00:10:06 2016 +0200;1475619006;-;-;Wed Oct 5 00:10:06 2016 +0200;1475619006
2fea1f7da348ec31b7e620107c594d365da111b2;2fea1f7da3;-;-;Wed Oct 5 00:04:51 2016 +0200;1475618691;-;-;Wed Oct 5 00:04:51 2016 +0200;1475618691
cfa0f6c84bbd4fe890b753aefa7e57a57cb1d9d2;cfa0f6c84b;-;-;Tue Oct 4 23:00:36 2016 +0200;1475614836;-;-;Tue Oct 4 23:00:36 2016 +0200;1475614836
684d6ab553c86808cc29ce452d8b95c53102fab4;684d6ab553;-;-;Tue Oct 4 22:39:08 2016 +0200;1475613548;-;-;Tue Oct 4 22:39:08 2016 +0200;1475613548
324c310cbd3a95da73d36a6f868a538742a10c4f;324c310cbd;-;-;Mon Oct 3 10:58:24 2016 +0200;1475485104;-;-;Tue Oct 4 16:08:59 2016 +0200;1475590139
11aa920785151c76c381f482e8b3810ccf59929f;11aa920785;-;-;Tue Oct 4 14:47:55 2016 +0200;1475585275;-;-;Tue Oct 4 14:47:55 2016 +0200;1475585275
ee17f566269b0cb9969050a7f6a66573b1e8b072;ee17f56626;-;-;Tue Oct 4 10:46:11 2016 +0200;1475570771;-;-;Tue Oct 4 12:08:09 2016 +0200;1475575689
487bc7505b7587b48aaab2ad0c89297bc30ef4c3;487bc7505b;-;-;Mon Oct 3 18:05:42 2016 +0200;1475510742;-;-;Mon Oct 3 18:05:58 2016 +0200;1475510758
04b8ae921ee1a91987ea264e9d6967a5f04e1918;04b8ae921e;-;-;Mon Oct 3 17:33:31 2016 +0200;1475508811;-;-;Mon Oct 3 18:05:58 2016 +0200;1475510758
dbc86ec04382fe53a22cc7b01acbc0fa70b9ae37;dbc86ec043;-;-;Tue Sep 27 21:57:17 2016 +0200;1475006237;-;-;Tue Sep 27 23:59:44 2016 +0200;1475013584
b91c0b3a1a0e21d37e3296d6e5a96bb50141a922;b91c0b3a1a;-;-;Tue Sep 27 21:56:21 2016 +0200;1475006181;-;-;Tue Sep 27 21:56:21 2016 +0200;1475006181
44ceecc8b39f73c47770ec52960c13b166af2837;44ceecc8b3;-;-;Tue Sep 27 09:27:23 2016 +0200;1474961243;-;-;Tue Sep 27 09:27:33 2016 +0200;1474961253
fb7ae010c867ae48ab51f48cce97fe2c07f44115;fb7ae010c8;-;-;Mon Sep 26 18:04:49 2016 +0200;1474905889;-;-;Mon Sep 26 18:04:49 2016 +0200;1474905889
a6b0b6e27945dcf3c84f2c8ae49969470a1c8c76;a6b0b6e279;-;-;Mon Sep 26 17:25:21 2016 +0200;1474903521;-;-;Mon Sep 26 17:25:21 2016 +0200;1474903521
c64f39943f587dd7cd3a80e884e2fcb8f3bb115c;c64f39943f;-;-;Mon Sep 26 17:20:30 2016 +0200;1474903230;-;-;Mon Sep 26 17:20:30 2016 +0200;1474903230
36f7c7a13e4a6fd3247b03c1a61a99c3b0dcf50e;36f7c7a13e;-;-;Mon Sep 26 15:27:01 2016 +0200;1474896421;-;-;Mon Sep 26 15:27:01 2016 +0200;1474896421
bb7d20762c0c45740319ac526c86c204bc1d18b7;bb7d20762c;-;-;Mon Sep 26 15:15:45 2016 +0200;1474895745;-;-;Mon Sep 26 15:15:45 2016 +0200;1474895745
74c618892e3d270b42369a753f2592b0564f3835;74c618892e;-;-;Sun Sep 25 21:05:40 2016 +0200;1474830340;-;-;Sun Sep 25 21:05:40 2016 +0200;1474830340
e188b4428e629f1dc917f868bf9cf2d5168220b8;e188b4428e;-;-;Sun Sep 25 21:00:07 2016 +0200;1474830007;-;-;Sun Sep 25 21:00:07 2016 +0200;1474830007
94753b5e87a622751493071ec1957bfdfded199e;94753b5e87;-;-;Sun Sep 25 20:42:47 2016 +0200;1474828967;-;-;Sun Sep 25 20:42:47 2016 +0200;1474828967
099350a28ea8c26d464eb9e530f8043b04feeda1;099350a28e;-;-;Thu Sep 22 13:34:09 2016 +0200;1474544049;-;-;Thu Sep 22 13:34:09 2016 +0200;1474544049
9b87ea017bc58c0921c0ba20cc1ff099c42eea67;9b87ea017b;-;-;Wed Sep 21 12:24:06 2016 +0800;1474431846;-;-;Wed Sep 21 15:03:04 2016 -0400;1474484584
89717e1783d849210ae96ba2e9a5fb0f3a0fc0cc;89717e1783;-;-;Wed Sep 21 11:24:20 2016 +0200;1474449860;-;-;Wed Sep 21 11:24:20 2016 +0200;1474449860
578af59f0ce2a5bf89a7e8fa7d38ce4a7def8bd4;578af59f0c;-;-;Tue Sep 20 23:46:21 2016 +0200;1474407981;-;-;Tue Sep 20 23:46:21 2016 +0200;1474407981
129d7bef6e058904838e836ff007055905532360;129d7bef6e;-;-;Tue Sep 20 22:41:20 2016 +0200;1474404080;-;-;Tue Sep 20 22:41:20 2016 +0200;1474404080
d94ce0a1b23c26088a3fc8269ba4a8369f40a90c;d94ce0a1b2;-;-;Tue Sep 20 22:41:11 2016 +0200;1474404071;-;-;Tue Sep 20 22:41:11 2016 +0200;1474404071
65e01eabf0535672f3cd6389d1e37fa89998c234;65e01eabf0;-;-;Tue Sep 20 22:40:43 2016 +0200;1474404043;-;-;Tue Sep 20 22:40:43 2016 +0200;1474404043
5b33e02fb441357f0160f24be89a7f61bbbad1a4;5b33e02fb4;-;-;Thu Sep 15 18:30:38 2016 +0200;1473957038;-;-;Tue Sep 20 18:15:07 2016 +0200;1474388107
c6081031400ddaf1424751ca75c17d572ff808aa;c608103140;-;-;Thu Sep 15 18:27:01 2016 +0200;1473956821;-;-;Tue Sep 20 18:15:07 2016 +0200;1474388107
f918a2b192fcd46ab4090fca68fa6156f13d4c65;f918a2b192;-;-;Tue Sep 20 17:51:19 2016 +0200;1474386679;-;-;Tue Sep 20 17:52:31 2016 +0200;1474386751
e3da8b5e9cb96eb3cc007197c50d2dd6cc68d34f;e3da8b5e9c;-;-;Mon Sep 12 15:27:33 2016 +0200;1473686853;-;-;Tue Sep 20 16:49:14 2016 +0200;1474382954
3596e720505745ef48678bfce17c8d036943852d;3596e72050;-;-;Mon Sep 12 15:25:47 2016 +0200;1473686747;-;-;Tue Sep 20 16:46:03 2016 +0200;1474382763
a7a9e36ca024d52de74db0665c1102eec901b300;a7a9e36ca0;-;-;Mon Sep 12 15:21:58 2016 +0200;1473686518;-;-;Tue Sep 20 16:18:45 2016 +0200;1474381125
55d6f88dcd4bfc2f3ca993d73bedbff3a9bd5dee;55d6f88dcd;-;-;Mon Sep 12 12:18:56 2016 +0200;1473675536;-;-;Tue Sep 20 16:14:22 2016 +0200;1474380862
1d46b8d7e1dc94b14d2cd913906f5f99054d112d;1d46b8d7e1;-;-;Tue Sep 20 14:28:12 2016 +0200;1474374492;-;-;Tue Sep 20 14:28:12 2016 +0200;1474374492
857e77eec2cc02ffd4b4f1f22808ccbe32351e3f;857e77eec2;-;-;Tue Sep 20 11:55:19 2016 +0200;1474365319;-;-;Tue Sep 20 11:55:51 2016 +0200;1474365351
38f3d12e458933a2b910d0b5e16caaef111382c9;38f3d12e45;-;-;Tue Sep 20 11:49:16 2016 +0200;1474364956;-;-;Tue Sep 20 11:55:51 2016 +0200;1474365351
b83a6daf4b7fe0be447adab015bde3c33c6f96c7;b83a6daf4b;-;-;Tue Sep 20 11:19:33 2016 +0200;1474363173;-;-;Tue Sep 20 11:19:40 2016 +0200;1474363180
adc69097fa45690a1d9937a29bf92f98d501ea68;adc69097fa;-;-;Mon Sep 19 21:15:42 2016 -0400;1474334142;-;-;Mon Sep 19 21:15:42 2016 -0400;1474334142
d71f6fe3661b1f7c921359c7c45c1950be8ffad0;d71f6fe366;-;-;Mon Sep 19 21:51:34 2016 +0200;1474314694;-;-;Mon Sep 19 21:51:34 2016 +0200;1474314694
1bf828a1498eecd690e12b01498b7d58dc480ce8;1bf828a149;-;-;Mon Sep 19 16:25:50 2016 +0200;1474295150;-;-;Mon Sep 19 16:32:50 2016 +0200;1474295570
99c7917124b8f5c997046bc169ec2a97ff5e62fb;99c7917124;-;-;Mon Sep 19 09:01:25 2016 -0400;1474290085;-;-;Mon Sep 19 09:04:23 2016 -0400;1474290263
d8a771356c81acff827be395185a7b2951d4541f;d8a771356c;-;-;Mon Sep 19 14:58:15 2016 +0200;1474289895;-;-;Mon Sep 19 14:58:15 2016 +0200;1474289895
3e11a30c64cd55919360a1cee299d9d5ec370d75;3e11a30c64;-;-;Mon Sep 19 14:46:30 2016 +0200;1474289190;-;-;Mon Sep 19 14:46:30 2016 +0200;1474289190
753bb854aa43fc8d6706633aee5864044952b53d;753bb854aa;-;-;Mon Sep 19 12:09:19 2016 +0200;1474279759;-;-;Mon Sep 19 12:09:19 2016 +0200;1474279759
bf6653b837dcf27899ff3c0d333f026d66e7c0ee;bf6653b837;-;-;Sun Sep 18 21:33:58 2016 +0200;1474227238;-;-;Sun Sep 18 21:33:58 2016 +0200;1474227238
f532de92aaf5cc64a28025adb2e9386871dc7597;f532de92aa;-;-;Sun Sep 18 21:04:37 2016 +0200;1474225477;-;-;Sun Sep 18 21:33:52 2016 +0200;1474227232
9e5435e6f2b9110969af9d581d1a05c6106b8dd7;9e5435e6f2;-;-;Sat Sep 17 22:18:55 2016 +0200;1474143535;-;-;Sat Sep 17 22:30:54 2016 +0200;1474144254
b521aa879fd805ef24f3224e6c3c77339382f438;b521aa879f;-;-;Sat Sep 17 16:10:45 2016 +0200;1474121445;-;-;Sat Sep 17 16:16:06 2016 +0200;1474121766
8f62b63663a67f2aad80c11119ddf602bd8a9a3f;8f62b63663;-;-;Sat Sep 17 16:01:08 2016 +0200;1474120868;-;-;Sat Sep 17 16:16:06 2016 +0200;1474121766
778ef026801533c6030d774d52504ef9a72cb48f;778ef02680;-;-;Sat Sep 17 15:58:15 2016 +0200;1474120695;-;-;Sat Sep 17 16:07:00 2016 +0200;1474121220
b6035ce9aeac24ac076ce430ae9dd920e233ec95;b6035ce9ae;-;-;Sat Sep 17 11:45:38 2016 +0200;1474105538;-;-;Sat Sep 17 11:48:53 2016 +0200;1474105733
3f5570641359b13c3d9139879c66500f31d007c5;3f55706413;-;-;Sat Sep 17 11:29:04 2016 +0200;1474104544;-;-;Sat Sep 17 11:29:04 2016 +0200;1474104544
1bf75e330c932a140447d5b0f245c62cf49d3a67;1bf75e330c;-;-;Sat Sep 17 11:04:59 2016 +0200;1474103099;-;-;Sat Sep 17 11:05:05 2016 +0200;1474103105
b2ccdfbc9e112e48f001b0dffa1280e6e7fe7122;b2ccdfbc9e;-;-;Fri Sep 16 16:08:30 2016 -0400;1474056510;-;-;Fri Sep 16 16:09:44 2016 -0400;1474056584
80ff5ae9c513372db37eb0dbcb19048adb09b21f;80ff5ae9c5;-;-;Tue Sep 13 19:17:59 2016 +0300;1473783479;-;-;Fri Sep 16 16:09:43 2016 -0400;1474056583
c4b9b9224786262cf5e07984ab4fb9b96e858255;c4b9b92247;-;-;Fri Sep 16 21:39:38 2016 +0200;1474054778;-;-;Fri Sep 16 21:39:38 2016 +0200;1474054778
b58a06208f261db26832db531eb975e1e7c7c232;b58a06208f;-;-;Thu Sep 8 16:12:34 2016 -0500;1473369154;-;-;Fri Sep 16 21:29:59 2016 +0200;1474054199
0bace1b0ae7aec176607a8ffdbf3497bab7755a5;0bace1b0ae;-;-;Fri Sep 16 15:21:05 2016 -0400;1474053665;-;-;Fri Sep 16 15:21:48 2016 -0400;1474053708
3772398700f4ae2496fd2870fbfa189e8b8dd218;3772398700;-;-;Fri Sep 16 18:44:10 2016 +0200;1474044250;-;-;Fri Sep 16 18:59:14 2016 +0200;1474045154
b60af42e23bf0d4fcc3a2e67fdb873b19e1597e8;b60af42e23;-;-;Fri Sep 16 11:18:50 2016 +0200;1474017530;-;-;Fri Sep 16 18:59:14 2016 +0200;1474045154
cf2112f5398c74f1d7279fea17b4db3a4dc6f4e1;cf2112f539;-;-;Fri Sep 16 12:54:22 2016 -0400;1474044862;-;-;Fri Sep 16 12:57:16 2016 -0400;1474045036
2b57a4d618a1e755ee9e362208291c0cde813e8d;2b57a4d618;-;-;Tue Sep 13 14:56:54 2016 +0200;1473771414;-;-;Fri Sep 16 12:57:16 2016 -0400;1474045036
b703dbf6ab93b58ee842e863eb5b61bf6e73f361;b703dbf6ab;-;-;Fri Sep 16 18:31:08 2016 +0200;1474043468;-;-;Fri Sep 16 18:44:35 2016 +0200;1474044275
de3e07b3203581242c701f86ffc49cd010d44fca;de3e07b320;-;-;Fri Sep 16 18:20:32 2016 +0200;1474042832;-;-;Fri Sep 16 18:44:35 2016 +0200;1474044275
c57beef95edcd5b328fd73557a49f894f559904f;c57beef95e;-;-;Fri Sep 16 17:59:23 2016 +0200;1474041563;-;-;Fri Sep 16 18:44:35 2016 +0200;1474044275
228a01b298658096f0e6d3108eca3c16a52ddee7;228a01b298;-;-;Fri Sep 16 11:13:53 2016 +0200;1474017233;-;-;Fri Sep 16 18:44:34 2016 +0200;1474044274
8072497ce24062c78b48122495349179508d2d32;8072497ce2;-;-;Thu Sep 15 16:32:17 2016 +0200;1473949937;-;-;Fri Sep 16 18:44:34 2016 +0200;1474044274
5e730408fdf2912b30a516242aa6d692ae628e7b;5e730408fd;-;-;Fri Sep 16 12:23:49 2016 +0200;1474021429;-;-;Fri Sep 16 18:44:34 2016 +0200;1474044274
91bde2e6b28758ba966db60ff61f6a3a31a0ddec;91bde2e6b2;-;-;Tue Sep 13 20:13:36 2016 +0200;1473790416;-;-;Fri Sep 16 18:44:34 2016 +0200;1474044274
aaa128180958d4b6d420cb7e4a955bb2edab0c0b;aaa1281809;-;-;Fri Sep 16 12:19:38 2016 -0400;1474042778;-;-;Fri Sep 16 12:20:15 2016 -0400;1474042815
9d8c089a212d0daacc9e0970170d45cb4512e27d;9d8c089a21;-;-;Fri Sep 16 16:17:37 2016 +0200;1474035457;-;-;Fri Sep 16 16:17:37 2016 +0200;1474035457
6cda08e94b9ba72da2334733443aefd2462c8755;6cda08e94b;-;-;Fri Sep 16 12:08:30 2016 +0200;1474020510;-;-;Fri Sep 16 12:51:27 2016 +0200;1474023087
e74c59bf301ed18eb52fe79df03f1c3cef230a7e;e74c59bf30;-;-;Fri Sep 16 12:08:23 2016 +0200;1474020503;-;-;Fri Sep 16 12:51:27 2016 +0200;1474023087
084daa7fb510cdc650b0ade942c2fc067d2b2027;084daa7fb5;-;-;Fri Sep 16 12:04:56 2016 +0200;1474020296;-;-;Fri Sep 16 12:04:56 2016 +0200;1474020296
3fdc11e739f4d42104bf3356794ff42f28756b31;3fdc11e739;-;-;Fri Sep 16 10:39:26 2016 +0200;1474015166;-;-;Fri Sep 16 10:39:26 2016 +0200;1474015166
2b2cc2d1cae2a465965b5e3a94ae0452aecc920e;2b2cc2d1ca;-;-;Fri Sep 16 10:34:05 2016 +0200;1474014845;-;-;Fri Sep 16 10:34:05 2016 +0200;1474014845
2b0bf9f04a62fafd9ce28da37dbeb227b82cf462;2b0bf9f04a;-;-;Thu Sep 15 16:02:10 2016 +0200;1473948130;-;-;Fri Sep 16 09:20:31 2016 +0200;1474010431
f24ce76edb4f00b6e45cd9a56cacee0aace55db1;f24ce76edb;-;-;Thu Sep 15 14:31:05 2016 +0200;1473942665;-;-;Thu Sep 15 14:31:05 2016 +0200;1473942665
6de4b12992ba3a10b75a7ae413911da0a1fc1184;6de4b12992;-;-;Thu Sep 15 14:12:49 2016 +0200;1473941569;-;-;Thu Sep 15 14:12:49 2016 +0200;1473941569
6dc1898dbbfa34217790b136f9f6e48ffd1f8f0e;6dc1898dbb;-;-;Thu Sep 15 08:54:17 2016 +0200;1473922457;-;-;Thu Sep 15 08:54:17 2016 +0200;1473922457
765b47246a4893a4855f4e8e26ad41de491fa175;765b47246a;-;-;Wed Sep 14 21:34:30 2016 -0400;1473903270;-;-;Wed Sep 14 21:34:30 2016 -0400;1473903270
8ccfecc406e4e9e99a07017142fc8b9a852edc85;8ccfecc406;-;-;Wed Sep 14 17:45:27 2016 -0400;1473889527;-;-;Wed Sep 14 17:45:27 2016 -0400;1473889527
e024aa0049979ff77dfefdd8debbe8ded13e7425;e024aa0049;-;-;Wed Sep 14 17:35:14 2016 -0400;1473888914;-;-;Wed Sep 14 17:35:14 2016 -0400;1473888914
3bc1121b9d6f73f601776a20e6ec5b0e1ea0f4b2;3bc1121b9d;-;-;Wed Sep 14 17:19:49 2016 -0400;1473887989;-;-;Wed Sep 14 17:19:49 2016 -0400;1473887989
c6a61e0d8538f5dc70aa9a21f366efba064e3702;c6a61e0d85;-;-;Mon Sep 12 19:18:10 2016 +0200;1473700690;-;-;Wed Sep 14 15:46:15 2016 -0400;1473882375
06395f41cbe22c8f52d2c95b157059b8a60bad9b;06395f41cb;-;-;Wed Sep 14 11:08:02 2016 +0200;1473844082;-;-;Wed Sep 14 11:08:02 2016 +0200;1473844082
bc14c5ba83e1f211628456bbccce7b2531aac58c;bc14c5ba83;-;-;Tue Sep 13 07:02:07 2016 -0400;1473764527;-;-;Tue Sep 13 18:04:40 2016 -0400;1473804280
33d90747a14b06b7e2e6f80cfc687b55d6400575;33d90747a1;-;-;Fri Sep 9 11:05:01 2016 -0400;1473433501;-;-;Tue Sep 13 18:04:40 2016 -0400;1473804280
f5925993491cd8af55e6c9f08a12c77ac22618ec;f592599349;-;-;Tue Sep 13 23:31:09 2016 +0200;1473802269;-;-;Tue Sep 13 23:48:41 2016 +0200;1473803321
782c99dfaf23f5954380dd5a47dcf760ef0d5a58;782c99dfaf;-;-;Tue Sep 13 23:43:52 2016 +0200;1473803032;-;-;Tue Sep 13 23:48:15 2016 +0200;1473803295
ce42ed4d449e7fee7179275c8bacd5b902fa672e;ce42ed4d44;-;-;Tue Sep 13 21:58:41 2016 +0200;1473796721;-;-;Tue Sep 13 21:58:41 2016 +0200;1473796721
c69e6a36f7322d52d2989ea9136c7aff33f199c9;c69e6a36f7;-;-;Tue Sep 13 21:55:20 2016 +0200;1473796520;-;-;Tue Sep 13 21:55:20 2016 +0200;1473796520
0c2e8a6246348b9ea01131943581235dbff3bf71;0c2e8a6246;-;-;Tue Sep 13 21:49:24 2016 +0200;1473796164;-;-;Tue Sep 13 21:49:24 2016 +0200;1473796164
5405c07d26db564cb680c713dce5abb859635147;5405c07d26;-;-;Tue Sep 13 21:47:32 2016 +0200;1473796052;-;-;Tue Sep 13 21:47:32 2016 +0200;1473796052
34ab818dfa795bd67fa44061f71e68bc665fa0bf;34ab818dfa;-;-;Tue Sep 13 21:46:02 2016 +0200;1473795962;-;-;Tue Sep 13 21:46:02 2016 +0200;1473795962
480cd2c2f00491b1700ac9bfc24ef3215a15554d;480cd2c2f0;-;-;Tue Sep 13 21:44:29 2016 +0200;1473795869;-;-;Tue Sep 13 21:44:29 2016 +0200;1473795869
a86f6d3676ab655b7e7c4f82009c0c20726bd144;a86f6d3676;-;-;Tue Sep 13 21:42:23 2016 +0200;1473795743;-;-;Tue Sep 13 21:42:23 2016 +0200;1473795743
915350d0ce3e15291a4e6f6843f36af104ce633a;915350d0ce;-;-;Tue Sep 13 21:41:11 2016 +0200;1473795671;-;-;Tue Sep 13 21:41:11 2016 +0200;1473795671
118d093eaf8510fc1b0926975ece4240689d97ce;118d093eaf;-;-;Tue Sep 13 21:37:44 2016 +0200;1473795464;-;-;Tue Sep 13 21:37:44 2016 +0200;1473795464
d5c9cc62f1c67d04428ffc76c29e3665d549a8a9;d5c9cc62f1;-;-;Tue Sep 13 21:36:41 2016 +0200;1473795401;-;-;Tue Sep 13 21:36:41 2016 +0200;1473795401
edbc1e92129f659b9c59722611065befa705e2fe;edbc1e9212;-;-;Tue Sep 13 21:34:47 2016 +0200;1473795287;-;-;Tue Sep 13 21:34:47 2016 +0200;1473795287
fa820bc0c9ce8608d583f5af8e92cd8c3f8bceb9;fa820bc0c9;-;-;Tue Sep 13 21:29:05 2016 +0200;1473794945;-;-;Tue Sep 13 21:29:05 2016 +0200;1473794945
6f491bb319a0e6694caf9f8edbf705911550bf41;6f491bb319;-;-;Tue Sep 13 21:27:01 2016 +0200;1473794821;-;-;Tue Sep 13 21:27:01 2016 +0200;1473794821
360ef5f5e3941a67fb3595d5497d221ac85dd7ef;360ef5f5e3;-;-;Tue Sep 13 20:16:41 2016 +0200;1473790601;-;-;Tue Sep 13 20:16:41 2016 +0200;1473790601
fc52ddcd973e08118028599a177ddb79e98b93cd;fc52ddcd97;-;-;Tue Sep 13 14:57:29 2016 +0200;1473771449;-;-;Tue Sep 13 15:03:13 2016 +0200;1473771793
d8f4d37624fc38a8c28d8e427f205b395e290f15;d8f4d37624;-;-;Mon Sep 12 19:23:15 2016 +0200;1473700995;-;-;Mon Sep 12 19:23:15 2016 +0200;1473700995
61bf6a25b7817014a3bd3ef51532597ebf2860fe;61bf6a25b7;-;-;Mon Sep 12 15:02:12 2016 +0200;1473685332;-;-;Mon Sep 12 15:41:58 2016 +0200;1473687718
96ec18a9aa6bb4cf1bdcfbc1c5535570feb0c173;96ec18a9aa;-;-;Mon Sep 12 14:37:16 2016 +0200;1473683836;-;-;Mon Sep 12 15:41:04 2016 +0200;1473687664
35b93b2948f88c8af1721deaac9fadfd2a60d5c9;35b93b2948;-;-;Tue Sep 6 13:51:27 2016 +0200;1473162687;-;-;Mon Sep 12 15:39:49 2016 +0200;1473687589
4991b97887376903e00445cb3fa7fc2e2255ce5a;4991b97887;-;-;Mon Sep 12 14:47:37 2016 +0200;1473684457;-;-;Mon Sep 12 14:47:48 2016 +0200;1473684468
802a4c6d02ebee9b29447f47a739021555757ecf;802a4c6d02;-;-;Mon Sep 12 17:47:26 2016 +0800;1473673646;-;-;Mon Sep 12 11:47:26 2016 +0200;1473673646
aaba53f76a6c59166eda1215c8524db33173648c;aaba53f76a;-;-;Mon Sep 12 11:08:14 2016 +0200;1473671294;-;-;Mon Sep 12 11:13:27 2016 +0200;1473671607
b91867cf45d07be14e6c8f5ae5437e049552d19d;b91867cf45;-;-;Mon Sep 12 11:08:01 2016 +0200;1473671281;-;-;Mon Sep 12 11:08:01 2016 +0200;1473671281
b88ed85994990f56e9b2b601396ef4f66f97ec12;b88ed85994;-;-;Sat Sep 10 12:39:46 2016 +0200;1473503986;-;-;Sat Sep 10 12:39:46 2016 +0200;1473503986
d631b4cca9421898b1992301ec090300d82caace;d631b4cca9;-;-;Sat Sep 10 12:38:04 2016 +0200;1473503884;-;-;Sat Sep 10 12:38:04 2016 +0200;1473503884
8c5660683af26d70af7ddce3845b23515e1c25bc;8c5660683a;-;-;Sat Sep 10 12:37:55 2016 +0200;1473503875;-;-;Sat Sep 10 12:37:55 2016 +0200;1473503875
f55b4c23fc84e5286e43931c8d0332d8e2f7a490;f55b4c23fc;-;-;Sat Sep 10 07:49:14 2016 +0200;1473486554;-;-;Sat Sep 10 07:49:14 2016 +0200;1473486554
1881aa5b5bdc31a2609326bef7c80cf84a02af7d;1881aa5b5b;-;-;Fri Sep 9 22:11:20 2016 +0200;1473451880;-;-;Fri Sep 9 22:11:20 2016 +0200;1473451880
4588b6c9f43b0f7608088df9b7ba6e97217b7c0c;4588b6c9f4;-;-;Fri Sep 9 18:18:09 2016 +0200;1473437889;-;-;Fri Sep 9 18:18:09 2016 +0200;1473437889
2f2e6dffb4f66bfb6531b1f62caf784528020918;2f2e6dffb4;-;-;Fri Sep 9 18:02:47 2016 +0200;1473436967;-;-;Fri Sep 9 18:02:47 2016 +0200;1473436967
e882f739bf4e9d7eba95856a6c3c22c3f9d147e0;e882f739bf;-;-;Fri Sep 9 15:23:10 2016 +0200;1473427390;-;-;Fri Sep 9 15:23:10 2016 +0200;1473427390
ecf5a9f34efc6474a9cbd9e697dc10edf834ea7f;ecf5a9f34e;-;-;Fri Sep 9 12:19:51 2016 +0200;1473416391;-;-;Fri Sep 9 12:19:51 2016 +0200;1473416391
f4ae831f7fc3bb3d18564571772463ab4e16b381;f4ae831f7f;-;-;Fri Sep 9 10:53:15 2016 +0200;1473411195;-;-;Fri Sep 9 10:53:45 2016 +0200;1473411225
d51005fbbeaf6e84f94a2f9d491d705119898572;d51005fbbe;-;-;Thu Sep 8 13:24:05 2016 +0200;1473333845;-;-;Thu Sep 8 13:33:36 2016 +0200;1473334416
10e157a5a23e362fac1575fd2c32c7664549edc7;10e157a5a2;-;-;Wed Sep 7 17:24:34 2016 +0200;1473261874;-;-;Wed Sep 7 17:24:34 2016 +0200;1473261874
f8ac17f2784fae7dd2aedbb9a6c18848173dc7e3;f8ac17f278;-;-;Wed Sep 7 15:29:05 2016 +0200;1473254945;-;-;Wed Sep 7 15:29:20 2016 +0200;1473254960
d1f60e3de185458021b23f540a5e5cc07176d11c;d1f60e3de1;-;-;Wed Sep 7 10:47:00 2016 +0200;1473238020;-;-;Wed Sep 7 10:47:00 2016 +0200;1473238020
bebaee97999f64a286e91066002f7ce3ccb99542;bebaee9799;-;-;Wed Sep 7 10:09:27 2016 +0200;1473235767;-;-;Wed Sep 7 10:10:40 2016 +0200;1473235840
ccb3c44dbcd4ab4741aec7b366ed43efa2f90b44;ccb3c44dbc;-;-;Tue Sep 6 18:53:02 2016 +0200;1473180782;-;-;Wed Sep 7 09:52:33 2016 +0200;1473234753
42f101fb5bfa3503adfa5ca1e216d4b967035927;42f101fb5b;-;-;Wed Sep 7 09:27:13 2016 +0300;1473229633;-;-;Wed Sep 7 09:49:19 2016 +0200;1473234559
5496f11f3c55063d2e7c8c5c5fc5de178850a6e1;5496f11f3c;-;-;Wed Sep 7 09:25:08 2016 +0300;1473229508;-;-;Wed Sep 7 09:49:19 2016 +0200;1473234559
05369a2fadf97c94e46797b8d53a3609962b7cc3;05369a2fad;-;-;Wed Sep 7 09:37:36 2016 +0200;1473233856;-;-;Wed Sep 7 09:37:36 2016 +0200;1473233856
cc5300c4d558e3f86d592ef615104ab9092a34f4;cc5300c4d5;-;-;Tue Sep 6 14:32:14 2016 +0200;1473165134;-;-;Tue Sep 6 18:02:48 2016 +0200;1473177768
72e4fac28d59ed5db3e81efe01ccbcc3a8311dbf;72e4fac28d;-;-;Tue Sep 6 15:39:28 2016 +0200;1473169168;-;-;Tue Sep 6 15:39:28 2016 +0200;1473169168
4346d15cb5b68f88f5dd13a6ee3550d24db3ab33;4346d15cb5;-;-;Mon Sep 5 21:57:32 2016 -0400;1473127052;-;-;Mon Sep 5 21:59:22 2016 -0400;1473127162
1ae64bfbd3d973e5819258abb9cd4010eb715a8d;1ae64bfbd3;-;-;Sat Sep 3 02:52:55 2016 -0400;1472885575;-;-;Mon Sep 5 21:59:22 2016 -0400;1473127162
108ebe0f2ba3b77373273ac8b3e7f32328abcfdd;108ebe0f2b;-;-;Mon Sep 5 11:25:30 2016 -0400;1473089130;-;-;Mon Sep 5 21:59:22 2016 -0400;1473127162
3dc6f1133c1208d212220777fda585f3371f5cc0;3dc6f1133c;-;-;Mon Sep 5 19:03:26 2016 +0200;1473095006;-;-;Mon Sep 5 19:03:26 2016 +0200;1473095006
3e96cab0bb9e2861f9555f81117eb46098674f8e;3e96cab0bb;-;-;Mon Sep 5 18:58:39 2016 +0200;1473094719;-;-;Mon Sep 5 18:58:39 2016 +0200;1473094719
6efb166c3628391360af81f226600348ab985007;6efb166c36;-;-;Mon Sep 5 17:48:47 2016 +0200;1473090527;-;-;Mon Sep 5 17:48:47 2016 +0200;1473090527
2699504cb8150d7be3e3a4033215acb8fbf1e851;2699504cb8;-;-;Mon Sep 5 17:26:25 2016 +0200;1473089185;-;-;Mon Sep 5 17:26:25 2016 +0200;1473089185
e822e4cbe87b09b901eb2363bc884a635a96a01e;e822e4cbe8;-;-;Mon Sep 5 13:39:21 2016 +0200;1473075561;-;-;Mon Sep 5 13:39:21 2016 +0200;1473075561
fbfad8695ecc9262f23fd31b0b425eca38b58d01;fbfad8695e;-;-;Mon Sep 5 13:34:25 2016 +0200;1473075265;-;-;Mon Sep 5 13:34:25 2016 +0200;1473075265
5755b67325af32b4a3d34e7b7ee1edb263c9a1bb;5755b67325;-;-;Sat Sep 3 16:19:52 2016 +0200;1472912392;-;-;Sat Sep 3 16:19:52 2016 +0200;1472912392
00617d74de0f6cff02fbc752305baa7a9f574438;00617d74de;-;-;Fri Sep 2 11:19:56 2016 +0300;1472804396;-;-;Fri Sep 2 23:37:20 2016 +0200;1472852240
01bd8b9e017e36ac928fbc388069909aff95e5af;01bd8b9e01;-;-;Fri Sep 2 23:01:16 2016 +0200;1472850076;-;-;Fri Sep 2 23:01:16 2016 +0200;1472850076
a10a8e56df80e6855d104d07010e6f1445100a61;a10a8e56df;-;-;Fri Sep 2 20:28:02 2016 +0200;1472840882;-;-;Fri Sep 2 20:28:02 2016 +0200;1472840882
ec7aefa8589d2baf0aea28eac6fd8baae1167de6;ec7aefa858;-;-;Fri Sep 2 19:14:31 2016 +0200;1472836471;-;-;Fri Sep 2 19:14:31 2016 +0200;1472836471
5fe3bcf8f9ce8acccf9624cc59987a7f7cd84b8b;5fe3bcf8f9;-;-;Fri Sep 2 16:06:16 2016 +0200;1472825176;-;-;Fri Sep 2 18:39:31 2016 +0200;1472834371
c813405ca35a44d22bbddf3121dd48150cbe1b95;c813405ca3;-;-;Fri Sep 2 12:19:50 2016 -0400;1472833190;-;-;Fri Sep 2 12:19:50 2016 -0400;1472833190
a1ac51256a96360c63e26a556cd84133f840dfb8;a1ac51256a;-;-;Fri Sep 2 12:14:09 2016 -0400;1472832849;-;-;Fri Sep 2 12:15:00 2016 -0400;1472832900
73752c295d9aad626f3428939b2841bb4f6d05dc;73752c295d;-;-;Fri Sep 2 12:01:08 2016 -0400;1472832068;-;-;Fri Sep 2 12:15:00 2016 -0400;1472832900
e17132c217c8fc54ea11108ef9a0938323633367;e17132c217;-;-;Fri Sep 2 11:54:19 2016 -0400;1472831659;-;-;Fri Sep 2 12:15:00 2016 -0400;1472832900
2cd3135c3b57270f8ec380b64502a9cc9e2aa792;2cd3135c3b;-;-;Fri Sep 2 15:21:40 2016 +0200;1472822500;-;-;Fri Sep 2 15:47:11 2016 +0200;1472824031
f3dd554dbeb7261f908007ca8cdd1af2aa33ba33;f3dd554dbe;-;-;Fri Sep 2 09:25:56 2016 -0400;1472822756;-;-;Fri Sep 2 09:26:15 2016 -0400;1472822775
7788879c5a6fa69de935a1e045fe1ab657b9dc2e;7788879c5a;-;-;Fri Sep 2 08:12:06 2016 -0500;1472821926;-;-;Fri Sep 2 08:12:06 2016 -0500;1472821926
08b2b0ba2a7f10f605c5e06217023917c7892103;08b2b0ba2a;-;-;Fri Sep 2 09:04:13 2016 -0400;1472821453;-;-;Fri Sep 2 09:04:13 2016 -0400;1472821453
a8ba065a6e6a2f435fdf29748d21fd416731370b;a8ba065a6e;-;-;Fri Sep 2 11:35:58 2016 +0200;1472808958;-;-;Fri Sep 2 11:35:58 2016 +0200;1472808958
068151925503e6124eb85158d137779e925f4a38;0681519255;-;-;Thu Sep 1 18:07:23 2016 -0400;1472767643;-;-;Thu Sep 1 18:07:23 2016 -0400;1472767643
6071e01168fe9ee5006cab09c632b19fca1fc359;6071e01168;-;-;Tue Aug 30 14:36:19 2016 -0400;1472582179;-;-;Thu Sep 1 17:44:51 2016 -0400;1472766291
638e6cc7f8f817b0271711a5ee48dbba8b58a7e0;638e6cc7f8;-;-;Thu Sep 1 15:58:46 2016 -0400;1472759926;-;-;Thu Sep 1 17:44:51 2016 -0400;1472766291
9f8791ac010da6c01689a78f802d16f206820bb1;9f8791ac01;-;-;Thu Sep 1 17:42:23 2016 -0400;1472766143;-;-;Thu Sep 1 17:44:51 2016 -0400;1472766291
02bed0a34bb21fb1414d5bb99d70fa1e75662605;02bed0a34b;-;-;Thu Sep 1 17:01:12 2016 +0200;1472742072;-;-;Thu Sep 1 17:15:50 2016 +0200;1472742950
06d4bb6a1a42a50cba2f0e39f8ef405fd46f53cd;06d4bb6a1a;-;-;Thu Sep 1 16:08:35 2016 +0200;1472738915;-;-;Thu Sep 1 17:14:24 2016 +0200;1472742864
1af2fbfbbb68fda04797df666e56c1eb7dbe9da5;1af2fbfbbb;-;-;Thu Sep 1 16:41:49 2016 +0200;1472740909;-;-;Thu Sep 1 16:41:49 2016 +0200;1472740909
5202250179caf4703943726358583835b152ab9c;5202250179;-;-;Thu Sep 1 14:00:30 2016 +0200;1472731230;-;-;Thu Sep 1 16:34:03 2016 +0200;1472740443
749ee6065c0164d053305e489ca9ce4cd3754b00;749ee6065c;-;-;Thu Sep 1 16:23:08 2016 +0200;1472739788;-;-;Thu Sep 1 16:23:08 2016 +0200;1472739788
76ed101a23e0e33fde601f783024cc91582d01bf;76ed101a23;-;-;Thu Sep 1 15:41:44 2016 +0200;1472737304;-;-;Thu Sep 1 15:42:50 2016 +0200;1472737370
dcade06fa01e48483f70336dc8a4ddcf0c2ae5ab;dcade06fa0;-;-;Fri Aug 12 10:49:37 2016 +0200;1470991777;-;-;Thu Sep 1 15:30:47 2016 +0200;1472736647
48d67a245b0d7742a6a2bf0b5e801c5e00bc91bf;48d67a245b;-;-;Thu Sep 1 14:43:59 2016 +0200;1472733839;-;-;Thu Sep 1 14:48:16 2016 +0200;1472734096
b4641b2306820a35f4d58bdd2bf08fb1818cb9dd;b4641b2306;-;-;Thu Sep 1 14:42:56 2016 +0200;1472733776;-;-;Thu Sep 1 14:48:16 2016 +0200;1472734096
f1319f58ec8a74067bc7792ca7e0977e99cc8b11;f1319f58ec;-;-;Wed Jul 27 10:19:26 2016 +0200;1469607566;-;-;Thu Sep 1 14:38:13 2016 +0200;1472733493
18e491ac0a1f26b00ffc41683c46467b13a77b7f;18e491ac0a;-;-;Thu Sep 1 13:51:25 2016 +0200;1472730685;-;-;Thu Sep 1 13:51:25 2016 +0200;1472730685
d9eaa5f3ac8a2f7151b067cf4db027319c2c958a;d9eaa5f3ac;-;-;Thu Sep 1 13:38:42 2016 +0200;1472729922;-;-;Thu Sep 1 13:38:42 2016 +0200;1472729922
1cf503f939b7d0d8b775bcd62729139933808413;1cf503f939;-;-;Thu Sep 1 12:49:01 2016 +0200;1472726941;-;-;Thu Sep 1 12:49:01 2016 +0200;1472726941
aff914c98ef20752b53558fe37e894514fc537c4;aff914c98e;-;-;Thu Sep 1 12:41:55 2016 +0200;1472726515;-;-;Thu Sep 1 12:41:55 2016 +0200;1472726515
35cf4f173b1320e0a2684a97e2cac23168c22158;35cf4f173b;-;-;Thu Sep 1 11:16:01 2016 +0200;1472721361;-;-;Thu Sep 1 11:16:01 2016 +0200;1472721361
feb02f813e4fef7b14cb28f34b491bd47483eda2;feb02f813e;-;-;Wed Aug 31 20:52:39 2016 +0200;1472669559;-;-;Wed Aug 31 20:52:39 2016 +0200;1472669559
e574820dc92d44cbeff18e1041e1575c8ee0ff54;e574820dc9;-;-;Wed Aug 31 20:29:08 2016 +0200;1472668148;-;-;Wed Aug 31 20:29:08 2016 +0200;1472668148
ab7b5e5c77f9408e4fab04e8661a93f97acdd6e9;ab7b5e5c77;-;-;Wed Aug 31 19:35:00 2016 +0200;1472664900;-;-;Wed Aug 31 19:35:00 2016 +0200;1472664900
09f16747b582faf12598c63e929a0e8a48be4317;09f16747b5;-;-;Wed Aug 31 10:00:36 2016 -0500;1472655636;-;-;Wed Aug 31 11:38:24 2016 -0500;1472661504
634d1c03a3d4b55b44c23c0b240a786331f12659;634d1c03a3;-;-;Wed Aug 31 16:11:58 2016 +0200;1472652718;-;-;Wed Aug 31 16:11:58 2016 +0200;1472652718
1a30252fc902f035ab200d59141136ad4a2d61ef;1a30252fc9;-;-;Wed Aug 31 14:45:22 2016 +0200;1472647522;-;-;Wed Aug 31 14:45:22 2016 +0200;1472647522
e08b1b75b6a086ee03e667671d60fcb02878973b;e08b1b75b6;-;-;Wed Aug 31 14:43:39 2016 +0200;1472647419;-;-;Wed Aug 31 14:43:39 2016 +0200;1472647419
faf6e5d8fa05d25504a2f8dcd1ced4931aa82f11;faf6e5d8fa;-;-;Wed Aug 31 14:42:08 2016 +0200;1472647328;-;-;Wed Aug 31 14:42:08 2016 +0200;1472647328
7a8877632934c2baa94b795f62f201757e25198b;7a88776329;-;-;Wed Aug 31 10:43:11 2016 +0200;1472632991;-;-;Wed Aug 31 10:43:11 2016 +0200;1472632991
ab9fea6b8d05da402ef01e3dcc3c925805dc801f;ab9fea6b8d;-;-;Wed Aug 31 01:53:03 2016 +0200;1472601183;-;-;Wed Aug 31 02:08:31 2016 +0200;1472602111
31c564469138e13a6599fa8512f10fb8eb3ad662;31c5644691;-;-;Tue Aug 30 23:58:14 2016 +0200;1472594294;-;-;Tue Aug 30 23:58:14 2016 +0200;1472594294
4ef428de28b2a7e869b512b360bf43fa5b6d4084;4ef428de28;-;-;Tue Aug 30 23:57:11 2016 +0200;1472594231;-;-;Tue Aug 30 23:57:11 2016 +0200;1472594231
03609c15188c727f576487193f0512791393f443;03609c1518;-;-;Tue Aug 30 23:56:58 2016 +0200;1472594218;-;-;Tue Aug 30 23:56:58 2016 +0200;1472594218
58fa63fdd109af831d8c674f640029b43a03b5ed;58fa63fdd1;-;-;Tue Aug 30 20:50:02 2016 +0200;1472583002;-;-;Tue Aug 30 20:50:02 2016 +0200;1472583002
391752abc2880de14471841f5a0a627a4cf3c802;391752abc2;-;-;Tue Aug 30 14:36:19 2016 -0400;1472582179;-;-;Tue Aug 30 14:36:19 2016 -0400;1472582179
436486b8a1cab5a37a415c7560ee6dea8014bf9b;436486b8a1;-;-;Tue Aug 30 13:02:16 2016 -0400;1472576536;-;-;Tue Aug 30 13:04:58 2016 -0400;1472576698
e7aecb44bb9c08f63b1fefec3c2ef829616c2e03;e7aecb44bb;-;-;Tue Aug 30 13:43:59 2016 +0300;1472553839;-;-;Tue Aug 30 16:40:49 2016 +0200;1472568049
16879a2cf0829047188b0f9b1b11ff87af10ab69;16879a2cf0;-;-;Mon Aug 29 14:12:32 2016 -0400;1472494352;-;-;Tue Aug 30 09:26:15 2016 -0400;1472563575
2aab08f093266ff910c126930f3130bd3b798922;2aab08f093;-;-;Tue Aug 30 12:59:40 2016 +0200;1472554780;-;-;Tue Aug 30 12:59:40 2016 +0200;1472554780
b19d3fc0e1342f43d658dc7a90607063638bbdb9;b19d3fc0e1;-;-;Tue Aug 30 12:58:44 2016 +0200;1472554724;-;-;Tue Aug 30 12:58:44 2016 +0200;1472554724
58ffca76c3da0c8af39bbbb569b00ee0bde2546e;58ffca76c3;-;-;Tue Aug 30 12:57:46 2016 +0200;1472554666;-;-;Tue Aug 30 12:57:46 2016 +0200;1472554666
960d335c35a9aaacc71e8ac8afb7fb915dd6530d;960d335c35;-;-;Tue Aug 30 11:50:40 2016 +0200;1472550640;-;-;Tue Aug 30 11:50:40 2016 +0200;1472550640
e8530c917e3f267ce82df0050d3f914552ac6145;e8530c917e;-;-;Tue Aug 30 11:06:40 2016 +0200;1472548000;-;-;Tue Aug 30 11:06:40 2016 +0200;1472548000
c399b4b3ad94c673d99caeff43f0dc8a6c66d9d2;c399b4b3ad;-;-;Tue Aug 30 10:42:32 2016 +0200;1472546552;-;-;Tue Aug 30 10:42:32 2016 +0200;1472546552
204a50ee6c9c77ec1f6be479af2e979991130da1;204a50ee6c;-;-;Mon Aug 29 21:06:35 2016 -0400;1472519195;-;-;Mon Aug 29 21:06:35 2016 -0400;1472519195
4d3c3056edc983c1afe13d055aeb443bd96bd473;4d3c3056ed;-;-;Mon Aug 29 19:48:02 2016 -0400;1472514482;-;-;Mon Aug 29 19:49:24 2016 -0400;1472514564
8b4f60b8e555a7bfdaf2ab4a08922b359ff62933;8b4f60b8e5;-;-;Mon Aug 29 18:30:17 2016 -0400;1472509817;-;-;Mon Aug 29 18:31:19 2016 -0400;1472509879
3b95e0b6e0db3a08f3ca0d857ef1a3b74142500f;3b95e0b6e0;-;-;Mon Aug 29 16:27:24 2016 -0400;1472502444;-;-;Mon Aug 29 16:27:24 2016 -0400;1472502444
417a9d455965d3ce3eabf684c348ce1a1fd3b743;417a9d4559;-;-;Mon Aug 29 15:13:25 2016 +0200;1472476405;-;-;Mon Aug 29 16:22:25 2016 +0200;1472480545
b6220cc19d3cb924f8a62c77977732ea5e8340dc;b6220cc19d;-;-;Mon Aug 29 15:47:38 2016 +0200;1472478458;-;-;Mon Aug 29 15:47:38 2016 +0200;1472478458
d6d05e8ca04b43abcd4d78004dd509517489abf4;d6d05e8ca0;-;-;Mon Aug 29 15:25:10 2016 +0200;1472477110;-;-;Mon Aug 29 15:25:10 2016 +0200;1472477110
9d21abcd37a3a6f7626418b67b529e6c1d0b1aa9;9d21abcd37;-;-;Mon Aug 29 15:17:59 2016 +0200;1472476679;-;-;Mon Aug 29 15:17:59 2016 +0200;1472476679
54d6f250e2c496a4c6ce82392418a962eca40991;54d6f250e2;-;-;Mon Aug 29 13:43:38 2016 +0200;1472471018;-;-;Mon Aug 29 13:43:38 2016 +0200;1472471018
899ebd8ee2e7acdc6bc0296d0c0db332cc4b43a5;899ebd8ee2;-;-;Mon Aug 29 11:54:21 2016 +0200;1472464461;-;-;Mon Aug 29 11:54:21 2016 +0200;1472464461
728a5481997aa1742a2dc60a8a84393efd3a8489;728a548199;-;-;Mon Aug 29 11:53:00 2016 +0200;1472464380;-;-;Mon Aug 29 11:53:00 2016 +0200;1472464380
655097a34307e8eccd70f90707a4fbc8c8742e93;655097a343;-;-;Sun Aug 28 21:16:59 2016 +0200;1472411819;-;-;Sun Aug 28 21:16:59 2016 +0200;1472411819
eb193aea5f87ab4ad9cf6e236c247d84721f8235;eb193aea5f;-;-;Sun Aug 28 17:49:58 2016 +0200;1472399398;-;-;Sun Aug 28 17:49:58 2016 +0200;1472399398
57cb7c7e0a6b7979ab38cf6e47f2e0a33a062bad;57cb7c7e0a;-;-;Fri Aug 26 20:04:23 2016 +0200;1472234663;-;-;Fri Aug 26 20:04:23 2016 +0200;1472234663
dfdfd72a3e63683395b316e96bd45c3a363c9665;dfdfd72a3e;-;-;Fri Aug 26 18:33:13 2016 +0200;1472229193;-;-;Fri Aug 26 18:59:40 2016 +0200;1472230780
b84fefc430cdf10d428b02f6d61009b7460ae26f;b84fefc430;-;-;Fri Aug 26 17:56:00 2016 +0200;1472226960;-;-;Fri Aug 26 17:56:00 2016 +0200;1472226960
7fdb892042750be534c4a677b2bdc01d7ede8bd8;7fdb892042;-;-;Fri Aug 26 10:33:41 2016 -0400;1472222021;-;-;Fri Aug 26 10:38:03 2016 -0400;1472222283
d8fc13f6fc9076a46cd7b32e6cd4fa6d6198ac0e;d8fc13f6fc;-;-;Fri Aug 26 15:33:02 2016 +0200;1472218382;-;-;Fri Aug 26 15:48:47 2016 +0200;1472219327
5998a297ce1866c1f16f508ab443ae8e3293c21e;5998a297ce;-;-;Fri Aug 26 14:43:40 2016 +0200;1472215420;-;-;Fri Aug 26 14:43:40 2016 +0200;1472215420
2e4a7480fc74f08aa23fb3a069dc2b53645f6a9d;2e4a7480fc;-;-;Fri Aug 26 14:16:19 2016 +0200;1472213779;-;-;Fri Aug 26 14:16:19 2016 +0200;1472213779
50040e61396118e192e7daef6dc4437bc9f6da36;50040e6139;-;-;Fri Aug 26 13:57:18 2016 +0200;1472212638;-;-;Fri Aug 26 13:57:18 2016 +0200;1472212638
14046575b01de752ce63191c9fd2d2fb2f2048c2;14046575b0;-;-;Fri Aug 26 13:27:33 2016 +0200;1472210853;-;-;Fri Aug 26 13:27:33 2016 +0200;1472210853
a8f7f75f648dcafc5750f820bcb97a5c753594e1;a8f7f75f64;-;-;Fri Aug 26 11:14:02 2016 +0200;1472202842;-;-;Fri Aug 26 11:14:02 2016 +0200;1472202842
bbd5993945f91fdfcaecf86fc43e22e073753a36;bbd5993945;-;-;Fri Aug 26 09:38:19 2016 +0200;1472197099;-;-;Fri Aug 26 09:38:19 2016 +0200;1472197099
f93cb2f539e9fa7b371dfec05a45c91b423d6a96;f93cb2f539;-;-;Thu Aug 25 17:14:09 2016 +0200;1472138049;-;-;Thu Aug 25 17:14:09 2016 +0200;1472138049
ab7107c4c5bfc73c474c52b7cd73546fa63a00db;ab7107c4c5;-;-;Sat Jul 30 13:52:11 2016 +0200;1469879531;-;-;Thu Aug 25 15:49:07 2016 +0200;1472132947
f2faf84f317fa01d7316cb77c8405c30570085cf;f2faf84f31;-;-;Thu Aug 25 14:21:25 2016 +0200;1472127685;-;-;Thu Aug 25 14:26:58 2016 +0200;1472128018
41f7680e201aba8507bc7d55002ac49620aea6dd;41f7680e20;-;-;Thu Aug 25 00:20:18 2016 +0200;1472077218;-;-;Thu Aug 25 00:20:18 2016 +0200;1472077218
c4fcdb68648f24a7f1fb3e40e94aa89870866dae;c4fcdb6864;-;-;Wed Aug 24 22:56:47 2016 +0200;1472072207;-;-;Wed Aug 24 22:56:47 2016 +0200;1472072207
405e74b6ae3b1863d9809f199b74b083e5b150fe;405e74b6ae;-;-;Wed Aug 24 21:23:57 2016 +0200;1472066637;-;-;Wed Aug 24 21:23:57 2016 +0200;1472066637
f3f691cc373ce8a63fdb7043655ef66f28506481;f3f691cc37;-;-;Wed Aug 24 21:04:01 2016 +0200;1472065441;-;-;Wed Aug 24 21:04:01 2016 +0200;1472065441
56b197bce1491f18f33d7c33de483a49682e6d52;56b197bce1;-;-;Wed Aug 24 20:12:01 2016 +0200;1472062321;-;-;Wed Aug 24 20:12:01 2016 +0200;1472062321
bbc85ea466bda4539caf96990df37dfad5958751;bbc85ea466;-;-;Wed Aug 24 15:05:43 2016 +0200;1472043943;-;-;Wed Aug 24 15:08:12 2016 +0200;1472044092
951ac5ea4f36d2c7b0271e75019d1856d1081c82;951ac5ea4f;-;-;Wed Aug 24 14:31:02 2016 +0200;1472041862;-;-;Wed Aug 24 14:31:02 2016 +0200;1472041862
3d297b10e94a0db8e3bf4060e9c52aa54e1161ab;3d297b10e9;-;-;Wed Aug 24 14:29:45 2016 +0200;1472041785;-;-;Wed Aug 24 14:29:45 2016 +0200;1472041785
d9d84ff3886621d8613d6791d230bafadf46ed52;d9d84ff388;-;-;Wed Aug 24 11:40:24 2016 +0200;1472031624;-;-;Wed Aug 24 11:40:24 2016 +0200;1472031624
d047174c6bce23c3f35590bc2e7ea63cce06838d;d047174c6b;-;-;Wed Aug 24 11:40:18 2016 +0200;1472031618;-;-;Wed Aug 24 11:40:18 2016 +0200;1472031618
e4575330c375c68a9a9e4c650ac381919e4d3c81;e4575330c3;-;-;Tue Aug 23 16:10:41 2016 +0200;1471961441;-;-;Tue Aug 23 16:10:41 2016 +0200;1471961441
93d2287894944c6e7346e484e7d584a76325b543;93d2287894;-;-;Tue Aug 23 13:21:40 2016 +0200;1471951300;-;-;Tue Aug 23 13:21:40 2016 +0200;1471951300
c4fff6db1b5d35b65f01229fd057daab3bd730e2;c4fff6db1b;-;-;Tue Aug 23 13:20:02 2016 +0200;1471951202;-;-;Tue Aug 23 13:20:02 2016 +0200;1471951202
64bc0ca744781af2bf96412ced0f439fc98ee00d;64bc0ca744;-;-;Wed Aug 17 18:07:47 2016 +0200;1471450067;-;-;Tue Aug 23 11:17:12 2016 +0200;1471943832
e05a13841ff1225c9fa6fc57c959f742660394f9;e05a13841f;-;-;Mon Aug 22 19:14:49 2016 +0200;1471886089;-;-;Mon Aug 22 19:14:49 2016 +0200;1471886089
9629afbcfd9c315b74297460a465c1433a721fe2;9629afbcfd;-;-;Mon Aug 22 16:30:14 2016 +0200;1471876214;-;-;Mon Aug 22 16:30:14 2016 +0200;1471876214
e6353f0ec7d92e4174044be05ac13b14732229b2;e6353f0ec7;-;-;Mon Aug 22 14:50:18 2016 +0200;1471870218;-;-;Mon Aug 22 14:50:18 2016 +0200;1471870218
c64cdcc47f2f49b2ed630eaa8026fde3c62130e2;c64cdcc47f;-;-;Mon Aug 22 14:10:12 2016 +0200;1471867812;-;-;Mon Aug 22 14:10:12 2016 +0200;1471867812
d48c32e7f67c5c891b1acbdc228971b7bb3a611c;d48c32e7f6;-;-;Fri Aug 19 12:30:52 2016 -0500;1471627852;-;-;Fri Aug 19 12:56:36 2016 -0500;1471629396
3d68806ca1397abd5cba972028dd392a84c5df2a;3d68806ca1;-;-;Fri Aug 19 12:28:41 2016 -0500;1471627721;-;-;Fri Aug 19 12:56:29 2016 -0500;1471629389
b183934ed4a09d8f27b48fb492b6d3a614ddab43;b183934ed4;-;-;Fri Aug 19 14:22:21 2016 +0200;1471609341;-;-;Fri Aug 19 14:22:21 2016 +0200;1471609341
74511181de0636fdf07ebe187057e30e835e3ef7;74511181de;-;-;Fri Aug 19 13:52:39 2016 +0200;1471607559;-;-;Fri Aug 19 13:52:39 2016 +0200;1471607559
7bb4ab68423ef710ffa92dc1fad3fc668ba6d051;7bb4ab6842;-;-;Thu Aug 18 12:31:21 2016 +0200;1471516281;-;-;Thu Aug 18 12:58:02 2016 +0200;1471517882
5ee65cd4b15e4fc7b19aa2814c46fbfadbf74ac0;5ee65cd4b1;-;-;Thu Aug 18 10:17:01 2016 +0200;1471508221;-;-;Thu Aug 18 10:17:01 2016 +0200;1471508221
453822817f53a26331672423c588576aec3d28b4;453822817f;-;-;Thu Aug 18 10:15:48 2016 +0200;1471508148;-;-;Thu Aug 18 10:15:48 2016 +0200;1471508148
d2e3a1a4f5c1407cd4bd1fcb3dd556dbe87c83c3;d2e3a1a4f5;-;-;Thu Aug 18 09:05:47 2016 +0200;1471503947;-;-;Thu Aug 18 09:05:47 2016 +0200;1471503947
53819c472fd0d47ca2178800982dfbf0907d0eb2;53819c472f;-;-;Wed Aug 17 22:31:13 2016 +0200;1471465873;-;-;Wed Aug 17 22:33:21 2016 +0200;1471466001
f1ab37cd01c42742eb0228bf14e40bbcbbd0834b;f1ab37cd01;-;-;Wed Aug 17 22:12:47 2016 +0200;1471464767;-;-;Wed Aug 17 22:12:47 2016 +0200;1471464767
b4db161880b5a1e135bb237eb9c6fc3532e7bd34;b4db161880;-;-;Wed Aug 17 22:11:55 2016 +0200;1471464715;-;-;Wed Aug 17 22:11:55 2016 +0200;1471464715
cf9b4d1e0bf30713ff65d112053ae97ff95607dd;cf9b4d1e0b;-;-;Wed Aug 17 21:10:37 2016 +0200;1471461037;-;-;Wed Aug 17 21:54:40 2016 +0200;1471463680
ab0d523cc067adbb60cb8b17eeb8d810f38bd5ed;ab0d523cc0;-;-;Wed Aug 17 20:43:41 2016 +0200;1471459421;-;-;Wed Aug 17 21:54:40 2016 +0200;1471463680
1cad98dd316475b1855c31ab28e705a89baadb28;1cad98dd31;-;-;Wed Aug 17 17:40:58 2016 +0200;1471448458;-;-;Wed Aug 17 17:40:58 2016 +0200;1471448458
022b013563b55dd03c88c0d3a200bec90c7ac58c;022b013563;-;-;Wed Aug 17 17:13:28 2016 +0200;1471446808;-;-;Wed Aug 17 17:13:28 2016 +0200;1471446808
4b06b60007bc737681457ac7184f070b1162f51a;4b06b60007;-;-;Wed Aug 17 16:59:16 2016 +0200;1471445956;-;-;Wed Aug 17 16:59:16 2016 +0200;1471445956
6a0d9d3d97820c47d13cc296b08b6c06a51cfbcd;6a0d9d3d97;-;-;Wed Aug 17 11:29:49 2016 +0200;1471426189;-;-;Wed Aug 17 11:29:49 2016 +0200;1471426189
a1b167a9887f9356c58a6fc71cb4128a91adc185;a1b167a988;-;-;Wed Aug 17 00:53:38 2016 +0200;1471388018;-;-;Wed Aug 17 00:53:38 2016 +0200;1471388018
433764d2179e649dc869b759551c467c19be543a;433764d217;-;-;Wed Aug 17 00:47:50 2016 +0200;1471387670;-;-;Wed Aug 17 00:47:50 2016 +0200;1471387670
214c919742aff3a75b8f2ef4adfbdd57e2ee7f6f;214c919742;-;-;Wed Aug 17 00:43:41 2016 +0200;1471387421;-;-;Wed Aug 17 00:43:41 2016 +0200;1471387421
e802f0e73111ea80fabe812e2f73d357f6823daa;e802f0e731;-;-;Tue Aug 16 14:00:13 2016 +0200;1471348813;-;-;Tue Aug 16 14:00:13 2016 +0200;1471348813
0d59a158499310ac882bca566d7aa16077fb5ee4;0d59a15849;-;-;Tue Aug 16 13:45:10 2016 +0200;1471347910;-;-;Tue Aug 16 13:45:10 2016 +0200;1471347910
c17c43a1fe4e60c460dfcb2d5bc896a79baf5d35;c17c43a1fe;-;-;Tue Aug 16 11:42:54 2016 +0200;1471340574;-;-;Tue Aug 16 11:42:54 2016 +0200;1471340574
669fd8085478d96e7d2b7c8b8a0bd97f43cafe16;669fd80854;-;-;Mon Aug 15 21:07:21 2016 +0200;1471288041;-;-;Mon Aug 15 21:26:39 2016 +0200;1471289199
ed467f542aecfee63e27b07f29f84e239854ff05;ed467f542a;-;-;Mon Aug 15 21:06:30 2016 +0200;1471287990;-;-;Mon Aug 15 21:07:35 2016 +0200;1471288055
966baea91083844bfc7644abcde08a74e77e5244;966baea910;-;-;Fri Aug 12 20:43:01 2016 -0500;1471052581;-;-;Fri Aug 12 20:43:01 2016 -0500;1471052581
1ac8e1c949ce1f5137969a737875661e03ea2635;1ac8e1c949;-;-;Thu Aug 11 23:45:50 2016 +0200;1470951950;-;-;Thu Aug 11 23:50:54 2016 +0200;1470952254
8b5d3559f52ae3240008e032ebfce8975278a666;8b5d3559f5;-;-;Thu Aug 11 22:56:14 2016 +0200;1470948974;-;-;Thu Aug 11 22:56:14 2016 +0200;1470948974
6157fad91f9dd9ca87299ffd1762f258eb049f79;6157fad91f;-;-;Thu Aug 11 22:42:06 2016 +0200;1470948126;-;-;Thu Aug 11 22:42:06 2016 +0200;1470948126
eeeab27f1f24989e1791d173edb7d7f8f1605c98;eeeab27f1f;-;-;Wed Aug 10 16:21:35 2016 +0200;1470838895;-;-;Wed Aug 10 16:42:21 2016 +0200;1470840141
2a4ee07cb31bbd02d75585321bf3b56128c54647;2a4ee07cb3;-;-;Wed Aug 10 14:23:19 2016 +0200;1470831799;-;-;Wed Aug 10 14:23:37 2016 +0200;1470831817
59a24b406acfd414c380f90e8ff166a895c3de93;59a24b406a;-;-;Wed Aug 10 14:20:42 2016 +0200;1470831642;-;-;Wed Aug 10 14:20:42 2016 +0200;1470831642
a4b6682c3e9c8164b05a97953549fd2c47c3e2c0;a4b6682c3e;-;-;Wed Aug 10 14:18:41 2016 +0200;1470831521;-;-;Wed Aug 10 14:18:41 2016 +0200;1470831521
02e947771144de71c59ea0cc7cf4822e81bb7ca3;02e9477711;-;-;Wed Aug 10 10:44:48 2016 +0200;1470818688;-;-;Wed Aug 10 10:44:48 2016 +0200;1470818688
fae503d5681f0c08936e68bf9bb6f61713adc84f;fae503d568;-;-;Tue Aug 9 21:24:38 2016 +0200;1470770678;-;-;Tue Aug 9 21:24:38 2016 +0200;1470770678
106bda72947ab7b5cae6f2f4c66acdb66a934f3a;106bda7294;-;-;Tue Aug 9 18:07:10 2016 +0200;1470758830;-;-;Tue Aug 9 18:07:10 2016 +0200;1470758830
8acceba641725398e02cb59de6f8ca72f499f2c0;8acceba641;-;-;Tue Aug 9 12:29:15 2016 +0200;1470738555;-;-;Tue Aug 9 12:42:57 2016 +0200;1470739377
eae079ac2bf054ea64d4078d25e6cd0374bc6562;eae079ac2b;-;-;Tue Aug 9 10:44:10 2016 +0200;1470732250;-;-;Tue Aug 9 10:44:10 2016 +0200;1470732250
47e9360d62a2474e4cb04caaaaa0a1c32ab14e27;47e9360d62;-;-;Tue Aug 9 10:43:50 2016 +0200;1470732230;-;-;Tue Aug 9 10:43:50 2016 +0200;1470732230
62e08a5ebe1107febf11fc260edf800d9d8f42b2;62e08a5ebe;-;-;Mon Aug 8 16:48:44 2016 -0400;1470689324;-;-;Mon Aug 8 16:48:44 2016 -0400;1470689324
cc288a0c4a1fbfa01fe4e18e915ff9567464dd83;cc288a0c4a;-;-;Mon Aug 8 15:52:16 2016 -0400;1470685936;-;-;Mon Aug 8 16:42:30 2016 -0400;1470688950
526ce28ef0a690c70274e5ca3904e7dc860ade98;526ce28ef0;-;-;Mon Aug 8 16:01:02 2016 +0200;1470664862;-;-;Mon Aug 8 16:01:02 2016 +0200;1470664862
36143692ac434228d741dd9c80ba4a8378f3214e;36143692ac;-;-;Mon Aug 8 14:48:05 2016 +0200;1470660485;-;-;Mon Aug 8 14:48:05 2016 +0200;1470660485
d69afaada8ecdbb7ec2707a1e793792ef314a105;d69afaada8;-;-;Mon Aug 8 13:46:57 2016 +0200;1470656817;-;-;Mon Aug 8 13:46:57 2016 +0200;1470656817
d128830605a0d6c393c144253be07268fc6e3ce7;d128830605;-;-;Mon Aug 8 13:21:52 2016 +0200;1470655312;-;-;Mon Aug 8 13:21:52 2016 +0200;1470655312
aeec1245eb63fca0a3c339e3fcbda5f468ac6973;aeec1245eb;-;-;Mon Aug 8 13:20:27 2016 +0200;1470655227;-;-;Mon Aug 8 13:20:27 2016 +0200;1470655227
5531e807248e3155e7509bea9c1adcc58592157e;5531e80724;-;-;Mon Aug 8 11:13:17 2016 +0200;1470647597;-;-;Mon Aug 8 11:24:21 2016 +0200;1470648261
e4ccbc964a3717cd31faaeb0a421eeff082e6aa6;e4ccbc964a;-;-;Sat Aug 6 17:42:06 2016 +0200;1470498126;-;-;Sat Aug 6 17:42:06 2016 +0200;1470498126
8aadb8d1936e1b362f4836daf8d94a29617712cb;8aadb8d193;-;-;Fri Aug 5 01:20:02 2016 -0700;1470385202;-;-;Sat Aug 6 17:15:36 2016 +0200;1470496536
e86529ec9042705edcd086c4e2f00c58c6c118bd;e86529ec90;-;-;Thu Aug 4 11:11:15 2016 -0700;1470334275;-;-;Thu Aug 4 11:20:38 2016 -0700;1470334838
fad931d76487e65848bc39c3cbcb6e3def5e6201;fad931d764;-;-;Thu Aug 4 03:07:14 2016 +0200;1470272834;-;-;Thu Aug 4 03:07:14 2016 +0200;1470272834
8109a8c288be9140b1304ed52c3a00839c8cb3bc;8109a8c288;-;-;Thu Aug 4 03:04:33 2016 +0200;1470272673;-;-;Thu Aug 4 03:04:33 2016 +0200;1470272673
dfef4e09daf17c3e37226199309423db790b2ce7;dfef4e09da;-;-;Wed Aug 3 15:39:44 2016 -0700;1470263984;-;-;Wed Aug 3 15:39:44 2016 -0700;1470263984
7af97c38ce5fc79582dfd0c7b0167ac4016a3f63;7af97c38ce;-;-;Tue Aug 2 14:57:49 2016 -0700;1470175069;-;-;Tue Aug 2 14:57:49 2016 -0700;1470175069
6b616bad9cde2a56f97633bcc611316fec322bcc;6b616bad9c;-;-;Sat Jul 30 12:55:21 2016 +0200;1469876121;-;-;Sat Jul 30 12:55:21 2016 +0200;1469876121
0a5e5776c1fd2c6e4d2a1ec5ed5085a6980f33fc;0a5e5776c1;-;-;Thu Jul 28 10:54:14 2016 +0200;1469696054;-;-;Thu Jul 28 10:54:14 2016 +0200;1469696054
5ac7a32c8aa50626a13abee37f8f2f2b087f91cf;5ac7a32c8a;-;-;Thu Jul 28 10:51:29 2016 +0200;1469695889;-;-;Thu Jul 28 10:51:29 2016 +0200;1469695889
d96a66ae8fc01cb480132e909b320a6c6addbfde;d96a66ae8f;-;-;Thu Jul 28 00:06:13 2016 +0200;1469657173;-;-;Thu Jul 28 00:06:13 2016 +0200;1469657173
460ed307ed4177834db1c81647ccf63430955a65;460ed307ed;-;-;Wed Jul 27 17:03:56 2016 -0400;1469653436;-;-;Wed Jul 27 17:03:56 2016 -0400;1469653436
143b5c89dd7c9e9d603ccb289943ae45e262c8c5;143b5c89dd;-;-;Wed Jul 27 16:59:53 2016 -0400;1469653193;-;-;Wed Jul 27 17:00:27 2016 -0400;1469653227
79bc227c9d976aa7a7fddf07e4815b60e1c27df7;79bc227c9d;-;-;Wed Jul 27 15:45:15 2016 -0400;1469648715;-;-;Wed Jul 27 17:00:27 2016 -0400;1469653227
328e04f16732cc83be882670fec42421b88aa8e4;328e04f167;-;-;Wed Jul 27 22:37:25 2016 +0200;1469651845;-;-;Wed Jul 27 22:37:25 2016 +0200;1469651845
3ab21741f9926ee59b64e147de59c077e55b3dca;3ab21741f9;-;-;Wed Jul 27 13:26:51 2016 -0400;1469640411;-;-;Wed Jul 27 13:26:51 2016 -0400;1469640411
3ffeec97cb1349a7c8633276f367c0877f9045f5;3ffeec97cb;-;-;Wed Jul 27 12:35:23 2016 -0400;1469637323;-;-;Wed Jul 27 12:35:23 2016 -0400;1469637323
fffea060565a212eb95b4c767a3d1cb111d0a62a;fffea06056;-;-;Wed Jul 27 16:22:26 2016 +0200;1469629346;-;-;Wed Jul 27 16:22:26 2016 +0200;1469629346
5db449556b869b5dac699a262fd764f58688a2ef;5db449556b;-;-;Wed Jul 27 16:21:55 2016 +0200;1469629315;-;-;Wed Jul 27 16:21:55 2016 +0200;1469629315
316244d2bdcb288ef4e6ff58daef6da0511fe765;316244d2bd;-;-;Wed Jul 27 16:21:48 2016 +0200;1469629308;-;-;Wed Jul 27 16:21:48 2016 +0200;1469629308
fd9e88d37275ee450086e3e97426a91969cc2c10;fd9e88d372;-;-;Wed Jul 27 13:44:44 2016 +0200;1469619884;-;-;Wed Jul 27 13:44:44 2016 +0200;1469619884
6d5af60a7ca39389efe99aafecdc4f7d877729f0;6d5af60a7c;-;-;Wed Jul 27 12:11:58 2016 +0200;1469614318;-;-;Wed Jul 27 12:11:58 2016 +0200;1469614318
06edd232b3016214db610f125b528ad9ffdbbc12;06edd232b3;-;-;Wed Jul 27 12:11:48 2016 +0200;1469614308;-;-;Wed Jul 27 12:11:48 2016 +0200;1469614308
c5677f725e268055f174128c3867342b4d662003;c5677f725e;-;-;Tue Jul 26 22:33:21 2016 +0200;1469565201;-;-;Tue Jul 26 22:33:21 2016 +0200;1469565201
02374d7450eaa8d3bad3c356531b007ac7b23438;02374d7450;-;-;Tue Jul 26 21:29:34 2016 +0200;1469561374;-;-;Tue Jul 26 21:29:34 2016 +0200;1469561374
b9ab895743011637441679008b0cbfbfcc6dc01c;b9ab895743;-;-;Tue Jul 26 21:26:31 2016 +0200;1469561191;-;-;Tue Jul 26 21:26:31 2016 +0200;1469561191
e03dea1d64ad1e17f8cbe4a879cd8c9e0ebae8db;e03dea1d64;-;-;Tue Jul 26 17:15:15 2016 +0200;1469546115;-;-;Tue Jul 26 17:15:19 2016 +0200;1469546119
7b564b72a187700628719a3e1df9f4ffdb33b56d;7b564b72a1;-;-;Tue Jul 26 10:23:12 2016 -0400;1469542992;-;-;Tue Jul 26 10:23:26 2016 -0400;1469543006
c13f8419f931c2875560cfd4c9aaedf48908c63f;c13f8419f9;-;-;Tue Jul 26 15:39:32 2016 +0200;1469540372;-;-;Tue Jul 26 15:39:32 2016 +0200;1469540372
3d6a5bcd667f37f7db71d74d4be2358e3235821c;3d6a5bcd66;-;-;Tue Jul 26 15:37:55 2016 +0200;1469540275;-;-;Tue Jul 26 15:37:55 2016 +0200;1469540275
7ff9f0a8e96eb948aa3539bbfcc41110b12d5d48;7ff9f0a8e9;-;-;Tue Jul 26 14:02:33 2016 +0200;1469534553;-;-;Tue Jul 26 14:02:33 2016 +0200;1469534553
195467083c20f22c69903298c3997241bebbd510;195467083c;-;-;Tue Jul 26 01:23:39 2016 +0200;1469489019;-;-;Tue Jul 26 01:23:39 2016 +0200;1469489019
e4def2f55d29b9aeac559f23a8b9872c58cdbf65;e4def2f55d;-;-;Tue Jul 26 00:54:53 2016 +0200;1469487293;-;-;Tue Jul 26 00:54:53 2016 +0200;1469487293
5cf8b695cb50206204636e8602b3c68d3d46b7c0;5cf8b695cb;-;-;Mon Jul 25 18:33:43 2016 -0400;1469486023;-;-;Mon Jul 25 18:34:39 2016 -0400;1469486079
af4415e1ba2bc7c2d0ec7a6c9a1604e5050f0394;af4415e1ba;-;-;Mon Jul 25 11:44:12 2016 -0400;1469461452;-;-;Mon Jul 25 18:34:39 2016 -0400;1469486079
c4cc91c009803328a40d400e6cfc0c85ae7c1704;c4cc91c009;-;-;Mon Jul 25 23:51:05 2016 +0200;1469483465;-;-;Mon Jul 25 23:51:05 2016 +0200;1469483465
ae288158861574ff778f28a9ee2f7d2f8b417916;ae28815886;-;-;Mon Jul 25 23:27:06 2016 +0200;1469482026;-;-;Mon Jul 25 23:27:06 2016 +0200;1469482026
75fc0f853865878f5bd59d462521b7e85b2b9723;75fc0f8538;-;-;Mon Jul 25 23:26:09 2016 +0200;1469481969;-;-;Mon Jul 25 23:26:09 2016 +0200;1469481969
9f2cb3e276e1513b5f93ff9a7e1621d98a3f485d;9f2cb3e276;-;-;Mon Jul 25 17:47:11 2016 +0200;1469461631;-;-;Mon Jul 25 17:47:11 2016 +0200;1469461631
3ab86c10c9645f74b0ef908477574e807d9fb771;3ab86c10c9;-;-;Mon Jul 25 17:43:58 2016 +0200;1469461438;-;-;Mon Jul 25 17:43:58 2016 +0200;1469461438
87a89c216c6eb7e6362ddfdace430f9578bd0df8;87a89c216c;-;-;Mon Jul 25 14:21:19 2016 +0200;1469449279;-;-;Mon Jul 25 14:21:19 2016 +0200;1469449279
c97bfd73adf1903211cbaf926c7e17d244614162;c97bfd73ad;-;-;Mon Jul 25 14:12:29 2016 +0200;1469448749;-;-;Mon Jul 25 14:12:29 2016 +0200;1469448749
01110f678d336370ffe6cb521aabe18bb767d906;01110f678d;-;-;Mon Jul 25 14:10:46 2016 +0200;1469448646;-;-;Mon Jul 25 14:10:46 2016 +0200;1469448646
0aeb306b6d0fe3cdb3e5fdb149dd066752534c38;0aeb306b6d;-;-;Mon Jul 25 12:35:14 2016 +0200;1469442914;-;-;Mon Jul 25 12:35:14 2016 +0200;1469442914
dd65f7acfc3ecb053f3f7b82a3a10e1a5d14b0ce;dd65f7acfc;-;-;Mon Jul 25 12:08:55 2016 +0200;1469441335;-;-;Mon Jul 25 12:08:55 2016 +0200;1469441335
249b79805912e0d9754411dcb020f1058aa5843b;249b798059;-;-;Mon Jul 25 12:06:35 2016 +0200;1469441195;-;-;Mon Jul 25 12:06:35 2016 +0200;1469441195
c316088dd20e5d284315387f94b90f5de602e375;c316088dd2;-;-;Mon Jul 25 10:12:03 2016 +0200;1469434323;-;-;Mon Jul 25 10:12:03 2016 +0200;1469434323
ecbec541067febac32538253930190f415aacf5a;ecbec54106;-;-;Sun Jul 24 17:10:32 2016 +0200;1469373032;-;-;Sun Jul 24 17:10:32 2016 +0200;1469373032
ed49ce838ee00df24e6aa89892ee168761c206d2;ed49ce838e;-;-;Sun Jul 24 15:34:03 2016 +0200;1469367243;-;-;Sun Jul 24 15:34:03 2016 +0200;1469367243
4a85309a049c59f4403ddfec225f23d8479ac8a6;4a85309a04;-;-;Sun Jul 24 15:31:00 2016 +0200;1469367060;-;-;Sun Jul 24 15:31:00 2016 +0200;1469367060
2a3e62ddfc9021a9b8340349bd678c25dfd39e7c;2a3e62ddfc;-;-;Sat Jul 23 17:23:32 2016 +0200;1469287412;-;-;Sat Jul 23 17:23:32 2016 +0200;1469287412
beb45aac69a6318d7eccd8782187787c5f21e09c;beb45aac69;-;-;Sat Jul 23 17:20:09 2016 +0200;1469287209;-;-;Sat Jul 23 17:20:09 2016 +0200;1469287209
2b6971a20e8bd92093ca9f4a9e1cf41426545c72;2b6971a20e;-;-;Sat Jul 23 17:17:50 2016 +0200;1469287070;-;-;Sat Jul 23 17:17:50 2016 +0200;1469287070
76aa7b1cd96124762750bde93802bb477524a3b6;76aa7b1cd9;-;-;Sat Jul 23 17:17:29 2016 +0200;1469287049;-;-;Sat Jul 23 17:17:29 2016 +0200;1469287049
cb1b1784050f2df22aa3715002917237d78f6450;cb1b178405;-;-;Sat Jul 23 17:15:18 2016 +0200;1469286918;-;-;Sat Jul 23 17:15:18 2016 +0200;1469286918
b2e848737cc7c5f5e4480bb4ad022f4110cf0ef6;b2e848737c;-;-;Sat Jul 23 14:34:12 2016 +0200;1469277252;-;-;Sat Jul 23 14:34:12 2016 +0200;1469277252
382a931e7daddb212a5c372f66823af76c6b0e2c;382a931e7d;-;-;Fri Jul 22 22:28:20 2016 +0200;1469219300;-;-;Fri Jul 22 22:28:20 2016 +0200;1469219300
e59a5993f37393b2bf6fe02e61f29de7d8b18eca;e59a5993f3;-;-;Fri Jul 22 22:27:58 2016 +0200;1469219278;-;-;Fri Jul 22 22:27:58 2016 +0200;1469219278
6e54ed0df1b3a99f2d0a5f8536df2f97c3537547;6e54ed0df1;-;-;Fri Jul 22 21:37:51 2016 +0200;1469216271;-;-;Fri Jul 22 21:37:51 2016 +0200;1469216271
10c90a677cb400ecee5fe06426aebeda4d0e707c;10c90a677c;-;-;Fri Jul 22 14:14:46 2016 -0400;1469211286;-;-;Fri Jul 22 14:14:46 2016 -0400;1469211286
b0d7625e3e0f8fe464f76b71f8b3f26f1ebadfc4;b0d7625e3e;-;-;Thu Jul 21 12:18:19 2016 +0200;1469096299;-;-;Fri Jul 22 12:47:46 2016 -0400;1469206066
0f6505e32f795646a06d5fd6d490147d43ffdf0c;0f6505e32f;-;-;Fri Jul 22 12:42:35 2016 -0400;1469205755;-;-;Fri Jul 22 12:42:35 2016 -0400;1469205755
101220bad1ac3b4082a08aff4e9c8254e71febaf;101220bad1;-;-;Fri Jul 22 00:17:13 2016 -0400;1469161033;-;-;Fri Jul 22 12:21:28 2016 -0400;1469204488
1a2ac8ea564b11eb333b8bdb4b169624a32b4550;1a2ac8ea56;-;-;Fri Jul 22 15:32:31 2016 +0200;1469194351;-;-;Fri Jul 22 15:33:59 2016 +0200;1469194439
436a98ec68aa4825c139c6975f1f510e77de186f;436a98ec68;-;-;Fri Jul 22 15:32:56 2016 +0200;1469194376;-;-;Fri Jul 22 15:32:56 2016 +0200;1469194376
78b6ba05696ac48799f4ced6c909e971927e7fff;78b6ba0569;-;-;Thu Jul 21 23:01:55 2016 +0200;1469134915;-;-;Thu Jul 21 23:01:55 2016 +0200;1469134915
3635c9dbfe0ca35459e0b9b722b01894044cdc6d;3635c9dbfe;-;-;Sun Mar 13 15:33:15 2016 +0100;1457879595;-;-;Thu Jul 21 15:04:21 2016 +0200;1469106261
9fb8a2eb2e05b99179614a7d67a1a745e432819c;9fb8a2eb2e;-;-;Thu Jul 21 14:56:53 2016 +0200;1469105813;-;-;Thu Jul 21 14:57:50 2016 +0200;1469105870
610bdf1cc3aa8fdcb77347ebd33a11c83eb183d3;610bdf1cc3;-;-;Thu Jul 21 14:06:40 2016 +0200;1469102800;-;-;Thu Jul 21 14:06:40 2016 +0200;1469102800
e756a5b54be2247309188e584e8c026939128fd6;e756a5b54b;-;-;Thu Jul 21 14:06:30 2016 +0200;1469102790;-;-;Thu Jul 21 14:06:30 2016 +0200;1469102790
74158af1b9ade90193b4e3687b90532fd7138325;74158af1b9;-;-;Thu Jul 21 13:19:17 2016 +0200;1469099957;-;-;Thu Jul 21 13:55:59 2016 +0200;1469102159
903770f008910973b80579b669f300b21c671190;903770f008;-;-;Thu Jul 21 13:18:52 2016 +0200;1469099932;-;-;Thu Jul 21 13:19:52 2016 +0200;1469099992
4d035e3ab1761d003a85fc53d26b37cd1aef7b48;4d035e3ab1;-;-;Thu Jul 21 11:38:56 2016 +0200;1469093936;-;-;Thu Jul 21 11:38:56 2016 +0200;1469093936
7b2196b408eeb55668a1add6455a4fd52adfdf38;7b2196b408;-;-;Mon Jul 18 16:44:57 2016 +0200;1468853097;-;-;Thu Jul 21 11:08:54 2016 +0200;1469092134
9cc625ee2c9f73c95591240bd38562e31dfa976c;9cc625ee2c;-;-;Wed Jul 20 23:22:06 2016 +0200;1469049726;-;-;Wed Jul 20 23:25:17 2016 +0200;1469049917
28e7c11234c57c51eddbdb0fe6b80d5f4a6513ee;28e7c11234;-;-;Wed Jul 20 22:41:56 2016 +0200;1469047316;-;-;Wed Jul 20 22:41:56 2016 +0200;1469047316
5c72ea915dbf8ed54bb49f0093f87c33121b1f98;5c72ea915d;-;-;Wed Jul 20 22:36:22 2016 +0200;1469046982;-;-;Wed Jul 20 22:36:22 2016 +0200;1469046982
725fb3219f7480182f220848aa8d72d464d8b801;725fb3219f;-;-;Wed Jul 20 18:06:31 2016 +0200;1469030791;-;-;Wed Jul 20 18:06:31 2016 +0200;1469030791
0e3f0bd9d03285e620a689c0c686c595505f66a7;0e3f0bd9d0;-;-;Wed Jul 20 18:05:51 2016 +0200;1469030751;-;-;Wed Jul 20 18:05:51 2016 +0200;1469030751
938b56c0fe87dd242967b00dd9fbd54f91b5742f;938b56c0fe;-;-;Wed Jul 20 18:02:23 2016 +0200;1469030543;-;-;Wed Jul 20 18:02:23 2016 +0200;1469030543
3a4e5d5da811f2e05c5665d4478204eb043f1b03;3a4e5d5da8;-;-;Tue Jul 19 17:27:03 2016 +0200;1468942023;-;-;Wed Jul 20 09:29:23 2016 +0200;1468999763
b52b56c94e2abb6dfd91a3e322a54eb7adadd6ab;b52b56c94e;-;-;Tue Jul 19 21:10:40 2016 -0400;1468977040;-;-;Tue Jul 19 21:11:07 2016 -0400;1468977067
99be15f58b537d235d521e62cc3ad5368cfeff36;99be15f58b;-;-;Tue Jul 19 23:43:05 2016 +0200;1468964585;-;-;Tue Jul 19 23:43:06 2016 +0200;1468964586
79d30d8c8a5a2a5725d22a0e63bdefef522df8ca;79d30d8c8a;-;-;Tue Jul 19 23:42:32 2016 +0200;1468964552;-;-;Tue Jul 19 23:42:32 2016 +0200;1468964552
adc595b5f17e7d858b1faf16ccf9d74918f0f761;adc595b5f1;-;-;Tue Jul 19 23:30:33 2016 +0200;1468963833;-;-;Tue Jul 19 23:30:33 2016 +0200;1468963833
86c659f5c0c1cffd212ce1973dfbb4911e21f9c1;86c659f5c0;-;-;Tue Jul 19 16:43:03 2016 -0400;1468960983;-;-;Tue Jul 19 16:43:03 2016 -0400;1468960983
a4743c07d423d4f088d127eb165e9ac1dbfa0d78;a4743c07d4;-;-;Tue Jul 19 20:09:00 2016 +0200;1468951740;-;-;Tue Jul 19 20:09:00 2016 +0200;1468951740
fd4b5ac892baf2d2bbc85d3e8a2e3f40ead95dbf;fd4b5ac892;-;-;Tue Jul 19 19:42:31 2016 +0200;1468950151;-;-;Tue Jul 19 19:42:31 2016 +0200;1468950151
88fcd0a2eddf8c27a0ec3a8f54d09244149f67e2;88fcd0a2ed;-;-;Tue Jul 19 19:37:34 2016 +0200;1468949854;-;-;Tue Jul 19 19:37:34 2016 +0200;1468949854
d07381e862728d10feb861b0c8e070328ac875aa;d07381e862;-;-;Tue Jul 19 19:25:55 2016 +0200;1468949155;-;-;Tue Jul 19 19:25:55 2016 +0200;1468949155
8580483d725782204e8d6658132569bf572ce71e;8580483d72;-;-;Tue Jul 19 19:22:32 2016 +0200;1468948952;-;-;Tue Jul 19 19:22:32 2016 +0200;1468948952
aaac199e8bc1e037883f9fa8063828a82142d608;aaac199e8b;-;-;Tue Jul 19 19:21:06 2016 +0200;1468948866;-;-;Tue Jul 19 19:21:06 2016 +0200;1468948866
b3253ca5e21aafd75ba2ce28741757886065544b;b3253ca5e2;-;-;Tue Jul 19 18:56:06 2016 +0200;1468947366;-;-;Tue Jul 19 18:56:06 2016 +0200;1468947366
8bb34bc962ae1b6b297bba8f8109e1af20c40404;8bb34bc962;-;-;Tue Jul 19 18:53:31 2016 +0200;1468947211;-;-;Tue Jul 19 18:53:31 2016 +0200;1468947211
7287baefeb6ba9d43acc65034f0553b52990c557;7287baefeb;-;-;Tue Jul 19 18:44:06 2016 +0200;1468946646;-;-;Tue Jul 19 18:44:06 2016 +0200;1468946646
aae4874b85b8dfbbf9b84b8bc0b897f5203ade09;aae4874b85;-;-;Tue Jul 19 17:50:57 2016 +0200;1468943457;-;-;Tue Jul 19 17:50:57 2016 +0200;1468943457
91ac0bfefa04e17980680f3e13b426769642aa8e;91ac0bfefa;-;-;Tue Jul 19 17:46:17 2016 +0200;1468943177;-;-;Tue Jul 19 17:46:17 2016 +0200;1468943177
5ea8c2670e1b5dd9dfed2aa0061b59330b536ce1;5ea8c2670e;-;-;Tue Jul 19 17:26:47 2016 +0200;1468942007;-;-;Tue Jul 19 17:26:47 2016 +0200;1468942007
1670b4e154f34853fcd3c3417f9c25511a573174;1670b4e154;-;-;Tue Jul 19 17:25:07 2016 +0200;1468941907;-;-;Tue Jul 19 17:25:07 2016 +0200;1468941907
35ce1945e0d9ff3c1010fb1a97818a6439398278;35ce1945e0;-;-;Tue Jul 19 11:11:05 2016 +0200;1468919465;-;-;Tue Jul 19 11:11:11 2016 +0200;1468919471
4b92bf2af121075eae7ee55399841aff91984294;4b92bf2af1;-;-;Mon Jul 18 21:54:51 2016 -0400;1468893291;-;-;Mon Jul 18 22:16:35 2016 -0400;1468894595
dca80788d4d3240bdb016d86ecc1e781ac9c6eb7;dca80788d4;-;-;Mon Jul 18 21:53:15 2016 +0200;1468871595;-;-;Mon Jul 18 21:53:15 2016 +0200;1468871595
3e096ce810d6d7c19529a975f1b68eb0e91e4d47;3e096ce810;-;-;Mon Jul 18 08:46:47 2016 -0400;1468846007;-;-;Mon Jul 18 14:59:15 2016 -0400;1468868355
7a0c2422c6d86959ff7eadea0afaf76146b5255a;7a0c2422c6;-;-;Sun Jul 17 14:40:33 2016 +0200;1468759233;-;-;Mon Jul 18 17:33:15 2016 +0200;1468855995
fe79219607bc577391d332093df7e7628cb8ea2a;fe79219607;-;-;Fri Jul 15 16:57:10 2016 +0200;1468594630;-;-;Mon Jul 18 17:31:18 2016 +0200;1468855878
041437f3eea416bef2c5486480935cbc5c78a8c6;041437f3ee;-;-;Mon Jul 18 17:08:46 2016 +0200;1468854526;-;-;Mon Jul 18 17:08:46 2016 +0200;1468854526
03e6eeeadc7ad8b119db5307025464e1712ffd8d;03e6eeeadc;-;-;Mon Jul 18 14:51:03 2016 +0200;1468846263;-;-;Mon Jul 18 14:51:03 2016 +0200;1468846263
cd6b5f9be01a3fe1f1b082ff83276bb13d3e8a7f;cd6b5f9be0;-;-;Mon Jul 18 13:35:08 2016 +0200;1468841708;-;-;Mon Jul 18 13:35:08 2016 +0200;1468841708
53a7027d8b88097d241334b435c883aa271c9625;53a7027d8b;-;-;Mon Jul 18 13:21:22 2016 +0200;1468840882;-;-;Mon Jul 18 13:21:22 2016 +0200;1468840882
afbd57c8af7e6d3367699b60970458ee64d47c40;afbd57c8af;-;-;Mon Jul 18 11:35:37 2016 +0200;1468834537;-;-;Mon Jul 18 11:35:37 2016 +0200;1468834537
7ad02490d9f5601f35f14f8d6921a9a8e0943483;7ad02490d9;-;-;Mon Jul 18 11:10:55 2016 +0200;1468833055;-;-;Mon Jul 18 11:10:55 2016 +0200;1468833055
ceb4c8d8e06bef6c35b020fb7e3b67f523b11b35;ceb4c8d8e0;-;-;Mon Jul 18 10:14:16 2016 +0200;1468829656;-;-;Mon Jul 18 10:20:40 2016 +0200;1468830040
c86d49f329d59cf20d17f092d84b5557d60f5226;c86d49f329;-;-;Mon Jul 18 08:28:40 2016 +0200;1468823320;-;-;Mon Jul 18 08:28:40 2016 +0200;1468823320
a76a6b5c29d6ecd2aef89a310842448d5abf6942;a76a6b5c29;-;-;Sun Jul 17 22:31:22 2016 +0700;1468769482;-;-;Mon Jul 18 08:16:58 2016 +0200;1468822618
d3b051a9330de8bdd00ccff69d75a613d16f2cf5;d3b051a933;-;-;Sun Jul 17 20:56:53 2016 +0200;1468781813;-;-;Mon Jul 18 08:14:12 2016 +0200;1468822452
2029b6e0b7e6e9e70bb6aaffd789fee79b22d177;2029b6e0b7;-;-;Fri Jul 15 17:26:53 2016 -0400;1468618013;-;-;Fri Jul 15 17:27:51 2016 -0400;1468618071
111b4ae74e55fc1a697c33907ad630e154a4db27;111b4ae74e;-;-;Fri Jul 15 23:22:17 2016 +0200;1468617737;-;-;Fri Jul 15 23:22:17 2016 +0200;1468617737
028be2a2980cbdf786dc3f949bbb5de996b23c63;028be2a298;-;-;Fri Jul 15 17:15:33 2016 -0400;1468617333;-;-;Fri Jul 15 17:16:26 2016 -0400;1468617386
dc1664939cce643d6b3c2347fbfac6f152fe2a49;dc1664939c;-;-;Fri Jul 15 22:12:11 2016 +0200;1468613531;-;-;Fri Jul 15 22:12:11 2016 +0200;1468613531
f0c397e4e22d14bbbfc7cdc0cbbeecf0b5db6fda;f0c397e4e2;-;-;Fri Jul 15 22:11:14 2016 +0200;1468613474;-;-;Fri Jul 15 22:11:14 2016 +0200;1468613474
177f4ec3a75aa769b6ab8aa60dc67ec3fac73e3b;177f4ec3a7;-;-;Fri Jul 15 19:54:53 2016 +0200;1468605293;-;-;Fri Jul 15 19:54:53 2016 +0200;1468605293
53c9584025e3c086510e60b098bcf5167cd9218f;53c9584025;-;-;Fri Jul 15 19:53:54 2016 +0200;1468605234;-;-;Fri Jul 15 19:53:54 2016 +0200;1468605234
53dd88437e81f8ef3c95ed36671048c2a7d4738e;53dd88437e;-;-;Fri Jul 15 19:51:33 2016 +0200;1468605093;-;-;Fri Jul 15 19:51:33 2016 +0200;1468605093
3f317b7d3fb75725d6e49013fda0dc3175deecc3;3f317b7d3f;-;-;Fri Jul 15 18:38:27 2016 +0200;1468600707;-;-;Fri Jul 15 18:38:27 2016 +0200;1468600707
58804da369dd0e3c1a68c7cf9c487ebbcc20a398;58804da369;-;-;Fri Jul 15 17:54:24 2016 +0200;1468598064;-;-;Fri Jul 15 17:54:24 2016 +0200;1468598064
1731460eac779a9b2d58f27515e7563e73326537;1731460eac;-;-;Fri Jul 15 17:53:15 2016 +0200;1468597995;-;-;Fri Jul 15 17:53:15 2016 +0200;1468597995
841480596ef0699cae0b57276f11489002cd1efe;841480596e;-;-;Fri Jul 15 17:38:35 2016 +0200;1468597115;-;-;Fri Jul 15 17:38:35 2016 +0200;1468597115
503f0e3397090323c61d85be326215373bbd7b94;503f0e3397;-;-;Fri Jul 15 17:27:59 2016 +0200;1468596479;-;-;Fri Jul 15 17:27:59 2016 +0200;1468596479
a0df71e76a58dfa680e84964d293cc3378b9db74;a0df71e76a;-;-;Fri Jul 15 16:02:06 2016 +0200;1468591326;-;-;Fri Jul 15 17:17:25 2016 +0200;1468595845
3d3407c78992bbb504ae96a8f3eb17dbca07bcc7;3d3407c789;-;-;Fri Jul 15 13:59:25 2016 +0200;1468583965;-;-;Fri Jul 15 13:59:25 2016 +0200;1468583965
b1663585dc00f80e0b061006484d1325e03d42cb;b1663585dc;-;-;Fri Jul 15 00:15:46 2016 +0200;1468534546;-;-;Fri Jul 15 00:15:46 2016 +0200;1468534546
d2e105f28d3f05c6b14c91f081ca10c05df18fdb;d2e105f28d;-;-;Thu Jul 14 17:39:32 2016 -0400;1468532372;-;-;Thu Jul 14 17:40:17 2016 -0400;1468532417
e2c7653da4286e8daa9e9a185ef3f8016a035f87;e2c7653da4;-;-;Thu Jul 14 22:29:14 2016 +0200;1468528154;-;-;Thu Jul 14 22:29:14 2016 +0200;1468528154
e431624e8472b3b53d1a0c4528bf736c612f1fd9;e431624e84;-;-;Thu Jul 14 21:11:28 2016 +0200;1468523488;-;-;Thu Jul 14 21:11:28 2016 +0200;1468523488
6d91d54fc9e93bbecbfb2778cf4d1fed1a39b7f6;6d91d54fc9;-;-;Thu Jul 14 21:10:24 2016 +0200;1468523424;-;-;Thu Jul 14 21:10:24 2016 +0200;1468523424
9aa35a8b5f65185e9d79d063e606127e9b9f64f0;9aa35a8b5f;-;-;Wed Jul 13 03:54:38 2016 +0900;1468349678;-;-;Thu Jul 14 19:15:38 2016 +0200;1468516538
3e47fccf2bc12e5287f315adb8d7b74a9e1d5782;3e47fccf2b;-;-;Thu Jul 14 16:55:17 2016 +0200;1468508117;-;-;Thu Jul 14 12:30:35 2016 -0400;1468513835
4390cd0c2bac6c0290eb9572ccbc26f0cbd7fc48;4390cd0c2b;-;-;Thu Jul 14 11:18:24 2016 +0200;1468487904;-;-;Thu Jul 14 12:30:35 2016 -0400;1468513835
5d1b5426982332cbbd5671b00fbc4ded5d69a656;5d1b542698;-;-;Wed Jul 13 23:13:29 2016 -0400;1468466009;-;-;Thu Jul 14 12:30:35 2016 -0400;1468513835
2e8326220b3929534e6621acf0ba0e4ac0bd910c;2e8326220b;-;-;Wed Jul 13 20:47:58 2016 -0400;1468457278;-;-;Thu Jul 14 12:30:30 2016 -0400;1468513830
1022683d1c122de07816346c980b25e174564c5a;1022683d1c;-;-;Wed Jul 13 17:39:11 2016 -0400;1468445951;-;-;Thu Jul 14 12:18:47 2016 -0400;1468513127
cb798726bd03df7b6da6d57f94bac9ea1c84230c;cb798726bd;-;-;Wed Jul 13 17:38:47 2016 -0400;1468445927;-;-;Thu Jul 14 12:18:39 2016 -0400;1468513119
934bc4f9537a3e801e469bf9901846f877f241b0;934bc4f953;-;-;Thu Jul 14 11:03:32 2016 -0500;1468512212;-;-;Thu Jul 14 11:03:32 2016 -0500;1468512212
fd008405a1f9bd1fef755d7e0aa5bb48895f0c73;fd008405a1;-;-;Thu Jul 14 15:46:54 2016 +0200;1468504014;-;-;Thu Jul 14 15:46:54 2016 +0200;1468504014
3fa88c2b56b1a9c2c4f36ecc665fded0d4d91f80;3fa88c2b56;-;-;Thu Jul 14 15:43:18 2016 +0200;1468503798;-;-;Thu Jul 14 15:43:18 2016 +0200;1468503798
e2b8a786ffd58817915ac5734314115230aad99e;e2b8a786ff;-;-;Thu Jul 14 17:51:58 2016 +0800;1468489918;-;-;Thu Jul 14 11:56:46 2016 +0200;1468490206
ff738e767007ad5b7107d1bd1bdcb13be608dc3e;ff738e7670;-;-;Thu Jul 14 11:12:06 2016 +0200;1468487526;-;-;Thu Jul 14 11:12:06 2016 +0200;1468487526
f075aac7f96a944a10253454313c7cdc8a8abed5;f075aac7f9;-;-;Tue May 31 11:29:01 2016 -0700;1464719341;-;-;Thu Jul 14 10:58:21 2016 +0200;1468486701
dd65689e0a4fd2724ae1f701154417c79613ec61;dd65689e0a;-;-;Thu Jul 14 09:51:37 2016 +0200;1468482697;-;-;Thu Jul 14 09:51:37 2016 +0200;1468482697
04e9c2bf0cc3ef05238ce5357d69240108fbc07e;04e9c2bf0c;-;-;Wed Jul 13 22:31:41 2016 +0200;1468441901;-;-;Wed Jul 13 22:31:41 2016 +0200;1468441901
adbc592f5034caf11142230e5bd71ae692cc3707;adbc592f50;-;-;Wed Jul 13 22:30:52 2016 +0200;1468441852;-;-;Wed Jul 13 22:30:52 2016 +0200;1468441852
ddb41172331ef015e67826a5a1cece1c44d4153f;ddb4117233;-;-;Wed Jul 13 22:24:38 2016 +0200;1468441478;-;-;Wed Jul 13 22:24:38 2016 +0200;1468441478
adfea826ccbdd4119d945767bf31b0fa36182212;adfea826cc;-;-;Wed Jul 13 22:06:46 2016 +0200;1468440406;-;-;Wed Jul 13 22:06:46 2016 +0200;1468440406
833deadddc0de6ea791f58e561d39e920b3e013d;833deadddc;-;-;Wed Jul 13 21:10:47 2016 +0200;1468437047;-;-;Wed Jul 13 21:10:47 2016 +0200;1468437047
7ec85a3c3bf4aa96e8320147dae179ca181f1b33;7ec85a3c3b;-;-;Wed Jul 13 20:29:01 2016 +0200;1468434541;-;-;Wed Jul 13 20:29:01 2016 +0200;1468434541
5f176f50d336e5a22052bdb96e09a3ef0f064f9a;5f176f50d3;-;-;Wed Jul 13 18:18:40 2016 +0200;1468426720;-;-;Wed Jul 13 18:18:40 2016 +0200;1468426720
6162e30f3caf3eb7f2b9c9ad1a5f505c7c3e6d20;6162e30f3c;-;-;Wed Jul 13 16:39:49 2016 +0200;1468420789;-;-;Wed Jul 13 16:39:49 2016 +0200;1468420789
8ccd727c9a439f5444ed249f2197a38b0186b973;8ccd727c9a;-;-;Wed Jul 13 15:42:34 2016 +0200;1468417354;-;-;Wed Jul 13 15:42:34 2016 +0200;1468417354
84afc601b823903b61039b2da56061d1159ab984;84afc601b8;-;-;Wed Jul 13 15:14:42 2016 +0200;1468415682;-;-;Wed Jul 13 15:14:42 2016 +0200;1468415682
e91c1cd5a79a8c6ead73adc702c478d970bbb1e9;e91c1cd5a7;-;-;Tue Jul 12 17:50:40 2016 -0400;1468360240;-;-;Tue Jul 12 17:50:40 2016 -0400;1468360240
c341b39f710134a01e7db0b5a0d730744554bc7b;c341b39f71;-;-;Tue Jul 12 17:35:49 2016 +0200;1468337749;-;-;Tue Jul 12 17:35:49 2016 +0200;1468337749
68b3bc03947fc103de438d4f2482373ae2f986a8;68b3bc0394;-;-;Tue Jul 12 16:40:48 2016 +0200;1468334448;-;-;Tue Jul 12 16:41:03 2016 +0200;1468334463
264f5860a86b14d2e343efa81bcbfb95474b68dd;264f5860a8;-;-;Tue Jul 12 16:40:19 2016 +0200;1468334419;-;-;Tue Jul 12 16:41:03 2016 +0200;1468334463
17dd5dd22d9b68bf60c302833c8c33d3cb914ed3;17dd5dd22d;-;-;Tue Jul 12 16:36:30 2016 +0200;1468334190;-;-;Tue Jul 12 16:41:03 2016 +0200;1468334463
3d4338f5550304c20c6c689a280701b030ef4886;3d4338f555;-;-;Mon Jul 11 17:44:03 2016 +0200;1468251843;-;-;Tue Jul 12 16:41:03 2016 +0200;1468334463
147a35f4f1fb00d3b22e994d48aeef5c19b399cb;147a35f4f1;-;-;Tue Jul 12 14:47:18 2016 +0200;1468327638;-;-;Tue Jul 12 14:47:18 2016 +0200;1468327638
3ce49819f2f7a425ecc05c1f50a7fac296fc051d;3ce49819f2;-;-;Tue Jul 12 10:20:03 2016 +0200;1468311603;-;-;Tue Jul 12 10:20:03 2016 +0200;1468311603
c425e774a3fc96f205832541f630dd205373b940;c425e774a3;-;-;Tue Jul 12 09:10:34 2016 +0200;1468307434;-;-;Tue Jul 12 09:10:34 2016 +0200;1468307434
2ee42192b33b0afc7fadffb6b86824c67c539271;2ee42192b3;-;-;Tue Jul 12 08:54:58 2016 +0200;1468306498;-;-;Tue Jul 12 08:54:58 2016 +0200;1468306498
825a5ec02997fa391e62c1b3ed399755dd43fa4a;825a5ec029;-;-;Tue Jul 12 08:51:02 2016 +0200;1468306262;-;-;Tue Jul 12 08:51:02 2016 +0200;1468306262
22345f7c259f416834eeedf4a06c8a33f66b92de;22345f7c25;-;-;Mon Jul 11 17:17:03 2016 +0200;1468250223;-;-;Mon Jul 11 17:17:03 2016 +0200;1468250223
f7f37cdb1b3d57f49cd014e2cda6d64779260b8d;f7f37cdb1b;-;-;Mon Jul 11 15:45:35 2016 +0200;1468244735;-;-;Mon Jul 11 15:45:35 2016 +0200;1468244735
11ed26584d14c08df73c668c3e740747636541f8;11ed26584d;-;-;Mon Jul 11 10:50:44 2016 +0200;1468227044;-;-;Mon Jul 11 10:50:44 2016 +0200;1468227044
15c3cdd48deded4e7f8c21b07b1a88a8d097fcb2;15c3cdd48d;-;-;Mon Jul 11 10:34:27 2016 +0200;1468226067;-;-;Mon Jul 11 10:34:27 2016 +0200;1468226067
629b95bd5cde8fb8634d9f7f2709b780bf85a03a;629b95bd5c;-;-;Sun Jul 10 16:00:30 2016 +0200;1468159230;-;-;Sun Jul 10 16:04:00 2016 +0200;1468159440
966d95132920b9fa7b53d99a942588cd60f30831;966d951329;-;-;Fri Jul 8 18:16:44 2016 +0200;1467994604;-;-;Fri Jul 8 18:16:44 2016 +0200;1467994604
57c43f4273df938c2b1e27e0dcdffcef54902a68;57c43f4273;-;-;Fri Jul 8 17:40:42 2016 +0200;1467992442;-;-;Fri Jul 8 17:40:42 2016 +0200;1467992442
d6d4251550a82fc6642bd11c43664e8c0dba5294;d6d4251550;-;-;Fri Jul 8 17:22:42 2016 +0200;1467991362;-;-;Fri Jul 8 17:38:41 2016 +0200;1467992321
a0cad5c48f4ebed90a18c7c4e428d16baa375ad2;a0cad5c48f;-;-;Fri Jul 8 17:19:48 2016 +0200;1467991188;-;-;Fri Jul 8 17:38:40 2016 +0200;1467992320
8fff1c2ac0ad0162ee205792e1c27e47ebdfbf40;8fff1c2ac0;-;-;Fri Jul 8 17:18:14 2016 +0200;1467991094;-;-;Fri Jul 8 17:18:14 2016 +0200;1467991094
80216c243da377663c16865492d8956a8c2056d8;80216c243d;-;-;Fri Jul 8 17:17:25 2016 +0200;1467991045;-;-;Fri Jul 8 17:17:25 2016 +0200;1467991045
e8b5374d8776f040c9133ae341b17e780b1e2323;e8b5374d87;-;-;Fri Jul 8 16:28:24 2016 +0200;1467988104;-;-;Fri Jul 8 16:28:24 2016 +0200;1467988104
d84b9890253cf325347740e1e86cf17c43e58fe2;d84b989025;-;-;Fri Jul 8 09:20:32 2016 -0400;1467984032;-;-;Fri Jul 8 09:20:49 2016 -0400;1467984049
c43e7497c18f46d1d5b13b62f286c63d40860c03;c43e7497c1;-;-;Fri Jul 8 15:12:16 2016 +0200;1467983536;-;-;Fri Jul 8 15:12:16 2016 +0200;1467983536
23c2b6ad41ac8c4915d4789e5ec0d272635dcc5b;23c2b6ad41;-;-;Fri Jul 8 14:58:38 2016 +0200;1467982718;-;-;Fri Jul 8 14:58:38 2016 +0200;1467982718
40b2d26bd4e15f7eefe7f07aeb733761b9e241d5;40b2d26bd4;-;-;Fri Jul 8 13:21:31 2016 +0200;1467976891;-;-;Fri Jul 8 13:21:31 2016 +0200;1467976891
61db8e9f1ebe01412f26bb90d63af7663db49a3d;61db8e9f1e;-;-;Fri Jul 8 12:20:49 2016 +0200;1467973249;-;-;Fri Jul 8 12:20:49 2016 +0200;1467973249
2bf9bc312ed1721b5978f88861c29cffc9ea407c;2bf9bc312e;-;-;Fri Jul 8 10:57:05 2016 +0200;1467968225;-;-;Fri Jul 8 10:57:05 2016 +0200;1467968225
7e783dd91f14df13130a77ff0ee43a563046d969;7e783dd91f;-;-;Thu Jul 7 13:02:49 2016 +0200;1467889369;-;-;Thu Jul 7 13:02:49 2016 +0200;1467889369
862fb2af5ffacd5e2c43f1f3d0b3a501ded23570;862fb2af5f;-;-;Thu Jul 7 12:49:46 2016 +0200;1467888586;-;-;Thu Jul 7 12:49:46 2016 +0200;1467888586
0f589fc49cce47884d9f4828f3340cbe4abcb0a1;0f589fc49c;-;-;Thu Jul 7 10:35:27 2016 +0200;1467880527;-;-;Thu Jul 7 10:35:27 2016 +0200;1467880527
6aa5931e28521d0717ce63fec3d8859cfaa79a07;6aa5931e28;-;-;Thu Jul 7 01:05:25 2016 +0200;1467846325;-;-;Thu Jul 7 01:05:25 2016 +0200;1467846325
a1f5fb53db352c27bc9313f8370e3164fc334b57;a1f5fb53db;-;-;Thu Jul 7 01:04:24 2016 +0200;1467846264;-;-;Thu Jul 7 01:04:24 2016 +0200;1467846264
39e3f2ebf6690b72b7a8af852a35df6ff6229515;39e3f2ebf6;-;-;Thu Jul 7 00:37:52 2016 +0200;1467844672;-;-;Thu Jul 7 00:37:52 2016 +0200;1467844672
da9c24c41e258d6261b2b6582fd27b8910703513;da9c24c41e;-;-;Wed Jul 6 18:11:33 2016 +0200;1467821493;-;-;Wed Jul 6 18:11:33 2016 +0200;1467821493
102dc8a4ddd71775bc2e3fd230d222ee3bfab64b;102dc8a4dd;-;-;Wed Jul 6 15:29:15 2016 +0200;1467811755;-;-;Wed Jul 6 15:29:15 2016 +0200;1467811755
19e5a34f9f5a64ed9a13876c22d3958c27e71f59;19e5a34f9f;-;-;Wed Jul 6 15:20:09 2016 +0200;1467811209;-;-;Wed Jul 6 15:20:09 2016 +0200;1467811209
5890758fd0db90646fb216e16dbab4c88aae0096;5890758fd0;-;-;Wed Jul 6 15:12:18 2016 +0200;1467810738;-;-;Wed Jul 6 15:12:18 2016 +0200;1467810738
76dedd7ca2fa3243713fd30cfa922cb81dec47f1;76dedd7ca2;-;-;Wed Jul 6 15:10:08 2016 +0200;1467810608;-;-;Wed Jul 6 15:10:08 2016 +0200;1467810608
e4b0486c5a7dbf8e323f89b1539cbaca7d1a5932;e4b0486c5a;-;-;Wed Jul 6 14:32:13 2016 +0200;1467808333;-;-;Wed Jul 6 14:32:13 2016 +0200;1467808333
912b63ad443097f7c40edc8ab43c1795cec53352;912b63ad44;-;-;Wed Jul 6 11:20:54 2016 +0200;1467796854;-;-;Wed Jul 6 11:20:54 2016 +0200;1467796854
7dda9fbd8c64251421cead58c5ef6d5720e2d3c0;7dda9fbd8c;-;-;Tue Jul 5 23:06:15 2016 +0200;1467752775;-;-;Tue Jul 5 23:06:15 2016 +0200;1467752775
355c6f07156c0ac7a73156917101d8fa9d69d1f3;355c6f0715;-;-;Tue Jul 5 22:18:19 2016 +0200;1467749899;-;-;Tue Jul 5 22:18:19 2016 +0200;1467749899
bc2c22d51ec6ae5371a6600b1cb5f5221ce190b2;bc2c22d51e;-;-;Tue Jul 5 20:50:00 2016 +0200;1467744600;-;-;Tue Jul 5 20:50:03 2016 +0200;1467744603
12d373659a167086625d2659a7bd6b331f5bc268;12d373659a;-;-;Tue Jul 5 20:47:53 2016 +0200;1467744473;-;-;Tue Jul 5 20:47:53 2016 +0200;1467744473
acdb43f470b38c6e00141e494aa302b685b305cb;acdb43f470;-;-;Tue Jul 5 20:47:39 2016 +0200;1467744459;-;-;Tue Jul 5 20:47:39 2016 +0200;1467744459
2bae0613a35251c03d56204a2927d200abf9a9ef;2bae0613a3;-;-;Tue Jul 5 18:49:43 2016 +0200;1467737383;-;-;Tue Jul 5 19:19:09 2016 +0200;1467739149
1391248ea6cc5e5ce6a8e8fec1268a9304419b53;1391248ea6;-;-;Tue Jul 5 18:49:16 2016 +0200;1467737356;-;-;Tue Jul 5 19:19:09 2016 +0200;1467739149
9a9551bf18256df5660f1e2009610adfc2cb8953;9a9551bf18;-;-;Tue Jul 5 17:09:08 2016 +0200;1467731348;-;-;Tue Jul 5 17:09:18 2016 +0200;1467731358
045c6786221092de000eabeef26a79d4b833f551;045c678622;-;-;Tue Jul 5 17:01:11 2016 +0200;1467730871;-;-;Tue Jul 5 17:09:18 2016 +0200;1467731358
00d2606b000f9bdafbd7f4a16b6599fb51b53fa4;00d2606b00;-;-;Tue Jul 5 17:00:26 2016 +0200;1467730826;-;-;Tue Jul 5 17:00:34 2016 +0200;1467730834
3096888c7d5bef95e652833bdde96f9505ff33c5;3096888c7d;-;-;Tue Jul 5 16:44:07 2016 +0200;1467729847;-;-;Tue Jul 5 16:44:07 2016 +0200;1467729847
9b9f3714ae1f36a14adb883fd16b2ad348fa85d8;9b9f3714ae;-;-;Tue Jul 5 16:34:52 2016 +0200;1467729292;-;-;Tue Jul 5 16:34:52 2016 +0200;1467729292
b5db5d3aac39ca7cff4ccca491652d9490a1d175;b5db5d3aac;-;-;Tue Jul 5 15:52:48 2016 +0200;1467726768;-;-;Tue Jul 5 15:52:49 2016 +0200;1467726769
0fc0ce78ae17a8aa1d5d9a14bb2924bc92ac345c;0fc0ce78ae;-;-;Tue Jul 5 15:46:53 2016 +0200;1467726413;-;-;Tue Jul 5 15:46:53 2016 +0200;1467726413
fb5a096ca259e9e623f09c70a40a618ab104fb12;fb5a096ca2;-;-;Tue Jul 5 15:31:40 2016 +0200;1467725500;-;-;Tue Jul 5 15:31:40 2016 +0200;1467725500
5f53a60120ec63a88bd2286ba0536e2bd5a3f6a9;5f53a60120;-;-;Tue Jul 5 15:20:01 2016 +0200;1467724801;-;-;Tue Jul 5 15:20:01 2016 +0200;1467724801
0da93ad219723315002000f8e3dd23affe17f05f;0da93ad219;-;-;Tue Jul 5 15:07:32 2016 +0200;1467724052;-;-;Tue Jul 5 15:07:32 2016 +0200;1467724052
016fa0eb39ac38d95f90bf62bce69aebf17c8f3e;016fa0eb39;-;-;Tue Jul 5 11:05:23 2016 +0200;1467709523;-;-;Tue Jul 5 11:05:23 2016 +0200;1467709523
51252ebbcaa9e65aee83311aec25ca3c7c6d7d37;51252ebbca;-;-;Tue Jul 5 02:08:59 2016 +0200;1467677339;-;-;Tue Jul 5 02:09:00 2016 +0200;1467677340
adb935db795070e96a703fe8bb3f579f5a26df9e;adb935db79;-;-;Mon Jul 4 23:59:00 2016 +0200;1467669540;-;-;Mon Jul 4 23:59:00 2016 +0200;1467669540
f38a4b9040f50328ccc8c8c4fe54d366ff2c99ba;f38a4b9040;-;-;Mon Jul 4 23:38:25 2016 +0200;1467668305;-;-;Mon Jul 4 23:38:25 2016 +0200;1467668305
54004e0d78dd92c62429999b77befbc9d9fcdb68;54004e0d78;-;-;Mon Jul 4 23:37:23 2016 +0200;1467668243;-;-;Mon Jul 4 23:37:23 2016 +0200;1467668243
69ec437fbc07f72265aa315c3222e18f73409651;69ec437fbc;-;-;Mon Jul 4 23:35:19 2016 +0200;1467668119;-;-;Mon Jul 4 23:35:19 2016 +0200;1467668119
d341624e91cb4ab2c075e970d80efadfcda3c6fb;d341624e91;-;-;Mon Jul 4 23:34:48 2016 +0200;1467668088;-;-;Mon Jul 4 23:34:48 2016 +0200;1467668088
2b3445df8134e2b0c4e4a4c4136cbaf9d58b7fc4;2b3445df81;-;-;Mon Jul 4 23:33:45 2016 +0200;1467668025;-;-;Mon Jul 4 23:33:47 2016 +0200;1467668027
ae0b7c26c56cbe519f8ec9ab7dbd780d93b6bf3f;ae0b7c26c5;-;-;Mon Jul 4 23:31:21 2016 +0200;1467667881;-;-;Mon Jul 4 23:31:21 2016 +0200;1467667881
ff6ead1fff5d7e019702d9b956b9336d25b26b90;ff6ead1fff;-;-;Mon Jul 4 23:30:58 2016 +0200;1467667858;-;-;Mon Jul 4 23:30:58 2016 +0200;1467667858
4027bda168ecef2f0235686e93d399726ec2aced;4027bda168;-;-;Mon Jul 4 23:30:11 2016 +0200;1467667811;-;-;Mon Jul 4 23:30:11 2016 +0200;1467667811
d0aa607200fa813f824df9f06a00182662add80c;d0aa607200;-;-;Mon Jul 4 23:29:29 2016 +0200;1467667769;-;-;Mon Jul 4 23:29:29 2016 +0200;1467667769
770f0c06618f57851526cc8a88333700fae2ff19;770f0c0661;-;-;Mon Jul 4 23:27:07 2016 +0200;1467667627;-;-;Mon Jul 4 23:27:07 2016 +0200;1467667627
ccf791b63fa93ffc1c6582080e05873ebc8aad13;ccf791b63f;-;-;Mon Jul 4 23:23:28 2016 +0200;1467667408;-;-;Mon Jul 4 23:23:28 2016 +0200;1467667408
81057a2cee2990de1a69a191a3cb5e379822a82b;81057a2cee;-;-;Mon Jul 4 23:22:32 2016 +0200;1467667352;-;-;Mon Jul 4 23:22:32 2016 +0200;1467667352
447835465fe209d00b9cbb309f32ef40cc71d6ba;447835465f;-;-;Mon Jul 4 23:21:42 2016 +0200;1467667302;-;-;Mon Jul 4 23:21:42 2016 +0200;1467667302
0900808820d436ee94f3c8f8cfc7042bec356f75;0900808820;-;-;Mon Jul 4 23:20:41 2016 +0200;1467667241;-;-;Mon Jul 4 23:20:41 2016 +0200;1467667241
873fc53a2fb0612c58102c09ea9572815bf18187;873fc53a2f;-;-;Mon Jul 4 21:39:09 2016 +0200;1467661149;-;-;Mon Jul 4 22:40:58 2016 +0200;1467664858
54e3ea8d37c570a5615e226f100ff684f99e50ea;54e3ea8d37;-;-;Mon Jul 4 15:44:13 2016 +0200;1467639853;-;-;Mon Jul 4 16:28:26 2016 +0200;1467642506
3aefa136fd0543e75c1d0b970227be6e966f737f;3aefa136fd;-;-;Mon Jul 4 15:24:38 2016 +0200;1467638678;-;-;Mon Jul 4 15:24:38 2016 +0200;1467638678
3be0ea9128a0c8ac907523c9d974ce6da3b966bf;3be0ea9128;-;-;Mon Jul 4 15:20:52 2016 +0200;1467638452;-;-;Mon Jul 4 15:20:52 2016 +0200;1467638452
fb1eb00b4a09e7922015780cf38d15b42bf7d229;fb1eb00b4a;-;-;Mon Jul 4 15:15:19 2016 +0200;1467638119;-;-;Mon Jul 4 15:15:19 2016 +0200;1467638119
19622e3b2d9d076bc561ab568b93e363bc39ed32;19622e3b2d;-;-;Mon Jul 4 12:42:54 2016 +0200;1467628974;-;-;Mon Jul 4 12:42:54 2016 +0200;1467628974
b6a1680df58b0ece513b4d36d1f60b47b423f2d6;b6a1680df5;-;-;Mon Jul 4 09:33:06 2016 +0000;1467624786;-;-;Mon Jul 4 09:33:06 2016 +0000;1467624786
080dcad218e2ecc3646e27ced0e42bc1d09def01;080dcad218;-;-;Sat Jul 2 15:46:21 2016 +0200;1467467181;-;-;Sat Jul 2 15:46:21 2016 +0200;1467467181
a6e4b64c235f02c6a927112abb1cdcaa064d2650;a6e4b64c23;-;-;Sat Jul 2 15:43:40 2016 +0200;1467467020;-;-;Sat Jul 2 15:43:40 2016 +0200;1467467020
f6334fc62b4eabd9ef3975f556def0db82852efb;f6334fc62b;-;-;Sat Jul 2 15:17:34 2016 +0200;1467465454;-;-;Sat Jul 2 15:17:34 2016 +0200;1467465454
c6752e6023c4948c0f2c007c166ab8ecf677d7b6;c6752e6023;-;-;Sat Jul 2 14:58:54 2016 +0200;1467464334;-;-;Sat Jul 2 14:58:54 2016 +0200;1467464334
b204437cef0976f5af0e1c5290e77e266b306a51;b204437cef;-;-;Sat Jul 2 14:48:15 2016 +0200;1467463695;-;-;Sat Jul 2 14:48:15 2016 +0200;1467463695
e5122d084a936551da9786711b3de55dc0bc53d1;e5122d084a;-;-;Sat Jul 2 13:03:33 2016 +0200;1467457413;-;-;Sat Jul 2 13:03:33 2016 +0200;1467457413
e7a53e37fb1a0131f2c753fd83c1d161e21b1105;e7a53e37fb;-;-;Sat Jul 2 13:02:22 2016 +0200;1467457342;-;-;Sat Jul 2 13:02:22 2016 +0200;1467457342
e5de7d5455a6fbd750504daa3a8f605fa506fa65;e5de7d5455;-;-;Sat Jul 2 12:56:37 2016 +0200;1467456997;-;-;Sat Jul 2 12:56:37 2016 +0200;1467456997
cfc560c4c460ed0ee465182d715339bd6e81c84b;cfc560c4c4;-;-;Sat Jul 2 12:55:30 2016 +0200;1467456930;-;-;Sat Jul 2 12:55:30 2016 +0200;1467456930
498d896ef06397f5c4a17f511e8ef2e652778d51;498d896ef0;-;-;Fri Jul 1 15:16:19 2016 +0200;1467378979;-;-;Fri Jul 1 15:16:19 2016 +0200;1467378979
037746da44dcf66b4e2d819ffd14dad2be690b13;037746da44;-;-;Fri Jul 1 14:26:48 2016 +0200;1467376008;-;-;Fri Jul 1 14:26:48 2016 +0200;1467376008
d7184d1ad8b96c91ae4e2b910675bbbc6c6dd7f0;d7184d1ad8;-;-;Fri Jul 1 14:12:46 2016 +0200;1467375166;-;-;Fri Jul 1 14:12:46 2016 +0200;1467375166
1c73664c4019eb11855ca92faa13cc71632950a0;1c73664c40;-;-;Fri Jul 1 14:11:26 2016 +0200;1467375086;-;-;Fri Jul 1 14:11:26 2016 +0200;1467375086
8389e3fc3508124d973ccf2f742dea5bdc8c8b64;8389e3fc35;-;-;Fri Jul 1 13:08:39 2016 +0200;1467371319;-;-;Fri Jul 1 13:08:39 2016 +0200;1467371319
a530a1c7f2f9772b7d5dc39eef9523afc76507de;a530a1c7f2;-;-;Fri Jul 1 12:57:24 2016 +0200;1467370644;-;-;Fri Jul 1 12:57:24 2016 +0200;1467370644
716273df478d8af7c1b93ed9e025ccd6f12cd902;716273df47;-;-;Fri Jul 1 11:15:32 2016 +0200;1467364532;-;-;Fri Jul 1 11:15:32 2016 +0200;1467364532
49d78b48356912fdd5c4ae0153383d14d172244a;49d78b4835;-;-;Fri Jul 1 11:00:08 2016 +0200;1467363608;-;-;Fri Jul 1 11:00:08 2016 +0200;1467363608
d9993243b612dc78ff9fd0b67ef7a431e1e86186;d9993243b6;-;-;Fri Jul 1 10:43:54 2016 +0200;1467362634;-;-;Fri Jul 1 10:43:54 2016 +0200;1467362634
d35709dfbcac19176b641479cce3d7a23d864b96;d35709dfbc;-;-;Fri Jul 1 10:41:07 2016 +0200;1467362467;-;-;Fri Jul 1 10:41:07 2016 +0200;1467362467
5c6f57ba78de09aa3948c772f952a69b9cc7cec7;5c6f57ba78;-;-;Thu Jun 30 22:25:18 2016 +0200;1467318318;-;-;Thu Jun 30 22:25:18 2016 +0200;1467318318
dda0942c782793c94d2daf71b071db725b13d563;dda0942c78;-;-;Thu Jun 30 21:39:51 2016 +0200;1467315591;-;-;Thu Jun 30 21:39:51 2016 +0200;1467315591
66ec1c1618ae70bdd1a5ad24ef1d1c294043f9eb;66ec1c1618;-;-;Thu Jun 30 21:39:06 2016 +0200;1467315546;-;-;Thu Jun 30 21:39:06 2016 +0200;1467315546
9c29ed75f8aeaf224730522a57bcb67903417bb1;9c29ed75f8;-;-;Thu Jun 30 12:34:54 2016 -0400;1467304494;-;-;Thu Jun 30 12:34:54 2016 -0400;1467304494
16949941f83251662cf3c71a2a2cc6c3f806a2f6;16949941f8;-;-;Thu Jun 30 14:38:26 2016 +0200;1467290306;-;-;Thu Jun 30 14:38:26 2016 +0200;1467290306
232cfe5e987a12816e0e1ad676d49f2bcef45204;232cfe5e98;-;-;Thu Jun 30 14:03:28 2016 +0200;1467288208;-;-;Thu Jun 30 14:03:28 2016 +0200;1467288208
c4c941c43fc23f58503c7b687fd1469d4a27c777;c4c941c43f;-;-;Thu Jun 30 14:02:51 2016 +0200;1467288171;-;-;Thu Jun 30 14:02:51 2016 +0200;1467288171
89396ff01ff159aa7df18e332f3888cf9ce3dc20;89396ff01f;-;-;Wed Jun 29 15:51:05 2016 -0400;1467229865;-;-;Wed Jun 29 15:59:00 2016 -0400;1467230340
eba873067c27dd3c64b95a38583ef4a45ea0c759;eba873067c;-;-;Wed Jun 29 18:10:34 2016 +0200;1467216634;-;-;Wed Jun 29 18:10:34 2016 +0200;1467216634
2d5496df2b94ac7fec603e0252b1a573c5b78c66;2d5496df2b;-;-;Wed Jun 29 15:53:46 2016 +0200;1467208426;-;-;Wed Jun 29 15:53:46 2016 +0200;1467208426
f2328e8e3cf91e4c8f8f2a59f930e5c5b8ad30e9;f2328e8e3c;-;-;Wed Jun 29 10:57:16 2016 +0200;1467190636;-;-;Wed Jun 29 10:57:16 2016 +0200;1467190636
1d42009c0a5fb97a0e3202179b57c561e7c0c7b7;1d42009c0a;-;-;Wed Jun 29 10:51:06 2016 +0200;1467190266;-;-;Wed Jun 29 10:51:06 2016 +0200;1467190266
37e42e68e858675849c90089ff2123cd5e47daec;37e42e68e8;-;-;Wed Jun 29 10:43:54 2016 +0200;1467189834;-;-;Wed Jun 29 10:43:54 2016 +0200;1467189834
772bc030eea48de7a9be2998693c1f4ab686e249;772bc030ee;-;-;Wed Jun 29 10:41:18 2016 +0200;1467189678;-;-;Wed Jun 29 10:41:18 2016 +0200;1467189678
6cd85ddde7334e799d7d321836ddfd806ecc6903;6cd85ddde7;-;-;Wed Jun 29 09:21:59 2016 +0200;1467184919;-;-;Wed Jun 29 09:21:59 2016 +0200;1467184919
775ffbe10b89d419a4d2a1409eccaf51188f93a9;775ffbe10b;-;-;Tue Jun 28 15:39:19 2016 -0400;1467142759;-;-;Tue Jun 28 16:46:51 2016 -0400;1467146811
1a7c6d3b10810299131ce53d5f1dc69f28f04408;1a7c6d3b10;-;-;Tue Jun 28 19:04:03 2016 +0200;1467133443;-;-;Tue Jun 28 19:04:03 2016 +0200;1467133443
db963bc556e746509a0c3c3938520a794874202a;db963bc556;-;-;Tue Jun 28 17:28:56 2016 +0200;1467127736;-;-;Tue Jun 28 17:29:04 2016 +0200;1467127744
64628dc8cb78f9a23137a308b8cd2f973d326569;64628dc8cb;-;-;Tue Jun 28 14:43:53 2016 +0200;1467117833;-;-;Tue Jun 28 14:51:09 2016 +0200;1467118269
52387cac9adb08f256cef2a325b870ae316670ea;52387cac9a;-;-;Tue Jun 28 11:21:16 2016 +0200;1467105676;-;-;Tue Jun 28 11:21:16 2016 +0200;1467105676
ebdc770ed3e56471d960d8792c2ceeb8faceb3b1;ebdc770ed3;-;-;Mon Jun 27 16:12:59 2016 -0400;1467058379;-;-;Mon Jun 27 16:12:59 2016 -0400;1467058379
2cdcf752ba830e4d641842ea1b3c546011d04284;2cdcf752ba;-;-;Mon Jun 27 16:02:54 2016 -0400;1467057774;-;-;Mon Jun 27 16:02:54 2016 -0400;1467057774
e38623df87cf6cbc529724d6cf1170874c05bcf0;e38623df87;-;-;Mon Jun 27 14:56:55 2016 -0400;1467053815;-;-;Mon Jun 27 14:56:55 2016 -0400;1467053815
a30ab30e4e9ae021fdda04e9abfc228476b846b5;a30ab30e4e;-;-;Mon Apr 25 21:33:50 2016 -0400;1461634430;-;-;Mon Jun 27 14:23:02 2016 -0400;1467051782
a25c43f695b1e527cdc8d7c987534fcb1029bb2c;a25c43f695;-;-;Mon Jun 27 17:05:31 2016 +0200;1467039931;-;-;Mon Jun 27 17:05:31 2016 +0200;1467039931
15c96b8efd9cb0a1126c48f0fe8262101067162e;15c96b8efd;-;-;Mon Jun 27 15:33:53 2016 +0200;1467034433;-;-;Mon Jun 27 15:33:53 2016 +0200;1467034433
ea5baeb05aff5743c9dc981186155a9c1fa3ea5f;ea5baeb05a;-;-;Sun Jun 26 21:03:05 2016 +0200;1466967785;-;-;Sun Jun 26 21:03:05 2016 +0200;1466967785
e15f7efff8be464092d233ae633f5b9d6341fd28;e15f7efff8;-;-;Sun Jun 26 00:18:54 2016 +0200;1466893134;-;-;Sun Jun 26 00:18:54 2016 +0200;1466893134
4102c62734d1867fcec7ffe6ae0f34774bb35d55;4102c62734;-;-;Sun Jun 26 00:13:53 2016 +0200;1466892833;-;-;Sun Jun 26 00:13:53 2016 +0200;1466892833
351a729317322d9c94341886510ff612968b6234;351a729317;-;-;Fri Jun 24 12:55:58 2016 +0200;1466765758;-;-;Fri Jun 24 12:55:58 2016 +0200;1466765758
711eb998125ceaf23237f9a2eef2b90086f4e48a;711eb99812;-;-;Fri Jun 24 12:37:31 2016 +0200;1466764651;-;-;Fri Jun 24 12:37:31 2016 +0200;1466764651
5e08598a2a439109eaea91289b8cb4cb3b8aedc7;5e08598a2a;-;-;Thu Jun 23 18:24:09 2016 +0200;1466699049;-;-;Thu Jun 23 18:24:09 2016 +0200;1466699049
f5282bc1e3ee30c39275eaf58c2bb549143f00ed;f5282bc1e3;-;-;Thu Jun 23 17:32:30 2016 +0200;1466695950;-;-;Thu Jun 23 17:32:30 2016 +0200;1466695950
0345d734e63e33096ec91b8ef62b6868b0e5fc36;0345d734e6;-;-;Thu Jun 23 14:12:37 2016 +0200;1466683957;-;-;Thu Jun 23 14:12:37 2016 +0200;1466683957
3dbf25e01888f21ed16678e5b417fe6f0f5b0245;3dbf25e018;-;-;Thu Jun 23 13:22:10 2016 +0200;1466680930;-;-;Thu Jun 23 13:22:10 2016 +0200;1466680930
f7dd75759352508c2c18bcdec72d4cc136a5bf92;f7dd757593;-;-;Wed Jun 22 22:10:16 2016 +0200;1466626216;-;-;Wed Jun 22 22:10:16 2016 +0200;1466626216
7f16bdaf7422d1d1bc8c203b9fa64ad5fa7c197c;7f16bdaf74;-;-;Wed Jun 22 19:30:23 2016 +0200;1466616623;-;-;Wed Jun 22 19:30:23 2016 +0200;1466616623
fd9d518c36081b3233326bfb95d79f2087c3edc6;fd9d518c36;-;-;Wed Jun 22 14:41:20 2016 +0200;1466599280;-;-;Wed Jun 22 14:41:20 2016 +0200;1466599280
a2aa82eb3184836cd33babd8086a4f1bfe7ee6d3;a2aa82eb31;-;-;Wed Jun 22 11:55:33 2016 +0200;1466589333;-;-;Wed Jun 22 11:55:33 2016 +0200;1466589333
981d4494c68b5aa57607605b84cf3b4b9f700b22;981d4494c6;-;-;Wed Jun 22 11:55:24 2016 +0200;1466589324;-;-;Wed Jun 22 11:55:24 2016 +0200;1466589324
0de85e3a7355a0884c124e74af3ca673fb274ffa;0de85e3a73;-;-;Wed Jun 22 11:15:24 2016 +0200;1466586924;-;-;Wed Jun 22 11:15:24 2016 +0200;1466586924
058279bc7ed0466c0106b62c6a3455f1f316cb0c;058279bc7e;-;-;Tue Jun 21 13:32:40 2016 -0400;1466530360;-;-;Tue Jun 21 13:32:40 2016 -0400;1466530360
db1092f119d4e861e540f5c9c6caf09d7d7a3b0f;db1092f119;-;-;Tue Jun 21 10:35:00 2016 -0400;1466519700;-;-;Tue Jun 21 10:43:08 2016 -0400;1466520188
848562d68ac84f2d6d93587ace9522c857fd2706;848562d68a;-;-;Tue Jun 21 10:13:42 2016 +0200;1466496822;-;-;Tue Jun 21 10:13:42 2016 +0200;1466496822
56db1af11dbe51c88c753421e022bc5389361c04;56db1af11d;-;-;Mon Jun 20 14:24:16 2016 +0200;1466425456;-;-;Mon Jun 20 14:24:16 2016 +0200;1466425456
8cb9d5ebae0d47f00f4e4f71fd405d42441831e3;8cb9d5ebae;-;-;Mon Jun 20 13:50:04 2016 +0200;1466423404;-;-;Mon Jun 20 13:50:04 2016 +0200;1466423404
01f115869b7af0e60e30c284d4238a2becca3548;01f115869b;-;-;Mon Jun 20 13:42:42 2016 +0200;1466422962;-;-;Mon Jun 20 13:42:42 2016 +0200;1466422962
f9fec73f1d668ab7c342cc41e21cfb7a73a3cca4;f9fec73f1d;-;-;Mon Jun 20 13:41:04 2016 +0200;1466422864;-;-;Mon Jun 20 13:41:04 2016 +0200;1466422864
ba885f3d0b6284bdadb7d4026376296fc85324db;ba885f3d0b;-;-;Fri Jun 17 16:54:54 2016 -0400;1466196894;-;-;Fri Jun 17 16:54:54 2016 -0400;1466196894
919f6c96f9887746d14dbad2b6cd7af906484aea;919f6c96f9;-;-;Fri Jun 17 14:20:42 2016 -0400;1466187642;-;-;Fri Jun 17 14:20:42 2016 -0400;1466187642
981a748dccbc0d24a37e72edd95bb3c7e8cff9df;981a748dcc;-;-;Fri Jun 17 23:18:36 2016 +0800;1466176716;-;-;Fri Jun 17 17:18:36 2016 +0200;1466176716
6f9fb31bf91179bd2da344eacf3180462247cd24;6f9fb31bf9;-;-;Fri Jun 17 08:08:02 2016 +0200;1466143682;-;-;Fri Jun 17 08:08:02 2016 +0200;1466143682
bcfc09a93c5b0e93112e27aef3dfb4e289e9b3ec;bcfc09a93c;-;-;Thu Jun 16 13:14:53 2016 +0200;1466075693;-;-;Thu Jun 16 13:14:53 2016 +0200;1466075693
b92576d8d94b51c8d8651ae5136b849cbade2e53;b92576d8d9;-;-;Thu Jun 16 12:13:01 2016 +0200;1466071981;-;-;Thu Jun 16 12:13:01 2016 +0200;1466071981
7d39957ec9917995ee7ad0070f89ec9233ee609f;7d39957ec9;-;-;Wed Jun 15 16:48:34 2016 +0200;1466002114;-;-;Wed Jun 15 16:48:34 2016 +0200;1466002114
9001af7efbc4fa40612c8239b037b9ea85fb0866;9001af7efb;-;-;Wed Jun 15 13:00:40 2016 +0200;1465988440;-;-;Wed Jun 15 13:00:40 2016 +0200;1465988440
b5364d5f1adbd2c8c41e74701b5a203f8806466f;b5364d5f1a;-;-;Tue Jun 14 22:55:31 2016 +0200;1465937731;-;-;Tue Jun 14 22:55:31 2016 +0200;1465937731
dcb2c73102302d0795748ea45dca8031be808f23;dcb2c73102;-;-;Tue Jun 14 22:48:51 2016 +0200;1465937331;-;-;Tue Jun 14 22:48:51 2016 +0200;1465937331
045ee522321ae99085ef2862f10892ba01837f20;045ee52232;-;-;Tue Jun 14 20:08:26 2016 +0200;1465927706;-;-;Tue Jun 14 20:08:26 2016 +0200;1465927706
2fd4462268574e745756cd6e57b419eed08aa5ec;2fd4462268;-;-;Tue Jun 14 18:40:01 2016 +0200;1465922401;-;-;Tue Jun 14 18:40:01 2016 +0200;1465922401
0815560c85888944f575a22b723cdd640676d01f;0815560c85;-;-;Sat Jun 11 12:51:38 2016 +0200;1465642298;-;-;Sat Jun 11 12:51:38 2016 +0200;1465642298
d60028caf15a3b06828315d6060605335e956dc6;d60028caf1;-;-;Fri Jun 10 08:59:53 2016 +0000;1465549193;-;-;Fri Jun 10 08:59:53 2016 +0000;1465549193
ca12e13ef8a22e3dfd62405ef44aad0482b844b0;ca12e13ef8;-;-;Thu Jun 9 22:40:08 2016 +0200;1465504808;-;-;Thu Jun 9 22:40:08 2016 +0200;1465504808
57ca8f534792fdd0c5e0591c41f0806d0924b650;57ca8f5347;-;-;Thu Jun 9 18:55:36 2016 +0200;1465491336;-;-;Thu Jun 9 21:50:57 2016 +0200;1465501857
7c96059ca373ad474dc939df4d9507cc2e9e6013;7c96059ca3;-;-;Thu Jun 9 19:19:08 2016 +0200;1465492748;-;-;Thu Jun 9 19:19:08 2016 +0200;1465492748
f0451294de42ad655503b1a49c11446ca8d2f3f3;f0451294de;-;-;Thu Jun 9 17:03:44 2016 +0200;1465484624;-;-;Thu Jun 9 17:09:15 2016 +0200;1465484955
53909a5333c33a24ff231c194e18b7cef49a42c7;53909a5333;-;-;Thu Jun 9 16:01:13 2016 +0200;1465480873;-;-;Thu Jun 9 17:09:15 2016 +0200;1465484955
1dfc0ffd437ad5df791780cc8e9fc34b494011bb;1dfc0ffd43;-;-;Thu Jun 9 17:02:39 2016 +0200;1465484559;-;-;Thu Jun 9 17:02:39 2016 +0200;1465484559
d51c22a7891108d9b86ce781df8ddbcfea6f85ce;d51c22a789;-;-;Thu Jun 9 10:49:15 2016 +0200;1465462155;-;-;Thu Jun 9 10:49:15 2016 +0200;1465462155
8432c62b50e608eb1dea38fc4fa8f8955a2bceef;8432c62b50;-;-;Thu Jun 9 10:38:38 2016 +0200;1465461518;-;-;Thu Jun 9 10:38:38 2016 +0200;1465461518
c6f63bdb30dcbdbaaecaa772077cfa436698c0b4;c6f63bdb30;-;-;Wed Jun 8 15:54:00 2016 +0200;1465394040;-;-;Wed Jun 8 15:54:00 2016 +0200;1465394040
d1d29cf699f21eb2bfba235b6cf1086fd1d54433;d1d29cf699;-;-;Wed Jun 8 15:23:06 2016 +0200;1465392186;-;-;Wed Jun 8 15:23:06 2016 +0200;1465392186
a211d1472ec718f54d01707c866c24ed7322222b;a211d1472e;-;-;Wed Jun 8 15:22:01 2016 +0200;1465392121;-;-;Wed Jun 8 15:22:01 2016 +0200;1465392121
da051b87e6c604364bcca500203111c8d0b0c7eb;da051b87e6;-;-;Wed Jun 8 14:38:51 2016 +0200;1465389531;-;-;Wed Jun 8 14:38:58 2016 +0200;1465389538
c9de6f23ef991272a33d68d1abfe75db142c855f;c9de6f23ef;-;-;Wed Jun 8 14:37:48 2016 +0200;1465389468;-;-;Wed Jun 8 14:38:58 2016 +0200;1465389538
cc7781ecf323f7c9fbc6959bfabf73df613c274e;cc7781ecf3;-;-;Wed Jun 8 13:58:44 2016 +0200;1465387124;-;-;Wed Jun 8 13:58:44 2016 +0200;1465387124
8fc84e2d6fd31257873c47b6be1c54ac630f123a;8fc84e2d6f;-;-;Wed Jun 8 09:47:51 2016 +0200;1465372071;-;-;Wed Jun 8 09:47:51 2016 +0200;1465372071
981c894acf8ee075961c98b9f5fdff2b35d9f765;981c894acf;-;-;Tue Jun 7 21:22:01 2016 +0200;1465327321;-;-;Tue Jun 7 21:22:01 2016 +0200;1465327321
99ae7e3bcb1de7f3391f9b134d1b8ea73f073927;99ae7e3bcb;-;-;Tue Jun 7 20:17:34 2016 +0200;1465323454;-;-;Tue Jun 7 20:17:34 2016 +0200;1465323454
47d77252d3d5a4b3500200864da214d7e5869d09;47d77252d3;-;-;Tue Jun 7 18:53:55 2016 +0200;1465318435;-;-;Tue Jun 7 19:07:38 2016 +0200;1465319258
6804aad06fa17a5bf440fc96ece70ff3940498a7;6804aad06f;-;-;Tue Jun 7 18:51:24 2016 +0200;1465318284;-;-;Tue Jun 7 19:07:38 2016 +0200;1465319258
e2810904b0c1f967a6387984a203e5a92e68b438;e2810904b0;-;-;Tue Jun 7 18:48:41 2016 +0200;1465318121;-;-;Tue Jun 7 19:07:38 2016 +0200;1465319258
f5a9d5e076ce0a7cc7207c10a1d4e82b2f85d55e;f5a9d5e076;-;-;Tue Jun 7 18:09:02 2016 +0200;1465315742;-;-;Tue Jun 7 18:09:02 2016 +0200;1465315742
01d234f9f30fea0b9dee559606bd7a73e3e09b05;01d234f9f3;-;-;Tue Jun 7 18:06:14 2016 +0200;1465315574;-;-;Tue Jun 7 18:06:14 2016 +0200;1465315574
c121f460b1ac92500d1b7fe7d00c5a67c3aa662e;c121f460b1;-;-;Tue Jun 7 17:26:57 2016 +0200;1465313217;-;-;Tue Jun 7 17:26:57 2016 +0200;1465313217
31aed61d1543f9f24a82a204309c0afb71dd3912;31aed61d15;-;-;Tue Jun 7 16:49:23 2016 +0200;1465310963;-;-;Tue Jun 7 16:49:23 2016 +0200;1465310963
4432da365963826fa5d00b4a83ceb852b2bc620a;4432da3659;-;-;Tue Jun 7 16:32:42 2016 +0200;1465309962;-;-;Tue Jun 7 16:32:42 2016 +0200;1465309962
de78f05707586e56128b7eba8f0a946710c459c1;de78f05707;-;-;Tue Jun 7 16:24:50 2016 +0200;1465309490;-;-;Tue Jun 7 16:24:50 2016 +0200;1465309490
eaa9511921d58de2c41d205a8fd51b60ae7ef481;eaa9511921;-;-;Tue Jun 7 16:05:41 2016 +0200;1465308341;-;-;Tue Jun 7 16:13:42 2016 +0200;1465308822
5a0100111e1cb18617d21aaf51704c07b71aa841;5a0100111e;-;-;Tue Jun 7 16:03:14 2016 +0200;1465308194;-;-;Tue Jun 7 16:13:42 2016 +0200;1465308822
8c4bc3656b45a851e2b47333bb55e3e3146dde71;8c4bc3656b;-;-;Tue Jun 7 15:42:16 2016 +0200;1465306936;-;-;Tue Jun 7 15:42:16 2016 +0200;1465306936
6807bcb863775908fc19773924dca8c8734687b4;6807bcb863;-;-;Tue Jun 7 13:35:19 2016 +0200;1465299319;-;-;Tue Jun 7 13:38:17 2016 +0200;1465299497
c412eabb00330418b286f33885fe794b1962dcf9;c412eabb00;-;-;Tue Jun 7 12:50:00 2016 +0200;1465296600;-;-;Tue Jun 7 12:50:00 2016 +0200;1465296600
abcfffdde9aa833c1ce493525e9d2b9e4f15c46c;abcfffdde9;-;-;Tue Jun 7 12:36:17 2016 +0200;1465295777;-;-;Tue Jun 7 12:36:17 2016 +0200;1465295777
3c987b179d065809280ec115265445591597b865;3c987b179d;-;-;Mon Jun 6 22:22:23 2016 +0200;1465244543;-;-;Mon Jun 6 22:22:23 2016 +0200;1465244543
c19740a020798820db7039a15ba468a32e028690;c19740a020;-;-;Mon Jun 6 18:54:16 2016 +0200;1465232056;-;-;Mon Jun 6 18:54:16 2016 +0200;1465232056
c2a50ad1bf1404173d3ba039449eaa6d8953f2c3;c2a50ad1bf;-;-;Mon Jun 6 12:37:22 2016 -0400;1465231042;-;-;Mon Jun 6 12:37:22 2016 -0400;1465231042
9131ebbea6e9e52162ae3068ad55c46f2c4e6390;9131ebbea6;-;-;Mon Jun 6 17:15:56 2016 +0200;1465226156;-;-;Mon Jun 6 17:15:56 2016 +0200;1465226156
e7561b1d7c91ac86bd3dea5342f4805c72ef5bd6;e7561b1d7c;-;-;Mon Jun 6 17:14:10 2016 +0200;1465226050;-;-;Mon Jun 6 17:14:10 2016 +0200;1465226050
998b83ce8c8d6cb17dfd6bf57fe81d11e82d03df;998b83ce8c;-;-;Mon Jun 6 08:46:50 2016 -0400;1465217210;-;-;Mon Jun 6 08:46:50 2016 -0400;1465217210
d7320f41c0f5d08d641fac2ba4711ee3c218d4e3;d7320f41c0;-;-;Sat Jun 4 11:27:37 2016 +0200;1465032457;-;-;Sat Jun 4 11:27:37 2016 +0200;1465032457
a9fda3e7e2d55bd0659b1142f895f9b5d6802062;a9fda3e7e2;-;-;Sat Jun 4 00:17:20 2016 +0200;1464992240;-;-;Sat Jun 4 00:17:20 2016 +0200;1464992240
f657952cee063f9b0879c8e0650f9aa03652946f;f657952cee;-;-;Sat Jun 4 00:15:52 2016 +0200;1464992152;-;-;Sat Jun 4 00:15:52 2016 +0200;1464992152
9394616f8f86db9cac6c8989414ae166bb67b219;9394616f8f;-;-;Thu Jun 2 23:35:31 2016 +0200;1464903331;-;-;Thu Jun 2 23:35:31 2016 +0200;1464903331
521c41d75ee2a5b53c3223c672a5609335a78e00;521c41d75e;-;-;Thu Jun 2 17:02:44 2016 +0200;1464879764;-;-;Thu Jun 2 17:02:44 2016 +0200;1464879764
ae11387b4aa628c0834198c45cf733b6cd23f71d;ae11387b4a;-;-;Thu Jun 2 11:47:22 2016 +0200;1464860842;-;-;Thu Jun 2 11:47:22 2016 +0200;1464860842
7de61f80a7fd4ed2903ee9e15af3b8bcffd06cee;7de61f80a7;-;-;Thu Jun 2 11:41:24 2016 +0200;1464860484;-;-;Thu Jun 2 11:41:24 2016 +0200;1464860484
ca9ffa2012fdf2ecfab2cbc26eedfb59b61f23ce;ca9ffa2012;-;-;Wed Jun 1 22:02:31 2016 +0200;1464811351;-;-;Wed Jun 1 22:02:31 2016 +0200;1464811351
ea728b15c8bd2b4d71387169aa217937b93d0730;ea728b15c8;-;-;Wed Jun 1 22:01:32 2016 +0200;1464811292;-;-;Wed Jun 1 22:01:32 2016 +0200;1464811292
c74d979735e18888936e3d1b7a5e283501edb8c6;c74d979735;-;-;Wed Jun 1 15:45:44 2016 -0400;1464810344;-;-;Wed Jun 1 15:45:44 2016 -0400;1464810344
b7f589547d7abf8a737cd2f2f2c0d512b2bd78d7;b7f589547d;-;-;Wed Jun 1 15:34:25 2016 -0400;1464809665;-;-;Wed Jun 1 15:34:25 2016 -0400;1464809665
9975f02e4d61ff98369aac7ca4c8c403b5119489;9975f02e4d;-;-;Tue Apr 12 18:37:41 2016 +0800;1460457461;-;-;Wed Jun 1 17:00:42 2016 +0200;1464793242
5a817271807912803211d6a8303c8ffde3fb5fc8;5a81727180;-;-;Sun Apr 17 17:20:43 2016 +0200;1460906443;-;-;Wed Jun 1 16:58:20 2016 +0200;1464793100
39f143563d2077b536c69423ed93a9ebb8cbc3fe;39f143563d;-;-;Wed Jun 1 15:10:57 2016 +0200;1464786657;-;-;Wed Jun 1 15:10:57 2016 +0200;1464786657
37de0e45f6d7a72a3a189dcc6130e3d83bb2f0c7;37de0e45f6;-;-;Wed Jun 1 11:39:08 2016 +0200;1464773948;-;-;Wed Jun 1 11:39:08 2016 +0200;1464773948
e4976a2c6df4f5173ef0284958a67e5cac10270a;e4976a2c6d;-;-;Wed Jun 1 11:38:56 2016 +0200;1464773936;-;-;Wed Jun 1 11:38:56 2016 +0200;1464773936
fc406430331b1c681193b087998e8336e4a61445;fc40643033;-;-;Tue May 31 14:55:50 2016 -0400;1464720950;-;-;Tue May 31 14:55:50 2016 -0400;1464720950
27215b50614a1b543ec98b992cae96c9d8bba32c;27215b5061;-;-;Tue May 31 14:44:27 2016 -0400;1464720267;-;-;Tue May 31 14:44:27 2016 -0400;1464720267
8343ce9e441313513b1459f6f56724ad1fcead19;8343ce9e44;-;-;Tue May 31 13:55:11 2016 -0400;1464717311;-;-;Tue May 31 13:55:11 2016 -0400;1464717311
e2fa282e14102d9f5c00b2e848f7649847c2fd89;e2fa282e14;-;-;Tue May 31 12:57:17 2016 -0400;1464713837;-;-;Tue May 31 12:57:17 2016 -0400;1464713837
92f1b69e8c4e8af20779e969feb0ab2f1f73af31;92f1b69e8c;-;-;Tue May 31 12:42:32 2016 -0400;1464712952;-;-;Tue May 31 12:42:32 2016 -0400;1464712952
22c260f3fe0e46faf7b30ed483ab5fc1cd7e2e8f;22c260f3fe;-;-;Tue May 31 09:35:49 2016 -0400;1464701749;-;-;Tue May 31 09:35:49 2016 -0400;1464701749
71463fb3991a2b7e8e79cafa91a824c51f4fc73a;71463fb399;-;-;Tue May 31 14:12:06 2016 +0200;1464696726;-;-;Tue May 31 14:12:06 2016 +0200;1464696726
9064d38e4c77addbb5682e28e8c04df9fc8cd652;9064d38e4c;-;-;Tue May 31 11:05:29 2016 +0200;1464685529;-;-;Tue May 31 11:05:29 2016 +0200;1464685529
bff8259fb03ac24ff0442e9902327642e2accaca;bff8259fb0;-;-;Tue May 31 10:11:46 2016 +0200;1464682306;-;-;Tue May 31 10:11:46 2016 +0200;1464682306
3576ff051cf13ccc97d8b0fea8d961d204c15f0d;3576ff051c;-;-;Mon May 30 22:47:31 2016 +0200;1464641251;-;-;Mon May 30 22:47:31 2016 +0200;1464641251
24f5f368b015f58b6f5a85a7c982d9f476681712;24f5f368b0;-;-;Mon May 30 22:39:27 2016 +0200;1464640767;-;-;Mon May 30 22:39:27 2016 +0200;1464640767
822e40e24f458ec00ffe9e67a79365ba82a9867c;822e40e24f;-;-;Mon May 30 17:16:03 2016 +0200;1464621363;-;-;Mon May 30 17:16:03 2016 +0200;1464621363
86557f25afcce0ee55001a4a9bc672d321f4c1eb;86557f25af;-;-;Mon May 30 17:13:45 2016 +0200;1464621225;-;-;Mon May 30 17:13:45 2016 +0200;1464621225
cf0a0cd5d83fc65fe478d2f458baa540fe823a31;cf0a0cd5d8;-;-;Mon May 30 15:15:27 2016 +0200;1464614127;-;-;Mon May 30 15:15:27 2016 +0200;1464614127
a1e9459a43f198a3d65cb761981d3e522d438956;a1e9459a43;-;-;Mon May 30 15:06:55 2016 +0200;1464613615;-;-;Mon May 30 15:06:55 2016 +0200;1464613615
d6284202f1e7b962aceee4f34412c553910e4ab5;d6284202f1;-;-;Mon May 30 15:04:57 2016 +0200;1464613497;-;-;Mon May 30 15:04:57 2016 +0200;1464613497
250d82768f40ec20f3bd1976ec1c5cbcb02dfa88;250d82768f;-;-;Mon May 30 09:44:18 2016 +0200;1464594258;-;-;Mon May 30 09:44:18 2016 +0200;1464594258
6efa0589170fbcdd7fc0fe850d5b55b75918fdb2;6efa058917;-;-;Sun May 29 13:25:16 2016 +0200;1464521116;-;-;Sun May 29 13:25:16 2016 +0200;1464521116
f7f2327f60f88a284d613530c4c749349f6bc479;f7f2327f60;-;-;Sun May 29 13:22:00 2016 +0200;1464520920;-;-;Sun May 29 13:22:00 2016 +0200;1464520920
98eaf05c8fb2ecf630a3d6e58b4c3d2fb7b79d3c;98eaf05c8f;-;-;Sun May 29 13:19:09 2016 +0200;1464520749;-;-;Sun May 29 13:19:09 2016 +0200;1464520749
42bf0076047fba8c3179b6fa0722dc127c9d1b9a;42bf007604;-;-;Fri May 27 23:46:15 2016 +0200;1464385575;-;-;Fri May 27 23:46:15 2016 +0200;1464385575
03affa02dbb3d629d12228b1622a1d2c8cd37931;03affa02db;-;-;Fri May 27 22:34:09 2016 +0200;1464381249;-;-;Fri May 27 22:34:09 2016 +0200;1464381249
2d85accb833bb5cd5e7f44c38c29919af82c836b;2d85accb83;-;-;Fri May 27 18:24:49 2016 +0200;1464366289;-;-;Fri May 27 18:24:49 2016 +0200;1464366289
31a93792b27be268255cb4aba3c8ab6e4e4db7ff;31a93792b2;-;-;Fri May 27 16:33:43 2016 +0200;1464359623;-;-;Fri May 27 16:33:43 2016 +0200;1464359623
49bc2a9a02ba66af92f37cad15178f2dcf087807;49bc2a9a02;-;-;Fri May 27 16:30:50 2016 +0200;1464359450;-;-;Fri May 27 16:30:50 2016 +0200;1464359450
917948deac778b96bb2e5fb9784e9265fa6d8d95;917948deac;-;-;Fri May 27 10:30:38 2016 +0200;1464337838;-;-;Fri May 27 10:30:38 2016 +0200;1464337838
abfe3f209d513eed28243b9d3a00eb6db4939e6e;abfe3f209d;-;-;Thu May 26 23:57:49 2016 +0200;1464299869;-;-;Thu May 26 23:57:49 2016 +0200;1464299869
a979885d17d3eb18ad1d35bab5c664cfc6d8bd98;a979885d17;-;-;Thu May 26 19:39:22 2016 +0200;1464284362;-;-;Thu May 26 19:39:22 2016 +0200;1464284362
dacc31e3d31527f2fbd75122bb75ffb24758a2a8;dacc31e3d3;-;-;Thu May 26 19:18:30 2016 +0200;1464283110;-;-;Thu May 26 19:18:30 2016 +0200;1464283110
65f6ea320a13bc4d1f702ff44e871e68dfbcaba2;65f6ea320a;-;-;Thu May 26 19:17:40 2016 +0200;1464283060;-;-;Thu May 26 19:17:40 2016 +0200;1464283060
4e8754ea87c1f52c589049eb123cc5e0e897639f;4e8754ea87;-;-;Thu May 26 11:44:40 2016 -0400;1464277480;-;-;Thu May 26 11:44:40 2016 -0400;1464277480
f4ab6d8d52da2cc32e59f476b2f49ef6963c0436;f4ab6d8d52;-;-;Thu May 26 09:48:16 2016 -0400;1464270496;-;-;Thu May 26 09:48:16 2016 -0400;1464270496
a1851845add6099b3190e94dc02d38f7b18da678;a1851845ad;-;-;Thu May 26 07:51:01 2016 +0200;1464241861;-;-;Thu May 26 07:51:01 2016 +0200;1464241861
aa3b04c937e807692f0a714832513235020bd18e;aa3b04c937;-;-;Wed May 25 09:23:52 2016 +0200;1464161032;-;-;Wed May 25 09:23:52 2016 +0200;1464161032
7d4d3db0ddd90fe70fd305b27410124301da1b45;7d4d3db0dd;-;-;Mon May 23 07:43:49 2016 +0200;1463982229;-;-;Mon May 23 07:43:49 2016 +0200;1463982229
c2625f968c9722b6d8d9617a8c2293ec0a3950ab;c2625f968c;-;-;Sun May 22 09:53:42 2016 -0400;1463925222;-;-;Sun May 22 09:53:42 2016 -0400;1463925222
400206a2feb17919ee4ba192eb495198dcaafe03;400206a2fe;-;-;Sun May 22 09:06:23 2016 -0400;1463922383;-;-;Sun May 22 09:06:23 2016 -0400;1463922383
a9217d51c27c3846eb9e5e2cfc8e3cfff0193c38;a9217d51c2;-;-;Sun May 22 06:33:33 2016 -0400;1463913213;-;-;Sun May 22 06:36:42 2016 -0400;1463913402
9c02a99d38f69e976e38a65cb7f49f8b0169c9f1;9c02a99d38;-;-;Fri May 20 09:57:41 2016 +0200;1463731061;-;-;Fri May 20 09:57:41 2016 +0200;1463731061
3fb58cda8e9b5a36ce241f32f3578344328e240b;3fb58cda8e;-;-;Wed May 18 11:05:09 2016 -0400;1463583909;-;-;Wed May 18 11:05:09 2016 -0400;1463583909
1e003a1c90fe7f5aa91f99a34fa5be53a43ad6d8;1e003a1c90;-;-;Wed May 18 10:57:54 2016 -0400;1463583474;-;-;Wed May 18 10:57:54 2016 -0400;1463583474
4a81aaba6c6d58a7e49b116b94b8f6c518392d99;4a81aaba6c;-;-;Thu May 12 11:21:41 2016 -0400;1463066501;-;-;Thu May 12 11:24:50 2016 -0400;1463066690
8c79f2317549e80e580b889e1b21e9ed512a3aab;8c79f23175;-;-;Thu May 12 15:24:03 2016 +0200;1463059443;-;-;Thu May 12 15:24:03 2016 +0200;1463059443
c15f27cfa85bb69ffa628f44fe7058433a318ae7;c15f27cfa8;-;-;Fri May 6 13:41:02 2016 +0200;1462534862;-;-;Fri May 6 13:41:02 2016 +0200;1462534862
66bab2a9fcb2e301e0e7e3795428a9666322f649;66bab2a9fc;-;-;Fri May 6 13:38:03 2016 +0200;1462534683;-;-;Fri May 6 13:38:03 2016 +0200;1462534683
56829502892156f2be6666547033aef1c263de6c;5682950289;-;-;Fri May 6 12:03:10 2016 +0200;1462528990;-;-;Fri May 6 12:03:10 2016 +0200;1462528990
42d32ba3967572b288c049e4f3bc2eee357022dd;42d32ba396;-;-;Fri May 6 12:02:51 2016 +0200;1462528971;-;-;Fri May 6 12:02:51 2016 +0200;1462528971
e5dbe12e850d2b7d56a02e099fc687fd06e9c6f8;e5dbe12e85;-;-;Fri May 6 11:50:47 2016 +0200;1462528247;-;-;Fri May 6 11:50:47 2016 +0200;1462528247
1b1aac9172e9e8849574675ae680f754a7475994;1b1aac9172;-;-;Thu May 5 20:40:30 2016 +0200;1462473630;-;-;Thu May 5 20:40:30 2016 +0200;1462473630
5400bb911032d6324507b6b9eaab333edf7ffa89;5400bb9110;-;-;Thu May 5 20:39:53 2016 +0200;1462473593;-;-;Thu May 5 20:39:53 2016 +0200;1462473593
7dc181261edaebe90bb236e071469b6b4fed7c2b;7dc181261e;-;-;Thu May 5 20:35:34 2016 +0200;1462473334;-;-;Thu May 5 20:35:34 2016 +0200;1462473334
a1a87679da99e7c3f199ecbd764a9e712d60f4ac;a1a87679da;-;-;Thu May 5 19:51:21 2016 +0200;1462470681;-;-;Thu May 5 19:54:44 2016 +0200;1462470884
a31f0bb3c0b5e08698214d68a23e7a8be1cc0206;a31f0bb3c0;-;-;Thu May 5 09:57:15 2016 -0700;1462467435;-;-;Thu May 5 09:57:15 2016 -0700;1462467435
3c92ddc94b04f1dc057125d336e5220c92351442;3c92ddc94b;-;-;Wed May 4 22:28:06 2016 +0200;1462393686;-;-;Wed May 4 22:28:06 2016 +0200;1462393686
3f85efe107387f5baf3d53bc8ec59ed71e607315;3f85efe107;-;-;Wed May 4 18:17:16 2016 +0200;1462378636;-;-;Wed May 4 18:17:16 2016 +0200;1462378636
08ddd1b3bc783d0dc0ef1ab5e361315cbba90e10;08ddd1b3bc;-;-;Wed May 4 18:17:06 2016 +0200;1462378626;-;-;Wed May 4 18:17:06 2016 +0200;1462378626
8c139ef444335c38450f698030fb93bb33856244;8c139ef444;-;-;Wed May 4 17:37:30 2016 +0200;1462376250;-;-;Wed May 4 17:37:30 2016 +0200;1462376250
ab478d14fa8125daf1c4165e6d7ca2cccd0838e9;ab478d14fa;-;-;Wed May 4 17:06:08 2016 +0200;1462374368;-;-;Wed May 4 17:06:08 2016 +0200;1462374368
162aedccbeed04b84dd4b3c0854b126766f23707;162aedccbe;-;-;Wed May 4 17:02:16 2016 +0200;1462374136;-;-;Wed May 4 17:02:16 2016 +0200;1462374136
f09c7868d83e6010c406a13278b727327542b7df;f09c7868d8;-;-;Wed May 4 16:04:37 2016 +0200;1462370677;-;-;Wed May 4 16:04:37 2016 +0200;1462370677
e6e3ca3e96d6272094c9e41354a372dbd74be80f;e6e3ca3e96;-;-;Wed May 4 09:03:28 2016 +0200;1462345408;-;-;Wed May 4 09:03:28 2016 +0200;1462345408
e26478e3de0c726b1e23db2e3c1076e8b7ca71c8;e26478e3de;-;-;Tue May 3 20:26:11 2016 +0200;1462299971;-;-;Tue May 3 20:26:11 2016 +0200;1462299971
7b13311f0303ad7fb564217f2e1c539ced86f1dd;7b13311f03;-;-;Tue May 3 20:12:37 2016 +0200;1462299157;-;-;Tue May 3 20:12:37 2016 +0200;1462299157
6b3eba0500360aafda4024b4daff0792314a9384;6b3eba0500;-;-;Tue May 3 19:56:33 2016 +0200;1462298193;-;-;Tue May 3 19:56:33 2016 +0200;1462298193
64c388d5242076ac7a95af1bd03ea276157596af;64c388d524;-;-;Tue May 3 19:33:32 2016 +0200;1462296812;-;-;Tue May 3 19:33:32 2016 +0200;1462296812
0f6711fe3b9945304a6fcb1a4d0bde28de49dbd2;0f6711fe3b;-;-;Tue May 3 18:53:17 2016 +0200;1462294397;-;-;Tue May 3 18:57:31 2016 +0200;1462294651
7ce5ba4a3f3bf9591d25786c6e780d35e89c132d;7ce5ba4a3f;-;-;Tue May 3 18:45:47 2016 +0200;1462293947;-;-;Tue May 3 18:57:31 2016 +0200;1462294651
3433fe35df379b3ef675135685fed20eb76e49a7;3433fe35df;-;-;Tue May 3 17:25:35 2016 +0200;1462289135;-;-;Tue May 3 18:57:31 2016 +0200;1462294651
52e5b4a6ffb104e39afe48ad8d9e7be00f44d8d3;52e5b4a6ff;-;-;Tue May 3 18:55:39 2016 +0200;1462294539;-;-;Tue May 3 18:55:39 2016 +0200;1462294539
76964e16efbcee7c19608e826aa26c032493baa0;76964e16ef;-;-;Tue May 3 18:44:37 2016 +0200;1462293877;-;-;Tue May 3 18:44:37 2016 +0200;1462293877
46e41a9d94bf586e5a80f262d2eee31b9612e93f;46e41a9d94;-;-;Tue May 3 12:30:46 2016 -0400;1462293046;-;-;Tue May 3 12:34:19 2016 -0400;1462293259
05b29a4a17f612dea9cb09c6bc328ecb11b27e72;05b29a4a17;-;-;Tue May 3 16:14:09 2016 +0200;1462284849;-;-;Tue May 3 16:14:09 2016 +0200;1462284849
76ee46847a67f70148eab524f7ab576b670441d4;76ee46847a;-;-;Tue May 3 14:47:22 2016 +0200;1462279642;-;-;Tue May 3 14:47:22 2016 +0200;1462279642
1be544f8fa322ce11044763329712c49b1bf3a1f;1be544f8fa;-;-;Tue May 3 13:30:51 2016 +0200;1462275051;-;-;Tue May 3 13:30:51 2016 +0200;1462275051
5ac31fb39d5b3a451a2cf6952e9c3799256eef0c;5ac31fb39d;-;-;Mon May 2 15:39:07 2016 +0200;1462196347;-;-;Mon May 2 19:00:52 2016 +0200;1462208452
7737c3c7e5e3ffe19e6cc151f1929982f5bba35d;7737c3c7e5;-;-;Mon May 2 15:19:05 2016 +0200;1462195145;-;-;Mon May 2 15:19:05 2016 +0200;1462195145
cbc46760b74550fc573aaa62333cfdcb721a4e7b;cbc46760b7;-;-;Mon May 2 13:54:57 2016 +0200;1462190097;-;-;Mon May 2 13:54:57 2016 +0200;1462190097
07ea3745c49ec506e17dcb56107639cf36339d2c;07ea3745c4;-;-;Mon May 2 13:54:47 2016 +0200;1462190087;-;-;Mon May 2 13:54:47 2016 +0200;1462190087
09b45d2c0feee9ebdc7c03e3768cf834bf81a195;09b45d2c0f;-;-;Mon May 2 13:33:05 2016 +0200;1462188785;-;-;Mon May 2 13:33:05 2016 +0200;1462188785
f83cbff543b3519c9288c1eee0ed3ae7e4c749d2;f83cbff543;-;-;Mon May 2 13:01:44 2016 +0200;1462186904;-;-;Mon May 2 13:01:44 2016 +0200;1462186904
e45d33f9de595d7348f3b4695960cb26bd9255c0;e45d33f9de;-;-;Mon May 2 12:57:30 2016 +0200;1462186650;-;-;Mon May 2 12:57:30 2016 +0200;1462186650
29da44c8dcc0fd7244b47dfc57be700458d7238d;29da44c8dc;-;-;Fri Apr 29 11:17:47 2016 +0200;1461921467;-;-;Fri Apr 29 11:20:29 2016 +0200;1461921629
fdb31cd715f4a8811fbbe0b541b54ee5f65fa8df;fdb31cd715;-;-;Fri Apr 29 10:56:26 2016 +0200;1461920186;-;-;Fri Apr 29 10:56:26 2016 +0200;1461920186
bd40a93604bbff9e41085639628114fc0c0898c2;bd40a93604;-;-;Thu Apr 28 17:46:46 2016 -0400;1461880006;-;-;Thu Apr 28 17:47:59 2016 -0400;1461880079
240f254bfc6f7c55896b612b8f406d7e29d715a1;240f254bfc;-;-;Thu Apr 28 23:16:43 2016 +0200;1461878203;-;-;Thu Apr 28 23:16:43 2016 +0200;1461878203
220711d45be401e3c38339d2b40e7c4cb62020d5;220711d45b;-;-;Thu Apr 28 15:26:35 2016 -0400;1461871595;-;-;Thu Apr 28 15:27:53 2016 -0400;1461871673
977840884bf9c670a88bac1aeee3b3c8f1f9bf7b;977840884b;-;-;Wed Mar 30 11:12:10 2016 +0200;1459329130;-;-;Thu Apr 28 19:02:04 2016 +0200;1461862924
55dae618a64da520d9154fe17f1529acab45873a;55dae618a6;-;-;Thu Apr 28 17:59:34 2016 +0200;1461859174;-;-;Thu Apr 28 18:48:47 2016 +0200;1461862127
15138ed96f0ae00b919e2effd2c852cbb201f9ee;15138ed96f;-;-;Tue Apr 26 14:40:39 2016 +0200;1461674439;-;-;Thu Apr 28 15:40:14 2016 +0200;1461850814
9412f7a0948c954742eb4a4aabcaf1c2fe0605c7;9412f7a094;-;-;Thu Apr 28 14:35:33 2016 +0200;1461846933;-;-;Thu Apr 28 14:35:33 2016 +0200;1461846933
777767c7ee16c99c127a3b8d1f82db1ac639c9ab;777767c7ee;-;-;Thu Apr 28 08:34:35 2016 +0200;1461825275;-;-;Thu Apr 28 08:34:35 2016 +0200;1461825275
cd6b203c8865f0b72396860b6a5c0c8039035b35;cd6b203c88;-;-;Wed Apr 27 22:10:49 2016 +0200;1461787849;-;-;Wed Apr 27 22:10:49 2016 +0200;1461787849
8ddb432694aa97332dddcbefcdfe4a7434ac8ad1;8ddb432694;-;-;Wed Apr 27 21:35:26 2016 +0200;1461785726;-;-;Wed Apr 27 21:35:26 2016 +0200;1461785726
e0734aede82efc80c5ab334d5559abcc5787957b;e0734aede8;-;-;Wed Apr 27 21:30:46 2016 +0200;1461785446;-;-;Wed Apr 27 21:30:46 2016 +0200;1461785446
6ab8d36ed074e230daaeeec254f064e000b614ba;6ab8d36ed0;-;-;Wed Apr 27 21:27:21 2016 +0200;1461785241;-;-;Wed Apr 27 21:27:21 2016 +0200;1461785241
b331ad5b2a7175df5cc8cba013395daccf68f98f;b331ad5b2a;-;-;Wed Apr 27 15:45:30 2016 +0200;1461764730;-;-;Wed Apr 27 15:45:30 2016 +0200;1461764730
ce2f28da49d1e300d81589d70b38d39b450aefee;ce2f28da49;-;-;Wed Apr 27 15:39:00 2016 +0200;1461764340;-;-;Wed Apr 27 15:39:00 2016 +0200;1461764340
335d968f85ce0f40f868d74b229ce43dbe82671c;335d968f85;-;-;Wed Apr 27 08:55:52 2016 -0400;1461761752;-;-;Wed Apr 27 08:55:52 2016 -0400;1461761752
a50ea80e4e5ebb6e656737a6a32967967563eaa4;a50ea80e4e;-;-;Wed Apr 27 12:02:33 2016 +0200;1461751353;-;-;Wed Apr 27 12:02:33 2016 +0200;1461751353
1838d7e97fa7af2abc3ba150ef897647a1d54968;1838d7e97f;-;-;Wed Apr 27 12:24:25 2016 +0300;1461749065;-;-;Wed Apr 27 12:44:09 2016 +0300;1461750249
8f0f5faf4d541df10db9b38e670bed83a1990b98;8f0f5faf4d;-;-;Tue Apr 26 17:22:26 2016 -0400;1461705746;-;-;Tue Apr 26 17:24:22 2016 -0400;1461705862
d06188ed4df6abc884bf2b37f72e21a668f64aaa;d06188ed4d;-;-;Tue Apr 26 23:05:21 2016 +0200;1461704721;-;-;Tue Apr 26 23:06:10 2016 +0200;1461704770
e5d52a96a7c3a80100b0239f4fd7165e1bbb7a06;e5d52a96a7;-;-;Tue Apr 26 22:56:25 2016 +0200;1461704185;-;-;Tue Apr 26 23:06:10 2016 +0200;1461704770
9798912557aa9e21885f471efabd2b793ac95735;9798912557;-;-;Tue Apr 26 16:48:45 2016 -0400;1461703725;-;-;Tue Apr 26 16:48:45 2016 -0400;1461703725
06b2d2b89e83f98bb5d50bfd4099e94b6db15700;06b2d2b89e;-;-;Tue Apr 26 16:44:58 2016 -0400;1461703498;-;-;Tue Apr 26 16:44:58 2016 -0400;1461703498
538c582342aaaad806d11e8d121bd5705674a5a4;538c582342;-;-;Tue Apr 26 13:31:20 2016 -0400;1461691880;-;-;Tue Apr 26 13:32:35 2016 -0400;1461691955
bb1a0311d8650122e51dfc3caf60c5c7cb0f1278;bb1a0311d8;-;-;Tue Apr 26 17:09:06 2016 +0200;1461683346;-;-;Tue Apr 26 17:09:57 2016 +0200;1461683397
87b93a7ae90f1d8bc3b77cfa9c5c9c6ddb321caf;87b93a7ae9;-;-;Tue Apr 26 17:07:49 2016 +0200;1461683269;-;-;Tue Apr 26 17:09:57 2016 +0200;1461683397
65a8f5ed64f49a019e79be7ed74415db859ce54d;65a8f5ed64;-;-;Tue Apr 26 17:05:39 2016 +0200;1461683139;-;-;Tue Apr 26 17:09:57 2016 +0200;1461683397
f73df2e1382264e56ede0bb0bffa02d80517adb8;f73df2e138;-;-;Tue Apr 26 17:03:57 2016 +0200;1461683037;-;-;Tue Apr 26 17:09:57 2016 +0200;1461683397
bf7b475267a0b5db597735d52c27a3e5aabc3a75;bf7b475267;-;-;Tue Apr 26 17:03:00 2016 +0200;1461682980;-;-;Tue Apr 26 17:09:57 2016 +0200;1461683397
9bf5a5cbcbb14815a327a9dc3d36b80970e9c449;9bf5a5cbcb;-;-;Tue Apr 26 17:00:59 2016 +0200;1461682859;-;-;Tue Apr 26 17:09:57 2016 +0200;1461683397
9ec087360490b3074d976e1c2a4442fe67cf805e;9ec0873604;-;-;Mon Apr 25 16:35:56 2016 -0500;1461620156;-;-;Mon Apr 25 16:35:56 2016 -0500;1461620156
b2c9c8abcf4d94aecb94228790168b7cd36850a0;b2c9c8abcf;-;-;Tue Apr 19 21:22:20 2016 +0530;1461081140;-;-;Mon Apr 25 09:57:30 2016 -0400;1461592650
c84c1cfd1b5846e1ce13b8209d88df36a96085aa;c84c1cfd1b;-;-;Mon Apr 25 15:44:15 2016 +0200;1461591855;-;-;Mon Apr 25 15:44:15 2016 +0200;1461591855
67a9f40c95ea8972a43ebb6607321bf4399e03a1;67a9f40c95;-;-;Sat Apr 23 18:23:25 2016 +0200;1461428605;-;-;Sat Apr 23 18:23:25 2016 +0200;1461428605
4a4cd5bde8d965f062d5dc98c1e4cd0eae5c91d4;4a4cd5bde8;-;-;Sat Apr 23 18:05:54 2016 +0200;1461427554;-;-;Sat Apr 23 18:05:54 2016 +0200;1461427554
151530b93b56cc714690ea8be6ed61dd620b2343;151530b93b;-;-;Sat Apr 23 17:49:00 2016 +0200;1461426540;-;-;Sat Apr 23 17:49:00 2016 +0200;1461426540
920eba79f8e4dce747723662b513d3b0431e2c5b;920eba79f8;-;-;Sat Apr 23 16:49:04 2016 +0200;1461422944;-;-;Sat Apr 23 16:49:04 2016 +0200;1461422944
065b7968a3c4a4c39e182a6c94c4804ce27860e8;065b7968a3;-;-;Fri Apr 22 16:18:26 2016 -0400;1461356306;-;-;Fri Apr 22 16:21:23 2016 -0400;1461356483
0d007a328b2e0ab270679da3a38e1a309f7ef4cb;0d007a328b;-;-;Fri Apr 22 15:36:48 2016 -0400;1461353808;-;-;Fri Apr 22 16:21:18 2016 -0400;1461356478
5ec6206e3ffbf11f16b2bdaf8f51ce6e8020db46;5ec6206e3f;-;-;Thu Apr 21 14:11:49 2016 -0400;1461262309;-;-;Thu Apr 21 14:11:49 2016 -0400;1461262309
6e4e52b23aef95d24fdd787176f2a07882bcf149;6e4e52b23a;-;-;Thu Apr 21 09:21:52 2016 -0400;1461244912;-;-;Thu Apr 21 09:21:52 2016 -0400;1461244912
fee2533825bf6c2d508d8dd4558a0b0cbafca409;fee2533825;-;-;Tue Apr 19 08:24:37 2016 +0200;1461047077;-;-;Tue Apr 19 08:24:37 2016 +0200;1461047077
50c11028d5816a6cc390f85167736fa412d1eb29;50c11028d5;-;-;Mon Apr 18 10:01:18 2016 -0400;1460988078;-;-;Mon Apr 18 10:01:18 2016 -0400;1460988078
aafd46aeb34cbaaaaaf3630a31793204b04ed213;aafd46aeb3;-;-;Thu Apr 14 18:32:50 2016 +0530;1460638970;-;-;Mon Apr 18 09:46:05 2016 -0400;1460987165
28f2f4a4311657b8119797fbbbc76fd3fec3cca9;28f2f4a431;-;-;Thu Apr 14 18:10:20 2016 +0530;1460637620;-;-;Mon Apr 18 09:30:48 2016 -0400;1460986248
f8720e256d6b299b15cd4f7bbb92db1a2ca18960;f8720e256d;-;-;Mon Apr 18 14:41:01 2016 +0200;1460983261;-;-;Mon Apr 18 14:41:01 2016 +0200;1460983261
7cdcc102a9bf36245b5af95acfa3c62d3777b16d;7cdcc102a9;-;-;Sun Apr 17 15:12:43 2016 -0400;1460920363;-;-;Sun Apr 17 15:12:43 2016 -0400;1460920363
ff38224da63333e67a43ba1d6253ff4923a7359e;ff38224da6;-;-;Sun Apr 17 16:01:07 2016 +0200;1460901667;-;-;Sun Apr 17 16:01:07 2016 +0200;1460901667
b1bc920e72d8f7fe155dfdb5bed3b600adcbde07;b1bc920e72;-;-;Sat Apr 16 10:33:19 2016 +0200;1460795599;-;-;Sat Apr 16 10:33:19 2016 +0200;1460795599
368f29d5bcd4e646ea03bae2b95715506fe22aaf;368f29d5bc;-;-;Wed Apr 13 18:20:15 2016 +0200;1460564415;-;-;Fri Apr 15 23:10:29 2016 +0200;1460754629
e38bfb1a68a62ea67ee6eda773700de9cc3530df;e38bfb1a68;-;-;Fri Apr 15 22:26:58 2016 +0200;1460752018;-;-;Fri Apr 15 22:26:58 2016 +0200;1460752018
970dc4ae11ac81f25ce4d4d003d3ee2cea870fec;970dc4ae11;-;-;Fri Apr 15 11:49:46 2016 -0500;1460738986;-;-;Fri Apr 15 11:50:17 2016 -0500;1460739017
6489a7670c410e0fd598a7619f7d3b8788b3b9ff;6489a7670c;-;-;Fri Apr 15 10:54:37 2016 -0500;1460735677;-;-;Fri Apr 15 10:54:37 2016 -0500;1460735677
87ed8e939c754f8dd9cc0b08eb0e959892acfe10;87ed8e939c;-;-;Fri Apr 15 10:23:00 2016 -0500;1460733780;-;-;Fri Apr 15 10:23:00 2016 -0500;1460733780
64d4e91b6e0607f3b85367966cba52f8bc5f47ed;64d4e91b6e;-;-;Fri Apr 15 16:38:18 2016 +0200;1460731098;-;-;Fri Apr 15 16:38:18 2016 +0200;1460731098
bee1b77af59a7a23e364510764a74aa3593144f9;bee1b77af5;-;-;Tue Apr 12 09:06:48 2016 +0200;1460444808;-;-;Fri Apr 15 13:22:11 2016 +0200;1460719331
44a9c495ab3268953e8a7c5c4e51b864b46801d3;44a9c495ab;-;-;Fri Apr 15 12:07:31 2016 +0200;1460714851;-;-;Fri Apr 15 12:07:31 2016 +0200;1460714851
b28d96af7de438aa32f1a2c2e22c15cb91009f08;b28d96af7d;-;-;Thu Apr 14 21:59:02 2016 +0200;1460663942;-;-;Thu Apr 14 21:59:02 2016 +0200;1460663942
999112216d46d95119b520dcef928cb7924370dc;999112216d;-;-;Thu Apr 14 21:46:25 2016 +0200;1460663185;-;-;Thu Apr 14 21:46:25 2016 +0200;1460663185
3b44c47dcd6dc7979439bba5a9fb9d8acd4271a0;3b44c47dcd;-;-;Thu Apr 14 16:39:36 2016 +0200;1460644776;-;-;Thu Apr 14 16:39:36 2016 +0200;1460644776
f1cb793ccb7864ed5907ddf3f3bd7b3911842383;f1cb793ccb;-;-;Thu Apr 14 16:38:59 2016 +0200;1460644739;-;-;Thu Apr 14 16:38:59 2016 +0200;1460644739
977734cc5908d3d438f3d13c41e10424d06c83f8;977734cc59;-;-;Thu Apr 14 15:44:53 2016 +0200;1460641493;-;-;Thu Apr 14 15:44:53 2016 +0200;1460641493
62ce9afe3a0f24910744ab45947ed8e350bae6ca;62ce9afe3a;-;-;Thu Apr 14 14:26:05 2016 +0200;1460636765;-;-;Thu Apr 14 14:26:05 2016 +0200;1460636765
5f4e838f4165f99ac6166a14e8ce6afcc39a5ba0;5f4e838f41;-;-;Thu Apr 14 14:13:13 2016 +0200;1460635993;-;-;Thu Apr 14 14:13:13 2016 +0200;1460635993
7e55b0822f47abb106345f7baf84d6768646de6b;7e55b0822f;-;-;Thu Apr 14 12:27:47 2016 +0200;1460629667;-;-;Thu Apr 14 12:27:47 2016 +0200;1460629667
32226640242e48801e40949b984bcc6a14adaac5;3222664024;-;-;Wed Apr 13 19:03:59 2016 +0200;1460567039;-;-;Wed Apr 13 19:03:59 2016 +0200;1460567039
96875fe015dbd050d40bab1a85e960e693a3aa70;96875fe015;-;-;Wed Apr 13 18:52:52 2016 +0200;1460566372;-;-;Wed Apr 13 18:52:52 2016 +0200;1460566372
570851e8e4ff0072492c18b8753ca185841f5488;570851e8e4;-;-;Wed Apr 13 18:44:56 2016 +0200;1460565896;-;-;Wed Apr 13 18:50:15 2016 +0200;1460566215
e3667467f627bc60e4e72df766facec66d37ec86;e3667467f6;-;-;Wed Apr 13 18:34:22 2016 +0200;1460565262;-;-;Wed Apr 13 18:34:22 2016 +0200;1460565262
ee31617ebe55db6991d95d02bea6240f0daf200b;ee31617ebe;-;-;Wed Apr 13 13:56:43 2016 +0200;1460548603;-;-;Wed Apr 13 13:56:43 2016 +0200;1460548603
dcfa4740ee9990254fb4017730cf027d1a4a9570;dcfa4740ee;-;-;Wed Apr 13 13:33:39 2016 +0200;1460547219;-;-;Wed Apr 13 13:56:37 2016 +0200;1460548597
88b5b12baf0ff9bef477c620a1c439449c288b20;88b5b12baf;-;-;Wed Apr 13 12:57:46 2016 +0200;1460545066;-;-;Wed Apr 13 12:57:46 2016 +0200;1460545066
da112611a5dbbc27ec92fc9b00425b2846ad98e5;da112611a5;-;-;Tue Apr 12 23:19:51 2016 +0200;1460495991;-;-;Tue Apr 12 23:19:51 2016 +0200;1460495991
836a321ab2ae1aa1f75535a9d70f2183c4cbe00a;836a321ab2;-;-;Tue Apr 12 21:44:17 2016 +0200;1460490257;-;-;Tue Apr 12 21:44:17 2016 +0200;1460490257
74608e6b49ef19b59e0264695b9d365e92749851;74608e6b49;-;-;Tue Apr 12 16:03:57 2016 +0200;1460469837;-;-;Tue Apr 12 16:03:57 2016 +0200;1460469837
831f09cf48a1cd2242bc1da010a6e0fbb4db293c;831f09cf48;-;-;Tue Apr 12 16:02:36 2016 +0200;1460469756;-;-;Tue Apr 12 16:02:36 2016 +0200;1460469756
10554a85c9960190099bea349d10cb8a01bf48ce;10554a85c9;-;-;Tue Apr 12 08:34:38 2016 +0200;1460442878;-;-;Tue Apr 12 08:34:38 2016 +0200;1460442878
454165f4c8667f0d406d64014c0a1447b5d1dd20;454165f4c8;-;-;Tue Apr 12 08:17:43 2016 +0200;1460441863;-;-;Tue Apr 12 08:17:43 2016 +0200;1460441863
1e7be7be3f4514a19407377ec2d4101a0cdb967a;1e7be7be3f;-;-;Tue Apr 12 08:15:05 2016 +0200;1460441705;-;-;Tue Apr 12 08:15:05 2016 +0200;1460441705
7d7d1c365a9e65c37bf7073f683a54c658efc366;7d7d1c365a;-;-;Tue Apr 12 08:14:13 2016 +0200;1460441653;-;-;Tue Apr 12 08:14:13 2016 +0200;1460441653
bdb94738ec7d1552922db42a5a096e457a75beca;bdb94738ec;-;-;Tue Apr 12 05:14:14 2016 +0200;1460430854;-;-;Tue Apr 12 05:14:14 2016 +0200;1460430854
b6f1afd47142499717e699d83b3eac2d3b9c9997;b6f1afd471;-;-;Mon Apr 11 21:20:31 2016 +0200;1460402431;-;-;Mon Apr 11 21:20:31 2016 +0200;1460402431
537193a4e0a4597e93f461ab36dc359d4cd71d0b;537193a4e0;-;-;Mon Apr 11 20:49:38 2016 +0200;1460400578;-;-;Mon Apr 11 20:49:38 2016 +0200;1460400578
d695f65e7c579623a8ce62fc8090a8da7713dc5c;d695f65e7c;-;-;Mon Apr 11 20:49:09 2016 +0200;1460400549;-;-;Mon Apr 11 20:49:09 2016 +0200;1460400549
550a3209f79d3472a15dbee0a9a9ee7185041549;550a3209f7;-;-;Mon Apr 11 19:27:06 2016 +0200;1460395626;-;-;Mon Apr 11 19:27:06 2016 +0200;1460395626
b82df144e48efa115d2cffaf4daa6e707af36ecc;b82df144e4;-;-;Mon Apr 11 19:19:37 2016 +0200;1460395177;-;-;Mon Apr 11 19:19:37 2016 +0200;1460395177
448621ac58135b69f8d5d5d2d25631ae08fbe669;448621ac58;-;-;Mon Apr 11 17:45:49 2016 +0200;1460389549;-;-;Mon Apr 11 17:45:49 2016 +0200;1460389549
437ffa6067266eafca6fa7c5200b7375618e1970;437ffa6067;-;-;Mon Apr 11 17:43:23 2016 +0200;1460389403;-;-;Mon Apr 11 17:43:23 2016 +0200;1460389403
21e4ac1aa26ca8bb33bb3c4acf4d9f9dc207df13;21e4ac1aa2;-;-;Mon Apr 11 12:20:13 2016 +0200;1460370013;-;-;Mon Apr 11 12:20:13 2016 +0200;1460370013
4407bd794d0968e4e7578f3b65a9f900a20dce9f;4407bd794d;-;-;Sun Apr 10 05:40:35 2016 +0200;1460259635;-;-;Sun Apr 10 05:40:35 2016 +0200;1460259635
dc7ec441886dc39fed8581000c985d355aff6ca8;dc7ec44188;-;-;Sat Apr 9 23:12:13 2016 +0200;1460236333;-;-;Sat Apr 9 23:12:13 2016 +0200;1460236333
cb9549655c078534db6cd2b7631640e44054e976;cb9549655c;-;-;Sat Apr 9 20:49:22 2016 +0200;1460227762;-;-;Sat Apr 9 20:49:22 2016 +0200;1460227762
572e535fbaed0090e605939fd43f86205ecd2498;572e535fba;-;-;Sat Apr 9 19:19:26 2016 +0200;1460222366;-;-;Sat Apr 9 19:19:26 2016 +0200;1460222366
4ae065996b8edbdbda217acae24c997000fc098a;4ae065996b;-;-;Fri Apr 8 22:52:36 2016 +0200;1460148756;-;-;Fri Apr 8 23:06:25 2016 +0200;1460149585
3abe75b2541f4422a8f2ac0788fc148f74bb1f04;3abe75b254;-;-;Fri Apr 8 15:43:51 2016 -0400;1460144631;-;-;Fri Apr 8 15:43:51 2016 -0400;1460144631
f3b09464f3096e935b4849656f6e9b712c9cb928;f3b09464f3;-;-;Fri Apr 8 16:47:11 2016 +0200;1460126831;-;-;Fri Apr 8 16:47:11 2016 +0200;1460126831
e365ffb67a09d0af25f3c356ea42af38e5a91647;e365ffb67a;-;-;Fri Apr 8 16:16:29 2016 +0200;1460124989;-;-;Fri Apr 8 16:16:29 2016 +0200;1460124989
37bd51cf6d1d1a41d287a66504539b28fc8e4584;37bd51cf6d;-;-;Fri Apr 8 15:54:24 2016 +0200;1460123664;-;-;Fri Apr 8 15:54:24 2016 +0200;1460123664
463c8f149d62448135810d6a242f48b6aec9333b;463c8f149d;-;-;Thu Apr 7 17:02:37 2016 +0200;1460041357;-;-;Thu Apr 7 17:02:37 2016 +0200;1460041357
157dcab56ce2ce132c6d8887916020d418683b63;157dcab56c;-;-;Thu Apr 7 14:27:22 2016 +0200;1460032042;-;-;Thu Apr 7 14:27:22 2016 +0200;1460032042
5c1d3fca15d9c020a07a0130a3992926d7087f1a;5c1d3fca15;-;-;Thu Apr 7 14:18:30 2016 +0200;1460031510;-;-;Thu Apr 7 14:18:30 2016 +0200;1460031510
042d8d0b4c699e58629d99b7860bc6b8c546c773;042d8d0b4c;-;-;Thu Apr 7 11:41:32 2016 +0200;1460022092;-;-;Thu Apr 7 11:41:32 2016 +0200;1460022092
ed14ae60e54b7402ba4b8a3b93311ba0a0786f36;ed14ae60e5;-;-;Thu Apr 7 11:37:34 2016 +0200;1460021854;-;-;Thu Apr 7 11:37:34 2016 +0200;1460021854
4ea4257e3cc3f014439ef89bd16bc14b24f1fda3;4ea4257e3c;-;-;Thu Apr 7 11:35:43 2016 +0200;1460021743;-;-;Thu Apr 7 11:35:43 2016 +0200;1460021743
8213df817e1a0f595e6aa55fecb7a5d5777f8236;8213df817e;-;-;Wed Apr 6 15:21:07 2016 +0200;1459948867;-;-;Wed Apr 6 15:21:07 2016 +0200;1459948867
ebeba43830a6b7df1daa4290fb7b32645ab84c75;ebeba43830;-;-;Wed Apr 6 15:06:10 2016 +0200;1459947970;-;-;Wed Apr 6 15:06:10 2016 +0200;1459947970
5bd5c74e7c2fdbf50afd786ea564f448450b4ee1;5bd5c74e7c;-;-;Wed Apr 6 14:56:08 2016 +0200;1459947368;-;-;Wed Apr 6 14:56:08 2016 +0200;1459947368
b6f99e38ae35a25034df0eb3e7750b1036ea8ddd;b6f99e38ae;-;-;Wed Apr 6 14:45:28 2016 +0200;1459946728;-;-;Wed Apr 6 14:45:28 2016 +0200;1459946728
0c0c904837e08d89eb42c7ce112930a7ca4b00c4;0c0c904837;-;-;Wed Apr 6 14:36:36 2016 +0200;1459946196;-;-;Wed Apr 6 14:36:36 2016 +0200;1459946196
f752e050bc0db9a493ed9206ca18ca973306f9af;f752e050bc;-;-;Wed Apr 6 14:20:05 2016 +0200;1459945205;-;-;Wed Apr 6 14:20:05 2016 +0200;1459945205
6d7f497ab3e51d0c64ba46ce76e16aaf693bd327;6d7f497ab3;-;-;Wed Apr 6 14:14:51 2016 +0200;1459944891;-;-;Wed Apr 6 14:14:51 2016 +0200;1459944891
5a0a88c039dedaea184d85207facc710971396b2;5a0a88c039;-;-;Wed Apr 6 13:56:57 2016 +0200;1459943817;-;-;Wed Apr 6 13:56:57 2016 +0200;1459943817
a9aa85c6c01a00a27ac7188f71ff079b02193bb3;a9aa85c6c0;-;-;Wed Apr 6 13:55:19 2016 +0200;1459943719;-;-;Wed Apr 6 13:55:19 2016 +0200;1459943719
4024b2fd4bde02716cd51ab34c145ca7bfcd499f;4024b2fd4b;-;-;Tue Apr 5 15:49:30 2016 +0200;1459864170;-;-;Tue Apr 5 15:49:30 2016 +0200;1459864170
6db6f23a04a7c264412411f257070d6be821b8f2;6db6f23a04;-;-;Tue Apr 5 12:18:48 2016 +0200;1459851528;-;-;Tue Apr 5 12:18:48 2016 +0200;1459851528
6573e9142cc13c6911b5a2c12dbb82dab7cc9fca;6573e9142c;-;-;Tue Apr 5 12:17:21 2016 +0200;1459851441;-;-;Tue Apr 5 12:17:21 2016 +0200;1459851441
797f5dbba64f01fc97e56ffd50292c4fe7fd762a;797f5dbba6;-;-;Tue Apr 5 11:12:36 2016 +0200;1459847556;-;-;Tue Apr 5 11:12:36 2016 +0200;1459847556
7c450fad3b066fed5c428808cdcf27b591acd0d6;7c450fad3b;-;-;Tue Apr 5 10:13:10 2016 +0200;1459843990;-;-;Tue Apr 5 10:13:10 2016 +0200;1459843990
d2d528dc05aa14802af3246e294919b1186c532a;d2d528dc05;-;-;Tue Apr 5 09:42:41 2016 +0200;1459842161;-;-;Tue Apr 5 09:42:41 2016 +0200;1459842161
cfdb68344975953f6e7f0c83daf3bc078a26bf93;cfdb683449;-;-;Mon Apr 4 18:17:11 2016 -0400;1459808231;-;-;Mon Apr 4 19:30:05 2016 -0400;1459812605
6c0cae87b498577a567db7040bbc5037c31f7f01;6c0cae87b4;-;-;Mon Apr 4 21:30:01 2016 +0200;1459798201;-;-;Mon Apr 4 21:30:01 2016 +0200;1459798201
e18d5b591a58fa811720201937a1ab33de580664;e18d5b591a;-;-;Sun Apr 3 20:41:54 2016 +0200;1459708914;-;-;Mon Apr 4 20:56:04 2016 +0200;1459796164
26378cd60401ccfd772dba81b99cadd67723bec1;26378cd604;-;-;Mon Apr 4 20:51:30 2016 +0200;1459795890;-;-;Mon Apr 4 20:51:30 2016 +0200;1459795890
d554229981381979d63c3228ae0195a376fa3b18;d554229981;-;-;Mon Apr 4 13:57:50 2016 -0400;1459792670;-;-;Mon Apr 4 14:01:27 2016 -0400;1459792887
996c1cc0a6112e542ca184c8fe6ffb680b630a40;996c1cc0a6;-;-;Mon Apr 4 18:21:10 2016 +0200;1459786870;-;-;Mon Apr 4 18:21:10 2016 +0200;1459786870
ad7285df0ba408776efbbe8af1e317ac67e7c38d;ad7285df0b;-;-;Mon Apr 4 17:36:36 2016 +0200;1459784196;-;-;Mon Apr 4 17:36:36 2016 +0200;1459784196
1f9a9cf404e452cf25fbe21931e0b35ef61dff1f;1f9a9cf404;-;-;Mon Apr 4 08:54:08 2016 +0200;1459752848;-;-;Mon Apr 4 16:49:40 2016 +0200;1459781380
edea66a9675581ecb8c341f64f5b5040c63dd07d;edea66a967;-;-;Mon Apr 4 14:58:30 2016 +0200;1459774710;-;-;Mon Apr 4 14:58:30 2016 +0200;1459774710
8bfba6a07a6a6f3f11e8395b4afe2969654dd7c1;8bfba6a07a;-;-;Mon Apr 4 14:56:08 2016 +0200;1459774568;-;-;Mon Apr 4 14:56:08 2016 +0200;1459774568
13f889e91450442101582f77fb5f2f98717b29de;13f889e914;-;-;Mon Apr 4 14:54:38 2016 +0200;1459774478;-;-;Mon Apr 4 14:54:38 2016 +0200;1459774478
696dcb72a5089642367ddf73fb34a231a9abd68a;696dcb72a5;-;-;Fri Apr 1 10:29:56 2016 +0200;1459499396;-;-;Fri Apr 1 10:29:56 2016 +0200;1459499396
739ae8c045c2d3ecfe29ed93e246de72d9804705;739ae8c045;-;-;Thu Mar 31 16:52:26 2016 +0200;1459435946;-;-;Thu Mar 31 16:52:26 2016 +0200;1459435946
6826bdd1114a2cef72f8624ceba525639a9fbe14;6826bdd111;-;-;Thu Mar 31 14:38:15 2016 +0200;1459427895;-;-;Thu Mar 31 14:38:15 2016 +0200;1459427895
f6cb30b165cb8bc9f09bc6b662500ddfe462f4dc;f6cb30b165;-;-;Thu Mar 31 11:52:36 2016 +0200;1459417956;-;-;Thu Mar 31 11:52:36 2016 +0200;1459417956
14bf6509ec7d3da279d0ffb9ca38884421c335cd;14bf6509ec;-;-;Wed Mar 30 14:13:04 2016 +0200;1459339984;-;-;Wed Mar 30 14:13:04 2016 +0200;1459339984
5619b005f03d5b4160c3a0bf31991067f58401be;5619b005f0;-;-;Wed Mar 30 10:22:30 2016 +0200;1459326150;-;-;Wed Mar 30 10:22:30 2016 +0200;1459326150
b7819e6ec888dca0e98e8dd2b8c75c1d7d40f06e;b7819e6ec8;-;-;Wed Mar 30 10:21:22 2016 +0200;1459326082;-;-;Wed Mar 30 10:21:22 2016 +0200;1459326082
ea09e578b9b276fa01c1e49c3676fa82386d9f76;ea09e578b9;-;-;Tue Mar 29 20:01:45 2016 +0200;1459274505;-;-;Tue Mar 29 20:04:43 2016 +0200;1459274683
2ed3382a604a9e178b69c7053ff5f6512d643718;2ed3382a60;-;-;Tue Mar 29 19:53:58 2016 +0200;1459274038;-;-;Tue Mar 29 19:53:58 2016 +0200;1459274038
f35ec5353a8205acb0f7e396314749c5e0731617;f35ec5353a;-;-;Sat Mar 5 09:27:23 2016 -0600;1457191643;-;-;Tue Mar 29 18:15:04 2016 +0200;1459268104
d40d2ffe5e389e9c66c9482858286f2abac0c5cf;d40d2ffe5e;-;-;Tue Mar 29 18:04:26 2016 +0200;1459267466;-;-;Tue Mar 29 18:04:26 2016 +0200;1459267466
3597879608acc1ddfb9b57f14c664cbbcb7acd9d;3597879608;-;-;Tue Mar 29 17:50:54 2016 +0200;1459266654;-;-;Tue Mar 29 17:51:47 2016 +0200;1459266707
eec22f5072011259bee02cd23cd6d0692f1cb187;eec22f5072;-;-;Tue Mar 29 15:51:00 2016 +0200;1459259460;-;-;Tue Mar 29 17:31:42 2016 +0200;1459265502
b947bfe8e99271b4d88a5a5aba0a8960f76b8efd;b947bfe8e9;-;-;Tue Mar 29 15:46:05 2016 +0200;1459259165;-;-;Tue Mar 29 17:31:42 2016 +0200;1459265502
3910350b0a21b3f24750b26d22ce158b732b028b;3910350b0a;-;-;Tue Mar 29 15:38:23 2016 +0200;1459258703;-;-;Tue Mar 29 15:38:23 2016 +0200;1459258703
6298292523348206040ef17532f1871e564b9c6a;6298292523;-;-;Tue Mar 29 15:22:32 2016 +0200;1459257752;-;-;Tue Mar 29 15:22:32 2016 +0200;1459257752
2dae4d8134d18095368a18d773693b936c4c1738;2dae4d8134;-;-;Tue Mar 29 12:09:16 2016 +0200;1459246156;-;-;Tue Mar 29 12:09:16 2016 +0200;1459246156
26bbb6e767e9a4a7132e6ca88a873d2feb9f686f;26bbb6e767;-;-;Mon Mar 28 16:17:47 2016 +0200;1459174667;-;-;Mon Mar 28 16:17:47 2016 +0200;1459174667
b2a17ba5370f91fffebc12af657dc086cc0c1ea8;b2a17ba537;-;-;Sun Mar 27 14:07:25 2016 +0200;1459080445;-;-;Sun Mar 27 14:07:25 2016 +0200;1459080445
4fa11e334f5367de81401fc2cc256c2142f51593;4fa11e334f;-;-;Sat Mar 26 20:10:20 2016 +0100;1459019420;-;-;Sat Mar 26 20:10:20 2016 +0100;1459019420
54aeb7a5d6f9f330a25c4ce7a097bfed73a547b5;54aeb7a5d6;-;-;Sat Mar 26 14:32:10 2016 +0100;1458999130;-;-;Sat Mar 26 14:32:10 2016 +0100;1458999130
a8b5ea1c511244528ddcd12598e3ab02ec117e31;a8b5ea1c51;-;-;Sat Mar 26 01:27:37 2016 +0100;1458952057;-;-;Sat Mar 26 01:27:37 2016 +0100;1458952057
4742aa0bfeaa96737baa407029fbddfd6bc16087;4742aa0bfe;-;-;Sat Mar 26 01:09:35 2016 +0100;1458950975;-;-;Sat Mar 26 01:09:35 2016 +0100;1458950975
2353f39ee444a83cd114a1c037a9de71bbceee8c;2353f39ee4;-;-;Sat Mar 26 01:08:58 2016 +0100;1458950938;-;-;Sat Mar 26 01:08:58 2016 +0100;1458950938
4836d06704da38a099e4afe96abaad15297e6862;4836d06704;-;-;Sat Mar 26 00:47:02 2016 +0100;1458949622;-;-;Sat Mar 26 00:47:02 2016 +0100;1458949622
c6ff0951fce8f9f1fedbcea359bbe835ea1e1b44;c6ff0951fc;-;-;Fri Mar 25 23:46:18 2016 +0100;1458945978;-;-;Fri Mar 25 23:46:18 2016 +0100;1458945978
94cb7786c8c3416fc2bb65e43f85340f4832b47c;94cb7786c8;-;-;Fri Mar 25 23:28:45 2016 +0100;1458944925;-;-;Fri Mar 25 23:28:45 2016 +0100;1458944925
862d10c1283152bd29e96ee63f11aef6bdf5c27c;862d10c128;-;-;Fri Mar 25 21:31:30 2016 +0100;1458937890;-;-;Fri Mar 25 21:37:08 2016 +0100;1458938228
b0c6357540eba4a4ec8311a7806e076ee14c590f;b0c6357540;-;-;Fri Mar 25 16:22:11 2016 +0100;1458919331;-;-;Fri Mar 25 20:47:16 2016 +0100;1458935236
fc839331a7bd2064ed9bb215b5f5ff5259f05f21;fc839331a7;-;-;Fri Mar 25 11:10:47 2016 -0700;1458929447;-;-;Fri Mar 25 11:12:27 2016 -0700;1458929547
fee056a1b121533ffb4b83af8d4fd5beb3a61bb1;fee056a1b1;-;-;Fri Mar 25 15:59:54 2016 +0100;1458917994;-;-;Fri Mar 25 15:59:54 2016 +0100;1458917994
c6f6e192c09f2cf16ab7eeb096abb30dfa244894;c6f6e192c0;-;-;Fri Mar 25 00:51:42 2016 +0100;1458863502;-;-;Fri Mar 25 00:51:42 2016 +0100;1458863502
d572b022cc041f61aea412d4ea363bc6b27c3ec7;d572b022cc;-;-;Fri Mar 25 00:51:24 2016 +0100;1458863484;-;-;Fri Mar 25 00:51:24 2016 +0100;1458863484
c6b1f3865104e9eb2a7562fca70a71e86e19ef8e;c6b1f38651;-;-;Fri Mar 25 00:49:59 2016 +0100;1458863399;-;-;Fri Mar 25 00:49:59 2016 +0100;1458863399
b6d9fd39e6e29f94a90fe97959c33a9adb24c99b;b6d9fd39e6;-;-;Fri Mar 25 00:49:21 2016 +0100;1458863361;-;-;Fri Mar 25 00:49:21 2016 +0100;1458863361
6b7731cc89dad45cbbbddefe575e71da9fc86d16;6b7731cc89;-;-;Fri Mar 25 00:47:44 2016 +0100;1458863264;-;-;Fri Mar 25 00:47:44 2016 +0100;1458863264
775bcccd107900a9ee6c784cadad044f9761f341;775bcccd10;-;-;Thu Mar 24 21:44:16 2016 +0100;1458852256;-;-;Thu Mar 24 21:44:16 2016 +0100;1458852256
852212d0c5ae5ca53a20af4b26df430d86c83d5e;852212d0c5;-;-;Thu Mar 24 19:57:54 2016 +0100;1458845874;-;-;Thu Mar 24 19:57:54 2016 +0100;1458845874
46e0484bf8aad00aef58a7812e34c68259bdf4e5;46e0484bf8;-;-;Thu Mar 24 19:23:32 2016 +0100;1458843812;-;-;Thu Mar 24 19:27:32 2016 +0100;1458844052
8d0083ca961e2304a75719866bfcb22c0650de36;8d0083ca96;-;-;Thu Mar 24 16:56:06 2016 +0100;1458834966;-;-;Thu Mar 24 19:27:32 2016 +0100;1458844052
517ebd1d3e56077e7061488dbb8a7e4cb047f610;517ebd1d3e;-;-;Thu Mar 24 19:22:49 2016 +0100;1458843769;-;-;Thu Mar 24 19:22:50 2016 +0100;1458843770
2cdb0cf690f51045d3a41e22950757a0200d1107;2cdb0cf690;-;-;Thu Mar 24 17:52:54 2016 +0100;1458838374;-;-;Thu Mar 24 17:52:54 2016 +0100;1458838374
06db5aa43fbbaa95031ee74fef4cd523a97a11fe;06db5aa43f;-;-;Thu Mar 24 15:34:17 2016 +0100;1458830057;-;-;Thu Mar 24 15:34:17 2016 +0100;1458830057
9a52c8144313a5093bf6b7153cd89857aaed1899;9a52c81443;-;-;Thu Mar 24 15:33:44 2016 +0100;1458830024;-;-;Thu Mar 24 15:33:44 2016 +0100;1458830024
abe7345008bd59fc20ee16eb36b4428092912006;abe7345008;-;-;Thu Mar 24 15:08:19 2016 +0100;1458828499;-;-;Thu Mar 24 15:08:19 2016 +0100;1458828499
55f1c98c397453e5c696c0d3208455bf98b9e629;55f1c98c39;-;-;Thu Mar 24 15:00:17 2016 +0100;1458828017;-;-;Thu Mar 24 15:00:17 2016 +0100;1458828017
1ec35e9c62484df066c2a430684966ee7bf118f0;1ec35e9c62;-;-;Thu Mar 24 14:19:36 2016 +0100;1458825576;-;-;Thu Mar 24 14:46:56 2016 +0100;1458827216
3eff478c45997ae8914af1fe65b4bc6539ca9d0b;3eff478c45;-;-;Thu Mar 24 13:54:00 2016 +0100;1458824040;-;-;Thu Mar 24 13:54:00 2016 +0100;1458824040
86d5c5c0f72617def58719b8871d129721e7455a;86d5c5c0f7;-;-;Thu Mar 24 13:51:48 2016 +0100;1458823908;-;-;Thu Mar 24 13:51:48 2016 +0100;1458823908
7e4563a825771f24a8f99e17d7d2133b69e489f4;7e4563a825;-;-;Thu Mar 24 13:51:03 2016 +0100;1458823863;-;-;Thu Mar 24 13:51:03 2016 +0100;1458823863
2453edbb1012a88c38197c23f089b859cefb59d0;2453edbb10;-;-;Thu Mar 24 13:18:54 2016 +0100;1458821934;-;-;Thu Mar 24 13:18:54 2016 +0100;1458821934
38714b35e72ea57d7af4ba8d90c2a437e440d103;38714b35e7;-;-;Thu Mar 24 11:40:27 2016 +0100;1458816027;-;-;Thu Mar 24 11:40:27 2016 +0100;1458816027
20bb25647f63f4510983bb0befb0b8b57bb04503;20bb25647f;-;-;Thu Mar 24 10:56:46 2016 +0100;1458813406;-;-;Thu Mar 24 10:56:46 2016 +0100;1458813406
25354690995aac0c5b9a9502b01b573423635091;2535469099;-;-;Wed Mar 23 20:34:43 2016 +0100;1458761683;-;-;Wed Mar 23 21:58:34 2016 +0100;1458766714
63115ed6eb9b94a85914c946f851b41a31d528f8;63115ed6eb;-;-;Wed Mar 23 19:27:30 2016 +0100;1458757650;-;-;Wed Mar 23 19:27:30 2016 +0100;1458757650
c5b318a4cc7c459cb9e1f1277dc821cca460bcb9;c5b318a4cc;-;-;Wed Mar 23 18:52:27 2016 +0100;1458755547;-;-;Wed Mar 23 18:52:27 2016 +0100;1458755547
9af12d290e40af7516d563bf4dbbc8b14296ec7b;9af12d290e;-;-;Wed Mar 23 18:39:29 2016 +0100;1458754769;-;-;Wed Mar 23 18:39:29 2016 +0100;1458754769
5025c615b14e50c1a831ed7c0485497a3462f5b4;5025c615b1;-;-;Wed Mar 23 18:39:20 2016 +0100;1458754760;-;-;Wed Mar 23 18:39:20 2016 +0100;1458754760
311d4c95a3ef00d0cbeaeba7411fad9bc266c384;311d4c95a3;-;-;Wed Mar 23 18:35:26 2016 +0100;1458754526;-;-;Wed Mar 23 18:35:26 2016 +0100;1458754526
3c18a4533a95594f9b64be17052dec0f6b7a1152;3c18a4533a;-;-;Wed Mar 23 18:15:29 2016 +0100;1458753329;-;-;Wed Mar 23 18:15:29 2016 +0100;1458753329
e079a726f86d3329deff58fc9a706bf0e942f93e;e079a726f8;-;-;Wed Mar 23 11:17:27 2016 +0100;1458728247;-;-;Wed Mar 23 16:40:12 2016 +0100;1458747612
c7bd3b844012a9bb214ca7203f110979c0890c00;c7bd3b8440;-;-;Tue Mar 22 19:06:36 2016 +0100;1458669996;-;-;Wed Mar 23 16:40:12 2016 +0100;1458747612
15fe8279e6342dcd5cd52d59052c77d2159bff6b;15fe8279e6;-;-;Wed Mar 23 16:18:15 2016 +0100;1458746295;-;-;Wed Mar 23 16:35:13 2016 +0100;1458747313
9b2023111d3c6601a482587a19f09a8a9976c1ee;9b2023111d;-;-;Wed Mar 23 04:55:07 2016 +0900;1458676507;-;-;Wed Mar 23 11:31:16 2016 +0100;1458729076
7a5e93ff16622cbffeac31f514fad11a7102c2cd;7a5e93ff16;-;-;Tue Mar 22 21:47:55 2016 -0400;1458697675;-;-;Tue Mar 22 21:47:55 2016 -0400;1458697675
6bfe0c050d251db2c9886fa71640349cf6972adb;6bfe0c050d;-;-;Tue Mar 22 20:59:16 2016 -0400;1458694756;-;-;Tue Mar 22 20:59:16 2016 -0400;1458694756
59c88eb3c0611aac802e162d53503ce71864baef;59c88eb3c0;-;-;Mon Mar 21 12:53:14 2016 +0100;1458561194;-;-;Mon Mar 21 12:54:09 2016 +0100;1458561249
2a715e9c613a116b144338d69829d8c147a771ed;2a715e9c61;-;-;Mon Mar 21 12:51:14 2016 +0100;1458561074;-;-;Mon Mar 21 12:51:14 2016 +0100;1458561074
532ed0a4cfe0dd0e09818f03669c2c36c8a1c255;532ed0a4cf;-;-;Sun Mar 20 19:37:54 2016 +0100;1458499074;-;-;Sun Mar 20 19:37:54 2016 +0100;1458499074
a5139f3c6669bfb766e506b42c8916b70b77d4bf;a5139f3c66;-;-;Sun Mar 20 19:18:11 2016 +0100;1458497891;-;-;Sun Mar 20 19:18:11 2016 +0100;1458497891
799736c571d44046da0f67330dfbf3f33ca380c9;799736c571;-;-;Sun Mar 20 15:26:37 2016 +0100;1458483997;-;-;Sun Mar 20 15:26:37 2016 +0100;1458483997
f1378aa376154d5110f6927a5064feebed6c19e3;f1378aa376;-;-;Sat Mar 19 20:22:04 2016 +0100;1458415324;-;-;Sat Mar 19 20:22:04 2016 +0100;1458415324
744350a262fa0d0e1dcf2e9106859ac8dfece0a3;744350a262;-;-;Sat Mar 19 18:28:05 2016 +0100;1458408485;-;-;Sat Mar 19 18:28:05 2016 +0100;1458408485
d22480b0ebc9bb65fd297c69a44ef963661acca5;d22480b0eb;-;-;Sat Mar 19 16:17:53 2016 +0100;1458400673;-;-;Sat Mar 19 16:42:56 2016 +0100;1458402176
4cd7ba12bb9eb852286563587e37f46b9a5fffc6;4cd7ba12bb;-;-;Sat Mar 19 14:39:01 2016 +0100;1458394741;-;-;Sat Mar 19 14:39:01 2016 +0100;1458394741
5f6406430f76bc4d75cdfadfe8431a26875b7558;5f6406430f;-;-;Sat Mar 19 13:48:54 2016 +0100;1458391734;-;-;Sat Mar 19 13:48:54 2016 +0100;1458391734
a1a06cd6656db227dc3da6b05f748e17064fd6fa;a1a06cd665;-;-;Sat Mar 19 13:18:24 2016 +0100;1458389904;-;-;Sat Mar 19 13:18:24 2016 +0100;1458389904
50455790287f941ecd77c8e55b059c220e918caa;5045579028;-;-;Sat Mar 19 12:35:02 2016 +0100;1458387302;-;-;Sat Mar 19 12:38:47 2016 +0100;1458387527
a905412514bfeab250507d81b6926363b0c10973;a905412514;-;-;Fri Mar 18 22:12:22 2016 +0100;1458335542;-;-;Fri Mar 18 22:12:22 2016 +0100;1458335542
6e3fac85f3e2dca255abbac6d578189e331fac10;6e3fac85f3;-;-;Fri Mar 18 22:12:10 2016 +0100;1458335530;-;-;Fri Mar 18 22:12:10 2016 +0100;1458335530
9ac9135c244695e827c8dfd29209e337f4df042b;9ac9135c24;-;-;Fri Mar 18 16:58:08 2016 -0400;1458334688;-;-;Fri Mar 18 16:59:24 2016 -0400;1458334764
c5200978b0b4a8eea25cb83bb5a4d2468a31b8ed;c5200978b0;-;-;Fri Mar 18 19:44:20 2016 +0100;1458326660;-;-;Fri Mar 18 19:44:20 2016 +0100;1458326660
11221f5ccb7c87316fec1d2960f9468446976f7c;11221f5ccb;-;-;Fri Mar 18 19:30:53 2016 +0100;1458325853;-;-;Fri Mar 18 19:31:05 2016 +0100;1458325865
411ff8450fbf386b5a88f01777ab1e49aaa33a8d;411ff8450f;-;-;Fri Mar 18 13:24:10 2016 -0500;1458325450;-;-;Fri Mar 18 13:24:10 2016 -0500;1458325450
e2ba4774059107b6fa3a4b6c1cefe90be965545c;e2ba477405;-;-;Fri Mar 18 19:04:54 2016 +0100;1458324294;-;-;Fri Mar 18 19:06:10 2016 +0100;1458324370
1ca43402712ea664eb8c9b8153d3212d58be34ec;1ca4340271;-;-;Fri Mar 18 18:51:41 2016 +0100;1458323501;-;-;Fri Mar 18 18:51:41 2016 +0100;1458323501
431ca9314af6929a53b177640522323602e6d224;431ca9314a;-;-;Fri Mar 18 18:51:33 2016 +0100;1458323493;-;-;Fri Mar 18 18:51:33 2016 +0100;1458323493
455bf45fa45c18b7fc6d5d2fc056a1678701591b;455bf45fa4;-;-;Fri Mar 18 18:43:46 2016 +0100;1458323026;-;-;Fri Mar 18 18:43:46 2016 +0100;1458323026
160410c148dd06dde506a92a0da7703ffec3731c;160410c148;-;-;Fri Mar 18 18:05:36 2016 +0100;1458320736;-;-;Fri Mar 18 18:23:15 2016 +0100;1458321795
7ae44c25656c256e69c9d00508d034b9bd75f295;7ae44c2565;-;-;Mon Mar 14 15:39:54 2016 +0100;1457966394;-;-;Fri Mar 18 18:13:42 2016 +0100;1458321222
4a6c2dbb159e2b41b1d87c38078da55490a801c0;4a6c2dbb15;-;-;Fri Mar 18 12:01:55 2016 -0400;1458316915;-;-;Fri Mar 18 12:01:55 2016 -0400;1458316915
8246fe453489c1bec6b32c483e1fb8633acd2db3;8246fe4534;-;-;Fri Mar 18 16:16:54 2016 +0100;1458314214;-;-;Fri Mar 18 16:16:54 2016 +0100;1458314214
ec7c3aa349f1f25cc98ad516d84d07c7ea525983;ec7c3aa349;-;-;Fri Mar 18 15:15:07 2016 +0100;1458310507;-;-;Fri Mar 18 15:30:33 2016 +0100;1458311433
a95bf6e0fc5206c662e81811d3bb964c9003aad0;a95bf6e0fc;-;-;Fri Mar 18 15:12:03 2016 +0100;1458310323;-;-;Fri Mar 18 15:30:33 2016 +0100;1458311433
2153d8870692572a74f17dacacc1f5db83b3d9e8;2153d88706;-;-;Fri Mar 18 15:29:25 2016 +0100;1458311365;-;-;Fri Mar 18 15:29:25 2016 +0100;1458311365
43661ededbc1ad0070fe67ecab7a2a239822f19c;43661ededb;-;-;Fri Mar 18 15:04:14 2016 +0100;1458309854;-;-;Fri Mar 18 15:04:14 2016 +0100;1458309854
856da8e39517d54200f685b43a00de7e2f43beb4;856da8e395;-;-;Thu Mar 17 18:42:28 2016 +0100;1458236548;-;-;Thu Mar 17 20:53:52 2016 +0100;1458244432
7a3bc2e4736d695a253187efae7b29421dbd538c;7a3bc2e473;-;-;Thu Mar 17 14:08:13 2016 +0100;1458220093;-;-;Thu Mar 17 14:08:13 2016 +0100;1458220093
f5a5a81e954ea069e5d6aaa2d6cb36e41af927d1;f5a5a81e95;-;-;Wed Mar 16 15:26:06 2016 -0400;1458156366;-;-;Wed Mar 16 15:26:06 2016 -0400;1458156366
92dd4eb3ef42fe3952ae87e67150554427e795b8;92dd4eb3ef;-;-;Wed Mar 16 13:37:54 2016 -0400;1458149874;-;-;Wed Mar 16 13:40:35 2016 -0400;1458150035
9439a008d7a4ec7359fc024fce60453995f2ebd1;9439a008d7;-;-;Wed Mar 16 18:34:14 2016 +0100;1458149654;-;-;Wed Mar 16 18:34:14 2016 +0100;1458149654
d2c0885e2979e9708d5d700f6a3e131bc9a770b1;d2c0885e29;-;-;Wed Mar 16 18:14:44 2016 +0100;1458148484;-;-;Wed Mar 16 18:14:44 2016 +0100;1458148484
35eb52e558c92901e1d0184002db6fb7c9037239;35eb52e558;-;-;Wed Mar 16 18:04:02 2016 +0100;1458147842;-;-;Wed Mar 16 18:04:02 2016 +0100;1458147842
b1121fba7047dfe3cf0251236e97700dfb4f2f2d;b1121fba70;-;-;Wed Mar 16 17:14:03 2016 +0100;1458144843;-;-;Wed Mar 16 17:14:03 2016 +0100;1458144843
30d457c622208dac3fa31bb7e51448d4f224ea45;30d457c622;-;-;Wed Mar 16 17:13:06 2016 +0100;1458144786;-;-;Wed Mar 16 17:13:06 2016 +0100;1458144786
1c3c88f81ef75ee382ef7ec460309cfaf6432142;1c3c88f81e;-;-;Wed Mar 16 17:01:02 2016 +0100;1458144062;-;-;Wed Mar 16 17:01:02 2016 +0100;1458144062
183594207fbb447e1b59262b4469f2aefbb8a3ec;183594207f;-;-;Tue Mar 15 17:46:47 2016 -0400;1458078407;-;-;Tue Mar 15 17:50:13 2016 -0400;1458078613
e904ce4eada74988578a9ec912762ecc2375d5f3;e904ce4ead;-;-;Tue Mar 15 18:17:50 2016 +0100;1458062270;-;-;Tue Mar 15 18:17:50 2016 +0100;1458062270
e83e3ec9de851619696d801757a0c0422c9665b6;e83e3ec9de;-;-;Tue Mar 15 18:13:59 2016 +0100;1458062039;-;-;Tue Mar 15 18:13:59 2016 +0100;1458062039
dfd4aae4f6994b967d59a346d4556ba07d66fc89;dfd4aae4f6;-;-;Tue Mar 15 16:28:36 2016 +0100;1458055716;-;-;Tue Mar 15 16:28:36 2016 +0100;1458055716
2a9b2ca5fd9cb8309580ccc7df39217b0ebdadc4;2a9b2ca5fd;-;-;Tue Mar 15 16:12:35 2016 +0100;1458054755;-;-;Tue Mar 15 16:12:35 2016 +0100;1458054755
33a4e9e57f155f13ea51b38f80468ccd759efa1b;33a4e9e57f;-;-;Tue Mar 15 09:51:11 2016 +0100;1458031871;-;-;Tue Mar 15 09:51:20 2016 +0100;1458031880
582864802e49f0cc47575be00194e4194d7b1dc5;582864802e;-;-;Mon Mar 14 23:00:19 2016 -0400;1458010819;-;-;Mon Mar 14 23:00:19 2016 -0400;1458010819
971ccab038ad8e549d515a80e2d64c5d4c80c86b;971ccab038;-;-;Sat Mar 12 16:16:26 2016 -0500;1457817386;-;-;Mon Mar 14 12:20:02 2016 -0400;1457972402
2152f436f90aebdd50022636a36b7ffc745e4880;2152f436f9;-;-;Mon Mar 14 15:00:00 2016 +0100;1457964000;-;-;Mon Mar 14 15:00:00 2016 +0100;1457964000
c41c5dd5c904412f30c112997497509eccbc9608;c41c5dd5c9;-;-;Sat Mar 12 14:58:06 2016 +0100;1457791086;-;-;Sat Mar 12 14:58:06 2016 +0100;1457791086
92e715ed9368d5b80bf16ff2fd184a738960db9a;92e715ed93;-;-;Sat Mar 12 14:46:36 2016 +0100;1457790396;-;-;Sat Mar 12 14:46:36 2016 +0100;1457790396
f2f87ff1e03eaece02efdfda2bdfc2fb1c83f692;f2f87ff1e0;-;-;Fri Mar 11 23:52:31 2016 +0100;1457736751;-;-;Fri Mar 11 23:52:31 2016 +0100;1457736751
155fa3754bdcb02b7a2af86253679becb57912f2;155fa3754b;-;-;Fri Mar 11 23:23:58 2016 +0100;1457735038;-;-;Fri Mar 11 23:23:58 2016 +0100;1457735038
094cf6cafbd20310be36e988a3e1eecf347009d3;094cf6cafb;-;-;Tue Mar 1 13:26:10 2016 -0800;1456867570;-;-;Fri Mar 11 12:40:42 2016 -0800;1457728842
beb01e674e33d6302390acd8b6ec39963f3f80e1;beb01e674e;-;-;Fri Mar 11 21:23:26 2016 +0100;1457727806;-;-;Fri Mar 11 21:23:26 2016 +0100;1457727806
406d06118de0488874afdd47a7a0b9c702149fe4;406d06118d;-;-;Fri Mar 11 15:12:14 2016 +0100;1457705534;-;-;Fri Mar 11 15:12:14 2016 +0100;1457705534
71294df238cef17c242f1e9860062414d9ede993;71294df238;-;-;Fri Mar 11 15:09:03 2016 +0100;1457705343;-;-;Fri Mar 11 15:09:03 2016 +0100;1457705343
d124a13eb4d7bcf70a063c81da2fea5f941f8140;d124a13eb4;-;-;Fri Mar 11 15:07:59 2016 +0100;1457705279;-;-;Fri Mar 11 15:07:59 2016 +0100;1457705279
8852a5e1784bbf24fac62a2b4eb1a19f7609db6f;8852a5e178;-;-;Fri Mar 11 15:04:16 2016 +0100;1457705056;-;-;Fri Mar 11 15:04:16 2016 +0100;1457705056
b4de66ff9a00ab0a10fcbe1ac931c6ee9368c804;b4de66ff9a;-;-;Fri Mar 11 15:00:01 2016 +0100;1457704801;-;-;Fri Mar 11 15:00:01 2016 +0100;1457704801
0b1639d9635d31adfb6e6280776decf5fc91ec9f;0b1639d963;-;-;Fri Mar 11 14:59:00 2016 +0100;1457704740;-;-;Fri Mar 11 14:59:00 2016 +0100;1457704740
100f3c5eebed9a50f9e4fae4a1799e0a0b5b793f;100f3c5eeb;-;-;Fri Mar 11 12:57:41 2016 +0100;1457697461;-;-;Fri Mar 11 12:57:41 2016 +0100;1457697461
0597ff109e7000dfb0f9031660798dceeb5c988f;0597ff109e;-;-;Fri Mar 11 12:55:20 2016 +0100;1457697320;-;-;Fri Mar 11 12:55:20 2016 +0100;1457697320
b944283354f0f340ffc7ec74b430d79703a4294a;b944283354;-;-;Fri Mar 11 12:52:40 2016 +0100;1457697160;-;-;Fri Mar 11 12:52:40 2016 +0100;1457697160
b6f69492a3849fe4173f6fc9213188254df3fc25;b6f69492a3;-;-;Fri Mar 11 12:49:57 2016 +0100;1457696997;-;-;Fri Mar 11 12:49:57 2016 +0100;1457696997
68f6cf9d3a2c9dace624fffc93473d91772df14e;68f6cf9d3a;-;-;Thu Mar 10 14:32:47 2016 -0500;1457638367;-;-;Thu Mar 10 14:37:22 2016 -0500;1457638642
6aa216afb6600582a36451c26427faa8e8262132;6aa216afb6;-;-;Wed Mar 9 16:16:50 2016 -0500;1457558210;-;-;Thu Mar 10 14:37:22 2016 -0500;1457638642
8222ff465deea4c93d1e5bfd2b9a12f9c05099dc;8222ff465d;-;-;Thu Mar 10 17:20:50 2016 +0100;1457626850;-;-;Thu Mar 10 17:20:50 2016 +0100;1457626850
8ca6a18dae313aa5d30a4515328a6e04db993398;8ca6a18dae;-;-;Thu Mar 10 16:35:20 2016 +0100;1457624120;-;-;Thu Mar 10 16:35:20 2016 +0100;1457624120
8e24a4153c83fb4ba3d8c8a24503c2a6adf35e58;8e24a4153c;-;-;Wed Mar 9 11:55:20 2016 +0100;1457520920;-;-;Wed Mar 9 11:55:20 2016 +0100;1457520920
ed341695a88b95e0f47543ec00c3e8db79ba8e5d;ed341695a8;-;-;Wed Mar 9 08:54:03 2016 +0100;1457510043;-;-;Wed Mar 9 08:54:03 2016 +0100;1457510043
2244461778b10ab2b530aa43eda221eee706e7f5;2244461778;-;-;Sun Feb 28 23:05:00 2016 -0800;1456729500;-;-;Tue Mar 8 19:36:49 2016 +0100;1457462209
0a56667093856ef454bcc50dc6dc3b1a8263ebe3;0a56667093;-;-;Tue Mar 8 17:07:59 2016 +0100;1457453279;-;-;Tue Mar 8 17:07:59 2016 +0100;1457453279
89cf4772d57145475797eb39bd2aa59d6c4e362f;89cf4772d5;-;-;Tue Mar 8 15:27:35 2016 +0100;1457447255;-;-;Tue Mar 8 15:27:35 2016 +0100;1457447255
e85a06234bf84620d873330ed82d16d87794fe73;e85a06234b;-;-;Tue Mar 8 15:19:55 2016 +0100;1457446795;-;-;Tue Mar 8 15:19:55 2016 +0100;1457446795
0d12b84022b90614531c92772b09e49343d0c492;0d12b84022;-;-;Tue Mar 8 13:58:57 2016 +0100;1457441937;-;-;Tue Mar 8 14:00:12 2016 +0100;1457442012
4bead6e5424126d52edf075d272e5cfe86984196;4bead6e542;-;-;Mon Mar 7 18:18:46 2016 +0100;1457371126;-;-;Mon Mar 7 18:18:46 2016 +0100;1457371126
cbcc9998f16d34685ee34fefa56c6cb51d4616e3;cbcc9998f1;-;-;Mon Mar 7 18:13:20 2016 +0100;1457370800;-;-;Mon Mar 7 18:13:40 2016 +0100;1457370820
bea26413b4a237cc6fff1bae24ffdba7d10200f9;bea26413b4;-;-;Mon Mar 7 18:10:21 2016 +0100;1457370621;-;-;Mon Mar 7 18:13:40 2016 +0100;1457370820
78690a24fb3c0f0f163a8344d8ebc94fb743d589;78690a24fb;-;-;Mon Mar 7 18:01:54 2016 +0100;1457370114;-;-;Mon Mar 7 18:13:40 2016 +0100;1457370820
ca8acc8758043883a7c72ccdf36ddd755830d202;ca8acc8758;-;-;Mon Mar 7 15:36:46 2016 +0100;1457361406;-;-;Mon Mar 7 15:36:46 2016 +0100;1457361406
eb654dc177eee8ed9d5e3f03f879d1fa9b1bf4ef;eb654dc177;-;-;Mon Mar 7 13:27:27 2016 +0100;1457353647;-;-;Mon Mar 7 15:22:27 2016 +0100;1457360547
e086a5d58b48e3d2cdff342b6b6b202af0f43852;e086a5d58b;-;-;Sun Mar 6 09:04:59 2016 +0100;1457251499;-;-;Sun Mar 6 09:04:59 2016 +0100;1457251499
1772278053e7f57668671b2b9a4098f16cebd936;1772278053;-;-;Fri Mar 4 22:42:59 2016 +0100;1457127779;-;-;Fri Mar 4 22:42:59 2016 +0100;1457127779
dfa1938ac191195c301da924f2d8ceb18678ba06;dfa1938ac1;-;-;Fri Mar 4 16:09:08 2016 -0500;1457125748;-;-;Fri Mar 4 16:09:08 2016 -0500;1457125748
ff2a911baa97921e018e6d5a7cd0f3dbaa55496e;ff2a911baa;-;-;Fri Mar 4 16:01:35 2016 -0500;1457125295;-;-;Fri Mar 4 16:06:01 2016 -0500;1457125561
f1622569065374352b44a8e8dee9a16bbacef5a7;f162256906;-;-;Fri Mar 4 13:24:14 2016 -0500;1457115854;-;-;Fri Mar 4 16:06:01 2016 -0500;1457125561
1a76f7e9c20a0fb87c50a71a2444f9c61619c3bb;1a76f7e9c2;-;-;Fri Mar 4 11:51:30 2016 -0500;1457110290;-;-;Fri Mar 4 16:05:49 2016 -0500;1457125549
5067f00228c4752363051fd8d565a4a422413336;5067f00228;-;-;Fri Mar 4 11:38:25 2016 +0100;1457087905;-;-;Fri Mar 4 11:38:25 2016 +0100;1457087905
41da04d3865d611ece65e6a236a3f3b3876e27f9;41da04d386;-;-;Thu Mar 3 18:01:09 2016 +0100;1457024469;-;-;Fri Mar 4 11:36:30 2016 +0100;1457087790
9e167045fcd7024558131416cf5706ed75247c8d;9e167045fc;-;-;Thu Mar 3 14:48:50 2016 -0500;1457034530;-;-;Thu Mar 3 14:48:50 2016 -0500;1457034530
6f2c968925c28d7269e1dada1d97b7dff2d6cf07;6f2c968925;-;-;Thu Mar 3 14:37:48 2016 -0500;1457033868;-;-;Thu Mar 3 14:37:48 2016 -0500;1457033868
e98738d8ba618c1d30db8e82820d86141eddebc3;e98738d8ba;-;-;Thu Mar 3 13:33:04 2016 -0500;1457029984;-;-;Thu Mar 3 13:33:45 2016 -0500;1457030025
44c32128dcdbd4fc848ae0873d4a6aa84383569c;44c32128dc;-;-;Thu Mar 3 16:48:17 2016 +0100;1457020097;-;-;Thu Mar 3 16:48:17 2016 +0100;1457020097
36e2dd90a7840fe82d30016ec5e7adc0c054eb7a;36e2dd90a7;-;-;Wed Mar 2 18:37:22 2016 -0500;1456961842;-;-;Wed Mar 2 18:38:25 2016 -0500;1456961905
6fcc869338c004e6b5696314be7673a0d707e785;6fcc869338;-;-;Wed Mar 2 13:55:18 2016 -0500;1456944918;-;-;Wed Mar 2 18:38:25 2016 -0500;1456961905
067994712df49b50b955e93944245a770b3962ad;067994712d;-;-;Wed Mar 2 20:19:25 2016 +0100;1456946365;-;-;Wed Mar 2 20:19:25 2016 +0100;1456946365
50bcd67fb639dfb10443c316c1377550f74f8cba;50bcd67fb6;-;-;Wed Mar 2 16:53:24 2016 +0100;1456934004;-;-;Wed Mar 2 17:42:44 2016 +0100;1456936964
18e9699a2b31204feb1ae76a3e4b19cae7666236;18e9699a2b;-;-;Wed Mar 2 14:07:15 2016 +0100;1456924035;-;-;Wed Mar 2 14:07:15 2016 +0100;1456924035
4cf0b59e00d20328b861865bfa86247c650c6497;4cf0b59e00;-;-;Tue Mar 1 23:27:58 2016 -0500;1456892878;-;-;Tue Mar 1 23:33:36 2016 -0500;1456893216
7b861c9a8aeda83ef6844633901d6f00ea28c4c0;7b861c9a8a;-;-;Tue Mar 1 23:47:40 2016 +0100;1456872460;-;-;Wed Mar 2 00:03:25 2016 +0100;1456873405
ffbf2649768b5e6b45a95ef97adf3a97fa209b10;ffbf264976;-;-;Tue Mar 1 13:33:54 2016 -0800;1456868034;-;-;Tue Mar 1 13:34:25 2016 -0800;1456868065
b3b3fc5a7ee6449cf80254c8ccfc5f79e58cde88;b3b3fc5a7e;-;-;Tue Mar 1 19:10:39 2016 +0100;1456855839;-;-;Tue Mar 1 19:10:39 2016 +0100;1456855839
3df66d023ce9af988cc5e192b8de04422b7c1719;3df66d023c;-;-;Tue Mar 1 17:38:52 2016 +0100;1456850332;-;-;Tue Mar 1 17:38:52 2016 +0100;1456850332
0d6f80052d7a08bec69c2ef70818ff6551b54c5c;0d6f80052d;-;-;Tue Mar 1 14:37:29 2016 +0100;1456839449;-;-;Tue Mar 1 14:37:29 2016 +0100;1456839449
b3abd3b80943e2904585d8774fe007761717d77c;b3abd3b809;-;-;Tue Mar 1 14:18:29 2016 +0100;1456838309;-;-;Tue Mar 1 14:18:29 2016 +0100;1456838309
c38542739734c15e84a28ecc5f575127f25d310a;c385427397;-;-;Tue Feb 23 10:27:39 2016 +0100;1456219659;-;-;Mon Feb 29 23:34:32 2016 +0100;1456785272
61824b1aded8f975f3e02e0b1a7ace63a993a6fb;61824b1ade;-;-;Mon Feb 29 18:52:57 2016 +0100;1456768377;-;-;Mon Feb 29 18:52:57 2016 +0100;1456768377
2bb2657483a35bdb81e8dc0a8f2651fefa1e29e2;2bb2657483;-;-;Mon Feb 29 18:25:57 2016 +0100;1456766757;-;-;Mon Feb 29 18:25:57 2016 +0100;1456766757
5923ee8af39a5a36017e3046146bdf0591ab0f61;5923ee8af3;-;-;Mon Feb 29 17:42:23 2016 +0100;1456764143;-;-;Mon Feb 29 17:43:04 2016 +0100;1456764184
161ec15a4602733bf08990c72f0668be8deabbba;161ec15a46;-;-;Mon Feb 29 17:41:43 2016 +0100;1456764103;-;-;Mon Feb 29 17:41:43 2016 +0100;1456764103
df7b24b8e771abbbebdb034fb436d37812329689;df7b24b8e7;-;-;Mon Feb 29 01:04:15 2016 +0100;1456704255;-;-;Mon Feb 29 15:30:22 2016 +0100;1456756222
197434b3ec3850ff2b6ab775fea2825f9dac3457;197434b3ec;-;-;Mon Feb 29 01:03:02 2016 +0100;1456704182;-;-;Mon Feb 29 15:30:22 2016 +0100;1456756222
816185233d85f53fe7e3fee005f9e7d149f04a42;816185233d;-;-;Mon Feb 29 00:59:32 2016 +0100;1456703972;-;-;Mon Feb 29 15:30:22 2016 +0100;1456756222
a02fd7c9953b8e7f629f4d3a66a450a13341576b;a02fd7c995;-;-;Mon Feb 29 15:05:50 2016 +0100;1456754750;-;-;Mon Feb 29 15:05:50 2016 +0100;1456754750
9c0f99c0b51959bc2b34b51ff1e695906893e4f6;9c0f99c0b5;-;-;Mon Feb 29 12:57:09 2016 +0100;1456747029;-;-;Mon Feb 29 12:57:09 2016 +0100;1456747029
8e5e384de74d4ac8463a8eed3b38461f94718160;8e5e384de7;-;-;Mon Feb 29 11:18:23 2016 +0100;1456741103;-;-;Mon Feb 29 11:18:23 2016 +0100;1456741103
1815a6a7ebafb184b1f08de6245898b19de19c6a;1815a6a7eb;-;-;Mon Feb 29 11:12:11 2016 +0100;1456740731;-;-;Mon Feb 29 11:12:11 2016 +0100;1456740731
a2bfe86630a9407d0f33236f7f8d6edcc6cb12dc;a2bfe86630;-;-;Sun Feb 28 23:36:21 2016 +0100;1456698981;-;-;Mon Feb 29 00:42:47 2016 +0100;1456702967
31e0386bcb32700c65375a7937a851d4239e209e;31e0386bcb;-;-;Sat Feb 27 23:50:00 2016 +0100;1456613400;-;-;Sat Feb 27 23:50:00 2016 +0100;1456613400
9d3dd1bc136b0552bc8925452ad30071da1a7d99;9d3dd1bc13;-;-;Sat Feb 27 23:02:55 2016 +0100;1456610575;-;-;Sat Feb 27 23:02:55 2016 +0100;1456610575
0c668382688fc2f6fc242fba09a9adaef3c1277a;0c66838268;-;-;Fri Feb 19 15:16:48 2016 +0000;1455895008;-;-;Fri Feb 26 22:35:51 2016 +0100;1456522551
6fcb6630d75078b1b3928cfb7ab2a68c4807cce4;6fcb6630d7;-;-;Fri Feb 26 22:35:12 2016 +0100;1456522512;-;-;Fri Feb 26 22:35:51 2016 +0100;1456522551
ab16053ed4defa2dc009bddb3a22199aea75e42b;ab16053ed4;-;-;Fri Feb 26 12:40:00 2016 +0100;1456486800;-;-;Fri Feb 26 12:40:00 2016 +0100;1456486800
8a83af55b8adf833683b8d9a6924eecf69709a12;8a83af55b8;-;-;Fri Feb 26 12:31:03 2016 +0100;1456486263;-;-;Fri Feb 26 12:31:03 2016 +0100;1456486263
7a32ce317c320ad3ffe1d9a40488d5f4772436c7;7a32ce317c;-;-;Thu Feb 25 21:42:11 2016 +0100;1456432931;-;-;Thu Feb 25 21:42:11 2016 +0100;1456432931
b6dd8a923365f021af636705e652a725e1cf0ebe;b6dd8a9233;-;-;Thu Feb 25 21:36:49 2016 +0100;1456432609;-;-;Thu Feb 25 21:36:49 2016 +0100;1456432609
4c964473b19590780b9ddad34c832f0b2b4f47d8;4c964473b1;-;-;Thu Feb 25 10:25:13 2016 +0100;1456392313;-;-;Thu Feb 25 10:25:13 2016 +0100;1456392313
1bc1df2d0fc300f855b09c3e76c4f2cc434a7065;1bc1df2d0f;-;-;Wed Feb 24 15:23:30 2016 -0500;1456345410;-;-;Wed Feb 24 15:24:13 2016 -0500;1456345453
ca19920d74329bee644931a40828d61c60e16fc6;ca19920d74;-;-;Wed Feb 24 17:50:14 2016 +0100;1456332614;-;-;Wed Feb 24 17:50:14 2016 +0100;1456332614
a68b910b7cc812a6a03df557e95d84f5a1efaa63;a68b910b7c;-;-;Wed Feb 24 17:11:36 2016 +0100;1456330296;-;-;Wed Feb 24 17:11:36 2016 +0100;1456330296
46189b48fcc2dc6893517df3cf2717771173b436;46189b48fc;-;-;Tue Feb 23 23:33:59 2016 -0500;1456288439;-;-;Tue Feb 23 23:33:59 2016 -0500;1456288439
3329abffc8cf51c81887cf4a9a5be4b4486f96c0;3329abffc8;-;-;Mon Feb 22 15:00:49 2016 +0100;1456149649;-;-;Tue Feb 23 16:15:38 2016 +0100;1456240538
7b1fcfc7c3ead828dc55a305598da75c781b8dee;7b1fcfc7c3;-;-;Tue Feb 23 16:12:26 2016 +0100;1456240346;-;-;Tue Feb 23 16:12:26 2016 +0100;1456240346
028a6901007c155f078b4438abd0ff33b6cec17f;028a690100;-;-;Tue Feb 23 14:31:09 2016 +0100;1456234269;-;-;Tue Feb 23 14:31:09 2016 +0100;1456234269
ed98393fb2a4196c5846ca25e3ded32f66e0533b;ed98393fb2;-;-;Tue Feb 23 14:30:30 2016 +0100;1456234230;-;-;Tue Feb 23 14:30:30 2016 +0100;1456234230
1899fb37c1f0dbb3aab3c7ae3d9905b9fd837e32;1899fb37c1;-;-;Mon Feb 22 23:26:41 2016 +0100;1456180001;-;-;Mon Feb 22 23:26:41 2016 +0100;1456180001
a3789120c9d5d77a7f3946c9d5d809195de6d243;a3789120c9;-;-;Mon Feb 22 23:25:50 2016 +0100;1456179950;-;-;Mon Feb 22 23:25:50 2016 +0100;1456179950
8ff9e818a53aed90da80e68f4948147f07bec394;8ff9e818a5;-;-;Mon Feb 22 23:24:30 2016 +0100;1456179870;-;-;Mon Feb 22 23:24:30 2016 +0100;1456179870
b9fe6d89dab2ae4d97c041fa6e8a9125ae47d889;b9fe6d89da;-;-;Mon Feb 22 23:21:59 2016 +0100;1456179719;-;-;Mon Feb 22 23:21:59 2016 +0100;1456179719
d8a05592e23944dd542e28fbe0a913130b99d0b1;d8a05592e2;-;-;Sat Feb 20 13:50:51 2016 -0800;1456005051;-;-;Mon Feb 22 10:01:35 2016 -0800;1456164095
2ca11029f2ff0c504137847ce2835f2d1f8e299d;2ca11029f2;-;-;Mon Feb 22 17:42:50 2016 +0100;1456159370;-;-;Mon Feb 22 17:42:50 2016 +0100;1456159370
f4cbd984593f5015dfed8baf45a602f8196deaf0;f4cbd98459;-;-;Mon Feb 22 16:48:29 2016 +0100;1456156109;-;-;Mon Feb 22 16:48:29 2016 +0100;1456156109
b3d67b928b28fe68df6ccb7f9ed949ecdac63a94;b3d67b928b;-;-;Mon Feb 22 09:39:20 2016 -0500;1456151960;-;-;Mon Feb 22 09:44:06 2016 -0500;1456152246
a94ffbb17a7525a3e3fa0e3c377e8bdafac0e331;a94ffbb17a;-;-;Mon Feb 22 10:03:27 2016 +0100;1456131807;-;-;Mon Feb 22 10:03:27 2016 +0100;1456131807
963fea0e3f0629de8422fcc6145fe32e80b37332;963fea0e3f;-;-;Sat Feb 20 09:04:21 2016 +0100;1455955461;-;-;Sat Feb 20 09:04:21 2016 +0100;1455955461
f32aded27aeec51ec110d4aa6a21ab37e44f6db1;f32aded27a;-;-;Fri Feb 19 13:47:48 2016 -0500;1455907668;-;-;Fri Feb 19 13:56:52 2016 -0500;1455908212
26575148a5ab8cba88346f87ed5d1b1a8c7cccf0;26575148a5;-;-;Fri Feb 19 11:28:57 2016 -0500;1455899337;-;-;Fri Feb 19 13:56:52 2016 -0500;1455908212
700ab2fc9894f72366c2bb0ba7ea4ea3760246cb;700ab2fc98;-;-;Fri Feb 19 19:21:09 2016 +0100;1455906069;-;-;Fri Feb 19 19:21:09 2016 +0100;1455906069
a7ad49adcfbf9b72f50675dc0da22bcc2075621f;a7ad49adcf;-;-;Fri Feb 19 19:19:39 2016 +0100;1455905979;-;-;Fri Feb 19 19:19:39 2016 +0100;1455905979
890819f8862fbf9a96a30e115a36d7fbb5d4ae38;890819f886;-;-;Fri Feb 19 14:39:55 2016 +0100;1455889195;-;-;Fri Feb 19 14:39:55 2016 +0100;1455889195
5ed90468865bf8c3b44c8c073531fe7127826520;5ed9046886;-;-;Fri Feb 19 14:00:52 2016 +0100;1455886852;-;-;Fri Feb 19 14:00:52 2016 +0100;1455886852
d6700b7a108ed2f0594e94e7b1575cf7a464e591;d6700b7a10;-;-;Fri Feb 19 09:09:10 2016 +0100;1455869350;-;-;Fri Feb 19 09:09:10 2016 +0100;1455869350
f33578ef0f20af90a41c2daddedcb7ba1b96c278;f33578ef0f;-;-;Thu Feb 18 22:34:43 2016 -0500;1455852883;-;-;Thu Feb 18 22:37:57 2016 -0500;1455853077
c4117885bd61835159da14fb7fc9e3e28e1ddd31;c4117885bd;-;-;Thu Feb 18 14:15:15 2016 -0800;1455833715;-;-;Thu Feb 18 18:49:58 2016 -0800;1455850198
48ee9b52d4be82241c76cc877f281e51905205fb;48ee9b52d4;-;-;Fri Feb 19 02:30:58 2016 +0100;1455845458;-;-;Fri Feb 19 02:30:58 2016 +0100;1455845458
18a59dad5266dd7cb71b36c5c6eed6d0408c062e;18a59dad52;-;-;Thu Feb 18 18:11:59 2016 -0500;1455837119;-;-;Thu Feb 18 18:11:59 2016 -0500;1455837119
416966d943300c1155d4202196096ced535f6586;416966d943;-;-;Thu Feb 18 18:06:13 2016 -0500;1455836773;-;-;Thu Feb 18 18:09:16 2016 -0500;1455836956
ec3571fd4ded4682545019e54ba10047683dd4a3;ec3571fd4d;-;-;Thu Feb 18 15:26:36 2016 -0500;1455827196;-;-;Thu Feb 18 18:09:16 2016 -0500;1455836956
1b53edfc5e17f30730f0d24ac1a019b85be1e675;1b53edfc5e;-;-;Fri Feb 19 00:05:28 2016 +0100;1455836728;-;-;Fri Feb 19 00:05:28 2016 +0100;1455836728
0adc4921ed4eadba531f12fdaa5faaf36265029b;0adc4921ed;-;-;Thu Feb 18 21:07:32 2016 +0100;1455826052;-;-;Thu Feb 18 21:07:32 2016 +0100;1455826052
08eb623c41d0ba8276d4131330271ea0f49c7879;08eb623c41;-;-;Thu Feb 18 14:37:36 2016 -0500;1455824256;-;-;Thu Feb 18 14:37:36 2016 -0500;1455824256
1c2ac49f2ac32ab0ee589bfc165046c14aa782c7;1c2ac49f2a;-;-;Thu Feb 18 16:06:38 2016 +0100;1455807998;-;-;Thu Feb 18 18:05:48 2016 +0100;1455815148
923534595c1644810fc2eb2cb732de606f7225eb;923534595c;-;-;Thu Feb 18 17:37:22 2016 +0100;1455813442;-;-;Thu Feb 18 17:37:22 2016 +0100;1455813442
8495fcf10921e2f40675b1065964750f9b00232e;8495fcf109;-;-;Thu Feb 18 17:33:39 2016 +0100;1455813219;-;-;Thu Feb 18 17:33:39 2016 +0100;1455813219
7fcb277de962a054916e6a1bafc57b101b815d5b;7fcb277de9;-;-;Thu Feb 18 16:19:09 2016 +0100;1455808749;-;-;Thu Feb 18 16:19:09 2016 +0100;1455808749
ea4a766df7ba6051f962008e5e2c84764cf9beab;ea4a766df7;-;-;Wed Feb 17 23:00:07 2016 +0100;1455746407;-;-;Wed Feb 17 23:00:07 2016 +0100;1455746407
e0d7c6be00ed855e473f19f405ddbbcdb6cbb885;e0d7c6be00;-;-;Wed Feb 17 22:59:12 2016 +0100;1455746352;-;-;Wed Feb 17 22:59:12 2016 +0100;1455746352
c2f704717ee1425042ebb9937e7b9c74dbd0212e;c2f704717e;-;-;Wed Feb 17 17:30:57 2016 +0000;1455730257;-;-;Wed Feb 17 17:30:57 2016 +0000;1455730257
25be5e060c26ad67d023620d3776c5d35e2d3b91;25be5e060c;-;-;Wed Feb 17 16:58:02 2016 +0100;1455724682;-;-;Wed Feb 17 16:58:02 2016 +0100;1455724682
ac44f9edd9c4117110dd227da630b8e989be0561;ac44f9edd9;-;-;Wed Feb 17 16:57:29 2016 +0100;1455724649;-;-;Wed Feb 17 16:57:29 2016 +0100;1455724649
ac3847bf4a52438fc90aa4dc61ff25a8fac31685;ac3847bf4a;-;-;Wed Feb 17 16:48:28 2016 +0100;1455724108;-;-;Wed Feb 17 16:48:28 2016 +0100;1455724108
513c1ea3d96b09ddb8a256c3245c619ebfc063e2;513c1ea3d9;-;-;Wed Feb 17 14:50:29 2016 +0100;1455717029;-;-;Wed Feb 17 14:50:29 2016 +0100;1455717029
43d72871bdfba9e70ee74a0ef95a7432de2cf163;43d72871bd;-;-;Wed Feb 17 08:23:59 2016 -0500;1455715439;-;-;Wed Feb 17 08:23:59 2016 -0500;1455715439
a6d31d521280e4683714b53aa2fb58d06545f3cd;a6d31d5212;-;-;Wed Feb 17 13:31:19 2016 +0100;1455712279;-;-;Wed Feb 17 13:31:19 2016 +0100;1455712279
7dac2e3256cd751f4e2db303547e5a0d7d51e4ba;7dac2e3256;-;-;Wed Feb 17 13:12:23 2016 +0100;1455711143;-;-;Wed Feb 17 13:12:23 2016 +0100;1455711143
5c87afc51d1bd319d83b171fc4b8402fe84b1a37;5c87afc51d;-;-;Tue Feb 16 22:28:46 2016 +0100;1455658126;-;-;Tue Feb 16 22:28:46 2016 +0100;1455658126
1253b451f5cc35f7fea86b5a61413f36a8cd227a;1253b451f5;-;-;Tue Feb 16 22:28:10 2016 +0100;1455658090;-;-;Tue Feb 16 22:28:10 2016 +0100;1455658090
51c35bf81c50142bb94497a7cddfb3042e9fad4b;51c35bf81c;-;-;Tue Feb 16 22:16:19 2016 +0100;1455657379;-;-;Tue Feb 16 22:16:19 2016 +0100;1455657379
a9d62372bfcc2174d2d566c4e2f477e4bbffe6a5;a9d62372bf;-;-;Tue Feb 16 13:58:05 2016 +0100;1455627485;-;-;Tue Feb 16 13:58:05 2016 +0100;1455627485
5e5bf7f518b063f71445d866a9e322f7de1f7c47;5e5bf7f518;-;-;Tue Feb 16 13:57:08 2016 +0100;1455627428;-;-;Tue Feb 16 13:57:08 2016 +0100;1455627428
e36b7531d83ceb41274d4c66fa2f0c3dc79fbd19;e36b7531d8;-;-;Tue Feb 16 13:35:02 2016 +0100;1455626102;-;-;Tue Feb 16 13:35:02 2016 +0100;1455626102
343bb2f130ed6a58bc76d2ce93e622515b1bee0c;343bb2f130;-;-;Fri Feb 12 17:45:25 2016 +0100;1455295525;-;-;Fri Feb 12 17:45:25 2016 +0100;1455295525
b79e8a5cbc39b186d19f4901c4f8df0c1af0f86a;b79e8a5cbc;-;-;Fri Feb 12 17:41:10 2016 +0100;1455295270;-;-;Fri Feb 12 17:41:10 2016 +0100;1455295270
268ebd7e89abb40f198cbd2cb9a6840d070eb505;268ebd7e89;-;-;Fri Feb 12 09:03:14 2016 +0100;1455264194;-;-;Fri Feb 12 09:03:14 2016 +0100;1455264194
0dff782402e93234d0714a9991419ff212b6c1d7;0dff782402;-;-;Thu Feb 11 22:47:41 2016 +0100;1455227261;-;-;Thu Feb 11 22:47:41 2016 +0100;1455227261
f6ebc4ce977e49d800b5ea5332dd4b5934eb0706;f6ebc4ce97;-;-;Thu Feb 11 22:24:50 2016 +0100;1455225890;-;-;Thu Feb 11 22:24:50 2016 +0100;1455225890
27c12809493954a7521819cc623fc7873ecf2f4f;27c1280949;-;-;Thu Feb 11 22:24:13 2016 +0100;1455225853;-;-;Thu Feb 11 22:24:13 2016 +0100;1455225853
37de0b241dc2f2da5b5d31d405cefdd96dafab29;37de0b241d;-;-;Thu Feb 11 22:21:26 2016 +0100;1455225686;-;-;Thu Feb 11 22:21:26 2016 +0100;1455225686
a1e9e6f53e8a7a132d3644f1904430d3161f04ba;a1e9e6f53e;-;-;Wed Feb 10 15:29:56 2016 -0500;1455136196;-;-;Wed Feb 10 15:29:56 2016 -0500;1455136196
d53c04b4dfb08f8ac63d1c479f52a80f20942e0a;d53c04b4df;-;-;Wed Feb 10 15:26:40 2016 -0500;1455136000;-;-;Wed Feb 10 15:26:40 2016 -0500;1455136000
c45ad3022b1e7d6574b79a734d19355be0d1b596;c45ad3022b;-;-;Wed Feb 10 14:20:21 2016 -0500;1455132021;-;-;Wed Feb 10 14:21:27 2016 -0500;1455132087
aba04d576f37e2b6e2a3ed78535835dc68b2dd8d;aba04d576f;-;-;Wed Feb 10 12:23:17 2016 -0500;1455124997;-;-;Wed Feb 10 14:21:27 2016 -0500;1455132087
8558cbc9bffcf9046400ff2ec647988daeb15c99;8558cbc9bf;-;-;Wed Feb 10 19:40:47 2016 +0100;1455129647;-;-;Wed Feb 10 19:40:47 2016 +0100;1455129647
b11d345c0deafb1f55908389a8c6e6e3f3d12c8c;b11d345c0d;-;-;Wed Feb 10 11:21:59 2016 -0500;1455121319;-;-;Wed Feb 10 11:21:59 2016 -0500;1455121319
901c2d5f743d1b6ac7d4175fd1b1fe378d206964;901c2d5f74;-;-;Wed Feb 10 16:23:11 2016 +0100;1455117791;-;-;Wed Feb 10 16:23:11 2016 +0100;1455117791
f61b9984474f73d4ceed95e5df24b3c3f76df73c;f61b998447;-;-;Wed Feb 10 16:22:13 2016 +0100;1455117733;-;-;Wed Feb 10 16:22:13 2016 +0100;1455117733
c788a8a260aad13120cd4799b2b1303a4972a962;c788a8a260;-;-;Wed Feb 10 16:20:28 2016 +0100;1455117628;-;-;Wed Feb 10 16:20:28 2016 +0100;1455117628
0ab3f6092ca444e0bdfcb0a39aae6371c93641db;0ab3f6092c;-;-;Wed Feb 10 13:48:49 2016 +0100;1455108529;-;-;Wed Feb 10 13:48:49 2016 +0100;1455108529
a4a3cda29f01c5ebc4fcfcd1eeb66bd98b1bf19d;a4a3cda29f;-;-;Wed Feb 10 13:02:22 2016 +0100;1455105742;-;-;Wed Feb 10 13:02:22 2016 +0100;1455105742
e77ff3c9911878b4e182476fdedaabda6f55ab69;e77ff3c991;-;-;Sun Jan 24 22:34:22 2016 +0100;1453671262;-;-;Wed Feb 10 11:39:38 2016 +0100;1455100778
cdfcc23b6f1424f04e8273b3aa69fe185fb73dde;cdfcc23b6f;-;-;Tue Feb 9 12:57:02 2016 -0500;1455040622;-;-;Tue Feb 9 12:57:02 2016 -0500;1455040622
29cd1808b7bbacb1b7234af3324dca349974943f;29cd1808b7;-;-;Mon Feb 8 10:57:42 2016 -0500;1454947062;-;-;Mon Feb 8 10:57:42 2016 -0500;1454947062
43bcab9c1a6c94fc2b7d7da68d14a1855406ca84;43bcab9c1a;-;-;Mon Feb 8 13:23:02 2016 +0100;1454934182;-;-;Mon Feb 8 13:23:02 2016 +0100;1454934182
903ae48382701d95f3cf9e175a90f2b89e2defb5;903ae48382;-;-;Mon Feb 8 13:20:48 2016 +0100;1454934048;-;-;Mon Feb 8 13:20:48 2016 +0100;1454934048
449f704650fa02750a807e7f060515128dc888f3;449f704650;-;-;Mon Feb 8 13:18:43 2016 +0100;1454933923;-;-;Mon Feb 8 13:18:43 2016 +0100;1454933923
afe7bf2695b681ebfcc41659c3207b0f5bc1b85b;afe7bf2695;-;-;Fri Feb 5 17:17:00 2016 +0100;1454689020;-;-;Fri Feb 5 17:17:00 2016 +0100;1454689020
e4539d9f4003bee0f3cd31dd70b87a32ffb95884;e4539d9f40;-;-;Fri Feb 5 02:24:03 2016 -0500;1454657043;-;-;Fri Feb 5 02:24:03 2016 -0500;1454657043
7756feacd877093ad925d222c8bb911b6bb7c381;7756feacd8;-;-;Fri Feb 5 00:04:59 2016 -0500;1454648699;-;-;Fri Feb 5 00:04:59 2016 -0500;1454648699
1291d6e1bd5ba6524c3fb68813aad807d123c2e1;1291d6e1bd;-;-;Thu Feb 4 23:55:48 2016 -0500;1454648148;-;-;Thu Feb 4 23:55:48 2016 -0500;1454648148
902a7287f746d1680bc73dec4af1827f8bdaaac4;902a7287f7;-;-;Thu Feb 4 23:32:22 2016 -0500;1454646742;-;-;Thu Feb 4 23:32:22 2016 -0500;1454646742
09a40b8a081efc1510d5c30803a395a163c58499;09a40b8a08;-;-;Thu Feb 4 17:08:11 2016 -0500;1454623691;-;-;Thu Feb 4 17:23:16 2016 -0500;1454624596
7ed2b8fd8149993f09c5033aa621325a536c8336;7ed2b8fd81;-;-;Thu Feb 4 16:15:41 2016 -0500;1454620541;-;-;Thu Feb 4 17:23:16 2016 -0500;1454624596
26edc674ed7eeab67bc25df764979ee552fb4689;26edc674ed;-;-;Thu Feb 4 21:32:37 2016 +0100;1454617957;-;-;Thu Feb 4 21:32:37 2016 +0100;1454617957
b49235ac598c6eeca11da76f1e1aa3aab8e26f3d;b49235ac59;-;-;Thu Feb 4 14:59:13 2016 -0500;1454615953;-;-;Thu Feb 4 14:59:13 2016 -0500;1454615953
e90310612f3f8043a1dc91cd4f1cc7f0e4ae7352;e90310612f;-;-;Thu Feb 4 20:00:00 2016 +0100;1454612400;-;-;Thu Feb 4 20:00:00 2016 +0100;1454612400
f108deb1149746efc54da480e43c9a88e1cd3e79;f108deb114;-;-;Thu Feb 4 19:57:40 2016 +0100;1454612260;-;-;Thu Feb 4 19:57:40 2016 +0100;1454612260
28e8af2e2ee28f73903691bbc79f785ff6c796a1;28e8af2e2e;-;-;Thu Feb 4 19:48:05 2016 +0100;1454611685;-;-;Thu Feb 4 19:48:05 2016 +0100;1454611685
81f68463ec1780020fdc34beeb898d28b95693e3;81f68463ec;-;-;Wed Feb 3 18:42:30 2016 +0100;1454521350;-;-;Wed Feb 3 18:42:30 2016 +0100;1454521350
677a321571e25449962befe876f543ce576ea3ca;677a321571;-;-;Wed Feb 3 17:43:28 2016 +0100;1454517808;-;-;Wed Feb 3 17:58:33 2016 +0100;1454518713
6d2b9a013602ee2c06d6e30532635f09ae5795d6;6d2b9a0136;-;-;Wed Feb 3 14:51:13 2016 +0100;1454507473;-;-;Wed Feb 3 14:56:27 2016 +0100;1454507787
d6648a06c955849a798f9eed73c12cb819486cc7;d6648a06c9;-;-;Mon Feb 1 14:37:35 2016 -0600;1454359055;-;-;Mon Feb 1 14:37:35 2016 -0600;1454359055
e81c7dfc4c60b45a27a1bda9afe9fa76b6c1f5bc;e81c7dfc4c;-;-;Fri Jan 29 16:16:21 2016 -0500;1454102181;-;-;Fri Jan 29 16:16:21 2016 -0500;1454102181
03e3ef53abf0a5eb34fae8fd5fc4b0c38876eb10;03e3ef53ab;-;-;Fri Jan 29 16:10:02 2016 -0500;1454101802;-;-;Fri Jan 29 16:10:02 2016 -0500;1454101802
bedf1a9bd01270773f16d6b13cad28eb35b594f7;bedf1a9bd0;-;-;Fri Jan 29 15:39:02 2016 -0500;1454099942;-;-;Fri Jan 29 15:39:02 2016 -0500;1454099942
f5aa01172285473f8f676bf2ed8af9edb0a96e41;f5aa011722;-;-;Fri Jan 29 15:32:42 2016 -0500;1454099562;-;-;Fri Jan 29 15:32:42 2016 -0500;1454099562
aa064d7653d47671c8a2969d2c2cdd9b3a57004e;aa064d7653;-;-;Fri Jan 29 14:58:32 2016 -0500;1454097512;-;-;Fri Jan 29 14:58:32 2016 -0500;1454097512
1cf0fb8174972cd44122b905f763c81902300517;1cf0fb8174;-;-;Fri Jan 29 14:49:25 2016 -0500;1454096965;-;-;Fri Jan 29 14:49:25 2016 -0500;1454096965
ea46ad8022347e964621996fb005f4eb104d08f4;ea46ad8022;-;-;Thu Jan 28 19:27:53 2016 +0100;1454005673;-;-;Thu Jan 28 19:27:53 2016 +0100;1454005673
3cf5cfd672957ca775faccf12a4ea0bdf57f6c56;3cf5cfd672;-;-;Thu Jan 28 19:00:18 2016 +0100;1454004018;-;-;Thu Jan 28 19:00:37 2016 +0100;1454004037
468f083ab08328e6f0eb26a1ac4b5b3455b5b2fc;468f083ab0;-;-;Thu Jan 28 19:00:03 2016 +0100;1454004003;-;-;Thu Jan 28 19:00:37 2016 +0100;1454004037
d157ce598b6a71f48b5538186ee6268088442e55;d157ce598b;-;-;Thu Jan 28 18:52:40 2016 +0100;1454003560;-;-;Thu Jan 28 18:52:40 2016 +0100;1454003560
aed56ea73276c6303357d2fac0a194a906e21487;aed56ea732;-;-;Thu Jan 28 16:50:29 2016 +0100;1453996229;-;-;Thu Jan 28 16:50:29 2016 +0100;1453996229
ccbfd44862097ee4f156bb03aca08c982a65a41c;ccbfd44862;-;-;Wed Jan 27 10:32:30 2016 +0100;1453887150;-;-;Wed Jan 27 10:32:30 2016 +0100;1453887150
2e7470b27f0eaae042334cd86f212cd958676be0;2e7470b27f;-;-;Tue Jan 26 21:12:21 2016 -0500;1453860741;-;-;Tue Jan 26 23:51:18 2016 -0500;1453870278
806e79b14bcd4b3deb76d1a87d28b23f956b6fb7;806e79b14b;-;-;Tue Jan 26 17:17:32 2016 -0500;1453846652;-;-;Tue Jan 26 23:20:58 2016 -0500;1453868458
e62ada898be1180bc13824ad5c3056d42015db04;e62ada898b;-;-;Tue Jan 26 16:36:11 2016 -0500;1453844171;-;-;Tue Jan 26 16:37:50 2016 -0500;1453844270
698f923fc3178bb9a35e1cb34c388d8703e45b99;698f923fc3;-;-;Tue Jan 26 15:45:38 2016 -0500;1453841138;-;-;Tue Jan 26 16:37:44 2016 -0500;1453844264
7df3a327f690ed908361251b9404e7bfaab1a4bf;7df3a327f6;-;-;Tue Jan 26 22:29:48 2016 +0100;1453843788;-;-;Tue Jan 26 22:29:48 2016 +0100;1453843788
3779fe9bf68e7c8868d1011f2280ecb972c2eb43;3779fe9bf6;-;-;Tue Jan 26 18:18:27 2016 +0100;1453828707;-;-;Tue Jan 26 18:18:27 2016 +0100;1453828707
b4f33adf48caa033dff85af1db92b56e60c9bcee;b4f33adf48;-;-;Tue Jan 26 18:06:15 2016 +0100;1453827975;-;-;Tue Jan 26 18:06:15 2016 +0100;1453827975
a3a5a03ee36d259f6d06b679ec62e93d58678c71;a3a5a03ee3;-;-;Tue Jan 26 18:00:05 2016 +0100;1453827605;-;-;Tue Jan 26 18:00:05 2016 +0100;1453827605
2607a22537cdf3ff9acfe5e98c2c24c2cf384964;2607a22537;-;-;Mon Jan 25 16:32:22 2016 -0500;1453757542;-;-;Mon Jan 25 16:35:23 2016 -0500;1453757723
319e8e2c2f36ea146a03eaded6a39c575431fe6f;319e8e2c2f;-;-;Mon Jan 25 15:58:18 2016 -0500;1453755498;-;-;Mon Jan 25 16:35:15 2016 -0500;1453757715
4a0fa69ce469cae2e8c8a1a45f0b43f74a74481d;4a0fa69ce4;-;-;Mon Jan 25 21:25:48 2016 +0100;1453753548;-;-;Mon Jan 25 21:25:48 2016 +0100;1453753548
64e77de23b5ccc63c995618749005f0a0bfe28b2;64e77de23b;-;-;Mon Jan 25 21:02:41 2016 +0100;1453752161;-;-;Mon Jan 25 21:02:41 2016 +0100;1453752161
64ce8a81c3f6d5ef99ee6cd8220e3c8ad9e5f846;64ce8a81c3;-;-;Mon Jan 25 20:33:48 2016 +0100;1453750428;-;-;Mon Jan 25 20:33:48 2016 +0100;1453750428
8a691590041eb8295d48f27e84e0e08a160a711e;8a69159004;-;-;Mon Jan 25 20:33:26 2016 +0100;1453750406;-;-;Mon Jan 25 20:33:26 2016 +0100;1453750406
d18b3f049a86bb24e4224439d2c5825fcc417bd7;d18b3f049a;-;-;Mon Jan 25 20:32:45 2016 +0100;1453750365;-;-;Mon Jan 25 20:32:45 2016 +0100;1453750365
c95dfca726aa72ef0c7dc64526b5808f28e258f1;c95dfca726;-;-;Mon Jan 25 20:26:12 2016 +0100;1453749972;-;-;Mon Jan 25 20:26:12 2016 +0100;1453749972
837cb752a41131e872bdea0355dd6d2096a995e3;837cb752a4;-;-;Mon Jan 25 20:24:26 2016 +0100;1453749866;-;-;Mon Jan 25 20:24:26 2016 +0100;1453749866
ebad8db8d562eefc343ea8145cb01d53a243ac7f;ebad8db8d5;-;-;Mon Jan 25 20:23:25 2016 +0100;1453749805;-;-;Mon Jan 25 20:23:25 2016 +0100;1453749805
64d83e78ea53e151ba8fde8d8adfed133391a5cb;64d83e78ea;-;-;Mon Jan 25 20:18:54 2016 +0100;1453749534;-;-;Mon Jan 25 20:18:54 2016 +0100;1453749534
e14f42f386160d9b85ebf3fd189cd8c79576fc4c;e14f42f386;-;-;Mon Jan 25 08:48:24 2016 -0500;1453729704;-;-;Mon Jan 25 08:49:04 2016 -0500;1453729744
135738f9bfb5b9dacf164d6561144589dc98deb8;135738f9bf;-;-;Mon Jan 25 08:47:52 2016 -0500;1453729672;-;-;Mon Jan 25 08:49:04 2016 -0500;1453729744
a730e55d92e6c194c518e1882d9f0c20f0b048a3;a730e55d92;-;-;Mon Jan 25 09:38:16 2016 +0100;1453711096;-;-;Mon Jan 25 09:38:16 2016 +0100;1453711096
ccd17dfaea76910152f5931c159277f1a8598cdf;ccd17dfaea;-;-;Sun Jan 24 20:05:45 2016 -0500;1453683945;-;-;Sun Jan 24 20:18:41 2016 -0500;1453684721
d70ad765bf17efdf8dc55484aaf224ec0dea440c;d70ad765bf;-;-;Sun Jan 24 19:35:45 2016 -0500;1453682145;-;-;Sun Jan 24 20:18:41 2016 -0500;1453684721
fb7dfc4569ad046541fc38011b781f96b57acf60;fb7dfc4569;-;-;Sun Jan 24 19:00:18 2016 -0500;1453680018;-;-;Sun Jan 24 20:18:35 2016 -0500;1453684715
2b3ad218e579591396a50363f04c097d05be3a12;2b3ad218e5;-;-;Fri Jan 22 21:17:58 2016 +0100;1453493878;-;-;Fri Jan 22 21:17:58 2016 +0100;1453493878
84fe46cd4376d14fbf8d0bb2e7e45bbec879d5a1;84fe46cd43;-;-;Fri Jan 22 18:30:39 2016 +0100;1453483839;-;-;Fri Jan 22 18:30:39 2016 +0100;1453483839
8f1d06f19c41600cf70c8ccfab5c31b15be5d12c;8f1d06f19c;-;-;Fri Jan 22 16:04:03 2016 +0100;1453475043;-;-;Fri Jan 22 16:04:03 2016 +0100;1453475043
ebccfd023a7c7bb862bff96796310d8a35305f87;ebccfd023a;-;-;Fri Jan 22 09:48:50 2016 -0500;1453474130;-;-;Fri Jan 22 09:48:50 2016 -0500;1453474130
9cc518d167c56a83475f137ed475ba4e6d63a335;9cc518d167;-;-;Thu Jan 21 19:57:45 2016 -0500;1453424265;-;-;Fri Jan 22 09:40:33 2016 -0500;1453473633
cd903e26dee8a623faa867f699db052e750611b8;cd903e26de;-;-;Fri Jan 22 04:34:46 2016 +0100;1453433686;-;-;Fri Jan 22 04:35:33 2016 +0100;1453433733
a12f23936ca2a3e857ce333a718e4d95914ea219;a12f23936c;-;-;Thu Jan 21 16:14:16 2016 -0800;1453421656;-;-;Thu Jan 21 16:14:16 2016 -0800;1453421656
415b2763cea36b86fdc2db18c93a88dcc6cdaa06;415b2763ce;-;-;Thu Jan 21 17:20:34 2016 -0500;1453414834;-;-;Thu Jan 21 17:26:23 2016 -0500;1453415183
6a9455b7d0e9d8af2f3a3fd9ad832d5b25cb8f5e;6a9455b7d0;-;-;Thu Jan 21 17:05:05 2016 -0500;1453413905;-;-;Thu Jan 21 17:05:05 2016 -0500;1453413905
1416c2a00e4624bf7b2ce18a3d9b1ca7ae7096b4;1416c2a00e;-;-;Thu Jan 21 12:41:10 2016 -0500;1453398070;-;-;Thu Jan 21 12:42:33 2016 -0500;1453398153
2f6d86b7aadd0f8cddb567e2ac13e9c1b1019107;2f6d86b7aa;-;-;Thu Jan 21 17:28:29 2016 +0100;1453393709;-;-;Thu Jan 21 17:28:29 2016 +0100;1453393709
952a3170e6615f69792d34e246bd2794df820b2c;952a3170e6;-;-;Thu Jan 21 11:15:54 2016 -0500;1453392954;-;-;Thu Jan 21 11:19:43 2016 -0500;1453393183
ae224bed3ed980a829089abd1c02abdb0395bf94;ae224bed3e;-;-;Thu Jan 21 10:11:37 2016 -0500;1453389097;-;-;Thu Jan 21 10:20:04 2016 -0500;1453389604
18db77da7c6959064513a430473f46ad90265a0c;18db77da7c;-;-;Thu Jan 21 09:14:27 2016 -0500;1453385667;-;-;Thu Jan 21 09:14:27 2016 -0500;1453385667
9e16cbda4c128e827ac30b2b9771ea4c3c362986;9e16cbda4c;-;-;Wed Jan 20 17:50:36 2016 -0500;1453330236;-;-;Wed Jan 20 17:50:36 2016 -0500;1453330236
5185953f292b652d11318fadc16dd23cc6330995;5185953f29;-;-;Tue Jan 19 12:53:22 2016 +0800;1453179202;-;-;Wed Jan 20 17:42:40 2016 -0500;1453329760
a5f4aa6824ce250a59bd29705b91adcf71904528;a5f4aa6824;-;-;Wed Jan 20 16:54:05 2016 -0500;1453326845;-;-;Wed Jan 20 16:54:05 2016 -0500;1453326845
29700658d4a6c337105c722f7b02857231c02020;29700658d4;-;-;Tue Jan 19 18:03:03 2016 +0100;1453222983;-;-;Tue Jan 19 18:03:03 2016 +0100;1453222983
0d04af14f8974e3c74def242a576339c5322b7c4;0d04af14f8;-;-;Tue Jan 19 15:11:58 2016 +0100;1453212718;-;-;Tue Jan 19 15:11:58 2016 +0100;1453212718
9b9df6a7447cba3e6fb0ad2e80c107573ac7fd41;9b9df6a744;-;-;Tue Jan 19 14:40:52 2016 +0100;1453210852;-;-;Tue Jan 19 14:40:52 2016 +0100;1453210852
714ae2684c4f97b8fcae564afbc48d94bc76a544;714ae2684c;-;-;Mon Jan 18 16:09:07 2016 +0100;1453129747;-;-;Mon Jan 18 16:09:07 2016 +0100;1453129747
eb49f3c225e79f05d975456632c5312360d01e6e;eb49f3c225;-;-;Mon Jan 18 14:14:17 2016 +0100;1453122857;-;-;Mon Jan 18 14:14:17 2016 +0100;1453122857
a112557dc4159e85836fbfeeaa4c1523e818704d;a112557dc4;-;-;Fri Jan 15 13:00:10 2016 +0100;1452859210;-;-;Sat Jan 16 16:34:02 2016 +0100;1452958442
73a794336cceb543098b73ae57cc0393bd401c00;73a794336c;-;-;Fri Jan 15 17:15:34 2016 -0500;1452896134;-;-;Fri Jan 15 17:15:34 2016 -0500;1452896134
4b1183582a693d3c7bdf3596d1190a700e171ed4;4b1183582a;-;-;Fri Jan 15 12:42:05 2016 -0500;1452879725;-;-;Fri Jan 15 12:44:00 2016 -0500;1452879840
1320da906bfd9eb4c28485e98d27685cbaf0e3a1;1320da906b;-;-;Fri Jan 15 12:34:04 2016 -0500;1452879244;-;-;Fri Jan 15 12:44:00 2016 -0500;1452879840
74c07d3085534389226ba94031f2aeaefcf8f77d;74c07d3085;-;-;Fri Jan 15 17:45:37 2016 +0100;1452876337;-;-;Fri Jan 15 17:45:37 2016 +0100;1452876337
182b1e99e33028744ad3a4912cd80a2800a65ec5;182b1e99e3;-;-;Fri Jan 15 17:43:59 2016 +0100;1452876239;-;-;Fri Jan 15 17:43:59 2016 +0100;1452876239
dc8de514089f23766ee24f681d0db6003ca71fdf;dc8de51408;-;-;Wed Jul 22 15:15:24 2015 +0200;1437570924;-;-;Fri Jan 15 17:18:14 2016 +0100;1452874694
cdc9bf76a94845dfcf2bdc02058ca5f6f3072e0b;cdc9bf76a9;-;-;Fri Jan 15 17:03:17 2016 +0100;1452873797;-;-;Fri Jan 15 17:03:17 2016 +0100;1452873797
9761af9ad8bf67a78937800128ddf3f244bab9a6;9761af9ad8;-;-;Fri Jan 15 17:01:58 2016 +0100;1452873718;-;-;Fri Jan 15 17:01:58 2016 +0100;1452873718
c1352c1201df0afbd92e6685be34acc8df9f83d9;c1352c1201;-;-;Fri Jan 15 17:01:10 2016 +0100;1452873670;-;-;Fri Jan 15 17:01:10 2016 +0100;1452873670
2fc2c29e9a729aed82f0e7ff23082960980f7841;2fc2c29e9a;-;-;Fri Jan 15 10:51:11 2016 +0100;1452851471;-;-;Fri Jan 15 10:51:11 2016 +0100;1452851471
3dae3fd8a9509b9946ca8e5452a9d0d934bc845b;3dae3fd8a9;-;-;Thu Jan 14 17:49:01 2016 -0500;1452811741;-;-;Thu Jan 14 17:49:01 2016 -0500;1452811741
037f351efd26ea924684440f9b8ea19954d8815b;037f351efd;-;-;Thu Jan 14 16:47:55 2016 -0500;1452808075;-;-;Thu Jan 14 16:47:55 2016 -0500;1452808075
93298fc9faed433197c1a16663ed8ebf6f49ce29;93298fc9fa;-;-;Sat Jan 2 14:41:10 2016 +1300;1451698870;-;-;Thu Jan 14 15:47:00 2016 -0500;1452804420
4818378c25c6c52702776058d3acb7acc1e5975a;4818378c25;-;-;Thu Jan 14 15:15:07 2016 -0500;1452802507;-;-;Thu Jan 14 15:15:07 2016 -0500;1452802507
7690f27c5e7833d950391882e98e9ebb7916a506;7690f27c5e;-;-;Thu Jan 14 14:57:09 2016 -0500;1452801429;-;-;Thu Jan 14 14:57:09 2016 -0500;1452801429
f3c2bb65570fe40919d518995ee8a3898f03b069;f3c2bb6557;-;-;Thu Jan 14 14:52:10 2016 -0500;1452801130;-;-;Thu Jan 14 14:52:10 2016 -0500;1452801130
24fdf64d918ee4343cfb1cda79837c01fe866c82;24fdf64d91;-;-;Thu Jan 14 14:25:30 2016 -0500;1452799530;-;-;Thu Jan 14 14:25:30 2016 -0500;1452799530
e56587dcc3c73bde6f8f2e8f3de142792af08a49;e56587dcc3;-;-;Thu Jan 14 14:13:50 2016 -0500;1452798830;-;-;Thu Jan 14 14:13:53 2016 -0500;1452798833
31a3607de6fd95a372e9330632a869db064892bd;31a3607de6;-;-;Thu Jan 14 17:03:11 2016 +0100;1452787391;-;-;Thu Jan 14 17:20:25 2016 +0100;1452788425
50829c9fdce91309118a2dfa2ebd8cd9bcf43437;50829c9fdc;-;-;Wed Jan 13 14:11:13 2016 +0100;1452690673;-;-;Wed Jan 13 14:11:13 2016 +0100;1452690673
773d1756811de20908611c7d00de614b2d899ebb;773d175681;-;-;Wed Jan 13 12:52:05 2016 +0100;1452685925;-;-;Wed Jan 13 12:52:05 2016 +0100;1452685925
e14c2de1d26b70fb221a348cdbb586e4b408f642;e14c2de1d2;-;-;Wed Jan 13 12:46:28 2016 +0100;1452685588;-;-;Wed Jan 13 12:46:28 2016 +0100;1452685588
5d4547d34305ae980cc69f8df625772403bbbe1a;5d4547d343;-;-;Wed Jan 13 12:44:34 2016 +0100;1452685474;-;-;Wed Jan 13 12:44:34 2016 +0100;1452685474
96cb0e6bd6d4acef2974dbab0ad2d369575c7127;96cb0e6bd6;-;-;Tue Jan 12 16:34:13 2016 +0100;1452612853;-;-;Tue Jan 12 16:34:13 2016 +0100;1452612853
ee946f6ac6e4a174fea2dfdcfdb2dd33205a401a;ee946f6ac6;-;-;Tue Jan 12 15:05:59 2016 +0100;1452607559;-;-;Tue Jan 12 15:05:59 2016 +0100;1452607559
554bf4958de6349c39d82e2416ed52f36a8f44de;554bf4958d;-;-;Fri Dec 18 12:14:28 2015 +0100;1450437268;-;-;Fri Jan 8 09:30:31 2016 +0100;1452241831
cdda83942617b2094da8b405ca8aeb88bcb47d74;cdda839426;-;-;Thu Jan 7 18:11:06 2016 +0100;1452186666;-;-;Thu Jan 7 18:13:34 2016 +0100;1452186814
6c282096c68426c1f926ff3682a0bdca9a23ea21;6c282096c6;-;-;Tue Jan 5 11:05:09 2016 -0600;1452013509;-;-;Thu Jan 7 18:13:26 2016 +0100;1452186806
d681f77d625d4815563511e6abb96827c8aec2a5;d681f77d62;-;-;Tue Jan 5 17:31:30 2016 +0100;1452011490;-;-;Tue Jan 5 17:31:30 2016 +0100;1452011490
473cf9c40e266a416930249569550d19e92c2494;473cf9c40e;-;-;Tue Jan 5 14:55:14 2016 +0100;1452002114;-;-;Tue Jan 5 14:55:14 2016 +0100;1452002114
6e7e4c035977687ee92de458ab49046791fb5a4b;6e7e4c0359;-;-;Tue Jan 5 08:15:02 2016 +0000;1451981702;-;-;Tue Jan 5 08:15:02 2016 +0000;1451981702
04f31816bde5d5fa27f44ef8fb746ff2572c5287;04f31816bd;-;-;Thu Dec 31 11:47:46 2015 +0100;1451558866;-;-;Thu Dec 31 11:47:46 2015 +0100;1451558866
9bffb9e53f301feaa0e9e54c113406f091e94aa3;9bffb9e53f;-;-;Thu Dec 31 11:44:12 2015 +0100;1451558652;-;-;Thu Dec 31 11:44:12 2015 +0100;1451558652
9152f20bc1c4a665771268be395ee5c8d62ee963;9152f20bc1;-;-;Mon Dec 28 14:48:24 2015 -0500;1451332104;-;-;Wed Dec 30 10:21:46 2015 +0100;1451467306
8968f09c59d19ac730c3f72deceed7d06c346b04;8968f09c59;-;-;Tue Dec 29 22:04:38 2015 +0100;1451423078;-;-;Tue Dec 29 22:04:38 2015 +0100;1451423078
27c2e8c80da75deee2c0f6b76acd43e41afd1421;27c2e8c80d;-;-;Tue Dec 29 21:40:20 2015 +0100;1451421620;-;-;Tue Dec 29 21:40:20 2015 +0100;1451421620
388bd87ef03b3c080f1c351855d01af1df033a94;388bd87ef0;-;-;Tue Dec 29 21:40:08 2015 +0100;1451421608;-;-;Tue Dec 29 21:40:08 2015 +0100;1451421608
aecb8b6c6bd3c63ac3f609c2340edd57f7e3f8c8;aecb8b6c6b;-;-;Tue Dec 29 21:39:43 2015 +0100;1451421583;-;-;Tue Dec 29 21:39:43 2015 +0100;1451421583
74d3bceb19c4ab8319f4cd37b78542ea97c5b0e8;74d3bceb19;-;-;Tue Dec 29 21:23:09 2015 +0100;1451420589;-;-;Tue Dec 29 21:23:09 2015 +0100;1451420589
9e4cf85af7af0a825e19aadf002af77618465281;9e4cf85af7;-;-;Tue Dec 29 20:51:42 2015 +0100;1451418702;-;-;Tue Dec 29 20:51:42 2015 +0100;1451418702
4f955932a78044f2faea32af05c6cd5725ce8638;4f955932a7;-;-;Tue Dec 29 18:02:16 2015 +0100;1451408536;-;-;Tue Dec 29 18:02:16 2015 +0100;1451408536
3242ad8fc4e179b3f92d5c1a1ba39387c84000a6;3242ad8fc4;-;-;Tue Dec 29 17:58:57 2015 +0100;1451408337;-;-;Tue Dec 29 17:58:57 2015 +0100;1451408337
e48ec4fcd333a3f2149f8966b367e51322d9ff90;e48ec4fcd3;-;-;Tue Dec 29 11:19:21 2015 +0100;1451384361;-;-;Tue Dec 29 11:19:21 2015 +0100;1451384361
1d8a3e1f0704ad2c9bd736b57b25316ecf9446b6;1d8a3e1f07;-;-;Mon Dec 28 23:28:08 2015 +0100;1451341688;-;-;Mon Dec 28 23:28:08 2015 +0100;1451341688
7d0ebddebebe88644530c70b4ac04a42f40cc7ba;7d0ebddebe;-;-;Mon Dec 28 15:06:35 2015 +0100;1451311595;-;-;Mon Dec 28 15:06:35 2015 +0100;1451311595
826a00a56a80ebabab8143b880167cc18620e327;826a00a56a;-;-;Thu Dec 24 12:38:26 2015 +0100;1450957106;-;-;Thu Dec 24 12:38:26 2015 +0100;1450957106
d1551bdcec05109c5f78f5741af1d4bde6916921;d1551bdcec;-;-;Wed Dec 23 21:19:18 2015 +0100;1450901958;-;-;Wed Dec 23 21:19:18 2015 +0100;1450901958
470ea977e1126eb0318ca46f0f4f02553042a8c7;470ea977e1;-;-;Wed Dec 23 20:47:28 2015 +0100;1450900048;-;-;Wed Dec 23 20:47:28 2015 +0100;1450900048
63958ac0ff19291407ece1c7d2f6e4e0862df526;63958ac0ff;-;-;Tue Dec 22 22:06:11 2015 -0500;1450839971;-;-;Tue Dec 22 22:07:55 2015 -0500;1450840075
873b173dccbb1c22c6c767e5738f5986d57e630d;873b173dcc;-;-;Wed Dec 23 01:18:55 2015 +0100;1450829935;-;-;Wed Dec 23 01:18:55 2015 +0100;1450829935
1cfeb07fa5d7ff0a31f71db33fede3e5fdaef6bc;1cfeb07fa5;-;-;Tue Dec 22 23:50:05 2015 +0100;1450824605;-;-;Wed Dec 23 00:31:11 2015 +0100;1450827071
bc671f05d6ec7df71b5a6b4868d7598fed05aaad;bc671f05d6;-;-;Tue Dec 22 17:52:56 2015 -0500;1450824776;-;-;Tue Dec 22 17:52:56 2015 -0500;1450824776
258cc7b27fe3629422dd173390e335d29ef75e7a;258cc7b27f;-;-;Tue Dec 22 17:36:24 2015 -0500;1450823784;-;-;Tue Dec 22 17:36:24 2015 -0500;1450823784
12969f62688b1e8863c57d2ed0960cd27fc625f9;12969f6268;-;-;Fri Nov 6 22:55:07 2015 +0100;1446846907;-;-;Tue Dec 22 16:21:47 2015 -0500;1450819307
74b77e0d7438eeb7844aba1efab2930aab032c20;74b77e0d74;-;-;Tue Dec 22 16:16:51 2015 -0500;1450819011;-;-;Tue Dec 22 16:16:51 2015 -0500;1450819011
12b73caa8400a90c601c0bcb52cb1ec9208d6ce0;12b73caa84;-;-;Tue Dec 22 16:11:34 2015 -0500;1450818694;-;-;Tue Dec 22 16:11:34 2015 -0500;1450818694
8656186f60f680a0487fd238da6918fbe67724f6;8656186f60;-;-;Mon Oct 26 18:24:02 2015 -0400;1445898242;-;-;Tue Dec 22 15:26:31 2015 -0500;1450815991
4adb7e2500a15c19e755b214fd792c1bde55911d;4adb7e2500;-;-;Tue Dec 22 21:20:33 2015 +0100;1450815633;-;-;Tue Dec 22 21:20:33 2015 +0100;1450815633
bb0bc3d415d4466d09e7d022ae8555f289c28339;bb0bc3d415;-;-;Tue Dec 22 16:19:26 2015 +0100;1450797566;-;-;Tue Dec 22 16:19:26 2015 +0100;1450797566
95d62658ff52837a44d88d9386841e1fa2eb8171;95d62658ff;-;-;Tue Dec 22 16:18:13 2015 +0100;1450797493;-;-;Tue Dec 22 16:18:13 2015 +0100;1450797493
07fd7b905e7b7ca9954b781568e1cd500065da0c;07fd7b905e;-;-;Tue Dec 22 14:50:34 2015 +0100;1450792234;-;-;Tue Dec 22 14:50:34 2015 +0100;1450792234
019498842597acb47cbc764ce173a5ba0729e5bd;0194988425;-;-;Tue Dec 22 09:48:49 2015 +0100;1450774129;-;-;Tue Dec 22 13:50:23 2015 +0100;1450788623
cf20308134e8e3dc098ba7f8dc8f26a202268d72;cf20308134;-;-;Tue Dec 22 13:04:10 2015 +0100;1450785850;-;-;Tue Dec 22 13:04:10 2015 +0100;1450785850
41ee25b1e7cbc440ac204a37872d5a780fca38e8;41ee25b1e7;-;-;Tue Dec 22 12:00:49 2015 +0100;1450782049;-;-;Tue Dec 22 12:00:49 2015 +0100;1450782049
66dd880335522bce31da720132e03f2504012a0d;66dd880335;-;-;Tue Dec 22 11:33:26 2015 +0100;1450780406;-;-;Tue Dec 22 11:33:26 2015 +0100;1450780406
d444ef48711799734ee3752e89d4a48d8ee43cef;d444ef4871;-;-;Tue Dec 22 11:30:40 2015 +0100;1450780240;-;-;Tue Dec 22 11:30:40 2015 +0100;1450780240
9b5e47026c61268eda2d8a0bee4cb7bdb72ede1c;9b5e47026c;-;-;Tue Dec 22 11:05:24 2015 +0100;1450778724;-;-;Tue Dec 22 11:05:24 2015 +0100;1450778724
1ce9788a6641969abca2275051977e41a37cda55;1ce9788a66;-;-;Mon Dec 21 23:08:19 2015 +0100;1450735699;-;-;Mon Dec 21 23:08:19 2015 +0100;1450735699
bb3ff25cad3c9b32abd002ddb0d28639b49031fa;bb3ff25cad;-;-;Mon Dec 21 23:07:32 2015 +0100;1450735652;-;-;Mon Dec 21 23:07:32 2015 +0100;1450735652
57b3ee324fc182b13b86a7854d690bc1a0b0c8c0;57b3ee324f;-;-;Mon Dec 21 22:15:22 2015 +0100;1450732522;-;-;Mon Dec 21 22:15:22 2015 +0100;1450732522
dd930b3b66ab944c43c5f88ec30b2e6359929c92;dd930b3b66;-;-;Mon Dec 21 21:38:11 2015 +0100;1450730291;-;-;Mon Dec 21 21:38:11 2015 +0100;1450730291
f8860e2938ecc7845d6e3512a0edc930c1cd587e;f8860e2938;-;-;Mon Dec 21 20:37:44 2015 +0100;1450726664;-;-;Mon Dec 21 20:37:44 2015 +0100;1450726664
4668aa775d274550826651504322c4a88f05ebb8;4668aa775d;-;-;Mon Dec 21 19:08:37 2015 +0100;1450721317;-;-;Mon Dec 21 19:08:37 2015 +0100;1450721317
b28310d0b9d034ebe30e884d72b36f31f4cd080c;b28310d0b9;-;-;Mon Dec 21 18:42:49 2015 +0100;1450719769;-;-;Mon Dec 21 18:42:49 2015 +0100;1450719769
0dd320f92e31d516df9c5f85d4ddbe16ffeaa2cc;0dd320f92e;-;-;Mon Dec 21 18:40:26 2015 +0100;1450719626;-;-;Mon Dec 21 18:40:26 2015 +0100;1450719626
cad2ce0ac23d176c635e8a236635999dd632862c;cad2ce0ac2;-;-;Mon Dec 21 15:11:40 2015 +0100;1450707100;-;-;Mon Dec 21 15:11:40 2015 +0100;1450707100
09cea6e6bb23ff673d7eedf64a72f44d5b3e5b1e;09cea6e6bb;-;-;Mon Dec 21 15:09:09 2015 +0100;1450706949;-;-;Mon Dec 21 15:09:09 2015 +0100;1450706949
d59b0d12d429288e2742ffca9e2f4b4b8f8e5344;d59b0d12d4;-;-;Mon Dec 21 14:55:45 2015 +0100;1450706145;-;-;Mon Dec 21 14:55:45 2015 +0100;1450706145
1fc3fc8bf7469169b6eed0bf7d03b263e005ad44;1fc3fc8bf7;-;-;Mon Dec 21 14:47:50 2015 +0100;1450705670;-;-;Mon Dec 21 14:47:50 2015 +0100;1450705670
edd8e2d56d8fb207274dd262d01c381cc602df40;edd8e2d56d;-;-;Mon Dec 21 14:23:14 2015 +0100;1450704194;-;-;Mon Dec 21 14:23:14 2015 +0100;1450704194
19d97c425316801a767cf99178ef30af730b1570;19d97c4253;-;-;Thu Nov 5 10:42:07 2015 +0100;1446716527;-;-;Mon Dec 21 13:34:35 2015 +0100;1450701275
15c7dcd11ab8a2f8c2a8bd7ba0e5e70304f5ae71;15c7dcd11a;-;-;Sun Dec 20 13:06:11 2015 +0100;1450613171;-;-;Sun Dec 20 13:06:11 2015 +0100;1450613171
66562f258917fa448db96787107ba6574359040d;66562f2589;-;-;Sat Dec 19 18:27:34 2015 +0100;1450546054;-;-;Sat Dec 19 18:43:59 2015 +0100;1450547039
db1171d5c4839293aa390e301af73b100fc206e7;db1171d5c4;-;-;Sat Dec 19 15:13:46 2015 +0100;1450534426;-;-;Sat Dec 19 15:13:46 2015 +0100;1450534426
64bd8b7f34e1546ccfcb6ca44c8805ae03310d91;64bd8b7f34;-;-;Fri Dec 18 22:19:03 2015 +0100;1450473543;-;-;Fri Dec 18 22:19:03 2015 +0100;1450473543
387c8a8181e2332b1978c231f339576db6266ffd;387c8a8181;-;-;Fri Dec 18 22:10:50 2015 +0100;1450473050;-;-;Fri Dec 18 22:10:50 2015 +0100;1450473050
06056e6aa61cc687ab0d174bc51bebdaf92883fc;06056e6aa6;-;-;Fri Dec 18 17:49:15 2015 +0100;1450457355;-;-;Fri Dec 18 17:49:15 2015 +0100;1450457355
2e6eb614b59bfa590dd02d6205837500ccc33f7c;2e6eb614b5;-;-;Fri Dec 18 17:14:57 2015 +0100;1450455297;-;-;Fri Dec 18 17:14:57 2015 +0100;1450455297
fca5365cf1b8068e750b0130dabb4c0d7c667767;fca5365cf1;-;-;Fri Dec 18 16:54:05 2015 +0100;1450454045;-;-;Fri Dec 18 16:54:05 2015 +0100;1450454045
1502e49fa5884a49678d5b1656528586ce67a8ea;1502e49fa5;-;-;Fri Dec 18 15:47:33 2015 +0100;1450450053;-;-;Fri Dec 18 15:47:33 2015 +0100;1450450053
9e7c791a0fb884950edeadd9fc456ab2caf5a3f4;9e7c791a0f;-;-;Thu Nov 26 16:05:53 2015 +0100;1448550353;-;-;Fri Dec 18 14:04:18 2015 +0100;1450443858
3d87718fc6d14a9638682317121f9647e0441cc3;3d87718fc6;-;-;Fri Dec 18 12:57:18 2015 +0100;1450439838;-;-;Fri Dec 18 12:57:18 2015 +0100;1450439838
08748ecaa44f954b0b5df01c3ab6f27dcdc21a13;08748ecaa4;-;-;Fri Dec 18 12:17:57 2015 +0100;1450437477;-;-;Fri Dec 18 12:17:57 2015 +0100;1450437477
2cfe00ce32e7d4c893d63a559a8d9234b23de924;2cfe00ce32;-;-;Fri Dec 18 00:27:19 2015 +0100;1450394839;-;-;Fri Dec 18 00:27:19 2015 +0100;1450394839
0084c077bb6f66d8bed3d7a4f088d4e2583d7ac9;0084c077bb;-;-;Fri Dec 18 00:19:40 2015 +0100;1450394380;-;-;Fri Dec 18 00:19:40 2015 +0100;1450394380
760668c034cda294999a635f2e6532a329c8a66d;760668c034;-;-;Fri Dec 18 00:09:39 2015 +0100;1450393779;-;-;Fri Dec 18 00:09:39 2015 +0100;1450393779
5b3edcd9f9292cc3175b47bd94dc03ef43f8fc2a;5b3edcd9f9;-;-;Thu Dec 17 20:27:33 2015 +0100;1450380453;-;-;Thu Dec 17 20:27:33 2015 +0100;1450380453
0e68d2e951dbe720745636ccf65c7dd76f3893b3;0e68d2e951;-;-;Thu Dec 17 18:30:11 2015 +0100;1450373411;-;-;Thu Dec 17 18:30:11 2015 +0100;1450373411
9eb713ae2c0ca592318a4d4cdfda4f876dc863c4;9eb713ae2c;-;-;Thu Dec 17 17:44:17 2015 +0100;1450370657;-;-;Thu Dec 17 17:45:08 2015 +0100;1450370708
b75f5faf88c3be80d16abe4ecd96754989eddcd8;b75f5faf88;-;-;Thu Dec 17 17:18:21 2015 +0100;1450369101;-;-;Thu Dec 17 17:18:21 2015 +0100;1450369101
e90942223fd642700fcf479ab81e55c07a236cc7;e90942223f;-;-;Thu Dec 17 17:17:05 2015 +0100;1450369025;-;-;Thu Dec 17 17:17:05 2015 +0100;1450369025
a2a9c47e59090e71fe199560a9aa0b6335061a3d;a2a9c47e59;-;-;Thu Dec 17 17:15:57 2015 +0100;1450368957;-;-;Thu Dec 17 17:15:57 2015 +0100;1450368957
8ce5e88c66a220a549aa74489cd21a495a77d9a9;8ce5e88c66;-;-;Thu Dec 17 17:14:50 2015 +0100;1450368890;-;-;Thu Dec 17 17:14:50 2015 +0100;1450368890
db05f43a757e92817b89cb40dcfe559747804b69;db05f43a75;-;-;Thu Dec 17 17:13:27 2015 +0100;1450368807;-;-;Thu Dec 17 17:13:27 2015 +0100;1450368807
2fd48c92d755ebaa5e711f3d45e6ed9c89e6c287;2fd48c92d7;-;-;Thu Dec 17 17:11:44 2015 +0100;1450368704;-;-;Thu Dec 17 17:11:44 2015 +0100;1450368704
93de3553c1b12ad4b09e9472a6aef9ebdcfc2fab;93de3553c1;-;-;Thu Dec 17 17:05:33 2015 +0100;1450368333;-;-;Thu Dec 17 17:05:33 2015 +0100;1450368333
752d3c715ad8a7b6174d1a0a5107bd408a0b0e9a;752d3c715a;-;-;Thu Dec 17 15:43:23 2015 +0100;1450363403;-;-;Thu Dec 17 15:43:23 2015 +0100;1450363403
07022eae1e4b2e2b9051b7b9b3e41858ea7900d3;07022eae1e;-;-;Thu Dec 17 01:12:29 2015 -0800;1450343549;-;-;Thu Dec 17 01:12:29 2015 -0800;1450343549
935c0a463e918ff42f1ba8a83efc0b099717a309;935c0a463e;-;-;Wed Dec 16 21:49:48 2015 +0100;1450298988;-;-;Wed Dec 16 21:49:48 2015 +0100;1450298988
62caa3c3b806018f79e21c82ab3d7e934ea069a8;62caa3c3b8;-;-;Wed Dec 16 21:02:37 2015 +0100;1450296157;-;-;Wed Dec 16 21:02:37 2015 +0100;1450296157
753347ea98929922c4df84b87de8a3ee1195187a;753347ea98;-;-;Wed Dec 16 20:44:00 2015 +0100;1450295040;-;-;Wed Dec 16 20:44:00 2015 +0100;1450295040
997278e3ed0db6c1ae069469116a79d453c9d2ad;997278e3ed;-;-;Wed Dec 16 20:19:41 2015 +0100;1450293581;-;-;Wed Dec 16 20:19:41 2015 +0100;1450293581
c8aa48faa9a4a3aae642d02850ee0bf6b5d4071c;c8aa48faa9;-;-;Wed Dec 16 11:51:59 2015 -0500;1450284719;-;-;Wed Dec 16 11:51:59 2015 -0500;1450284719
5626384812631843df52bea177122507c97b1621;5626384812;-;-;Wed Dec 16 15:59:02 2015 +0100;1450277942;-;-;Wed Dec 16 15:59:02 2015 +0100;1450277942
3be35c053d14d4700f17b3ac4b27e06aa7c6d12e;3be35c053d;-;-;Wed Dec 16 15:24:35 2015 +0100;1450275875;-;-;Wed Dec 16 15:24:35 2015 +0100;1450275875
5d454d5ea79fb06d8159b1d6a3494faa69c21e4b;5d454d5ea7;-;-;Tue Dec 15 15:59:30 2015 +0100;1450191570;-;-;Tue Dec 15 15:59:30 2015 +0100;1450191570
9e03e0e73d53c4a6e077856aa00792493b2d0d4d;9e03e0e73d;-;-;Tue Dec 15 11:53:40 2015 +0100;1450176820;-;-;Tue Dec 15 11:53:40 2015 +0100;1450176820
b880b4a545b072c1628f09ba5691e61fab721000;b880b4a545;-;-;Tue Dec 15 11:53:28 2015 +0100;1450176808;-;-;Tue Dec 15 11:53:28 2015 +0100;1450176808
457fca40f0ce7b1cca6b2b97de0b7f22ffc1caea;457fca40f0;-;-;Mon Dec 14 14:07:13 2015 -0500;1450120033;-;-;Mon Dec 14 14:07:13 2015 -0500;1450120033
b21e64448bdb02eefc9b08575e3a02ac9537562c;b21e64448b;-;-;Mon Dec 14 11:11:31 2015 -0500;1450109491;-;-;Mon Dec 14 11:11:31 2015 -0500;1450109491
1f6596d1e36131ede680d70359a244e2010062cf;1f6596d1e3;-;-;Mon Dec 14 11:05:48 2015 -0500;1450109148;-;-;Mon Dec 14 11:05:48 2015 -0500;1450109148
ea01b389ba2ebf2817c5cd4f7a39d84694aaa4a4;ea01b389ba;-;-;Mon Dec 14 11:05:06 2015 -0500;1450109106;-;-;Mon Dec 14 11:05:06 2015 -0500;1450109106
a0bba453da6e10c9b8d3c5822032b01cf5dcfd5f;a0bba453da;-;-;Mon Dec 14 11:04:42 2015 -0500;1450109082;-;-;Mon Dec 14 11:04:42 2015 -0500;1450109082
a36c0a50e674de0c3c00d89efd26b4b55829231f;a36c0a50e6;-;-;Mon Dec 14 15:13:29 2015 +0100;1450102409;-;-;Mon Dec 14 15:13:29 2015 +0100;1450102409
21329df7e13173c3117bd73e7aa3a97e94aefffd;21329df7e1;-;-;Mon Dec 14 00:56:06 2015 +0100;1450050966;-;-;Mon Dec 14 00:56:06 2015 +0100;1450050966
bdb606b8b11882a002b6361e11d4a2ac60496008;bdb606b8b1;-;-;Sun Dec 13 23:27:05 2015 +0100;1450045625;-;-;Sun Dec 13 23:27:05 2015 +0100;1450045625
ef1e17fd15e5b32dbfb427ba4cf7c03b4d769070;ef1e17fd15;-;-;Sun Dec 13 01:14:38 2015 +0100;1449965678;-;-;Sun Dec 13 01:14:38 2015 +0100;1449965678
04f765506e6c383fc112613a99c24a0d5fe6d22d;04f765506e;-;-;Sun Dec 13 01:10:01 2015 +0100;1449965401;-;-;Sun Dec 13 01:10:01 2015 +0100;1449965401
a28fc760ba8602cdd7c2c16e7ef52efc1daa047f;a28fc760ba;-;-;Fri Dec 11 15:50:02 2015 -0800;1449877802;-;-;Fri Dec 11 15:59:40 2015 -0800;1449878380
9d944fbe7fa2ddb624203aab1ed93580cd418a57;9d944fbe7f;-;-;Fri Dec 11 21:57:28 2015 +0100;1449867448;-;-;Fri Dec 11 21:57:28 2015 +0100;1449867448
0968e47b04812ae02ee2a9b4fe39be032a4d8971;0968e47b04;-;-;Fri Dec 11 21:56:26 2015 +0100;1449867386;-;-;Fri Dec 11 21:56:26 2015 +0100;1449867386
356eaef20e47bd223fd55fa7c85bddede251a829;356eaef20e;-;-;Fri Dec 11 21:49:44 2015 +0100;1449866984;-;-;Fri Dec 11 21:49:44 2015 +0100;1449866984
aaffc2366c14b409280e09383fc838acfcb3f2e3;aaffc2366c;-;-;Thu Dec 10 12:26:26 2015 -0500;1449768386;-;-;Thu Dec 10 12:26:26 2015 -0500;1449768386
dc7ed57c67a6b9d28a63e87e309355a9dae80845;dc7ed57c67;-;-;Thu Dec 10 12:24:04 2015 -0500;1449768244;-;-;Thu Dec 10 12:24:04 2015 -0500;1449768244
beef5ff4c3d1526dba9b02cf54c9778d660d9215;beef5ff4c3;-;-;Thu Dec 10 01:12:58 2015 +0100;1449706378;-;-;Thu Dec 10 01:12:58 2015 +0100;1449706378
ca9a078d829e41a4e9871efe3877712517331485;ca9a078d82;-;-;Thu Dec 10 00:31:37 2015 +0100;1449703897;-;-;Thu Dec 10 00:31:37 2015 +0100;1449703897
f1199623789618c7c7494d38288794204f4bce30;f119962378;-;-;Thu Dec 10 00:30:50 2015 +0100;1449703850;-;-;Thu Dec 10 00:30:50 2015 +0100;1449703850
fdc14a16eece63fd5af1d20980c8c9f21982cc12;fdc14a16ee;-;-;Wed Dec 9 19:25:27 2015 +0100;1449685527;-;-;Wed Dec 9 19:25:27 2015 +0100;1449685527
78dad4cfc33e24d1bd9a69eb26f79579ace576ae;78dad4cfc3;-;-;Wed Dec 9 16:09:11 2015 +0100;1449673751;-;-;Wed Dec 9 16:09:11 2015 +0100;1449673751
7f7f24949b01df655d7f5716b06a7ca060a8dc73;7f7f24949b;-;-;Wed Dec 9 15:13:41 2015 +0100;1449670421;-;-;Wed Dec 9 15:13:41 2015 +0100;1449670421
76f84b914f86243e4b17bc2511a9386b0c9c0d91;76f84b914f;-;-;Wed Dec 9 13:10:04 2015 +0100;1449663004;-;-;Wed Dec 9 13:10:04 2015 +0100;1449663004
11806b921541ba225008937d9054d08ab06524ae;11806b9215;-;-;Wed Dec 9 12:28:09 2015 +0100;1449660489;-;-;Wed Dec 9 12:28:09 2015 +0100;1449660489
4261f34b633eaa21fc2791d356466f232637276d;4261f34b63;-;-;Wed Dec 9 12:26:44 2015 +0100;1449660404;-;-;Wed Dec 9 12:26:44 2015 +0100;1449660404
34b596c6bfe343251aca3c0b6d7e1f9b2b5807ca;34b596c6bf;-;-;Wed Dec 9 11:24:53 2015 +0100;1449656693;-;-;Wed Dec 9 11:24:53 2015 +0100;1449656693
0d6545f47ccd4af92beb6f948eb4531bcae602cd;0d6545f47c;-;-;Wed Dec 9 11:11:03 2015 +0100;1449655863;-;-;Wed Dec 9 11:11:03 2015 +0100;1449655863
8346eeda276907aaac0dc9393f1e5558b2ace021;8346eeda27;-;-;Tue Dec 8 17:12:38 2015 +0100;1449591158;-;-;Tue Dec 8 17:12:38 2015 +0100;1449591158
9589749fb281d0cb76d219a66f40cc8d3f5a3e18;9589749fb2;-;-;Tue Dec 8 17:07:40 2015 +0100;1449590860;-;-;Tue Dec 8 17:07:40 2015 +0100;1449590860
b3115fcd85f81d725cc615645abd8905059258bb;b3115fcd85;-;-;Mon Dec 7 23:38:48 2015 +0100;1449527928;-;-;Mon Dec 7 23:38:48 2015 +0100;1449527928
d2ad2c3af878f9e6b8c0976b4114268015f595c2;d2ad2c3af8;-;-;Mon Dec 7 17:37:52 2015 +0100;1449506272;-;-;Mon Dec 7 17:37:52 2015 +0100;1449506272
d0814703c482711279d4bf4cce72b03da3128ac4;d0814703c4;-;-;Mon Dec 7 17:36:14 2015 +0100;1449506174;-;-;Mon Dec 7 17:36:14 2015 +0100;1449506174
40cff5e340893e1a45566f5f84417b959654dc78;40cff5e340;-;-;Mon Dec 7 17:30:25 2015 +0100;1449505825;-;-;Mon Dec 7 17:30:25 2015 +0100;1449505825
ee35b5ed07d863325b655ad43dcebb4ae5bd7c96;ee35b5ed07;-;-;Mon Dec 7 12:52:06 2015 +0100;1449489126;-;-;Mon Dec 7 12:52:06 2015 +0100;1449489126
7a8a9c71b6de278f0f8f374f71bf7c648557f83e;7a8a9c71b6;-;-;Mon Dec 7 12:51:44 2015 +0100;1449489104;-;-;Mon Dec 7 12:51:44 2015 +0100;1449489104
1585a822d6ece5c773671745d631afe7e3d9ec35;1585a822d6;-;-;Mon Dec 7 12:50:23 2015 +0100;1449489023;-;-;Mon Dec 7 12:50:23 2015 +0100;1449489023
b1ef6ece9f4f58c70ed8963c83126727c8408704;b1ef6ece9f;-;-;Mon Dec 7 12:47:38 2015 +0100;1449488858;-;-;Mon Dec 7 12:47:38 2015 +0100;1449488858
20beace1bf992e52e5f6403217696d8d45dcd2b8;20beace1bf;-;-;Mon Dec 7 12:46:32 2015 +0100;1449488792;-;-;Mon Dec 7 12:46:32 2015 +0100;1449488792
9973694ed2d6eba2c5eed3f217f9ae86c71fa45d;9973694ed2;-;-;Fri Dec 4 20:43:20 2015 +0100;1449258200;-;-;Fri Dec 4 20:43:20 2015 +0100;1449258200
153a23dbf9a4b08acb16014c52dd20d9105943f3;153a23dbf9;-;-;Fri Dec 4 13:09:37 2015 -0500;1449252577;-;-;Fri Dec 4 13:09:37 2015 -0500;1449252577
3d1ae9c6047d0078528dd85c4601f85d1581e43c;3d1ae9c604;-;-;Fri Dec 4 16:21:53 2015 +0100;1449242513;-;-;Fri Dec 4 16:21:53 2015 +0100;1449242513
cd4ce8727e97366cd50281f9ad2dd22922578ac1;cd4ce8727e;-;-;Fri Dec 4 16:01:14 2015 +0100;1449241274;-;-;Fri Dec 4 16:01:14 2015 +0100;1449241274
d64ac32e3d9538759cb1e267867fb7e5c2303922;d64ac32e3d;-;-;Fri Dec 4 13:03:00 2015 +0100;1449230580;-;-;Fri Dec 4 13:03:00 2015 +0100;1449230580
415b92b6d178968dd84cb40c1e3466fa51b93f1a;415b92b6d1;-;-;Fri Dec 4 13:01:28 2015 +0100;1449230488;-;-;Fri Dec 4 13:01:28 2015 +0100;1449230488
08b6daf1ebc92614439c5bb73bdbf0fa23358a45;08b6daf1eb;-;-;Thu Dec 3 18:41:03 2015 +0100;1449164463;-;-;Thu Dec 3 18:41:03 2015 +0100;1449164463
08ff3a85bf21af1617282c6020c80a897efc6768;08ff3a85bf;-;-;Thu Dec 3 12:55:32 2015 +0100;1449143732;-;-;Thu Dec 3 12:55:32 2015 +0100;1449143732
c909789ea9158f074270b1248418efd1ae4fe1b0;c909789ea9;-;-;Thu Dec 3 12:53:18 2015 +0100;1449143598;-;-;Thu Dec 3 12:53:18 2015 +0100;1449143598
f5e681e6e6094124ebec9445edf81895da0bdac6;f5e681e6e6;-;-;Wed Dec 2 15:07:52 2015 -0500;1449086872;-;-;Wed Dec 2 15:07:52 2015 -0500;1449086872
a9e5e9ecc8a572888c7295de10c0519f474ddd7d;a9e5e9ecc8;-;-;Wed Dec 2 15:35:42 2015 +0100;1449066942;-;-;Wed Dec 2 15:35:42 2015 +0100;1449066942
747863d5035419b710f797cca00efd8a837f076b;747863d503;-;-;Wed Dec 2 13:52:13 2015 +0100;1449060733;-;-;Wed Dec 2 13:52:13 2015 +0100;1449060733
3fec802b4616e23f7d4696b43b1b00bda1d348a2;3fec802b46;-;-;Wed Dec 2 13:39:26 2015 +0100;1449059966;-;-;Wed Dec 2 13:39:26 2015 +0100;1449059966
a4f5c46fedcda4ee7d47a99ff222fc8c0743d7b3;a4f5c46fed;-;-;Wed Dec 2 13:36:35 2015 +0100;1449059795;-;-;Wed Dec 2 13:36:35 2015 +0100;1449059795
4d4d2e2966386e452d7744e5f86311955f51fccd;4d4d2e2966;-;-;Tue Dec 1 16:53:11 2015 -0500;1449006791;-;-;Tue Dec 1 16:53:11 2015 -0500;1449006791
dacbf4cb34d3b2cf0747daa16903c91d696655a4;dacbf4cb34;-;-;Tue Dec 1 16:09:05 2015 -0500;1449004145;-;-;Tue Dec 1 16:09:05 2015 -0500;1449004145
e78425103ece5dd9c4145aba623ac2b1626bb0fd;e78425103e;-;-;Tue Dec 1 18:04:03 2015 +0100;1448989443;-;-;Tue Dec 1 18:04:03 2015 +0100;1448989443
7589c1f164696d0f96d9afda1e691a296b5b364c;7589c1f164;-;-;Tue Dec 1 16:10:11 2015 +0100;1448982611;-;-;Tue Dec 1 16:10:11 2015 +0100;1448982611
44651fdf7ccbaf7afd362c88c48cb2d812f834e7;44651fdf7c;-;-;Tue Dec 1 16:07:21 2015 +0100;1448982441;-;-;Tue Dec 1 16:07:21 2015 +0100;1448982441
c22675398502e433dc0ea5382a927cec542840aa;c226753985;-;-;Tue Dec 1 14:47:23 2015 +0100;1448977643;-;-;Tue Dec 1 14:47:23 2015 +0100;1448977643
38c21ee6bfd1b71b3ae1c451106880f6b7cbb630;38c21ee6bf;-;-;Tue Dec 1 14:11:44 2015 +0100;1448975504;-;-;Tue Dec 1 14:11:44 2015 +0100;1448975504
b70af3bf5784040128091aacad7516533b1ad5af;b70af3bf57;-;-;Tue Dec 1 14:10:46 2015 +0100;1448975446;-;-;Tue Dec 1 14:10:46 2015 +0100;1448975446
fed4391f8752dcc1bdd738d8580b65af81c05146;fed4391f87;-;-;Mon Nov 30 17:46:28 2015 -0500;1448923588;-;-;Mon Nov 30 17:46:28 2015 -0500;1448923588
998da2f45cab07816c1d8531e7710fca2e0bed53;998da2f45c;-;-;Mon Nov 30 21:57:54 2015 +0100;1448917074;-;-;Mon Nov 30 21:57:54 2015 +0100;1448917074
8ed2c470be7370a72826c65da0b19704414c54c9;8ed2c470be;-;-;Mon Nov 30 20:13:03 2015 +0100;1448910783;-;-;Mon Nov 30 20:13:03 2015 +0100;1448910783
7104076e194b37fd709178beab69f3beceb9cd0f;7104076e19;-;-;Mon Nov 30 20:10:26 2015 +0100;1448910626;-;-;Mon Nov 30 20:10:26 2015 +0100;1448910626
4755467ccac33b5f1d16d112cf0b2efb3737f902;4755467cca;-;-;Mon Nov 30 12:36:30 2015 +0100;1448883390;-;-;Mon Nov 30 12:36:30 2015 +0100;1448883390
def10343eae7205eca09f313c20e07a9fd942a70;def10343ea;-;-;Mon Nov 30 10:41:55 2015 +0100;1448876515;-;-;Mon Nov 30 10:41:55 2015 +0100;1448876515
edbb8bbb01f55e540a42761b595b117a61348360;edbb8bbb01;-;-;Sun Nov 29 22:22:05 2015 +0100;1448832125;-;-;Sun Nov 29 22:22:05 2015 +0100;1448832125
3234d9ede3da6c87a354000f2fd73ec7019930c2;3234d9ede3;-;-;Sun Nov 29 22:17:16 2015 +0100;1448831836;-;-;Sun Nov 29 22:17:16 2015 +0100;1448831836
aef6b206261b613606d4e33406b8dcddfa82d05b;aef6b20626;-;-;Fri Nov 27 14:11:40 2015 +0100;1448629900;-;-;Fri Nov 27 14:11:40 2015 +0100;1448629900
9bb72e83867ca1cf782aa53973589cf4e4a63a05;9bb72e8386;-;-;Fri Nov 27 13:19:39 2015 +0100;1448626779;-;-;Fri Nov 27 13:19:39 2015 +0100;1448626779
5e1683475158c5b16e8f1d60732522f879a31e27;5e16834751;-;-;Fri Nov 27 13:17:40 2015 +0100;1448626660;-;-;Fri Nov 27 13:17:40 2015 +0100;1448626660
3681094564493ffa3a985583d7daeb826aa3ac24;3681094564;-;-;Thu Nov 26 16:32:01 2015 +0100;1448551921;-;-;Thu Nov 26 16:32:01 2015 +0100;1448551921
dd647659b3350cb6c10eb0cdbae7707beca7dac0;dd647659b3;-;-;Thu Nov 26 16:30:44 2015 +0100;1448551844;-;-;Thu Nov 26 16:30:44 2015 +0100;1448551844
331e739255d2baf155945003954e6b0615d76cca;331e739255;-;-;Thu Nov 26 02:10:03 2015 +0100;1448500203;-;-;Thu Nov 26 02:10:03 2015 +0100;1448500203
8c4436926fe261df5a4cd8067e163e689d892f4b;8c4436926f;-;-;Thu Nov 26 02:09:37 2015 +0100;1448500177;-;-;Thu Nov 26 02:09:37 2015 +0100;1448500177
a39867bd8ea2149a6200746a31181fcb3eb2cc13;a39867bd8e;-;-;Wed Nov 25 16:44:34 2015 -0800;1448498674;-;-;Wed Nov 25 16:44:34 2015 -0800;1448498674
1da564d2f04d2aef49fc600ef1ff2f23642c19d2;1da564d2f0;-;-;Wed Nov 25 23:39:14 2015 +0100;1448491154;-;-;Wed Nov 25 23:39:14 2015 +0100;1448491154
bc0b707175719d186a9c35f020e7a7ce57cf866e;bc0b707175;-;-;Wed Nov 25 23:10:32 2015 +0100;1448489432;-;-;Wed Nov 25 23:10:32 2015 +0100;1448489432
fd84262e71de5c873b66cdf9a3f5a22f66ab83e9;fd84262e71;-;-;Wed Nov 25 23:09:24 2015 +0100;1448489364;-;-;Wed Nov 25 23:09:24 2015 +0100;1448489364
9882a53c7dc26990e0a504be2116c2aec9e11684;9882a53c7d;-;-;Wed Nov 25 22:05:57 2015 +0100;1448485557;-;-;Wed Nov 25 22:05:57 2015 +0100;1448485557
a0747c214835a82821a6b70ddc99296565a02b64;a0747c2148;-;-;Wed Nov 25 21:26:03 2015 +0100;1448483163;-;-;Wed Nov 25 21:26:03 2015 +0100;1448483163
c90ca15addf048ce1ea17b1149052d97a7655ea7;c90ca15add;-;-;Wed Nov 25 17:49:44 2015 +0100;1448470184;-;-;Wed Nov 25 17:49:44 2015 +0100;1448470184
17df02d01e9d61dd34f4cc5648fa7686864cc1a1;17df02d01e;-;-;Wed Nov 25 16:58:17 2015 +0100;1448467097;-;-;Wed Nov 25 16:58:17 2015 +0100;1448467097
24e4f56d7efaafe72e672c8fc0d01d57150e6de3;24e4f56d7e;-;-;Wed Nov 25 16:56:39 2015 +0100;1448466999;-;-;Wed Nov 25 16:56:39 2015 +0100;1448466999
bb05bc7c0154143dee4cf1f8982a5cc6f3cc2df9;bb05bc7c01;-;-;Wed Nov 25 15:40:38 2015 +0100;1448462438;-;-;Wed Nov 25 15:40:38 2015 +0100;1448462438
2a3bf6999109deeead84d14b46cb91f9251eaf4a;2a3bf69991;-;-;Wed Nov 25 15:39:12 2015 +0100;1448462352;-;-;Wed Nov 25 15:39:12 2015 +0100;1448462352
58756b023cdd28683d82c8358ef8e202d6fa5022;58756b023c;-;-;Tue Nov 24 13:37:53 2015 -0800;1448401073;-;-;Tue Nov 24 16:35:08 2015 -0800;1448411708
d5ca5b74a58c96c91c12799f935ef7e402c7dfee;d5ca5b74a5;-;-;Wed Nov 25 00:21:03 2015 +0100;1448407263;-;-;Wed Nov 25 00:21:03 2015 +0100;1448407263
b35d44bd4c4f2f12d6c337bc96f53f246df3c4c0;b35d44bd4c;-;-;Tue Nov 24 21:36:22 2015 +0100;1448397382;-;-;Tue Nov 24 21:36:22 2015 +0100;1448397382
20a286b4d68bec210456751b496c9b174e7ca287;20a286b4d6;-;-;Tue Nov 24 17:38:02 2015 +0100;1448383082;-;-;Tue Nov 24 17:38:02 2015 +0100;1448383082
3aefc9659378bae89f8d4e478d8488957ee7c352;3aefc96593;-;-;Tue Nov 24 17:37:51 2015 +0100;1448383071;-;-;Tue Nov 24 17:37:51 2015 +0100;1448383071
0524f3a4743de3b5d9480af8775390e02ea684e2;0524f3a474;-;-;Tue Nov 24 17:37:30 2015 +0100;1448383050;-;-;Tue Nov 24 17:37:30 2015 +0100;1448383050
e8417ea6e152a1864a86deee82776804e300873f;e8417ea6e1;-;-;Tue Nov 24 17:37:12 2015 +0100;1448383032;-;-;Tue Nov 24 17:37:12 2015 +0100;1448383032
9d9433a6eb340f6c2a235588b9be5c5249de8d2f;9d9433a6eb;-;-;Tue Nov 24 17:19:16 2015 +0100;1448381956;-;-;Tue Nov 24 17:26:03 2015 +0100;1448382363
bf1afdfdc9d4c65391a1dcd198d6b9700a6b0593;bf1afdfdc9;-;-;Tue Nov 24 10:15:09 2015 +0100;1448356509;-;-;Tue Nov 24 10:15:09 2015 +0100;1448356509
29303ef5916a0e05e3120287792eef6d479f5c3e;29303ef591;-;-;Mon Nov 23 09:25:57 2015 -0800;1448299557;-;-;Mon Nov 23 09:25:57 2015 -0800;1448299557
610b5a20ea3327d1a82b9bd62ede743eed1ab5f2;610b5a20ea;-;-;Mon Nov 23 18:22:53 2015 +0100;1448299373;-;-;Mon Nov 23 18:22:53 2015 +0100;1448299373
8dea3c5ade47af23b098e49a5f6ddd44e40820c0;8dea3c5ade;-;-;Mon Nov 23 18:19:58 2015 +0100;1448299198;-;-;Mon Nov 23 18:19:58 2015 +0100;1448299198
918e0a38887cf1cac398aa399ba0aee1e59c74a2;918e0a3888;-;-;Mon Nov 23 09:27:20 2015 +0100;1448267240;-;-;Mon Nov 23 09:27:20 2015 +0100;1448267240
5f2d34f526f3f2b3c41dbc39a69374e526b6b5aa;5f2d34f526;-;-;Tue Nov 17 15:19:40 2015 -0500;1447791580;-;-;Tue Nov 17 15:19:40 2015 -0500;1447791580
de9c030ba190f8ab0fcac66067847ac21d1d5f63;de9c030ba1;-;-;Tue Nov 17 14:10:35 2015 +0100;1447765835;-;-;Tue Nov 17 14:10:35 2015 +0100;1447765835
d6073eaf8d8762683d4fbad602f81ab65a7f6460;d6073eaf8d;-;-;Tue Nov 17 09:58:49 2015 +0000;1447754329;-;-;Tue Nov 17 09:58:49 2015 +0000;1447754329
e0f473642627040e08ac0dd0e4a5f1c2626db5aa;e0f4736426;-;-;Tue Nov 17 09:57:15 2015 +0000;1447754235;-;-;Tue Nov 17 09:57:15 2015 +0000;1447754235
59d60c60cf9084598dd95ad016d77df3dd98c4be;59d60c60cf;-;-;Mon Nov 16 01:44:16 2015 +0100;1447634656;-;-;Mon Nov 16 01:44:16 2015 +0100;1447634656
d781ac0c920b995fe5fa92c6db6f593be4e5e76f;d781ac0c92;-;-;Sun Nov 15 08:33:31 2015 -0800;1447605211;-;-;Sun Nov 15 08:33:31 2015 -0800;1447605211
1cb6069734fc30c34979aa6f0cbf4241599879ab;1cb6069734;-;-;Sat Nov 14 23:52:39 2015 +0100;1447541559;-;-;Sat Nov 14 23:52:39 2015 +0100;1447541559
4b682275c953770b3b7514ac17413285e2e421eb;4b682275c9;-;-;Sat Nov 14 22:57:33 2015 +0100;1447538253;-;-;Sat Nov 14 22:57:33 2015 +0100;1447538253
5b901852e6ee6048d7d2e243dafe4b3c8d533ad8;5b901852e6;-;-;Sat Nov 14 15:32:42 2015 +0100;1447511562;-;-;Sat Nov 14 15:32:42 2015 +0100;1447511562
ce5887795babb1edabf00636e3f0325d40bdd06a;ce5887795b;-;-;Fri Nov 13 22:46:03 2015 +0100;1447451163;-;-;Fri Nov 13 22:46:03 2015 +0100;1447451163
6d5c646fafbb3b593211125991e4ee76b4e7a79b;6d5c646faf;-;-;Fri Nov 13 21:18:28 2015 +0100;1447445908;-;-;Fri Nov 13 21:18:28 2015 +0100;1447445908
3cb926e01c227dc6a95a270957b3e3902363a2cd;3cb926e01c;-;-;Fri Nov 13 20:26:44 2015 +0100;1447442804;-;-;Fri Nov 13 20:26:44 2015 +0100;1447442804
55d20557e078a00071873753779f8f669d9b4b79;55d20557e0;-;-;Fri Nov 13 14:25:28 2015 +0100;1447421128;-;-;Fri Nov 13 14:25:28 2015 +0100;1447421128
4b2ce60d65fb09717d016e71552a4f259e4bdc0d;4b2ce60d65;-;-;Fri Nov 13 08:31:13 2015 +0100;1447399873;-;-;Fri Nov 13 08:31:13 2015 +0100;1447399873
98be36a306e96348f1371128ffdaae367928825e;98be36a306;-;-;Fri Nov 13 08:31:00 2015 +0100;1447399860;-;-;Fri Nov 13 08:31:00 2015 +0100;1447399860
7b711c4aac75e5ad32fd94102b4adcf79b5aa71f;7b711c4aac;-;-;Fri Nov 13 08:26:43 2015 +0100;1447399603;-;-;Fri Nov 13 08:26:43 2015 +0100;1447399603
90c9d96a4d432a31c6cfbb0c2e8f2ab83daeffef;90c9d96a4d;-;-;Fri Nov 13 08:23:15 2015 +0100;1447399395;-;-;Fri Nov 13 08:23:15 2015 +0100;1447399395
2defb6555ea1bb0db84a04836674ce9b2fdcad7f;2defb6555e;-;-;Wed Oct 14 16:49:42 2015 +0900;1444808982;-;-;Thu Nov 12 11:22:08 2015 +0100;1447323728
71e2d8e9dec60550201243d2b5a56a9d73525781;71e2d8e9de;-;-;Thu Nov 12 10:40:32 2015 +0100;1447321232;-;-;Thu Nov 12 10:40:32 2015 +0100;1447321232
e8a0ef0206924c4e4a2227467fc419aaba955cb9;e8a0ef0206;-;-;Thu Nov 12 00:48:14 2015 +0100;1447285694;-;-;Thu Nov 12 00:48:14 2015 +0100;1447285694
cc06183668d3beeeecb3fd56efee2aa0b609aadf;cc06183668;-;-;Thu Nov 12 00:47:46 2015 +0100;1447285666;-;-;Thu Nov 12 00:47:46 2015 +0100;1447285666
43d72e2079d94edd6a8bcd26e59ed7ef2c4ca996;43d72e2079;-;-;Thu Nov 12 00:47:33 2015 +0100;1447285653;-;-;Thu Nov 12 00:47:33 2015 +0100;1447285653
e7073474740283761bb2e9f823d6fc9e9f22eb1d;e707347474;-;-;Wed Nov 11 18:02:50 2015 -0500;1447282970;-;-;Wed Nov 11 18:02:50 2015 -0500;1447282970
3a919a48d6941622ae1b08034630b0f565d0554b;3a919a48d6;-;-;Tue Nov 10 16:37:58 2015 -0500;1447191478;-;-;Wed Nov 11 17:14:29 2015 -0500;1447280069
8c127ad3c9b3ebbad542b20d37760e33ea6c9641;8c127ad3c9;-;-;Wed Nov 11 15:14:18 2015 -0500;1447272858;-;-;Wed Nov 11 15:14:18 2015 -0500;1447272858
62af99a21c4599576cbdf93e51e0deb131bca4dd;62af99a21c;-;-;Wed Nov 11 14:22:26 2015 -0500;1447269746;-;-;Wed Nov 11 14:22:26 2015 -0500;1447269746
cf4a417f712a8c4c1552011ffbaf1b9b688e4d22;cf4a417f71;-;-;Wed Nov 11 13:51:00 2015 -0500;1447267860;-;-;Wed Nov 11 13:51:00 2015 -0500;1447267860
e56c11c1e82d5d0fd5fcd47c09a8b62b3e0367a2;e56c11c1e8;-;-;Wed Nov 11 00:10:02 2015 +0100;1447197002;-;-;Wed Nov 11 00:10:02 2015 +0100;1447197002
71a7b5d0868e6797f9d1c502ab7d880d6d3c8f68;71a7b5d086;-;-;Tue Nov 10 23:58:25 2015 +0100;1447196305;-;-;Tue Nov 10 23:58:25 2015 +0100;1447196305
2bf8c0bc4233662904f189400deb5e9422544059;2bf8c0bc42;-;-;Tue Nov 10 23:47:46 2015 +0100;1447195666;-;-;Tue Nov 10 23:47:46 2015 +0100;1447195666
cdf6eb95ab1ec041b1512185d2e00b09f433e866;cdf6eb95ab;-;-;Tue Nov 10 23:45:45 2015 +0100;1447195545;-;-;Tue Nov 10 23:45:45 2015 +0100;1447195545
5d9d88c44d36eb16a6e31c03f82acbb1bc68cd5d;5d9d88c44d;-;-;Tue Nov 10 23:43:40 2015 +0100;1447195420;-;-;Tue Nov 10 23:43:40 2015 +0100;1447195420
e6b1f0a139293be2ea90da754218c7fd282f836a;e6b1f0a139;-;-;Mon Nov 9 09:38:48 2015 -0800;1447090728;-;-;Mon Nov 9 09:38:48 2015 -0800;1447090728
760bc719f20a847d7b1f47b671728b9754a313ff;760bc719f2;-;-;Mon Nov 9 15:03:14 2015 +0100;1447077794;-;-;Mon Nov 9 15:03:14 2015 +0100;1447077794
da9c80c6048a184e8151638f7031e83a4d73281a;da9c80c604;-;-;Mon Nov 9 15:02:15 2015 +0100;1447077735;-;-;Mon Nov 9 15:02:15 2015 +0100;1447077735
d5efe4f9837134f7a6303515e79fd394082e3cfc;d5efe4f983;-;-;Mon Nov 9 15:00:03 2015 +0100;1447077603;-;-;Mon Nov 9 15:00:03 2015 +0100;1447077603
bc7bcab5781aa8303274ccd2e18e5db4598ba082;bc7bcab578;-;-;Mon Nov 9 14:57:45 2015 +0100;1447077465;-;-;Mon Nov 9 14:57:45 2015 +0100;1447077465
5b06150096ae93e456e2558cce5599b77b91970d;5b06150096;-;-;Mon Nov 9 11:58:15 2015 +0000;1447070295;-;-;Mon Nov 9 12:05:28 2015 +0000;1447070728
2a2a8d3f939f2f16a85a5ec6b2d8699b95f20cc0;2a2a8d3f93;-;-;Mon Nov 9 13:03:40 2015 +0100;1447070620;-;-;Mon Nov 9 13:04:40 2015 +0100;1447070680
59b66007638c6937daca6b0c5f97a0fbe8a111bf;59b6600763;-;-;Sun Nov 8 20:45:17 2015 +0100;1447011917;-;-;Sun Nov 8 20:45:17 2015 +0100;1447011917
ea2843ecc01f50a090142eaf5f890df5e05c7ae0;ea2843ecc0;-;-;Sun Nov 8 20:27:06 2015 +0100;1447010826;-;-;Sun Nov 8 20:27:06 2015 +0100;1447010826
a1bf941ec4282e9924c2e98bf5e9816a509c4d26;a1bf941ec4;-;-;Sun Nov 8 20:21:39 2015 +0100;1447010499;-;-;Sun Nov 8 20:21:39 2015 +0100;1447010499
a3168fde18f34489bcbb497f3accc4c930fdb098;a3168fde18;-;-;Thu Nov 5 19:31:03 2015 -0500;1446769863;-;-;Fri Nov 6 16:45:41 2015 -0500;1446846341
237439ef972214e10396b0b88be9a58d7f33bccf;237439ef97;-;-;Fri Nov 6 12:37:13 2015 -0500;1446831433;-;-;Fri Nov 6 12:37:13 2015 -0500;1446831433
889366320d70132b1a0decc7b71b70d97b8f6a10;889366320d;-;-;Fri Nov 6 14:32:57 2015 +0100;1446816777;-;-;Fri Nov 6 17:59:41 2015 +0100;1446829181
9f4c9d7f3cee38e54b5aa8bb5813d2f138a088b5;9f4c9d7f3c;-;-;Fri Nov 6 17:54:53 2015 +0100;1446828893;-;-;Fri Nov 6 17:54:53 2015 +0100;1446828893
da707c15b370f167200e95d78cd232f7d25b5467;da707c15b3;-;-;Thu Nov 5 22:15:09 2015 -0500;1446779709;-;-;Thu Nov 5 22:15:09 2015 -0500;1446779709
b7b8d854d9ddd9f4082bd8ede35ca282e22ea463;b7b8d854d9;-;-;Thu Nov 5 21:43:30 2015 -0500;1446777810;-;-;Thu Nov 5 21:43:30 2015 -0500;1446777810
ac975df448eed9cad620b895f4999a10237df1f0;ac975df448;-;-;Thu Nov 5 20:02:37 2015 -0500;1446771757;-;-;Thu Nov 5 20:02:37 2015 -0500;1446771757
f0464e81761d2631902d512d67016967b9cd316a;f0464e8176;-;-;Thu Nov 5 16:39:03 2015 -0500;1446759543;-;-;Thu Nov 5 19:31:29 2015 -0500;1446769889
b46a301e8ad2c7a90ad222de4c047d53b6a20d1e;b46a301e8a;-;-;Thu Nov 5 20:13:09 2015 +0100;1446750789;-;-;Thu Nov 5 20:13:09 2015 +0100;1446750789
b057e503efc4c667f5489a1cd90bd17dfc281e35;b057e503ef;-;-;Thu Nov 5 18:06:14 2015 +0100;1446743174;-;-;Thu Nov 5 18:06:14 2015 +0100;1446743174
c88877f1c4547c692bee372cd487c22c54ce42e1;c88877f1c4;-;-;Thu Nov 5 16:35:20 2015 +0100;1446737720;-;-;Thu Nov 5 16:35:20 2015 +0100;1446737720
9683da52b2ef507f0309d7198796bfa3b2599f82;9683da52b2;-;-;Thu Nov 5 16:35:07 2015 +0100;1446737707;-;-;Thu Nov 5 16:35:07 2015 +0100;1446737707
971f0469133e845c9befb0260db6a27b88e31b7c;971f046913;-;-;Thu Nov 5 09:36:02 2015 -0500;1446734162;-;-;Thu Nov 5 09:39:10 2015 -0500;1446734350
2ba5cb273403598a3dea90cbd34e2b9ea78ad531;2ba5cb2734;-;-;Thu Nov 5 12:30:29 2015 +0100;1446723029;-;-;Thu Nov 5 12:30:29 2015 +0100;1446723029
6cedaa109100dc637a9801a8afacd3381a70918b;6cedaa1091;-;-;Thu Nov 5 12:30:18 2015 +0100;1446723018;-;-;Thu Nov 5 12:30:18 2015 +0100;1446723018
e27df06f919a1f1ef53b0571e1a15dfc9e2f707f;e27df06f91;-;-;Thu Nov 5 12:29:29 2015 +0100;1446722969;-;-;Thu Nov 5 12:29:29 2015 +0100;1446722969
e35855f9b52ea13a2ce4fd321e4189a0a7f3cfb3;e35855f9b5;-;-;Thu Nov 5 12:26:54 2015 +0100;1446722814;-;-;Thu Nov 5 12:26:54 2015 +0100;1446722814
1733d0111d1fb0b253b0085be9347d269548bac4;1733d0111d;-;-;Wed Nov 4 20:03:05 2015 -0800;1446696185;-;-;Wed Nov 4 22:42:34 2015 -0800;1446705754
ce64761069ef77e169ac64be6131ad9127001775;ce64761069;-;-;Tue Nov 3 16:56:43 2015 +0100;1446566203;-;-;Tue Nov 3 16:56:43 2015 +0100;1446566203
09cb286c842fb855d01325e7e80280effbacbba3;09cb286c84;-;-;Tue Nov 3 12:20:39 2015 +0100;1446549639;-;-;Tue Nov 3 12:20:39 2015 +0100;1446549639
23c8f712c47680fbfc6be9ac010bb2531561a68a;23c8f712c4;-;-;Mon Nov 2 21:30:03 2015 +0100;1446496203;-;-;Mon Nov 2 21:30:03 2015 +0100;1446496203
c3dbaed4ced5dafe736dfe391807ac85bfe6858e;c3dbaed4ce;-;-;Mon Nov 2 21:25:08 2015 +0100;1446495908;-;-;Mon Nov 2 21:25:08 2015 +0100;1446495908
4dc31667d474832c06ecfdbd01fc7ad425fd8af1;4dc31667d4;-;-;Mon Nov 2 21:24:32 2015 +0100;1446495872;-;-;Mon Nov 2 21:24:32 2015 +0100;1446495872
77af692e5e9531fed4c993308826df722fb78709;77af692e5e;-;-;Mon Nov 2 20:35:41 2015 +0100;1446492941;-;-;Mon Nov 2 20:35:41 2015 +0100;1446492941
bdb71e91ad63d1a8da4bf8d6e9319c35afe0f5c8;bdb71e91ad;-;-;Mon Nov 2 13:07:48 2015 -0500;1446487668;-;-;Mon Nov 2 13:07:48 2015 -0500;1446487668
1bc41bdf0f4f491259c2079de48a93ed1dfbe9eb;1bc41bdf0f;-;-;Mon Nov 2 16:13:33 2015 +0100;1446477213;-;-;Mon Nov 2 16:13:47 2015 +0100;1446477227
cca037a74df9b87f99858154b47696a9eccf69c8;cca037a74d;-;-;Mon Nov 2 14:42:46 2015 +0100;1446471766;-;-;Mon Nov 2 14:42:46 2015 +0100;1446471766
6685c78cea9e3419cc37365ac2b5607b8c7cf8b0;6685c78cea;-;-;Mon Nov 2 14:27:33 2015 +0100;1446470853;-;-;Mon Nov 2 14:27:33 2015 +0100;1446470853
ce20268597e0b1ac9b81e5b3ca412c72a37ecfdb;ce20268597;-;-;Mon Nov 2 14:19:58 2015 +0100;1446470398;-;-;Mon Nov 2 14:19:58 2015 +0100;1446470398
76d7f4527acaaeb784938cada6b57c73eb4abdb7;76d7f4527a;-;-;Mon Nov 2 10:40:53 2015 +0100;1446457253;-;-;Mon Nov 2 10:40:53 2015 +0100;1446457253
62cd6ad526dac77484af4737c102c3aae5bc82a9;62cd6ad526;-;-;Mon Nov 2 07:48:02 2015 +0100;1446446882;-;-;Mon Nov 2 07:48:02 2015 +0100;1446446882
4aedd92c3c9cea5f25f0d7b57ae2e00a91a0565d;4aedd92c3c;-;-;Sun Nov 1 16:08:10 2015 +0100;1446390490;-;-;Sun Nov 1 16:08:10 2015 +0100;1446390490
598fafd95743840bce6c7f929eaaf596fefe088b;598fafd957;-;-;Thu Oct 29 21:02:45 2015 -0400;1446166965;-;-;Thu Oct 29 21:02:45 2015 -0400;1446166965
c5995149b369a1e78573a4ed0da9e55f9870e5c9;c5995149b3;-;-;Thu Oct 29 20:53:36 2015 -0400;1446166416;-;-;Thu Oct 29 20:58:31 2015 -0400;1446166711
f84a0c914a06e79208d5306927ec35a0a3a6e5df;f84a0c914a;-;-;Thu Oct 29 18:01:00 2015 -0400;1446156060;-;-;Thu Oct 29 18:01:00 2015 -0400;1446156060
3e807c297de0e1de892e6c7b074fbb1693c9d0e0;3e807c297d;-;-;Thu Oct 29 17:08:12 2015 -0400;1446152892;-;-;Thu Oct 29 17:09:43 2015 -0400;1446152983
1d60a6a6aff99201d2100cc4bc771a15e6ab3be2;1d60a6a6af;-;-;Fri Oct 23 16:45:02 2015 +0300;1445607902;-;-;Thu Oct 29 17:05:37 2015 +0100;1446134737
9334fabe26c94f6a4cb57e5e80587f33af783f79;9334fabe26;-;-;Thu Oct 29 16:10:27 2015 +0100;1446131427;-;-;Thu Oct 29 16:10:27 2015 +0100;1446131427
323fa8510d19311b4571d40ca4a5ee288acdcc52;323fa8510d;-;-;Thu Oct 29 10:11:39 2015 -0400;1446127899;-;-;Thu Oct 29 10:12:47 2015 -0400;1446127967
546efc2a916e905249cf578796391c3512738051;546efc2a91;-;-;Thu Oct 29 12:12:56 2015 +0100;1446117176;-;-;Thu Oct 29 12:12:56 2015 +0100;1446117176
5ac57e8ea6044d07435542e932335764bbce97bb;5ac57e8ea6;-;-;Wed Oct 28 17:56:02 2015 -0400;1446069362;-;-;Wed Oct 28 17:56:02 2015 -0400;1446069362
baae8ddd3e1a8cf3ae31bbc407147fc4ba7f2def;baae8ddd3e;-;-;Wed Oct 28 21:25:32 2015 +0100;1446063932;-;-;Wed Oct 28 21:25:32 2015 +0100;1446063932
081905d3b380de49b633bd9f3ea714b47673e57d;081905d3b3;-;-;Wed Oct 28 20:34:44 2015 +0100;1446060884;-;-;Wed Oct 28 20:34:44 2015 +0100;1446060884
a77846877158077b169ecd02f28cd9523c384f6a;a778468771;-;-;Wed Oct 28 18:31:17 2015 +0100;1446053477;-;-;Wed Oct 28 18:31:17 2015 +0100;1446053477
1571829c34d280b9df209469795147cc68a4e589;1571829c34;-;-;Wed Oct 28 18:28:07 2015 +0100;1446053287;-;-;Wed Oct 28 18:28:07 2015 +0100;1446053287
a13a1eb1f17579954b784618f52664a72df494b6;a13a1eb1f1;-;-;Wed Oct 28 18:27:18 2015 +0100;1446053238;-;-;Wed Oct 28 18:27:18 2015 +0100;1446053238
a268cdb9135ea3572e27620edee7fa26140b3c2a;a268cdb913;-;-;Wed Oct 28 16:06:59 2015 +0100;1446044819;-;-;Wed Oct 28 16:06:59 2015 +0100;1446044819
68308c047efae251f8917b028920ee34858dd3be;68308c047e;-;-;Wed Oct 28 16:06:35 2015 +0100;1446044795;-;-;Wed Oct 28 16:06:35 2015 +0100;1446044795
629e2a03965892f4315fcb5b3a717b1ed1b465e8;629e2a0396;-;-;Wed Oct 28 16:06:10 2015 +0100;1446044770;-;-;Wed Oct 28 16:06:10 2015 +0100;1446044770
0579e61a653ea81a3a5ef3dffd94fb5c4579028d;0579e61a65;-;-;Wed Oct 28 15:54:52 2015 +0100;1446044092;-;-;Wed Oct 28 15:55:29 2015 +0100;1446044129
91b3caf238de067edaac5c4228605ca0d797516f;91b3caf238;-;-;Wed Oct 28 15:38:46 2015 +0100;1446043126;-;-;Wed Oct 28 15:38:46 2015 +0100;1446043126
93f77f5d51c49e39772e68afcff41a89b7d68a84;93f77f5d51;-;-;Wed Oct 28 15:38:31 2015 +0100;1446043111;-;-;Wed Oct 28 15:38:31 2015 +0100;1446043111
48576f2815fdb1ba21e5c7e536a059555fa04f28;48576f2815;-;-;Wed Oct 28 15:35:54 2015 +0100;1446042954;-;-;Wed Oct 28 15:35:54 2015 +0100;1446042954
f6dd7e4df8f37d8626155d470da3c775b2a7cec8;f6dd7e4df8;-;-;Wed Oct 28 14:30:26 2015 +0100;1446039026;-;-;Wed Oct 28 14:30:26 2015 +0100;1446039026
6d369308cc0799da08154c51af9d8629d0d38d70;6d369308cc;-;-;Wed Oct 28 14:30:08 2015 +0100;1446039008;-;-;Wed Oct 28 14:30:08 2015 +0100;1446039008
bc1dc9a074f59d6b8f9d19c0661dacae2d5b285b;bc1dc9a074;-;-;Wed Oct 28 14:29:48 2015 +0100;1446038988;-;-;Wed Oct 28 14:29:48 2015 +0100;1446038988
81342f14d42182e20449bca45d64351f98cdb8a0;81342f14d4;-;-;Wed Oct 28 14:28:32 2015 +0100;1446038912;-;-;Wed Oct 28 14:28:32 2015 +0100;1446038912
c1c07bbeb231bd245308f874194b7cf4038776f8;c1c07bbeb2;-;-;Wed Oct 28 14:00:20 2015 +0100;1446037220;-;-;Wed Oct 28 14:00:20 2015 +0100;1446037220
9bed389d1f74a5dd992e9440f5e5b82c8d77542f;9bed389d1f;-;-;Tue Oct 27 14:31:00 2015 +0100;1445952660;-;-;Tue Oct 27 14:31:00 2015 +0100;1445952660
400749667aad7511f2e33fbd5b4a1f103619a554;400749667a;-;-;Mon Oct 26 23:10:33 2015 +0100;1445897433;-;-;Mon Oct 26 23:10:33 2015 +0100;1445897433
64a8dfbd12b1e8d60cf8b282de5cdbb912dcb051;64a8dfbd12;-;-;Mon Oct 26 22:48:54 2015 +0100;1445896134;-;-;Mon Oct 26 22:48:54 2015 +0100;1445896134
11d1f050e9bb02c70086176b841e6a766f21fb4e;11d1f050e9;-;-;Mon Oct 26 22:47:12 2015 +0100;1445896032;-;-;Mon Oct 26 22:47:12 2015 +0100;1445896032
5386e8a9e9a85dda6f9a79c2d6e3d6a1b7734e90;5386e8a9e9;-;-;Mon Oct 26 22:45:36 2015 +0100;1445895936;-;-;Mon Oct 26 22:45:36 2015 +0100;1445895936
8c4b8d253a79c4d349b09c14202e7a8ee96a0ca1;8c4b8d253a;-;-;Mon Oct 26 22:43:37 2015 +0100;1445895817;-;-;Mon Oct 26 22:43:37 2015 +0100;1445895817
1c382be00e39060a0a4005d80098365f2bee45d4;1c382be00e;-;-;Mon Oct 26 16:19:10 2015 -0400;1445890750;-;-;Mon Oct 26 16:19:10 2015 -0400;1445890750
050e79e45ed0cdab1a4e3f522e2e9b601a13d94d;050e79e45e;-;-;Mon Oct 26 16:01:32 2015 -0400;1445889692;-;-;Mon Oct 26 16:01:32 2015 -0400;1445889692
994a11da3e3d9024c6f1cd0be557c69a683d2704;994a11da3e;-;-;Mon Oct 26 11:39:00 2015 +0100;1445855940;-;-;Mon Oct 26 11:39:00 2015 +0100;1445855940
0039c74649c1dc0aa482373a53ef6cba2364a851;0039c74649;-;-;Sun Oct 25 09:18:39 2015 +0100;1445761119;-;-;Sun Oct 25 09:18:39 2015 +0100;1445761119
7ba67cc3ddf6d989550db9fba286ccb0c3ea1c5f;7ba67cc3dd;-;-;Thu Oct 22 20:07:54 2015 +0200;1445537274;-;-;Thu Oct 22 20:07:54 2015 +0200;1445537274
64790903e97de6c495a12eb9847865c203c7cc8b;64790903e9;-;-;Wed Oct 7 02:14:00 2015 +0900;1444151640;-;-;Mon Oct 19 17:00:33 2015 -0400;1445288433
1bf7249d595f7f3addd33460455134cf25a94520;1bf7249d59;-;-;Fri Oct 16 19:15:29 2015 +0200;1445015729;-;-;Fri Oct 16 19:15:29 2015 +0200;1445015729
a58b685162ea31497518a6aff639e290086e162c;a58b685162;-;-;Fri Oct 16 16:33:13 2015 +0200;1445005993;-;-;Fri Oct 16 16:33:13 2015 +0200;1445005993
e7adc6810b823ca4528c1f1848abc1ce07b11ef5;e7adc6810b;-;-;Fri Oct 16 16:32:30 2015 +0200;1445005950;-;-;Fri Oct 16 16:32:30 2015 +0200;1445005950
6a4cc7e681c1d5c37788dd5ebdaa5b1996cca39a;6a4cc7e681;-;-;Fri Oct 16 16:31:54 2015 +0200;1445005914;-;-;Fri Oct 16 16:31:54 2015 +0200;1445005914
333cfeb6f060c3e602fbc138fcdb2a7de113cb6d;333cfeb6f0;-;-;Fri Oct 16 16:08:42 2015 +0200;1445004522;-;-;Fri Oct 16 16:08:42 2015 +0200;1445004522
f5ee13c5dab07b5ee4caffef0b96124bdcbad995;f5ee13c5da;-;-;Fri Oct 16 01:48:04 2015 +0300;1444949284;-;-;Fri Oct 16 01:48:04 2015 +0300;1444949284
a53e2b0776dcfca13f41f1b7ae52aa260e1d8ea9;a53e2b0776;-;-;Thu Oct 15 05:36:17 2015 -0700;1444912577;-;-;Thu Oct 15 05:36:17 2015 -0700;1444912577
2bd1daa75ee0b8ec33608ca6ab065ef3e1815543;2bd1daa75e;-;-;Sun Oct 4 21:25:41 2015 -0400;1444008341;-;-;Thu Oct 15 10:33:27 2015 +0200;1444898007
161fd986566b12fc6eb776cd5e48e3fdb9910e72;161fd98656;-;-;Thu Oct 15 00:22:21 2015 +0200;1444861341;-;-;Thu Oct 15 00:22:21 2015 +0200;1444861341
8ac3ec5cf794a8065eb0d4165a30e51f8785755a;8ac3ec5cf7;-;-;Wed Oct 14 14:48:48 2015 +0200;1444826928;-;-;Wed Oct 14 17:15:09 2015 +0200;1444835709
472d79fb4efa1e875dc50fa422cd744c560e2611;472d79fb4e;-;-;Wed Oct 14 17:30:58 2015 +0300;1444833058;-;-;Wed Oct 14 17:30:58 2015 +0300;1444833058
6ea407aa4666f29bb19db98368f1d51068e73dea;6ea407aa46;-;-;Wed Oct 14 17:22:34 2015 +0300;1444832554;-;-;Wed Oct 14 17:22:34 2015 +0300;1444832554
c2bc2b27eaf55b99d7ccc714e2281b0985c4acb9;c2bc2b27ea;-;-;Wed Oct 14 02:00:08 2015 +0300;1444777208;-;-;Wed Oct 14 02:00:08 2015 +0300;1444777208
1c3a668370cdac328b2f9920d68f170c99a2a76c;1c3a668370;-;-;Tue Oct 13 20:09:21 2015 +0200;1444759761;-;-;Tue Oct 13 20:47:29 2015 +0200;1444762049
8fbba84acae025149e33749a40291872a90d2450;8fbba84aca;-;-;Tue Oct 13 20:42:47 2015 +0200;1444761767;-;-;Tue Oct 13 20:42:47 2015 +0200;1444761767
2e5ddef07d39ba80f48c8564ef37945f0eb079bf;2e5ddef07d;-;-;Tue Oct 13 19:07:56 2015 +0200;1444756076;-;-;Tue Oct 13 19:07:56 2015 +0200;1444756076
922e6de7886e2f18e8b8e2b6e60d34dbe69efe92;922e6de788;-;-;Tue Oct 13 12:13:23 2015 -0400;1444752803;-;-;Tue Oct 13 12:14:17 2015 -0400;1444752857
7ff915a01acd739a6274ca2f0f7a75a7f824ea21;7ff915a01a;-;-;Tue Oct 13 11:59:01 2015 -0400;1444751941;-;-;Tue Oct 13 12:14:16 2015 -0400;1444752856
0f70ac74cd07228bcf67db925b1c01c6b17fc092;0f70ac74cd;-;-;Tue Oct 13 16:15:02 2015 +0200;1444745702;-;-;Tue Oct 13 16:15:02 2015 +0200;1444745702
b7e75c5db472d22a619739a55331f5423a510ee7;b7e75c5db4;-;-;Tue Oct 13 16:05:57 2015 +0200;1444745157;-;-;Tue Oct 13 16:05:57 2015 +0200;1444745157
59637ee70882e46ba53d0b11a55534c90d0c7e1c;59637ee708;-;-;Tue Oct 13 15:06:23 2015 +0200;1444741583;-;-;Tue Oct 13 15:06:23 2015 +0200;1444741583
155bbf5057ef5a691a48fa1f9bb36c68bd8e0d2e;155bbf5057;-;-;Tue Oct 13 14:36:00 2015 +0200;1444739760;-;-;Tue Oct 13 14:36:00 2015 +0200;1444739760
b15f40472eed07dc9297a0a63157cf50deab56e3;b15f40472e;-;-;Tue Oct 13 12:31:35 2015 +0200;1444732295;-;-;Tue Oct 13 13:39:24 2015 +0200;1444736364
357fab67a10ba4a95cca8dda1952e86bf6704487;357fab67a1;-;-;Tue Oct 13 13:34:08 2015 +0200;1444736048;-;-;Tue Oct 13 13:34:08 2015 +0200;1444736048
a5f81a0433608441bffaac59af208afbc7d8dad4;a5f81a0433;-;-;Mon Oct 12 22:26:11 2015 +0200;1444681571;-;-;Mon Oct 12 22:26:11 2015 +0200;1444681571
66177dfd8ccba44fb4e75fa1ad5565290b075cbf;66177dfd8c;-;-;Mon Oct 12 22:25:40 2015 +0200;1444681540;-;-;Mon Oct 12 22:25:40 2015 +0200;1444681540
62565860475ff23f81db421db6aaab550dde6312;6256586047;-;-;Mon Oct 12 18:12:31 2015 +0200;1444666351;-;-;Mon Oct 12 18:12:31 2015 +0200;1444666351
4391b299d9dd3a668bd45a4347bb52620d19e122;4391b299d9;-;-;Mon Oct 12 18:11:48 2015 +0200;1444666308;-;-;Mon Oct 12 18:11:48 2015 +0200;1444666308
6210ab92080b4521c79e19bbe83e2b233ab38ea9;6210ab9208;-;-;Mon Oct 12 10:06:46 2015 +0200;1444637206;-;-;Mon Oct 12 10:06:46 2015 +0200;1444637206
02e583b1b192ef8ae9d8911d9ebe965ba4ade5ab;02e583b1b1;-;-;Mon Oct 12 09:16:40 2015 +0200;1444634200;-;-;Mon Oct 12 09:16:40 2015 +0200;1444634200
55f9384c6c87d3c3b229b7d31501add395dd0bdc;55f9384c6c;-;-;Sun Oct 11 16:56:01 2015 +0200;1444575361;-;-;Sun Oct 11 16:56:01 2015 +0200;1444575361
21e0e27fcb4e70dfbece15da0fe381724e7cc8ed;21e0e27fcb;-;-;Fri Oct 9 22:55:28 2015 +0200;1444424128;-;-;Fri Oct 9 22:55:28 2015 +0200;1444424128
112781fb47e0f0cb398fc394240bf39ab4704af4;112781fb47;-;-;Fri Oct 9 22:55:18 2015 +0200;1444424118;-;-;Fri Oct 9 22:55:18 2015 +0200;1444424118
1d59c5fd411aef5b7dba82ff49c0b6d185a777e8;1d59c5fd41;-;-;Fri Oct 9 22:55:01 2015 +0200;1444424101;-;-;Fri Oct 9 22:55:01 2015 +0200;1444424101
92dc51f6a88c2983d07e73c707e5d53c64eb59b1;92dc51f6a8;-;-;Fri Oct 9 22:54:44 2015 +0200;1444424084;-;-;Fri Oct 9 22:54:44 2015 +0200;1444424084
8b3b8d070e3e177d580bd9da337ad73ebb707170;8b3b8d070e;-;-;Fri Oct 9 22:54:35 2015 +0200;1444424075;-;-;Fri Oct 9 22:54:35 2015 +0200;1444424075
1a227da19e6166126babf9d9f80385ac2e288041;1a227da19e;-;-;Fri Oct 9 22:51:27 2015 +0200;1444423887;-;-;Fri Oct 9 22:51:27 2015 +0200;1444423887
5e1d6e47a9220cf68a6ce2f948692f280510103a;5e1d6e47a9;-;-;Fri Oct 9 22:23:49 2015 +0200;1444422229;-;-;Fri Oct 9 22:23:49 2015 +0200;1444422229
1e4f674db7633c2778f40ee93f48d39555163eb3;1e4f674db7;-;-;Thu Oct 1 16:06:23 2015 -0400;1443729983;-;-;Fri Oct 9 12:34:30 2015 -0400;1444408470
26798cc3385cd8397f3257f1a32bc56496441272;26798cc338;-;-;Thu Oct 8 16:57:31 2015 +0200;1444316251;-;-;Thu Oct 8 16:57:31 2015 +0200;1444316251
2f4c0036cbfaaa422cf22f4124201b8b1bcf293f;2f4c0036cb;-;-;Thu Oct 8 16:56:31 2015 +0200;1444316191;-;-;Thu Oct 8 16:56:31 2015 +0200;1444316191
6b34fe3dd44efb783b57cb5672de3684f9dfd985;6b34fe3dd4;-;-;Thu Oct 8 16:23:31 2015 +0200;1444314211;-;-;Thu Oct 8 16:23:31 2015 +0200;1444314211
f489e43d319c20a98c476f3379d232d6a1ea6e49;f489e43d31;-;-;Thu Oct 8 15:18:21 2015 +0200;1444310301;-;-;Thu Oct 8 15:18:31 2015 +0200;1444310311
01986ac73d26dd196a8afb93629eac8358398383;01986ac73d;-;-;Thu Oct 8 11:39:19 2015 +0200;1444297159;-;-;Thu Oct 8 11:39:19 2015 +0200;1444297159
758ae98af2895641dd2643bfc0e459a228b6443d;758ae98af2;-;-;Thu Oct 8 11:05:51 2015 +0200;1444295151;-;-;Thu Oct 8 11:05:51 2015 +0200;1444295151
15b88782f7af8b15edf529f69385edb1fa59faf5;15b88782f7;-;-;Wed Oct 7 20:06:18 2015 +0200;1444241178;-;-;Wed Oct 7 20:06:18 2015 +0200;1444241178
44b76d39a48f1044d2b79c69722f7d95a66aa370;44b76d39a4;-;-;Wed Oct 7 20:06:06 2015 +0200;1444241166;-;-;Wed Oct 7 20:06:06 2015 +0200;1444241166
966f95b9b5966d0d75015d81fdede442ba5c2598;966f95b9b5;-;-;Wed Oct 7 13:25:52 2015 +0200;1444217152;-;-;Wed Oct 7 13:25:52 2015 +0200;1444217152
af213a09eed2153b4f4b6fa1ade42a08c60f2dbb;af213a09ee;-;-;Wed Oct 7 13:25:41 2015 +0200;1444217141;-;-;Wed Oct 7 13:25:41 2015 +0200;1444217141
dbec2121a05f4e5ad3f3dc1e3f5fe82f495fed3f;dbec2121a0;-;-;Wed Oct 7 13:25:14 2015 +0200;1444217114;-;-;Wed Oct 7 13:25:14 2015 +0200;1444217114
28c07a6d38ee88b6367f16784b9468a01a0ba4e7;28c07a6d38;-;-;Tue Oct 6 17:30:45 2015 +0200;1444145445;-;-;Tue Oct 6 17:30:45 2015 +0200;1444145445
3db62d5494c0e389472f93b3f256efd808ecb347;3db62d5494;-;-;Tue Oct 6 15:56:00 2015 +0200;1444139760;-;-;Tue Oct 6 15:56:00 2015 +0200;1444139760
da99897676ff3589559d291b89ba2f0ca03ff435;da99897676;-;-;Tue Oct 6 15:40:41 2015 +0200;1444138841;-;-;Tue Oct 6 15:40:41 2015 +0200;1444138841
6993a7d3d0b8b021379f626740bf7fc1381e2c01;6993a7d3d0;-;-;Tue Oct 6 13:30:13 2015 +0200;1444131013;-;-;Tue Oct 6 13:30:13 2015 +0200;1444131013
9cf28950e53f24620eb2e8e103f4a98ad34c4c61;9cf28950e5;-;-;Tue Oct 6 13:25:27 2015 +0200;1444130727;-;-;Tue Oct 6 13:25:27 2015 +0200;1444130727
181533c4641ef0b1ea076c4299b2f4c6ffc93657;181533c464;-;-;Tue Oct 6 13:24:05 2015 +0200;1444130645;-;-;Tue Oct 6 13:24:05 2015 +0200;1444130645
7ac6af0fb07e806714c6f3624d184fa1aab1f108;7ac6af0fb0;-;-;Tue Oct 6 09:35:24 2015 +0200;1444116924;-;-;Tue Oct 6 09:35:24 2015 +0200;1444116924
427767f21e7c6c2525501ae110ca483b2d52806f;427767f21e;-;-;Tue Oct 6 00:05:51 2015 +0200;1444082751;-;-;Tue Oct 6 00:05:51 2015 +0200;1444082751
668f5db582fab539c4e67f2f8e1325269dbc3d5e;668f5db582;-;-;Mon Oct 5 21:31:56 2015 +0200;1444073516;-;-;Mon Oct 5 21:31:56 2015 +0200;1444073516
1b31d39b607c9071de4c0e92f849ee1fac38b9b0;1b31d39b60;-;-;Mon Oct 5 20:58:36 2015 +0200;1444071516;-;-;Mon Oct 5 20:58:36 2015 +0200;1444071516
bb4e682a7ed1b59d112c5043ddbf9ba57c0e9dd0;bb4e682a7e;-;-;Mon Oct 5 20:56:37 2015 +0200;1444071397;-;-;Mon Oct 5 20:56:37 2015 +0200;1444071397
61a46db10179b187d52edd2a0db67b97f2faab02;61a46db101;-;-;Sun Oct 4 19:11:41 2015 +0200;1443978701;-;-;Sun Oct 4 19:11:41 2015 +0200;1443978701
c52f9d35244720937398976ea7f1a6abc74a8443;c52f9d3524;-;-;Sun Oct 4 18:16:50 2015 +0200;1443975410;-;-;Sun Oct 4 18:16:50 2015 +0200;1443975410
1c6febc45c78973a830412c062e53f2e3c14d22e;1c6febc45c;-;-;Thu Oct 1 11:14:38 2015 +0200;1443690878;-;-;Fri Oct 2 16:55:12 2015 +0200;1443797712
b7c2881a4f9a92ac1e056156b4f4ca7abd1ecf0a;b7c2881a4f;-;-;Fri Oct 2 14:17:54 2015 +0200;1443788274;-;-;Fri Oct 2 14:17:54 2015 +0200;1443788274
20c4f82d6b8942005c66453e8e108655e77df434;20c4f82d6b;-;-;Thu Oct 1 01:26:57 2015 +0200;1443655617;-;-;Thu Oct 1 01:26:57 2015 +0200;1443655617
8c316e1863212c97c8d58e7de78fbfd85401660a;8c316e1863;-;-;Wed Sep 30 18:41:29 2015 -0400;1443652889;-;-;Wed Sep 30 18:43:07 2015 -0400;1443652987
2dc4da3d4e4e3d6b20c212262bffe80283f76e8f;2dc4da3d4e;-;-;Wed Sep 30 22:06:07 2015 +0200;1443643567;-;-;Wed Sep 30 22:06:07 2015 +0200;1443643567
283fc945722365eeb4986d3dbc503ff93b45e2b7;283fc94572;-;-;Wed Sep 30 21:48:05 2015 +0200;1443642485;-;-;Wed Sep 30 21:48:14 2015 +0200;1443642494
d5b4685391cb7e06fc419c25528f4756927108fc;d5b4685391;-;-;Wed Sep 30 20:17:34 2015 +0200;1443637054;-;-;Wed Sep 30 21:48:13 2015 +0200;1443642493
42e5ad411120ff20b1cff68cf229b135d802d0b2;42e5ad4111;-;-;Wed Sep 30 14:04:38 2015 -0400;1443636278;-;-;Wed Sep 30 14:05:08 2015 -0400;1443636308
39726740e5c9aa33b6c311e979f52aee967eefcf;39726740e5;-;-;Wed Sep 30 18:40:59 2015 +0200;1443631259;-;-;Wed Sep 30 18:40:59 2015 +0200;1443631259
24a91b43ccc76ba0bd0ce7ed6a5d8006cbed946c;24a91b43cc;-;-;Tue Sep 29 17:08:37 2015 -0400;1443560917;-;-;Tue Sep 29 17:08:37 2015 -0400;1443560917
c75206f9752ba532219085589817677a666f39bb;c75206f975;-;-;Tue Sep 29 10:42:44 2015 -0400;1443537764;-;-;Tue Sep 29 10:42:44 2015 -0400;1443537764
faa2f5cc500cbbaa41ddb4dce3d5af86cbb643bc;faa2f5cc50;-;-;Mon Sep 28 22:44:31 2015 +0200;1443473071;-;-;Mon Sep 28 22:44:31 2015 +0200;1443473071
8d58f66c0fcbb859cf9c09227c908ea54c745785;8d58f66c0f;-;-;Mon Sep 28 22:19:26 2015 +0200;1443471566;-;-;Mon Sep 28 22:23:12 2015 +0200;1443471792
d3c539a9abb2c17d7ddc1ccd4e9162adf060be3a;d3c539a9ab;-;-;Mon Sep 28 22:12:36 2015 +0200;1443471156;-;-;Mon Sep 28 22:12:36 2015 +0200;1443471156
a9fbbc55e6b60d89116d7f3216cd4be4c252a496;a9fbbc55e6;-;-;Mon Sep 28 22:11:10 2015 +0200;1443471070;-;-;Mon Sep 28 22:11:10 2015 +0200;1443471070
3845eb3cbc7195320e9522bda1d95d638f3ef45f;3845eb3cbc;-;-;Mon Sep 28 21:19:53 2015 +0200;1443467993;-;-;Mon Sep 28 21:19:53 2015 +0200;1443467993
d883efcb2a1f799c4796c849fa377e4717c4203c;d883efcb2a;-;-;Mon Sep 28 20:15:40 2015 +0200;1443464140;-;-;Mon Sep 28 20:15:40 2015 +0200;1443464140
452b124ff62537f39c6eea6d5fb197dfe45b628a;452b124ff6;-;-;Mon Sep 28 19:33:49 2015 +0200;1443461629;-;-;Mon Sep 28 19:33:49 2015 +0200;1443461629
58c2990794a3fa332a63f3facddd26656fb599b3;58c2990794;-;-;Mon Sep 28 19:22:23 2015 +0200;1443460943;-;-;Mon Sep 28 19:22:23 2015 +0200;1443460943
9c66dfa7b5f610ddeb69b9dc10baa227fbddcbf1;9c66dfa7b5;-;-;Mon Sep 28 11:03:51 2015 +0200;1443431031;-;-;Mon Sep 28 11:03:51 2015 +0200;1443431031
3dcf8c1712b6c6fe45155b33e16482863d7069ec;3dcf8c1712;-;-;Mon Sep 28 01:19:27 2015 +0200;1443395967;-;-;Mon Sep 28 01:19:27 2015 +0200;1443395967
d5ee787e1e6653257720afe31ee3f8819cd4605c;d5ee787e1e;-;-;Sat Sep 26 00:10:58 2015 +0200;1443219058;-;-;Sun Sep 27 21:17:51 2015 +0200;1443381471
158028881575fb3f00f96579a04ca52857afa375;1580288815;-;-;Fri Sep 25 14:51:34 2015 +0200;1443185494;-;-;Sat Sep 26 10:30:48 2015 +0200;1443256248
fdbe8dc4c1ea274bb092f13b4eac62400a1e24eb;fdbe8dc4c1;-;-;Fri Sep 25 14:06:33 2015 -0400;1443204393;-;-;Fri Sep 25 14:06:33 2015 -0400;1443204393
a6a6aed17f3ef9e9f774f25c14c7e6e5bb5dd2f3;a6a6aed17f;-;-;Fri Sep 25 15:23:39 2015 +0200;1443187419;-;-;Fri Sep 25 15:23:39 2015 +0200;1443187419
097bcfb997bd215c7b39635770e34812744f0d9e;097bcfb997;-;-;Fri Sep 25 15:20:40 2015 +0200;1443187240;-;-;Fri Sep 25 15:20:40 2015 +0200;1443187240
627393a1550403c8d928164f3f678a03a0cff571;627393a155;-;-;Thu Sep 24 22:51:30 2015 +0200;1443127890;-;-;Thu Sep 24 22:51:30 2015 +0200;1443127890
71dcd28c7734e0a4a04745661c3205d28a033692;71dcd28c77;-;-;Thu Sep 24 21:51:48 2015 +0200;1443124308;-;-;Thu Sep 24 21:51:48 2015 +0200;1443124308
75f473927fadf5901b923cc03bb918abce33f079;75f473927f;-;-;Thu Sep 24 21:36:42 2015 +0200;1443123402;-;-;Thu Sep 24 21:36:42 2015 +0200;1443123402
11b4e3be2cef95d398a2e1e432786b0b1a3b7f3c;11b4e3be2c;-;-;Thu Sep 24 20:53:22 2015 +0200;1443120802;-;-;Thu Sep 24 20:53:22 2015 +0200;1443120802
90409cbe9834e8b6b798da6308cc38a0ec88ae5a;90409cbe98;-;-;Thu Sep 24 20:53:12 2015 +0200;1443120792;-;-;Thu Sep 24 20:53:12 2015 +0200;1443120792
7f700cc63eadacfec243857bf5c9a13397bebca7;7f700cc63e;-;-;Thu Sep 24 19:58:58 2015 +0200;1443117538;-;-;Thu Sep 24 19:58:58 2015 +0200;1443117538
d91806d7ab945f3350ecb3b2fda3a7c2a3247c95;d91806d7ab;-;-;Thu Sep 24 19:56:10 2015 +0200;1443117370;-;-;Thu Sep 24 19:56:10 2015 +0200;1443117370
55db4ae94b22c448566190f6fdfdc36f60819105;55db4ae94b;-;-;Thu Sep 24 18:43:51 2015 +0200;1443113031;-;-;Thu Sep 24 18:43:51 2015 +0200;1443113031
583a48ab7565264ec0dc17089f3becd24bb1991a;583a48ab75;-;-;Thu Sep 24 17:49:20 2015 +0200;1443109760;-;-;Thu Sep 24 17:49:20 2015 +0200;1443109760
525d111210dd63ec65e8d0da98cf46379706c26e;525d111210;-;-;Thu Sep 24 16:43:26 2015 +0200;1443105806;-;-;Thu Sep 24 16:43:26 2015 +0200;1443105806
75ea6f564c00c82ee61f225a749b29c7e4396fcb;75ea6f564c;-;-;Thu Sep 24 16:42:10 2015 +0200;1443105730;-;-;Thu Sep 24 16:42:10 2015 +0200;1443105730
1458c7ed43b5570a198c13dbc5f9ef1cdfae7344;1458c7ed43;-;-;Thu Sep 24 16:41:56 2015 +0200;1443105716;-;-;Thu Sep 24 16:41:56 2015 +0200;1443105716
0510329b54a265e7dc2e83be83235da7dcea4196;0510329b54;-;-;Tue Sep 22 16:46:13 2015 +0200;1442933173;-;-;Thu Sep 24 16:17:20 2015 +0200;1443104240
ebe128e940b4c48787ccd73d1f5f153dbc23a519;ebe128e940;-;-;Thu Sep 24 00:33:14 2015 +0200;1443047594;-;-;Thu Sep 24 00:33:14 2015 +0200;1443047594
c34a62e141cf23feb6e71b7095d11efb5f9b1f46;c34a62e141;-;-;Thu Sep 24 00:32:45 2015 +0200;1443047565;-;-;Thu Sep 24 00:32:45 2015 +0200;1443047565
df171ff5bb47a761edc8def7ea6c0456d4a4d3ed;df171ff5bb;-;-;Wed Sep 23 17:50:29 2015 -0400;1443045029;-;-;Wed Sep 23 17:50:29 2015 -0400;1443045029
fb3e054a31d28ffe6a314ed7eafc70612b7ebd98;fb3e054a31;-;-;Wed Sep 23 17:29:21 2015 -0400;1443043761;-;-;Wed Sep 23 17:29:21 2015 -0400;1443043761
ffd9c62fc8b7cbeb5fbbc9a4fd487b1284a0b264;ffd9c62fc8;-;-;Wed Sep 23 17:22:37 2015 -0400;1443043357;-;-;Wed Sep 23 17:22:37 2015 -0400;1443043357
daa49c9bcde1c5c8d83e60f3765bec84fbc70fc1;daa49c9bcd;-;-;Wed Sep 23 16:50:46 2015 -0400;1443041446;-;-;Wed Sep 23 16:51:55 2015 -0400;1443041515
54d3d782a9d2c3ff908e51c88cda3a84d2fbf5c2;54d3d782a9;-;-;Wed Sep 23 22:44:52 2015 +0200;1443041092;-;-;Wed Sep 23 22:44:52 2015 +0200;1443041092
a23629f60f5637e3d4a9c69d55f58b24e50b610e;a23629f60f;-;-;Wed Sep 23 22:39:23 2015 +0200;1443040763;-;-;Wed Sep 23 22:39:23 2015 +0200;1443040763
c7fd4ccf4848c39d68524f68a668833f2fa4a07e;c7fd4ccf48;-;-;Wed Sep 23 22:37:35 2015 +0200;1443040655;-;-;Wed Sep 23 22:37:35 2015 +0200;1443040655
fe3aad4ab28b892b0152fe3eea84db530fe6e15d;fe3aad4ab2;-;-;Wed Sep 23 22:03:08 2015 +0200;1443038588;-;-;Wed Sep 23 22:03:08 2015 +0200;1443038588
cffad9d4b192cbfa61339fe4ca34985c11d5c420;cffad9d4b1;-;-;Wed Sep 23 13:17:37 2015 +0200;1443007057;-;-;Wed Sep 23 13:17:37 2015 +0200;1443007057
54703bf3f8c048e3454289eed35f6099f868bf68;54703bf3f8;-;-;Wed Sep 23 00:27:14 2015 -0400;1442982434;-;-;Wed Sep 23 00:27:14 2015 -0400;1442982434
d66f85bd66939ba47ef1495760cd49b5ee256c9e;d66f85bd66;-;-;Tue Sep 22 15:57:32 2015 -0400;1442951852;-;-;Tue Sep 22 15:57:32 2015 -0400;1442951852
0ad59ddb7ad27fec39e782e5e33549cb3d864bba;0ad59ddb7a;-;-;Tue Sep 22 15:24:09 2015 -0400;1442949849;-;-;Tue Sep 22 15:24:09 2015 -0400;1442949849
74b05118ebcef223b46b398b1ac363d8736e9257;74b05118eb;-;-;Tue Sep 22 14:35:19 2015 -0400;1442946919;-;-;Tue Sep 22 14:35:19 2015 -0400;1442946919
48b512c5f40bf3c01472c0dacb3cfd5cd38afaf8;48b512c5f4;-;-;Tue Sep 22 11:31:08 2015 +0200;1442914268;-;-;Tue Sep 22 11:41:31 2015 +0200;1442914891
6a30d04d1e34ef2d6732e54ac35cfb9dda81cbb1;6a30d04d1e;-;-;Tue Sep 22 01:15:30 2015 -0400;1442898930;-;-;Tue Sep 22 01:15:30 2015 -0400;1442898930
c866c172ec67b5f47c89ebaa79249e34a3cad7bb;c866c172ec;-;-;Tue Sep 22 01:13:36 2015 -0400;1442898816;-;-;Tue Sep 22 01:13:36 2015 -0400;1442898816
f0ebddef1e0bf6dc185f365f0997f97d74e76a75;f0ebddef1e;-;-;Mon Sep 21 22:49:23 2015 +0200;1442868563;-;-;Mon Sep 21 22:49:23 2015 +0200;1442868563
df0b26f0e6e5098b549dde6da0ae7846a50d673e;df0b26f0e6;-;-;Mon Sep 21 20:48:29 2015 +0200;1442861309;-;-;Mon Sep 21 20:48:29 2015 +0200;1442861309
fbce18418ab0b6667e49a599d5f5816dc7b9dc5e;fbce18418a;-;-;Mon Sep 21 20:47:03 2015 +0200;1442861223;-;-;Mon Sep 21 20:47:03 2015 +0200;1442861223
b23c23279b4f6e4d30cbdc17daba85abcc009039;b23c23279b;-;-;Mon Sep 21 20:42:50 2015 +0200;1442860970;-;-;Mon Sep 21 20:42:50 2015 +0200;1442860970
299b7766fe97ed4d27747af5bf76bff667f792df;299b7766fe;-;-;Mon Sep 21 16:45:27 2015 +0200;1442846727;-;-;Mon Sep 21 17:08:58 2015 +0200;1442848138
f60bd2566685d8af19267b78e2a541d58ba5f3eb;f60bd25666;-;-;Fri Sep 18 06:40:34 2015 -0400;1442572834;-;-;Fri Sep 18 06:40:34 2015 -0400;1442572834
3b17de8ab21bc8ad9549b6cea6524baae5ba5c25;3b17de8ab2;-;-;Tue Sep 15 06:30:10 2015 -0400;1442313010;-;-;Tue Sep 15 06:30:10 2015 -0400;1442313010
e2bfbdcfd160d1a7be64b8eca53190f5698b7bcf;e2bfbdcfd1;-;-;Fri Sep 11 20:31:44 2015 +0200;1441996304;-;-;Fri Sep 11 21:05:30 2015 +0200;1441998330
4a49ce96948b1dc992d246d8a6e58714e64535ef;4a49ce9694;-;-;Fri Sep 11 16:40:55 2015 +0200;1441982455;-;-;Fri Sep 11 16:40:55 2015 +0200;1441982455
de2e201a2abd9b9ba945e3bd231f78327dc0b1f7;de2e201a2a;-;-;Thu Sep 10 19:35:17 2015 +0200;1441906517;-;-;Thu Sep 10 19:35:17 2015 +0200;1441906517
bc13cb2af5bde64793495ee255c1640fc807b633;bc13cb2af5;-;-;Thu Sep 10 14:05:06 2015 +0200;1441886706;-;-;Thu Sep 10 14:05:06 2015 +0200;1441886706
ae0d945a05847f8a212e76ef4dcd3c2fc4ba6dd0;ae0d945a05;-;-;Thu Sep 10 14:04:35 2015 +0200;1441886675;-;-;Thu Sep 10 14:04:35 2015 +0200;1441886675
4dee9cbf626aa195b9d1d5bb5be67eb8d1e5338c;4dee9cbf62;-;-;Thu Sep 10 14:02:18 2015 +0200;1441886538;-;-;Thu Sep 10 14:02:18 2015 +0200;1441886538
f3b7e9ff2d42af7fd507ed817cc413f0a1523fe4;f3b7e9ff2d;-;-;Wed Sep 9 18:05:04 2015 +0200;1441814704;-;-;Wed Sep 9 18:05:04 2015 +0200;1441814704
ff02ad47e0d69e162b329a8e2e0ba0b78e45bc1f;ff02ad47e0;-;-;Tue Sep 8 17:21:44 2015 +0200;1441725704;-;-;Wed Sep 9 12:15:48 2015 +0200;1441793748
f2c9838e9565fe5d11326d6114c9072161247180;f2c9838e95;-;-;Wed Sep 9 11:46:14 2015 +0200;1441791974;-;-;Wed Sep 9 11:46:14 2015 +0200;1441791974
99f72ce3dbb27028fcb9cf3aa9f559e0fbddaa3f;99f72ce3db;-;-;Wed Sep 9 11:45:12 2015 +0200;1441791912;-;-;Wed Sep 9 11:45:12 2015 +0200;1441791912
5f598586ea930a98fbe4209d25e8c667d197314e;5f598586ea;-;-;Wed Sep 9 11:43:52 2015 +0200;1441791832;-;-;Wed Sep 9 11:43:52 2015 +0200;1441791832
c4f5a0fb102c29fdea72df8642ec68d2203f865e;c4f5a0fb10;-;-;Wed Sep 9 11:42:59 2015 +0200;1441791779;-;-;Wed Sep 9 11:42:59 2015 +0200;1441791779
22e84a87f4ef447dccf86a35506671ebf4b99166;22e84a87f4;-;-;Tue Sep 8 18:34:36 2015 +0200;1441730076;-;-;Tue Sep 8 18:34:47 2015 +0200;1441730087
ae8a341a55efd425ebd6091680ad8207d56055b9;ae8a341a55;-;-;Tue Sep 8 18:01:16 2015 +0200;1441728076;-;-;Tue Sep 8 18:34:47 2015 +0200;1441730087
52fdfd59abf2c38c8274fa9acbe359b2e49df29a;52fdfd59ab;-;-;Tue Sep 8 18:11:30 2015 +0200;1441728690;-;-;Tue Sep 8 18:11:30 2015 +0200;1441728690
5c22002d2166a160efff9ee756097c733be81cb7;5c22002d21;-;-;Tue Sep 8 18:04:56 2015 +0200;1441728296;-;-;Tue Sep 8 18:04:56 2015 +0200;1441728296
a8432bc8a10fa714efd560aa741fe4ac45cfa3c5;a8432bc8a1;-;-;Tue Sep 8 11:13:23 2015 +0200;1441703603;-;-;Tue Sep 8 11:13:23 2015 +0200;1441703603
1feb757c54c9f7dedcbf85e0d93fc088ad7cb916;1feb757c54;-;-;Tue Sep 8 11:04:34 2015 +0200;1441703074;-;-;Tue Sep 8 11:04:34 2015 +0200;1441703074
e393c7b1ee03321ab2afda7ea8aff775128aca94;e393c7b1ee;-;-;Tue Sep 8 11:03:15 2015 +0200;1441702995;-;-;Tue Sep 8 11:03:15 2015 +0200;1441702995
e214e64782a00026f665d6d61b014de38c70c929;e214e64782;-;-;Fri Sep 4 15:11:19 2015 +0200;1441372279;-;-;Fri Sep 4 15:11:19 2015 +0200;1441372279
667fc7e4a9d9daf15110339af3659404ace6adba;667fc7e4a9;-;-;Fri Sep 4 14:38:47 2015 +0200;1441370327;-;-;Fri Sep 4 14:38:47 2015 +0200;1441370327
811de8e50bb68bc055961ceb2719d1992b66df15;811de8e50b;-;-;Fri Sep 4 14:38:23 2015 +0200;1441370303;-;-;Fri Sep 4 14:38:23 2015 +0200;1441370303
c663fd551aa0250a3030543fb535594a0104e4b9;c663fd551a;-;-;Thu Sep 3 17:31:55 2015 +0200;1441294315;-;-;Thu Sep 3 17:31:55 2015 +0200;1441294315
734aecb15a947eb501c50bf4a1fb7e2bb9bd1c72;734aecb15a;-;-;Thu Sep 3 17:30:14 2015 +0200;1441294214;-;-;Thu Sep 3 17:30:14 2015 +0200;1441294214
d3d81c2864542c5fe4db3492e357c1a98178680b;d3d81c2864;-;-;Thu Sep 3 16:03:46 2015 +0200;1441289026;-;-;Thu Sep 3 16:03:46 2015 +0200;1441289026
e81a430e6174a67d453cb9c1871e01193f96867a;e81a430e61;-;-;Thu Sep 3 14:53:43 2015 +0200;1441284823;-;-;Thu Sep 3 14:53:43 2015 +0200;1441284823
eeab7f38a26976acbe693c5991ff25588cf57dab;eeab7f38a2;-;-;Wed Sep 2 19:43:15 2015 +0200;1441215795;-;-;Wed Sep 2 19:43:15 2015 +0200;1441215795
93f3b9cbe08e3eb7f29c4cff1f66c439484a7f8e;93f3b9cbe0;-;-;Wed Sep 2 19:08:56 2015 +0200;1441213736;-;-;Wed Sep 2 19:08:56 2015 +0200;1441213736
ec741bd5ea2e8afd639b81ec148a65af34030f50;ec741bd5ea;-;-;Wed Sep 2 16:56:04 2015 +0200;1441205764;-;-;Wed Sep 2 16:56:04 2015 +0200;1441205764
1ed1167153fe3717e72e3a064bcde934304416fe;1ed1167153;-;-;Wed Sep 2 16:55:09 2015 +0200;1441205709;-;-;Wed Sep 2 16:55:09 2015 +0200;1441205709
2caaa81afafebe073bc2f629e1f21e510b98bf98;2caaa81afa;-;-;Wed Sep 2 15:37:16 2015 +0200;1441201036;-;-;Wed Sep 2 15:37:16 2015 +0200;1441201036
21cfa0e4ba3404501a3d75733eb3a55dc4d9a4b2;21cfa0e4ba;-;-;Wed Sep 2 15:25:10 2015 +0200;1441200310;-;-;Wed Sep 2 15:25:10 2015 +0200;1441200310
b9e461a54f9e1bd5be53d48e1c87e3cd6e252bca;b9e461a54f;-;-;Wed Sep 2 15:07:49 2015 +0200;1441199269;-;-;Wed Sep 2 15:07:49 2015 +0200;1441199269
2fa1caca0cf5dad868870f856c0cadb983709f37;2fa1caca0c;-;-;Wed Sep 2 14:17:42 2015 +0200;1441196262;-;-;Wed Sep 2 14:17:42 2015 +0200;1441196262
d32ba954dc198638b501e94581d0c0f50ef05551;d32ba954dc;-;-;Tue Sep 1 02:28:34 2015 -0700;1441099714;-;-;Tue Sep 1 02:28:34 2015 -0700;1441099714
0867a5e67f9d523e7897e9062e7629e32a0a7f43;0867a5e67f;-;-;Tue Sep 1 10:22:39 2015 +0200;1441095759;-;-;Tue Sep 1 10:22:39 2015 +0200;1441095759
12937680b7b68fb03119945dbd95e1f97f763bc8;12937680b7;-;-;Mon Aug 31 21:48:15 2015 +0200;1441050495;-;-;Tue Sep 1 00:58:29 2015 +0200;1441061909
af905aaaea7209ed63d4d9f64e45222bdaa07bec;af905aaaea;-;-;Tue Sep 1 00:53:00 2015 +0200;1441061580;-;-;Tue Sep 1 00:53:00 2015 +0200;1441061580
9b1178cf71e7dcc78d59653e70c88db3a1880924;9b1178cf71;-;-;Mon Aug 31 20:23:28 2015 +0200;1441045408;-;-;Tue Sep 1 00:30:33 2015 +0200;1441060233
542e21b3f6900655d5ef5e5b93101b41e11d71ad;542e21b3f6;-;-;Mon Aug 31 21:18:08 2015 +0200;1441048688;-;-;Mon Aug 31 21:18:08 2015 +0200;1441048688
566ea301673e6ef9a8a6617b5ff2071167a30db2;566ea30167;-;-;Mon Aug 31 17:32:33 2015 +0200;1441035153;-;-;Mon Aug 31 17:32:33 2015 +0200;1441035153
2bb7164c64d94469cc93cd5e95da55a83ef02aad;2bb7164c64;-;-;Mon Aug 31 17:31:52 2015 +0200;1441035112;-;-;Mon Aug 31 17:31:52 2015 +0200;1441035112
d99717c1cb4ca00405a8eac2aa75d16c7de80c52;d99717c1cb;-;-;Mon Aug 31 17:31:41 2015 +0200;1441035101;-;-;Mon Aug 31 17:31:41 2015 +0200;1441035101
d4a23b81e9e49a6e9cc871d8bb1accc70c6444df;d4a23b81e9;-;-;Mon Aug 31 17:20:05 2015 +0200;1441034405;-;-;Mon Aug 31 17:20:05 2015 +0200;1441034405
acc8c895bfc4bc2a16f515f811e3b1ca787bb58a;acc8c895bf;-;-;Mon Aug 31 15:54:46 2015 +0200;1441029286;-;-;Mon Aug 31 15:54:46 2015 +0200;1441029286
8e14520bf5b9183f7e32bb705566a19f3c1ee540;8e14520bf5;-;-;Mon Aug 31 15:48:44 2015 +0200;1441028924;-;-;Mon Aug 31 15:48:44 2015 +0200;1441028924
d899efd6722bb596d7b685a16dc891452ce908f6;d899efd672;-;-;Sun Aug 30 19:01:28 2015 +0200;1440954088;-;-;Sun Aug 30 19:01:28 2015 +0200;1440954088
a066143a5b5028a71a3553aca1b1493ea9e6594e;a066143a5b;-;-;Sat Aug 29 16:05:26 2015 +0200;1440857126;-;-;Sat Aug 29 16:05:26 2015 +0200;1440857126
164bed5c3f9526ab7d898e7e5e6740a09777f3e1;164bed5c3f;-;-;Fri Aug 28 20:04:52 2015 +0200;1440785092;-;-;Fri Aug 28 20:04:52 2015 +0200;1440785092
3eacb837c2c40870647c88fb58c66a57d72ba283;3eacb837c2;-;-;Fri Aug 28 18:58:38 2015 +0200;1440781118;-;-;Fri Aug 28 18:58:38 2015 +0200;1440781118
ff9fb9aa88eadf84d56851b2b687b2e34dd21dc5;ff9fb9aa88;-;-;Fri Aug 28 11:17:42 2015 +0200;1440753462;-;-;Fri Aug 28 11:17:42 2015 +0200;1440753462
90f46f9327964865b5527aa73e6fe0de1b66d7d0;90f46f9327;-;-;Thu Aug 27 22:52:21 2015 +0200;1440708741;-;-;Thu Aug 27 22:52:21 2015 +0200;1440708741
527b778bf9d4159697603b465d768739dc7ad7b8;527b778bf9;-;-;Thu Aug 27 22:12:14 2015 +0200;1440706334;-;-;Thu Aug 27 22:12:14 2015 +0200;1440706334
491adf1f2f32d664eddec5a00797dcea813d5562;491adf1f2f;-;-;Thu Aug 27 22:04:58 2015 +0200;1440705898;-;-;Thu Aug 27 22:04:58 2015 +0200;1440705898
0c2b787cb5e7159ec40f6e5d9bb33a063e866b2d;0c2b787cb5;-;-;Thu Aug 27 22:03:36 2015 +0200;1440705816;-;-;Thu Aug 27 22:03:36 2015 +0200;1440705816
803d7b50b9bf59ecc534e1db9b7be7c79cd3c2f1;803d7b50b9;-;-;Thu Aug 27 20:55:50 2015 +0200;1440701750;-;-;Thu Aug 27 20:55:50 2015 +0200;1440701750
7118fcff0de2993d8654a2c72597aaa629e67e9b;7118fcff0d;-;-;Thu Aug 27 19:13:29 2015 +0200;1440695609;-;-;Thu Aug 27 19:13:29 2015 +0200;1440695609
8af0151f1b207d70ca804610fdedc24733d7d89a;8af0151f1b;-;-;Thu Aug 27 17:57:50 2015 +0200;1440691070;-;-;Thu Aug 27 17:57:50 2015 +0200;1440691070
abc805819fcdc8a8be04025f7eda1db8f8582b71;abc805819f;-;-;Thu Aug 27 17:24:17 2015 +0200;1440689057;-;-;Thu Aug 27 17:27:53 2015 +0200;1440689273
a1107af06f592f35d0e17e0f24041d5d6eb01cd3;a1107af06f;-;-;Thu Aug 27 16:41:41 2015 +0200;1440686501;-;-;Thu Aug 27 16:41:41 2015 +0200;1440686501
e553bb79e773c006358027ea25b22a636099a331;e553bb79e7;-;-;Thu Aug 27 12:37:51 2015 +0200;1440671871;-;-;Thu Aug 27 12:37:51 2015 +0200;1440671871
5e43f9b88fbe266450fe00fbdb6394b688d67841;5e43f9b88f;-;-;Thu Aug 27 12:37:21 2015 +0200;1440671841;-;-;Thu Aug 27 12:37:21 2015 +0200;1440671841
e518d7dcc6675d04d827faa0ffeb3aa7bcb4b000;e518d7dcc6;-;-;Thu Aug 27 12:36:57 2015 +0200;1440671817;-;-;Thu Aug 27 12:36:57 2015 +0200;1440671817
b9d7913407d0e18c0968b97ea63666ef2e4599d7;b9d7913407;-;-;Thu Aug 27 11:52:50 2015 +0200;1440669170;-;-;Thu Aug 27 11:52:50 2015 +0200;1440669170
eaba7948235a9fb60a24f05a5b1b9ce5bde63bb9;eaba794823;-;-;Thu Aug 27 11:50:10 2015 +0200;1440669010;-;-;Thu Aug 27 11:50:10 2015 +0200;1440669010
63fe5b906905d5c96c8eba72b4ab017763087236;63fe5b9069;-;-;Thu Aug 27 10:59:02 2015 +0200;1440665942;-;-;Thu Aug 27 10:59:02 2015 +0200;1440665942
7107c8cb05fc68afc2ef49fb47789dca694e470f;7107c8cb05;-;-;Wed Aug 26 15:13:19 2015 +0200;1440594799;-;-;Wed Aug 26 15:13:19 2015 +0200;1440594799
42588cb03e484565c24298ac834e8d0921dee9ec;42588cb03e;-;-;Wed Aug 26 14:33:25 2015 +0200;1440592405;-;-;Wed Aug 26 14:33:25 2015 +0200;1440592405
e05fb494f556d8797bade1e8cb0a03737024ba5b;e05fb494f5;-;-;Wed Aug 26 11:04:14 2015 +0200;1440579854;-;-;Wed Aug 26 11:04:14 2015 +0200;1440579854
91b473fec5d8cb802e860140b98cdb6bcb7f35df;91b473fec5;-;-;Wed Aug 26 11:00:58 2015 +0200;1440579658;-;-;Wed Aug 26 11:00:58 2015 +0200;1440579658
4ecb3d4f3fcfe7f753b542cae6f94b4ca8fb48f1;4ecb3d4f3f;-;-;Tue Aug 25 22:14:36 2015 -0400;1440555276;-;-;Tue Aug 25 22:14:36 2015 -0400;1440555276
bdf735125f20f652b1a7df0158bd1bac96dacde7;bdf735125f;-;-;Tue Aug 25 22:03:26 2015 -0400;1440554606;-;-;Tue Aug 25 22:03:26 2015 -0400;1440554606
2e79a30fedef46d02c3fd8c18a012c3e48495e6f;2e79a30fed;-;-;Tue Aug 25 21:48:02 2015 -0400;1440553682;-;-;Tue Aug 25 21:48:02 2015 -0400;1440553682
1a9e42b49d814cf54836eeff4a72ff8216ca9e95;1a9e42b49d;-;-;Tue Aug 25 20:52:30 2015 -0400;1440550350;-;-;Tue Aug 25 20:54:43 2015 -0400;1440550483
4314da922adefdc64bcfc2243ae6b049f5925080;4314da922a;-;-;Tue Aug 25 22:16:27 2015 +0200;1440533787;-;-;Tue Aug 25 22:16:27 2015 +0200;1440533787
7d300174293c658fb8f066d37001cfae94856aaa;7d30017429;-;-;Tue Aug 25 21:52:49 2015 +0200;1440532369;-;-;Tue Aug 25 21:52:49 2015 +0200;1440532369
3430f7623c242681ef3f1ccec6c48596ce13d4b9;3430f7623c;-;-;Tue Aug 25 21:52:11 2015 +0200;1440532331;-;-;Tue Aug 25 21:52:11 2015 +0200;1440532331
6aa9e0caf984ec99a4d1bc276f116ebd62eff311;6aa9e0caf9;-;-;Tue Aug 25 18:10:27 2015 +0200;1440519027;-;-;Tue Aug 25 18:10:27 2015 +0200;1440519027
8cd283729b3cb8f1ed5499f9d60b201d6fb03f23;8cd283729b;-;-;Tue Aug 25 17:54:54 2015 +0200;1440518094;-;-;Tue Aug 25 17:54:54 2015 +0200;1440518094
5f3559fbad0d2853113a88f514d8ace01479f90f;5f3559fbad;-;-;Tue Aug 25 17:54:38 2015 +0200;1440518078;-;-;Tue Aug 25 17:54:38 2015 +0200;1440518078
35e1eca9e8df62e48c1af6a8971d93b8a1302882;35e1eca9e8;-;-;Tue Aug 25 17:54:26 2015 +0200;1440518066;-;-;Tue Aug 25 17:54:26 2015 +0200;1440518066
74e6213bafd70cc7727a2b7ac91b5d9f3bf5011f;74e6213baf;-;-;Tue Aug 25 17:08:49 2015 +0200;1440515329;-;-;Tue Aug 25 17:08:49 2015 +0200;1440515329
b198cad58e8f9a0316f2d7fafce12b3a07cf5071;b198cad58e;-;-;Tue Aug 25 17:06:23 2015 +0200;1440515183;-;-;Tue Aug 25 17:06:23 2015 +0200;1440515183
190eb6ace1acc03e2805dd25f16bc2359195821e;190eb6ace1;-;-;Tue Aug 25 16:49:10 2015 +0200;1440514150;-;-;Tue Aug 25 16:49:10 2015 +0200;1440514150
0b9c3de320df81acd06dcfd927faadf72fb66409;0b9c3de320;-;-;Tue Aug 25 13:47:30 2015 +0200;1440503250;-;-;Tue Aug 25 14:12:03 2015 +0200;1440504723
04cff89eb700e82765615ff47b78aa47a9daf3fa;04cff89eb7;-;-;Mon Aug 24 14:27:17 2015 +0200;1440419237;-;-;Tue Aug 25 01:02:12 2015 +0200;1440457332
88405be8a5953e6541a3821fdeace125492f3764;88405be8a5;-;-;Sat Aug 22 15:29:19 2015 +0200;1440250159;-;-;Mon Aug 24 09:54:08 2015 +0200;1440402848
2df3646e90342fe7c4a83694efd3d04f81fbd975;2df3646e90;-;-;Sat Aug 22 18:58:55 2015 +0200;1440262735;-;-;Sat Aug 22 18:58:55 2015 +0200;1440262735
6085be3a7195b58dd318e7b9fa6a95e50a901c7a;6085be3a71;-;-;Sat Aug 22 16:30:22 2015 +0200;1440253822;-;-;Sat Aug 22 16:49:12 2015 +0200;1440254952
914ba483b27b4352cb95b33b80617cedc77009c3;914ba483b2;-;-;Sat Aug 22 15:15:42 2015 +0200;1440249342;-;-;Sat Aug 22 15:15:42 2015 +0200;1440249342
732a655f825fba1aec7e64544af715dc2a40f7f9;732a655f82;-;-;Sat Aug 22 15:02:18 2015 +0200;1440248538;-;-;Sat Aug 22 15:02:18 2015 +0200;1440248538
a43d78ea550d7446731812062742a462f08ac3c8;a43d78ea55;-;-;Fri Aug 21 23:56:01 2015 +0200;1440194161;-;-;Fri Aug 21 23:56:01 2015 +0200;1440194161
c685fd7c2341fde4fce5e4a43f2fa4d5ed6d59d2;c685fd7c23;-;-;Fri Aug 21 17:03:53 2015 +0200;1440169433;-;-;Fri Aug 21 17:03:53 2015 +0200;1440169433
6d1b8b5a31879a466c589693e088390a6a1c9f77;6d1b8b5a31;-;-;Fri Aug 21 17:02:55 2015 +0200;1440169375;-;-;Fri Aug 21 17:02:55 2015 +0200;1440169375
79e24aeceda3f2d1f43b26cbd11ffa3ff23263b2;79e24aeced;-;-;Fri Aug 21 16:56:57 2015 +0200;1440169017;-;-;Fri Aug 21 16:56:57 2015 +0200;1440169017
05a16a1bfab15215f0b9a71f383cfe99b15f322b;05a16a1bfa;-;-;Fri Aug 21 16:55:04 2015 +0200;1440168904;-;-;Fri Aug 21 16:55:04 2015 +0200;1440168904
27899abcb6c1651b0b25e196ae9768a264474b70;27899abcb6;-;-;Fri Aug 21 10:46:54 2015 -0400;1440168414;-;-;Fri Aug 21 10:46:54 2015 -0400;1440168414
473dd5e9e8b1442be32e4864eb343bbed923c809;473dd5e9e8;-;-;Fri Aug 21 10:28:08 2015 -0400;1440167288;-;-;Fri Aug 21 10:28:08 2015 -0400;1440167288
22948bd7f04075a30c211c6b89cd014e09593382;22948bd7f0;-;-;Thu Aug 20 19:47:11 2015 +0200;1440092831;-;-;Thu Aug 20 19:50:37 2015 +0200;1440093037
a3e7848a30f2e949fb8de8a047f0be0a49c35222;a3e7848a30;-;-;Thu Aug 20 15:49:33 2015 +0200;1440078573;-;-;Thu Aug 20 15:49:33 2015 +0200;1440078573
9ab406231733211456435eea33e8bebfb3959409;9ab4062317;-;-;Wed Aug 19 23:29:57 2015 +0200;1440019797;-;-;Wed Aug 19 23:29:57 2015 +0200;1440019797
d54aab233859886ea987adcd733a200710a09c95;d54aab2338;-;-;Wed Aug 19 22:22:11 2015 +0200;1440015731;-;-;Wed Aug 19 22:22:11 2015 +0200;1440015731
2025d5c35e27affb1b11b7d5fcb38c2aa38fcbb2;2025d5c35e;-;-;Wed Aug 19 21:44:07 2015 +0200;1440013447;-;-;Wed Aug 19 21:44:07 2015 +0200;1440013447
0cd21aa55f79d6b36890172f0cf28b880c0f1f34;0cd21aa55f;-;-;Wed Aug 19 20:52:36 2015 +0200;1440010356;-;-;Wed Aug 19 20:52:36 2015 +0200;1440010356
d4c74ad34645119f2f18fc813fe5b9e141560210;d4c74ad346;-;-;Wed Aug 19 14:04:15 2015 +0200;1439985855;-;-;Wed Aug 19 14:04:15 2015 +0200;1439985855
ddd6c9bea06387b3cd713f2ba16423f3ec8d11bf;ddd6c9bea0;-;-;Tue Aug 18 09:41:43 2015 +0800;1439862103;-;-;Tue Aug 18 16:18:45 2015 +0200;1439907525
be7514f49027e323b58ca35f1f270f9633a6b7c8;be7514f490;-;-;Tue Aug 18 14:28:16 2015 +0200;1439900896;-;-;Tue Aug 18 14:28:16 2015 +0200;1439900896
cccf5f65f5e8ee58530b94acae7feb0049ffbb05;cccf5f65f5;-;-;Mon Aug 17 09:09:22 2015 -0400;1439816962;-;-;Tue Aug 18 14:20:08 2015 +0200;1439900408
d53f0b995a503aa398cf9d1225f2e038b0c1a574;d53f0b995a;-;-;Mon Aug 17 17:57:13 2015 +0200;1439827033;-;-;Mon Aug 17 17:57:13 2015 +0200;1439827033
4338719d98ccc0981fe0e15788c4a9b79b2ac884;4338719d98;-;-;Thu Aug 13 16:41:48 2015 +0200;1439476908;-;-;Mon Aug 17 17:17:51 2015 +0200;1439824671
71585c909a4b3f79b561ddde2cb3623b882be159;71585c909a;-;-;Mon Aug 17 14:44:59 2015 +0200;1439815499;-;-;Mon Aug 17 14:44:59 2015 +0200;1439815499
3d2e2cb3aed05ff0e299a6351cb79476805e52d5;3d2e2cb3ae;-;-;Mon Aug 17 13:00:29 2015 +0200;1439809229;-;-;Mon Aug 17 13:00:29 2015 +0200;1439809229
94639d2dcfe463a8c27b31d9aecc9837b38180d6;94639d2dcf;-;-;Mon Aug 17 01:19:22 2015 +0200;1439767162;-;-;Mon Aug 17 01:19:22 2015 +0200;1439767162
68c39570fe1f0a9b8be529425c3ab6ee80b7775c;68c39570fe;-;-;Sun Aug 16 01:29:06 2015 +0200;1439681346;-;-;Sun Aug 16 14:39:48 2015 +0200;1439728788
21629d315cd101e05612c09fd2e2ef37fbeff526;21629d315c;-;-;Sun Aug 16 13:46:47 2015 +0200;1439725607;-;-;Sun Aug 16 13:46:47 2015 +0200;1439725607
d5944c4e398a288ff416a51ab35871024d612804;d5944c4e39;-;-;Sat Aug 15 23:48:20 2015 +0200;1439675300;-;-;Sat Aug 15 23:48:20 2015 +0200;1439675300
1d3da1220415e568758e0206a047bb785d644c8d;1d3da12204;-;-;Sat Aug 15 21:30:32 2015 +0200;1439667032;-;-;Sat Aug 15 21:30:32 2015 +0200;1439667032
c572d0c46972dafd6b53b3a8f2fcacfc426b7cf7;c572d0c469;-;-;Sat Aug 15 21:30:17 2015 +0200;1439667017;-;-;Sat Aug 15 21:30:17 2015 +0200;1439667017
7a17abe4480fff9bd2ed4f960176c5deae4798aa;7a17abe448;-;-;Sat Aug 15 19:28:09 2015 +0200;1439659689;-;-;Sat Aug 15 19:28:09 2015 +0200;1439659689
4799668a98d98538997145e643152155a9c917dd;4799668a98;-;-;Sat Aug 15 14:56:57 2015 +0200;1439643417;-;-;Sat Aug 15 14:56:57 2015 +0200;1439643417
e4f386ae1ed13aa24ee6cad49e5c08b42c96af01;e4f386ae1e;-;-;Sat Aug 15 14:15:13 2015 +0200;1439640913;-;-;Sat Aug 15 14:15:13 2015 +0200;1439640913
687af344de178e532d52df0064e48976965a3b43;687af344de;-;-;Sat Aug 15 14:13:52 2015 +0200;1439640832;-;-;Sat Aug 15 14:13:52 2015 +0200;1439640832
5ee24c84828fe65571d47f5693f3a181c1ddc039;5ee24c8482;-;-;Sat Aug 15 13:33:08 2015 +0200;1439638388;-;-;Sat Aug 15 13:55:30 2015 +0200;1439639730
e7c95addeb11fe03440d6918ae05159f43bf0e0c;e7c95addeb;-;-;Sat Aug 15 13:32:14 2015 +0200;1439638334;-;-;Sat Aug 15 13:33:26 2015 +0200;1439638406
ae9b5c15c88cb15bec47c5919ce74bb0ec4f3e7e;ae9b5c15c8;-;-;Sat Aug 15 09:08:01 2015 +0200;1439622481;-;-;Sat Aug 15 09:08:01 2015 +0200;1439622481
d4d5e5ce4039793a6734e68b3d33ddf176ab4dd0;d4d5e5ce40;-;-;Fri Aug 14 22:45:10 2015 +0200;1439585110;-;-;Fri Aug 14 22:45:10 2015 +0200;1439585110
07bb0378b9e6ac3097d8a121d17b74fa9fb0596b;07bb0378b9;-;-;Fri Aug 14 20:38:25 2015 +0200;1439577505;-;-;Fri Aug 14 22:07:03 2015 +0200;1439582823
d2503340e738289957d39f81569b873fd179fd87;d2503340e7;-;-;Fri Aug 14 17:52:16 2015 +0200;1439567536;-;-;Fri Aug 14 20:38:50 2015 +0200;1439577530
af8d9eab59e8ce48b8fd57fb9c15ff2d99406407;af8d9eab59;-;-;Fri Aug 14 17:53:50 2015 +0200;1439567630;-;-;Fri Aug 14 17:59:12 2015 +0200;1439567952
5a05cdbedba2385ba6285ba0fe232ec12f4ecea1;5a05cdbedb;-;-;Fri Aug 14 17:20:07 2015 +0200;1439565607;-;-;Fri Aug 14 17:20:07 2015 +0200;1439565607
8afea1bc784b2dd75af0f0db90b0c3c659139a0c;8afea1bc78;-;-;Fri Aug 14 17:10:28 2015 +0200;1439565028;-;-;Fri Aug 14 17:10:28 2015 +0200;1439565028
0dbbbce8d53bd3a514182ada160c55cdbd3222c8;0dbbbce8d5;-;-;Fri Aug 14 17:07:23 2015 +0200;1439564843;-;-;Fri Aug 14 17:07:23 2015 +0200;1439564843
ecb15ac58b01635e418763ea68f19313a8dc3d73;ecb15ac58b;-;-;Fri Aug 14 17:04:34 2015 +0200;1439564674;-;-;Fri Aug 14 17:04:34 2015 +0200;1439564674
bad57f752a5eb65ac7516659849f7277891d3c21;bad57f752a;-;-;Fri Aug 14 16:34:58 2015 +0200;1439562898;-;-;Fri Aug 14 16:34:58 2015 +0200;1439562898
44a7c78753aef12c8fc11a40cffb3cc4725cb7ce;44a7c78753;-;-;Thu Aug 13 16:06:04 2015 +0200;1439474764;-;-;Thu Aug 13 21:27:49 2015 +0200;1439494069
2c120d0d283716db6d968193ea18aabcac7152d7;2c120d0d28;-;-;Thu Aug 13 16:04:52 2015 +0200;1439474692;-;-;Thu Aug 13 16:04:52 2015 +0200;1439474692
be2f56262b480a587c25ebcd1fd82a7e7eca2b19;be2f56262b;-;-;Thu Aug 13 15:06:39 2015 +0200;1439471199;-;-;Thu Aug 13 15:06:39 2015 +0200;1439471199
7defbfc18b5e43f1de271419ea37ace7a2984d43;7defbfc18b;-;-;Thu Aug 13 08:00:24 2015 -0400;1439467224;-;-;Thu Aug 13 08:00:24 2015 -0400;1439467224
257cc631411727666497acdc0325518f37b3a772;257cc63141;-;-;Thu Aug 13 07:45:25 2015 -0400;1439466325;-;-;Thu Aug 13 07:45:25 2015 -0400;1439466325
28a42d148289e9c815f6b116b5d065fbed9617a8;28a42d1482;-;-;Thu Aug 13 07:30:09 2015 -0400;1439465409;-;-;Thu Aug 13 07:30:09 2015 -0400;1439465409
3a5cc3df80347422681d4c6add2f6031c2070704;3a5cc3df80;-;-;Wed Aug 12 23:09:16 2015 +0200;1439413756;-;-;Wed Aug 12 23:09:16 2015 +0200;1439413756
f5210ce0c82b8baa82f3a82326f0bf239a6044f9;f5210ce0c8;-;-;Wed Aug 12 15:04:23 2015 -0400;1439406263;-;-;Wed Aug 12 15:05:29 2015 -0400;1439406329
4dd6b789ef6ed902fb83dde2a8bde409ad88d2d8;4dd6b789ef;-;-;Wed Aug 12 19:54:43 2015 +0200;1439402083;-;-;Wed Aug 12 19:54:43 2015 +0200;1439402083
f47bbb0d9e8023590c0fd965acb009719aea6b67;f47bbb0d9e;-;-;Wed Aug 12 19:35:45 2015 +0200;1439400945;-;-;Wed Aug 12 19:35:45 2015 +0200;1439400945
f15140415ad827b6c865e5d61f744a7de8f59f82;f15140415a;-;-;Wed Aug 5 12:35:55 2015 -0400;1438792555;-;-;Wed Aug 12 18:45:52 2015 +0200;1439397952
e0f012f32d923b2e2c858c92075bf10d208ef89a;e0f012f32d;-;-;Wed Aug 12 18:42:36 2015 +0200;1439397756;-;-;Wed Aug 12 18:42:36 2015 +0200;1439397756
6e1567b4b0f6804ec9c7c14ebef64dd610552a9c;6e1567b4b0;-;-;Wed Aug 12 11:42:06 2015 -0400;1439394126;-;-;Wed Aug 12 11:49:58 2015 -0400;1439394598
a369fc8afda4c9863bd8e74502113ff3d1e924c9;a369fc8afd;-;-;Wed Aug 12 17:45:46 2015 +0200;1439394346;-;-;Wed Aug 12 17:45:46 2015 +0200;1439394346
5e9a96817bf6f55f982746774c4c76671785f5cd;5e9a96817b;-;-;Wed Aug 12 17:45:37 2015 +0200;1439394337;-;-;Wed Aug 12 17:45:37 2015 +0200;1439394337
acb44f9d46fa80bfc69c69f107780f900c31a606;acb44f9d46;-;-;Wed Aug 12 17:36:28 2015 +0200;1439393788;-;-;Wed Aug 12 17:36:28 2015 +0200;1439393788
27e9db8c8c30a941bbbc4ceae6a18bd2124ea527;27e9db8c8c;-;-;Wed Aug 12 17:35:03 2015 +0200;1439393703;-;-;Wed Aug 12 17:35:03 2015 +0200;1439393703
d8794a1edc4327e79b2bc5b553bc5e4890b294ee;d8794a1edc;-;-;Wed Aug 12 16:16:25 2015 +0200;1439388985;-;-;Wed Aug 12 16:16:25 2015 +0200;1439388985
bec3b0fa1a69e251340b9abe0a34ef3fafb67335;bec3b0fa1a;-;-;Wed Aug 12 16:14:43 2015 +0200;1439388883;-;-;Wed Aug 12 16:14:43 2015 +0200;1439388883
e20b47c3bc424ac4fd30dd101e730c280681c3f1;e20b47c3bc;-;-;Wed Aug 12 14:38:01 2015 +0200;1439383081;-;-;Wed Aug 12 14:38:01 2015 +0200;1439383081
4317e76e79e8b22f95374be69b39a5bb8d24cd1e;4317e76e79;-;-;Wed Aug 12 14:36:54 2015 +0200;1439383014;-;-;Wed Aug 12 14:36:54 2015 +0200;1439383014
b5a67071371124b0e672e4396262a21377a79ce8;b5a6707137;-;-;Tue Aug 11 23:48:15 2015 +0200;1439329695;-;-;Tue Aug 11 23:48:15 2015 +0200;1439329695
e841cad5776015e1124f1d191d18df78b80cd0bd;e841cad577;-;-;Tue Aug 11 13:59:31 2015 +0200;1439294371;-;-;Tue Aug 11 13:59:31 2015 +0200;1439294371
f88ad8dd7a03d573c5b23bcca2cd48d2a5a84562;f88ad8dd7a;-;-;Tue Aug 11 13:58:42 2015 +0200;1439294322;-;-;Tue Aug 11 13:58:42 2015 +0200;1439294322
3cd5210b94592c1ed494323b4ee0d78e70b9b154;3cd5210b94;-;-;Mon Aug 10 17:41:26 2015 +0200;1439221286;-;-;Mon Aug 10 17:41:26 2015 +0200;1439221286
a22dd68646af195c246f85b8e49dc3b4fea91008;a22dd68646;-;-;Mon Aug 10 17:26:05 2015 +0200;1439220365;-;-;Mon Aug 10 17:26:05 2015 +0200;1439220365
5deeaf348a9192c36a63eb80404bcbcc67b66b34;5deeaf348a;-;-;Mon Aug 10 15:39:09 2015 +0200;1439213949;-;-;Mon Aug 10 15:40:25 2015 +0200;1439214025
f17173f6d5fb167db1c0a6905c23e52caace939b;f17173f6d5;-;-;Mon Aug 10 14:55:54 2015 +0200;1439211354;-;-;Mon Aug 10 14:55:54 2015 +0200;1439211354
82890361653c968299c7afc0d3a654395d6a1383;8289036165;-;-;Sun Aug 9 19:14:29 2015 +0200;1439140469;-;-;Sun Aug 9 19:14:29 2015 +0200;1439140469
78ff4ff54247c9cfa3919247f0416d27bdc937ec;78ff4ff542;-;-;Sun Aug 9 16:48:38 2015 +0200;1439131718;-;-;Sun Aug 9 16:48:38 2015 +0200;1439131718
f3da7b810beed55af8fae1af98d500d0acfb67b4;f3da7b810b;-;-;Sat Aug 8 00:17:55 2015 +0200;1438985875;-;-;Sat Aug 8 00:27:00 2015 +0200;1438986420
93c07e76bc2d20b495314792938361f561be25fb;93c07e76bc;-;-;Fri Aug 7 01:00:12 2015 +0200;1438902012;-;-;Fri Aug 7 01:00:12 2015 +0200;1438902012
35dd3078ef3c2639bf775d0387617b10ff4d886b;35dd3078ef;-;-;Fri Aug 7 00:25:33 2015 +0200;1438899933;-;-;Fri Aug 7 00:25:33 2015 +0200;1438899933
48b965ad333da1b4b8fb67dd5a08ad985b5ad135;48b965ad33;-;-;Thu Aug 6 19:42:03 2015 +0200;1438882923;-;-;Thu Aug 6 19:42:03 2015 +0200;1438882923
e0392d9da50d47ba9f79feb27f21ab7d1b413074;e0392d9da5;-;-;Thu Aug 6 19:31:44 2015 +0200;1438882304;-;-;Thu Aug 6 19:31:44 2015 +0200;1438882304
15033c1cc93bb881a0e5f0151f0af392f9c055d6;15033c1cc9;-;-;Thu Aug 6 19:21:02 2015 +0200;1438881662;-;-;Thu Aug 6 19:21:02 2015 +0200;1438881662
c8d604bf053c6359a3a703f2688daf433494b16c;c8d604bf05;-;-;Thu Aug 6 19:04:08 2015 +0200;1438880648;-;-;Thu Aug 6 19:04:08 2015 +0200;1438880648
1a659e3c1deab80b2b5de090a1dc8b77f9e137df;1a659e3c1d;-;-;Wed Aug 5 08:35:48 2015 +0200;1438756548;-;-;Wed Aug 5 08:36:01 2015 +0200;1438756561
01bc2519c583142faf3bb39210a4c440acff3748;01bc2519c5;-;-;Mon Aug 3 21:35:57 2015 +0200;1438630557;-;-;Mon Aug 3 21:35:57 2015 +0200;1438630557
a3f39d52570b97d31b9ab7cf9d118bbbaef0fd3e;a3f39d5257;-;-;Sat Aug 1 09:50:36 2015 +0200;1438415436;-;-;Sat Aug 1 09:50:36 2015 +0200;1438415436
92d266f489e67ad292a925a9a9f775e0a7cd81a3;92d266f489;-;-;Fri Jul 31 17:46:12 2015 +0200;1438357572;-;-;Fri Jul 31 17:46:12 2015 +0200;1438357572
1a8e6653b8aab1d5029a6f14db3630144bfd6a5a;1a8e6653b8;-;-;Fri Jul 31 02:03:23 2015 -0700;1438333403;-;-;Fri Jul 31 02:03:23 2015 -0700;1438333403
731eccf524425239a11b6a7dd75fe506829732ee;731eccf524;-;-;Thu Jul 30 23:43:02 2015 +0200;1438292582;-;-;Thu Jul 30 23:43:02 2015 +0200;1438292582
4d6f143f85e8c69aa10073826566b7baa6926479;4d6f143f85;-;-;Thu Jul 30 22:33:13 2015 +0200;1438288393;-;-;Thu Jul 30 22:33:13 2015 +0200;1438288393
1a088f09571dea27aa3ac9c0a004f60b0fe82a28;1a088f0957;-;-;Thu Jul 30 22:09:13 2015 +0200;1438286953;-;-;Thu Jul 30 22:09:13 2015 +0200;1438286953
c91c93c8164a708f0f8a01b70d2b5f5ea3a240da;c91c93c816;-;-;Thu Jul 30 21:31:40 2015 +0200;1438284700;-;-;Thu Jul 30 21:31:40 2015 +0200;1438284700
8bc2bffa7743b36434bcaf37e3fc68b3edb30243;8bc2bffa77;-;-;Thu Jul 30 19:36:38 2015 +0200;1438277798;-;-;Thu Jul 30 19:36:38 2015 +0200;1438277798
9ef38807e6b3220e2bcb6bdef0373ca023da980c;9ef38807e6;-;-;Thu Jul 30 19:34:33 2015 +0200;1438277673;-;-;Thu Jul 30 19:34:33 2015 +0200;1438277673
2c2bed2adbff39ec2508ba89af7a017bb57d3e95;2c2bed2adb;-;-;Thu Jul 30 19:34:12 2015 +0200;1438277652;-;-;Thu Jul 30 19:34:12 2015 +0200;1438277652
27cd87926ac57208996bf30d2e6c57a23bc626e7;27cd87926a;-;-;Thu Jul 30 10:50:57 2015 -0400;1438267857;-;-;Thu Jul 30 10:59:04 2015 -0400;1438268344
24285956a543743a7fd98b0bca4533ee5cfda2f9;24285956a5;-;-;Thu Jul 30 10:45:32 2015 -0400;1438267532;-;-;Thu Jul 30 10:59:04 2015 -0400;1438268344
80767ff6e9963761aa7e5516090fcda2c5a3bf74;80767ff6e9;-;-;Thu Jul 30 15:02:16 2015 +0200;1438261336;-;-;Thu Jul 30 16:10:01 2015 +0200;1438265401
1ff3af6da37896e229e54fc8592673918f9203f4;1ff3af6da3;-;-;Thu Jul 30 15:24:04 2015 +0200;1438262644;-;-;Thu Jul 30 15:24:04 2015 +0200;1438262644
a07ba695b008b762793080f09fafa6bc409969c6;a07ba695b0;-;-;Thu Jul 30 15:21:32 2015 +0200;1438262492;-;-;Thu Jul 30 15:21:32 2015 +0200;1438262492
e8ef3654c6cbd923a0861fa83360fb483a92fbbe;e8ef3654c6;-;-;Thu Jul 30 12:16:59 2015 +0200;1438251419;-;-;Thu Jul 30 12:16:59 2015 +0200;1438251419
04348901f8bfd2af1a2fdc366ab692c8b5117735;04348901f8;-;-;Thu Jul 30 12:15:37 2015 +0200;1438251337;-;-;Thu Jul 30 12:15:37 2015 +0200;1438251337
10a2f50130998d16f0a94d0270ab6b2cab977a87;10a2f50130;-;-;Thu Jul 30 12:13:06 2015 +0200;1438251186;-;-;Thu Jul 30 12:13:06 2015 +0200;1438251186
b1d6ae77e1be510580be14e7324925f6e5d12efb;b1d6ae77e1;-;-;Thu Jul 30 00:08:36 2015 +0200;1438207716;-;-;Thu Jul 30 00:08:36 2015 +0200;1438207716
b35103cc5cea4f352c03b5ba41687ee843bee374;b35103cc5c;-;-;Thu Jul 30 00:00:28 2015 +0200;1438207228;-;-;Thu Jul 30 00:00:28 2015 +0200;1438207228
72c4e6157cf1f0e3a086e1dae20ddc7f332d608c;72c4e6157c;-;-;Wed Jul 29 22:26:56 2015 +0200;1438201616;-;-;Wed Jul 29 22:26:56 2015 +0200;1438201616
754b7672f4ca854a0aca924b4574ba886a735499;754b7672f4;-;-;Wed Jul 29 22:03:44 2015 +0200;1438200224;-;-;Wed Jul 29 22:03:44 2015 +0200;1438200224
bfdf6b7b3ae3c4c8e8ee5bd73311440faafae841;bfdf6b7b3a;-;-;Wed Jul 29 21:15:39 2015 +0200;1438197339;-;-;Wed Jul 29 21:15:39 2015 +0200;1438197339
fb07be55b5123d010239c3ad636cfe277c91359d;fb07be55b5;-;-;Wed Jul 29 21:14:16 2015 +0200;1438197256;-;-;Wed Jul 29 21:14:16 2015 +0200;1438197256
e0fbd2d5b9edfbb62b474242ecc39e1c6a1dccf9;e0fbd2d5b9;-;-;Wed Jul 29 20:43:30 2015 +0200;1438195410;-;-;Wed Jul 29 20:43:30 2015 +0200;1438195410
c5b9b396aa98cda13534828fa8f9b4e7d0ef8221;c5b9b396aa;-;-;Wed Jul 29 20:35:59 2015 +0200;1438194959;-;-;Wed Jul 29 20:35:59 2015 +0200;1438194959
1c8ac2b2aa573b776b7ff5e01a403b46cb074295;1c8ac2b2aa;-;-;Wed Jul 29 16:08:42 2015 +0200;1438178922;-;-;Wed Jul 29 16:08:42 2015 +0200;1438178922
725292081e804ce33ac9848796f50e30e793fd25;725292081e;-;-;Wed Jul 29 15:27:06 2015 +0200;1438176426;-;-;Wed Jul 29 15:27:06 2015 +0200;1438176426
90493f49e628929b2d83ac564c0e5a6e8d524875;90493f49e6;-;-;Wed Jul 29 13:18:15 2015 +0200;1438168695;-;-;Wed Jul 29 13:18:15 2015 +0200;1438168695
ff46cec58fc1c38379120f2339342cab2fe4f2a2;ff46cec58f;-;-;Wed Jul 29 12:40:35 2015 +0200;1438166435;-;-;Wed Jul 29 12:40:35 2015 +0200;1438166435
e1a0c50046b11e2ca6b0633bb77d5085f5b1b9e3;e1a0c50046;-;-;Wed Jul 29 12:39:41 2015 +0200;1438166381;-;-;Wed Jul 29 12:39:41 2015 +0200;1438166381
291550a4843edbecd371e6f040c3b154dac6189f;291550a484;-;-;Wed Jul 29 12:38:41 2015 +0200;1438166321;-;-;Wed Jul 29 12:38:41 2015 +0200;1438166321
965fca808a2b98987731c2f9b4049d1f2ec8e0ef;965fca808a;-;-;Wed Jul 29 01:08:16 2015 +0200;1438124896;-;-;Wed Jul 29 01:08:16 2015 +0200;1438124896
faab220946d3cd8c72dffa3e0047c1f1d3eba110;faab220946;-;-;Wed Jul 29 01:06:38 2015 +0200;1438124798;-;-;Wed Jul 29 01:06:38 2015 +0200;1438124798
02d05ed133566cc4ba2d72c51e5f7ca3ede02e2a;02d05ed133;-;-;Wed Jul 29 01:05:25 2015 +0200;1438124725;-;-;Wed Jul 29 01:05:25 2015 +0200;1438124725
b7bdd724b2eab6959eade7868cfb1ecf21aa118b;b7bdd724b2;-;-;Tue Jul 28 14:17:57 2015 -0400;1438107477;-;-;Tue Jul 28 14:22:33 2015 -0400;1438107753
9f557cf9309f74d9598136c4ed5d8c179a981ebb;9f557cf930;-;-;Tue Jul 28 08:11:52 2015 -0400;1438085512;-;-;Tue Jul 28 14:22:33 2015 -0400;1438107753
6a59d005769008b8c9a02bc87cc1123a8c73cb7f;6a59d00576;-;-;Tue Jul 28 19:44:47 2015 +0200;1438105487;-;-;Tue Jul 28 19:44:47 2015 +0200;1438105487
8de7848ab3a2617667e29fd7065249117ebf28d8;8de7848ab3;-;-;Tue Jul 28 18:46:18 2015 +0200;1438101978;-;-;Tue Jul 28 18:46:18 2015 +0200;1438101978
b74377932cbe86c8f1570420af44057d9fb2e122;b74377932c;-;-;Tue Jul 28 16:00:09 2015 +0200;1438092009;-;-;Tue Jul 28 16:00:09 2015 +0200;1438092009
d83735694eff6919434e8a4557cfb6dc66e5175d;d83735694e;-;-;Tue Jul 28 12:15:48 2015 +0200;1438078548;-;-;Tue Jul 28 12:15:48 2015 +0200;1438078548
9e62c8efa1ac54ac36b9d37fb76ed584d7552996;9e62c8efa1;-;-;Tue Jul 28 12:14:42 2015 +0200;1438078482;-;-;Tue Jul 28 12:14:42 2015 +0200;1438078482
f0ac2784a4e9602a06bc91c3368f7cf423fc52dc;f0ac2784a4;-;-;Tue Jul 28 12:08:54 2015 +0200;1438078134;-;-;Tue Jul 28 12:08:54 2015 +0200;1438078134
4b4efa9f6e45460438186927397bbaba343f3185;4b4efa9f6e;-;-;Mon Jul 27 16:52:31 2015 -0400;1438030351;-;-;Mon Jul 27 16:54:21 2015 -0400;1438030461
a65e0369f427f2cfeee7a33cf1922224337c9557;a65e0369f4;-;-;Mon Jul 27 16:24:32 2015 -0400;1438028672;-;-;Mon Jul 27 16:54:21 2015 -0400;1438030461
29e6272c6beb870bcaab96182ed866c618f6bf64;29e6272c6b;-;-;Mon Jul 27 22:44:42 2015 +0200;1438029882;-;-;Mon Jul 27 22:44:42 2015 +0200;1438029882
9023cf6ae0430790fba7738e25bd0c04bf8db4f6;9023cf6ae0;-;-;Mon Jul 27 22:41:22 2015 +0200;1438029682;-;-;Mon Jul 27 22:41:22 2015 +0200;1438029682
af73aae1d575f323243fd3374561b10037f2249f;af73aae1d5;-;-;Mon Jul 27 22:32:37 2015 +0200;1438029157;-;-;Mon Jul 27 22:32:37 2015 +0200;1438029157
3b84a7e84d0a48a5efde12b04348d21c29fa1eaf;3b84a7e84d;-;-;Mon Jul 27 19:27:15 2015 +0200;1438018035;-;-;Mon Jul 27 19:48:01 2015 +0200;1438019281
288d253b8bc809d6f8625206c76c7650c36ea446;288d253b8b;-;-;Mon Jul 27 19:23:01 2015 +0200;1438017781;-;-;Mon Jul 27 19:48:01 2015 +0200;1438019281
3d6f4656254c1d018175e9a7bd077055ff708a16;3d6f465625;-;-;Mon Jul 27 18:39:23 2015 +0200;1438015163;-;-;Mon Jul 27 19:47:43 2015 +0200;1438019263
680936f4a26a5ad78c12f630da88140f52dcb12f;680936f4a2;-;-;Mon Jul 27 18:04:13 2015 +0200;1438013053;-;-;Mon Jul 27 18:04:13 2015 +0200;1438013053
484ac5e242b8010b99a23d9414b903d92d5336db;484ac5e242;-;-;Mon Jul 27 10:39:15 2015 -0500;1438011555;-;-;Mon Jul 27 10:39:15 2015 -0500;1438011555
e998c450e679fb2fb0ccd8c6cbe76b738e0ec196;e998c450e6;-;-;Mon Jul 27 10:18:31 2015 -0500;1438010311;-;-;Mon Jul 27 10:29:30 2015 -0500;1438010970
14f27bda3708eee64ce21807d4284cdf6ca26566;14f27bda37;-;-;Mon Jul 27 15:32:56 2015 +0200;1438003976;-;-;Mon Jul 27 15:32:56 2015 +0200;1438003976
e5a2b348298ee9fd890bd61cbcf9a70d8bf4a278;e5a2b34829;-;-;Mon Jul 27 15:32:18 2015 +0200;1438003938;-;-;Mon Jul 27 15:32:18 2015 +0200;1438003938
0e2e6cf045a668dba257dc2ef7016062b626e9a1;0e2e6cf045;-;-;Mon Jul 27 15:06:51 2015 +0200;1438002411;-;-;Mon Jul 27 15:06:51 2015 +0200;1438002411
0b0a5a9ed4c52f7ba5927d69cd4ef81d9dbb282e;0b0a5a9ed4;-;-;Mon Jul 27 14:30:46 2015 +0200;1438000246;-;-;Mon Jul 27 14:30:46 2015 +0200;1438000246
accb8519fd923f07dd79b0cc41db179d416c64e6;accb8519fd;-;-;Mon Jul 27 14:16:09 2015 +0200;1437999369;-;-;Mon Jul 27 14:16:09 2015 +0200;1437999369
40ea9ffd636923275af2788939f12a29459db476;40ea9ffd63;-;-;Mon Jul 27 13:06:54 2015 +0200;1437995214;-;-;Mon Jul 27 13:06:54 2015 +0200;1437995214
b6c0e7cba3de036b96fb84c8893cdd0ac316194e;b6c0e7cba3;-;-;Mon Jul 27 12:40:54 2015 +0200;1437993654;-;-;Mon Jul 27 12:40:54 2015 +0200;1437993654
98c7a63bb78996d14e58f8db38fc3b8fdd3c7306;98c7a63bb7;-;-;Mon Jul 27 12:07:30 2015 +0200;1437991650;-;-;Mon Jul 27 12:07:30 2015 +0200;1437991650
c5a037a5cf942996a1558b5483dc2a0d893a5682;c5a037a5cf;-;-;Sun Jul 26 20:54:53 2015 +0200;1437936893;-;-;Sun Jul 26 20:54:53 2015 +0200;1437936893
5b8b1dd378376da99e955ab55c5c544205c00ff1;5b8b1dd378;-;-;Sun Jul 26 20:54:27 2015 +0200;1437936867;-;-;Sun Jul 26 20:54:27 2015 +0200;1437936867
aae0bd2fb43092bd3e1bc5c3296265e760b4fc43;aae0bd2fb4;-;-;Sat Jul 25 21:53:09 2015 +0200;1437853989;-;-;Sat Jul 25 21:53:09 2015 +0200;1437853989
47e1724d0e8d2c8447112b8d88b516ac514fbb99;47e1724d0e;-;-;Sat Jul 25 21:29:57 2015 +0200;1437852597;-;-;Sat Jul 25 21:29:57 2015 +0200;1437852597
d6bdfcaa6e29ef40ead5dbbfd3e2bf6d6373f026;d6bdfcaa6e;-;-;Sat Jul 25 21:09:32 2015 +0200;1437851372;-;-;Sat Jul 25 21:09:32 2015 +0200;1437851372
baa66f7bfadd4fd3795e4e8215df70f8dc4af4d2;baa66f7bfa;-;-;Sat Jul 25 18:43:47 2015 +0200;1437842627;-;-;Sat Jul 25 18:43:47 2015 +0200;1437842627
c4bbc9df338dca9cff49b0c5e6c70c999eb47654;c4bbc9df33;-;-;Sat Jul 25 18:41:50 2015 +0200;1437842510;-;-;Sat Jul 25 18:41:50 2015 +0200;1437842510
3f8b51283e8c5a6e07bc3b5cc62659e831e19093;3f8b51283e;-;-;Sat Jul 25 18:22:26 2015 +0200;1437841346;-;-;Sat Jul 25 18:22:26 2015 +0200;1437841346
efd7f9bf729d3391e2f6182a2a2b7970ea26e840;efd7f9bf72;-;-;Fri Jul 24 18:24:19 2015 +0200;1437755059;-;-;Fri Jul 24 18:24:19 2015 +0200;1437755059
e1cce309ae6ceb75faa6cb09a6e51d3344210092;e1cce309ae;-;-;Fri Jul 24 18:19:27 2015 +0200;1437754767;-;-;Fri Jul 24 18:19:27 2015 +0200;1437754767
0f54f686b26c9a49c83ed775166ad9a10b0990cc;0f54f686b2;-;-;Fri Jul 24 17:50:31 2015 +0200;1437753031;-;-;Fri Jul 24 17:50:31 2015 +0200;1437753031
24b1dc14d28833b70f183b204281d4581890bcba;24b1dc14d2;-;-;Fri Jul 24 16:51:41 2015 +0200;1437749501;-;-;Fri Jul 24 16:51:41 2015 +0200;1437749501
dede31eeed505c17dafd670e6b9ee289de5fc396;dede31eeed;-;-;Fri Jul 24 16:51:01 2015 +0200;1437749461;-;-;Fri Jul 24 16:51:01 2015 +0200;1437749461
8e5244ac3dd218cceef42ee5fe959f932fe875e4;8e5244ac3d;-;-;Thu Jul 23 23:39:02 2015 +0200;1437687542;-;-;Fri Jul 24 00:00:24 2015 +0200;1437688824
2a995ae2462fa62387bd3290cb48664dae09f5d9;2a995ae246;-;-;Thu Jul 23 21:13:05 2015 +0200;1437678785;-;-;Thu Jul 23 21:13:05 2015 +0200;1437678785
0e67adb3a9692dcf93e09d67aaa448e23171e79b;0e67adb3a9;-;-;Thu Jul 23 19:15:18 2015 +0200;1437671718;-;-;Thu Jul 23 19:15:18 2015 +0200;1437671718
2afbfb2c0d3fcfe6c9a240a7e9d14ee44d44d9cb;2afbfb2c0d;-;-;Thu Jul 23 13:32:26 2015 +0200;1437651146;-;-;Thu Jul 23 13:32:26 2015 +0200;1437651146
43e36e2dee8e2c7be54ba3715cc355c8a35f9efc;43e36e2dee;-;-;Wed Jul 22 13:39:19 2015 +0200;1437565159;-;-;Thu Jul 23 11:12:28 2015 +0200;1437642748
3c799e6e05a44989016912b8b80af6d653f28035;3c799e6e05;-;-;Wed Jul 22 17:50:05 2015 +0200;1437580205;-;-;Wed Jul 22 17:50:05 2015 +0200;1437580205
758a470d63194607270a60936086a4608da418fa;758a470d63;-;-;Wed Jul 22 16:56:28 2015 +0200;1437576988;-;-;Wed Jul 22 16:56:28 2015 +0200;1437576988
bb51447860113f2c17d5e8d4df22c0ca1817b8f3;bb51447860;-;-;Wed Jul 22 16:46:13 2015 +0200;1437576373;-;-;Wed Jul 22 16:46:13 2015 +0200;1437576373
f06581f5b87a2db377f65778d3268af144c83c94;f06581f5b8;-;-;Wed Jul 22 14:20:12 2015 +0200;1437567612;-;-;Wed Jul 22 14:20:12 2015 +0200;1437567612
8196af4bc540f4648098fd460c654e35567308c2;8196af4bc5;-;-;Wed Jul 22 14:17:16 2015 +0200;1437567436;-;-;Wed Jul 22 14:17:16 2015 +0200;1437567436
27bd8d03746d5157cfeb62605913e864a4cf8c6a;27bd8d0374;-;-;Wed Jul 22 11:40:05 2015 +0200;1437558005;-;-;Wed Jul 22 11:40:05 2015 +0200;1437558005
cf2aed9d005686a7955c2ccfd42c07526b24fbd3;cf2aed9d00;-;-;Wed Jul 22 11:22:44 2015 +0200;1437556964;-;-;Wed Jul 22 11:22:44 2015 +0200;1437556964
ed20b3771c564fb0c0021046647a169819e808a9;ed20b3771c;-;-;Tue Jul 21 23:39:07 2015 +0200;1437514747;-;-;Tue Jul 21 23:39:07 2015 +0200;1437514747
edd6e76b9f16cbbb643f32fca8b74f041bde0034;edd6e76b9f;-;-;Tue Jul 21 22:58:34 2015 +0200;1437512314;-;-;Tue Jul 21 22:58:34 2015 +0200;1437512314
1a636b10230c550412de4cafafd9f1362e7ac77b;1a636b1023;-;-;Tue Jul 21 20:33:13 2015 +0200;1437503593;-;-;Tue Jul 21 20:33:13 2015 +0200;1437503593
7c22d60fd815e1b04d79f857e382c2aa4abe5409;7c22d60fd8;-;-;Tue Jul 21 20:33:03 2015 +0200;1437503583;-;-;Tue Jul 21 20:33:03 2015 +0200;1437503583
b277c081e773dc0dfbd4429bb03c7e91f2ded188;b277c081e7;-;-;Tue Jul 21 20:20:45 2015 +0200;1437502845;-;-;Tue Jul 21 20:20:45 2015 +0200;1437502845
dd0966e1f542602a871d774042b9a3c645a345f5;dd0966e1f5;-;-;Tue Jul 21 18:26:03 2015 +0200;1437495963;-;-;Tue Jul 21 18:26:03 2015 +0200;1437495963
d67d8ddf2d5e0f8c78bcd1832b83b13303d6e16b;d67d8ddf2d;-;-;Tue Jul 21 18:24:52 2015 +0200;1437495892;-;-;Tue Jul 21 18:24:52 2015 +0200;1437495892
2dfa1804f4b03d5dd9f4b86d012371277e100cd9;2dfa1804f4;-;-;Tue Jul 21 17:32:30 2015 +0200;1437492750;-;-;Tue Jul 21 17:32:30 2015 +0200;1437492750
420e8ca83315438778a232516c0ec15be65981a5;420e8ca833;-;-;Tue Jul 21 17:10:00 2015 +0200;1437491400;-;-;Tue Jul 21 17:10:00 2015 +0200;1437491400
6b84c332fd4ecacf8afd7c31f95645a679b8a103;6b84c332fd;-;-;Tue Jul 21 15:13:21 2015 +0200;1437484401;-;-;Tue Jul 21 15:13:21 2015 +0200;1437484401
088a50c1fbd4fd4d0cc89fb8733c90bff796b611;088a50c1fb;-;-;Tue Jul 21 14:28:44 2015 +0200;1437481724;-;-;Tue Jul 21 14:28:44 2015 +0200;1437481724
eef937e4f2d132d601d7bb82d54e1b724ee94dee;eef937e4f2;-;-;Tue Jul 21 12:09:25 2015 +0200;1437473365;-;-;Tue Jul 21 12:09:25 2015 +0200;1437473365
9149bf7ad4e1a47632020b8b89523398ebfd4146;9149bf7ad4;-;-;Tue Jul 21 11:57:02 2015 +0200;1437472622;-;-;Tue Jul 21 11:57:02 2015 +0200;1437472622
327785d19ebcf56163d173fac54b4c9c729b20b3;327785d19e;-;-;Tue Jul 21 10:36:14 2015 +0200;1437467774;-;-;Tue Jul 21 10:36:14 2015 +0200;1437467774
09e3fc40e5c24a9e10e807f892e1158ba16680d1;09e3fc40e5;-;-;Fri Jul 17 14:50:39 2015 +0200;1437137439;-;-;Tue Jul 21 10:08:04 2015 +0200;1437466084
d8fb6c557d890c2404c6bbc42790be469af55fe2;d8fb6c557d;-;-;Mon Jul 20 23:57:46 2015 +0200;1437429466;-;-;Mon Jul 20 23:57:46 2015 +0200;1437429466
dba46c13582051dce22f9ce0bbdf89894452886f;dba46c1358;-;-;Mon Jul 20 22:48:20 2015 +0200;1437425300;-;-;Mon Jul 20 22:48:20 2015 +0200;1437425300
19fcb72d704d1d75b17d53a24ad21e1a23a40389;19fcb72d70;-;-;Mon Jul 20 22:41:14 2015 +0200;1437424874;-;-;Mon Jul 20 22:41:30 2015 +0200;1437424890
bf06bf33abbf0d3169ae6465757808cf3bc9e4ab;bf06bf33ab;-;-;Mon Jul 20 21:56:04 2015 +0200;1437422164;-;-;Mon Jul 20 22:41:29 2015 +0200;1437424889
24ff4f56e112edaeb5e3261cd18bfd46de764003;24ff4f56e1;-;-;Mon Jul 20 17:03:44 2015 +0200;1437404624;-;-;Mon Jul 20 17:03:44 2015 +0200;1437404624
0153913ef4597e6a47517f763961a4c6cc232443;0153913ef4;-;-;Mon Jul 20 14:49:35 2015 +0200;1437396575;-;-;Mon Jul 20 14:55:48 2015 +0200;1437396948
c3e36ad960bf4584110825e040318735f7a46202;c3e36ad960;-;-;Mon Jul 20 14:35:33 2015 +0200;1437395733;-;-;Mon Jul 20 14:39:35 2015 +0200;1437395975
34a81b605abfa2c2d9d62652a43fbc6bf38e3016;34a81b605a;-;-;Mon Jul 20 13:04:34 2015 +0200;1437390274;-;-;Mon Jul 20 13:04:34 2015 +0200;1437390274
cad0665187cb9a7d578719c87376c44b62408624;cad0665187;-;-;Mon Jul 20 13:01:14 2015 +0200;1437390074;-;-;Mon Jul 20 13:01:14 2015 +0200;1437390074
57d55ddd56973cb2eac5f73ec86f094dba3301e6;57d55ddd56;-;-;Mon Jul 20 11:14:37 2015 +0200;1437383677;-;-;Mon Jul 20 11:14:37 2015 +0200;1437383677
70a03ee2a486a85dcee23b1d58217444979fb63f;70a03ee2a4;-;-;Mon Jul 20 10:09:33 2015 +0200;1437379773;-;-;Mon Jul 20 10:47:24 2015 +0200;1437382044
e9f64cf9ae919800690fb53b2c3484e57a80b26e;e9f64cf9ae;-;-;Sun Jul 19 20:23:51 2015 +0200;1437330231;-;-;Sun Jul 19 20:23:51 2015 +0200;1437330231
6950d977c23864ad3e9b42a3718bd54b575a6b54;6950d977c2;-;-;Sun Jul 19 19:52:38 2015 +0200;1437328358;-;-;Sun Jul 19 19:52:38 2015 +0200;1437328358
9124907b2981b844f0c7db59bf69db88e330f44b;9124907b29;-;-;Sun Jul 19 19:29:12 2015 +0200;1437326952;-;-;Sun Jul 19 19:29:12 2015 +0200;1437326952
5f3506ae8ffd94ca72eaab45cfcd49ee1124d298;5f3506ae8f;-;-;Sun Jul 19 19:27:43 2015 +0200;1437326863;-;-;Sun Jul 19 19:28:16 2015 +0200;1437326896
0d0e879ed0be11aecc7ad631192523b77d612faf;0d0e879ed0;-;-;Fri Jul 17 23:17:07 2015 +0300;1437164227;-;-;Fri Jul 17 23:17:07 2015 +0300;1437164227
c3e57dd245d45dfd334d1d44775c95093458b543;c3e57dd245;-;-;Fri Jul 17 18:55:46 2015 +0200;1437152146;-;-;Fri Jul 17 18:55:46 2015 +0200;1437152146
fca33f53e3cef7c15cec636a0a7b74dba49c0078;fca33f53e3;-;-;Fri Jul 17 18:52:02 2015 +0200;1437151922;-;-;Fri Jul 17 18:52:02 2015 +0200;1437151922
8e55ad1c08a6307a86b1bd320a72cbe3e236b245;8e55ad1c08;-;-;Fri Jul 17 16:33:15 2015 +0200;1437143595;-;-;Fri Jul 17 16:33:15 2015 +0200;1437143595
66d8c2819f50e0c97660a44cc9d9057216068b7f;66d8c2819f;-;-;Fri Jul 17 16:29:48 2015 +0200;1437143388;-;-;Fri Jul 17 16:29:48 2015 +0200;1437143388
0cce41eb94e63d8f8fba953cb4bb74f875b7f49e;0cce41eb94;-;-;Fri Jul 17 16:19:11 2015 +0200;1437142751;-;-;Fri Jul 17 16:19:11 2015 +0200;1437142751
cc0a4c1ea040b5601acb8408bd83ead9fafdab3b;cc0a4c1ea0;-;-;Fri Jul 17 15:25:51 2015 +0200;1437139551;-;-;Fri Jul 17 15:25:51 2015 +0200;1437139551
203f1225c38bdc161ee196eec278117096f37665;203f1225c3;-;-;Fri Jul 17 15:25:43 2015 +0200;1437139543;-;-;Fri Jul 17 15:25:43 2015 +0200;1437139543
7e2a662f637a1b2cecb2d99a6c1d119cd1b4acbf;7e2a662f63;-;-;Fri Jul 17 15:25:29 2015 +0200;1437139529;-;-;Fri Jul 17 15:25:29 2015 +0200;1437139529
2f8ac91872f64094084bac90bc1c8c7f4908f406;2f8ac91872;-;-;Fri Jul 17 15:24:52 2015 +0200;1437139492;-;-;Fri Jul 17 15:24:52 2015 +0200;1437139492
a8fb551b1c655a7ac0b953d6caed219402b13618;a8fb551b1c;-;-;Fri Jul 17 15:24:24 2015 +0200;1437139464;-;-;Fri Jul 17 15:24:24 2015 +0200;1437139464
9de824b73debb520189063ed61f4d3a6500e2767;9de824b73d;-;-;Fri Jul 17 15:24:12 2015 +0200;1437139452;-;-;Fri Jul 17 15:24:12 2015 +0200;1437139452
aedef43a9a2b88bb4e44362708c24ea0da8000ee;aedef43a9a;-;-;Fri Jul 17 15:24:04 2015 +0200;1437139444;-;-;Fri Jul 17 15:24:04 2015 +0200;1437139444
9f15f347bf11baa2d00543ddcde3e2de692ae6cb;9f15f347bf;-;-;Fri Jul 17 15:23:47 2015 +0200;1437139427;-;-;Fri Jul 17 15:23:47 2015 +0200;1437139427
106cce58cc32ef5afcbe17cf6bb18e325591a1be;106cce58cc;-;-;Fri Jul 17 13:32:38 2015 +0200;1437132758;-;-;Fri Jul 17 13:32:38 2015 +0200;1437132758
ec5019dbae32f81bba75a0aae0534a7e631a01fa;ec5019dbae;-;-;Fri Jul 17 11:09:56 2015 +0200;1437124196;-;-;Fri Jul 17 11:09:56 2015 +0200;1437124196
064abad9d872253dd5a9d68795e4b03543cd4112;064abad9d8;-;-;Fri Jul 17 10:31:37 2015 +0200;1437121897;-;-;Fri Jul 17 10:31:37 2015 +0200;1437121897
8e479e28ce554823f236d92769a692caf58f187b;8e479e28ce;-;-;Thu Jul 16 11:28:38 2015 +0200;1437038918;-;-;Thu Jul 16 11:28:38 2015 +0200;1437038918
f120f22d517d7f24ae1800875ea09b52a6667abc;f120f22d51;-;-;Thu Jul 16 09:26:48 2015 +0200;1437031608;-;-;Thu Jul 16 09:26:48 2015 +0200;1437031608
d183bbb6679f6550d28f7bf4f998f30fb240d932;d183bbb667;-;-;Wed Jul 15 15:42:17 2015 +0200;1436967737;-;-;Wed Jul 15 15:42:17 2015 +0200;1436967737
2577ac300b608899ab7327e16a97853c7188507a;2577ac300b;-;-;Wed Jul 15 15:21:37 2015 +0200;1436966497;-;-;Wed Jul 15 15:21:37 2015 +0200;1436966497
34de167e597dd7a56ab563163730782f59ed1e17;34de167e59;-;-;Wed Jul 15 13:34:16 2015 +0200;1436960056;-;-;Wed Jul 15 13:39:33 2015 +0200;1436960373
0783a1c667f9fbd34d4b86bc7d4204d8f4e04ee4;0783a1c667;-;-;Wed Jul 15 11:22:52 2015 +0200;1436952172;-;-;Wed Jul 15 11:22:52 2015 +0200;1436952172
ea2a1d33d91d492e2c691bfcf465da7760805cce;ea2a1d33d9;-;-;Wed Jul 15 02:19:46 2015 +0200;1436919586;-;-;Wed Jul 15 02:19:46 2015 +0200;1436919586
ef781b6353e453551fc5c30248f182894c98ccad;ef781b6353;-;-;Wed Jul 15 02:18:04 2015 +0200;1436919484;-;-;Wed Jul 15 02:18:04 2015 +0200;1436919484
293425625707dc469f24e64110719b1590f27484;2934256257;-;-;Wed Jul 15 00:08:11 2015 +0200;1436911691;-;-;Wed Jul 15 00:08:11 2015 +0200;1436911691
09eb49207939c530735eacb6ce003735b9391267;09eb492079;-;-;Wed Jul 15 00:05:39 2015 +0200;1436911539;-;-;Wed Jul 15 00:05:39 2015 +0200;1436911539
37f74e76f674e175813f36d3562a9333d7c6654e;37f74e76f6;-;-;Wed Jul 15 00:02:55 2015 +0200;1436911375;-;-;Wed Jul 15 00:02:55 2015 +0200;1436911375
f4f508d869a61283d1ae794cc9732656eefedf2f;f4f508d869;-;-;Tue Jul 14 23:58:30 2015 +0200;1436911110;-;-;Tue Jul 14 23:58:30 2015 +0200;1436911110
48f330dd31f4fa5105a28e75bf73a8c7d1cefd1c;48f330dd31;-;-;Tue Jul 14 23:56:09 2015 +0200;1436910969;-;-;Tue Jul 14 23:56:09 2015 +0200;1436910969
649d145103aa363f52296057d8d9cf1298c07d76;649d145103;-;-;Tue Jul 14 15:29:31 2015 +0300;1436876971;-;-;Tue Jul 14 15:29:31 2015 +0300;1436876971
de6bbe7797ec3c310c1e302f669ddf9a0b57950c;de6bbe7797;-;-;Tue Jul 14 10:34:28 2015 +0200;1436862868;-;-;Tue Jul 14 10:34:28 2015 +0200;1436862868
bdb63483df2cd81bdbcc963db8789f37ea2a6727;bdb63483df;-;-;Tue Jul 14 00:08:40 2015 +0200;1436825320;-;-;Tue Jul 14 00:08:40 2015 +0200;1436825320
1fcd465f2d281a432eee79adfe1d4d8dd7ec3630;1fcd465f2d;-;-;Mon Jul 13 21:34:07 2015 +0200;1436816047;-;-;Mon Jul 13 21:34:07 2015 +0200;1436816047
e0329306dffd31ca4f3b9dfd5167b4f7e612158e;e0329306df;-;-;Mon Jul 13 21:30:57 2015 +0200;1436815857;-;-;Mon Jul 13 21:30:57 2015 +0200;1436815857
8fdbf4285b65088599aed432f69f14825be867e6;8fdbf4285b;-;-;Mon Jul 13 17:41:57 2015 +0200;1436802117;-;-;Mon Jul 13 17:41:57 2015 +0200;1436802117
18c46713185744c477814959f1043d918300a0d8;18c4671318;-;-;Mon Jul 13 14:59:53 2015 +0200;1436792393;-;-;Mon Jul 13 14:59:53 2015 +0200;1436792393
41b58584eaa26f0ed028f2e533237154f012659d;41b58584ea;-;-;Mon Jul 13 14:59:43 2015 +0200;1436792383;-;-;Mon Jul 13 14:59:43 2015 +0200;1436792383
c7fef87e767898478d5fbe732690081d5f9f2557;c7fef87e76;-;-;Mon Jul 13 14:59:35 2015 +0200;1436792375;-;-;Mon Jul 13 14:59:35 2015 +0200;1436792375
d738dddd8fc73f6dfeb04dcad4ab95d97c20a99f;d738dddd8f;-;-;Mon Jul 13 14:43:06 2015 +0200;1436791386;-;-;Mon Jul 13 14:43:06 2015 +0200;1436791386
84138abfd1b436dd7046933e6cecd76fe37cd1ce;84138abfd1;-;-;Mon Jul 13 10:59:19 2015 +0200;1436777959;-;-;Mon Jul 13 10:59:19 2015 +0200;1436777959
882fe129f32abf78e9755fa8b8374d331a5f9a56;882fe129f3;-;-;Fri Jul 10 15:32:34 2015 +0200;1436535154;-;-;Fri Jul 10 16:42:50 2015 +0200;1436539370
9c46228a9738e453d89dfa6217a611da5790a7fb;9c46228a97;-;-;Fri Jul 10 17:21:46 2015 +0300;1436538106;-;-;Fri Jul 10 17:35:05 2015 +0300;1436538905
3d951755fa6a028364afd2b0f16e85b4ba19f817;3d951755fa;-;-;Fri Jul 10 02:38:54 2015 +0300;1436485134;-;-;Fri Jul 10 02:38:54 2015 +0300;1436485134
cd9b3903a743eb7656c41390a77b7be7c12f6a5f;cd9b3903a7;-;-;Thu Jul 9 22:19:46 2015 +0200;1436473186;-;-;Thu Jul 9 22:19:46 2015 +0200;1436473186
df9290c00dc7beb4e1b260f88809afae8cf5f870;df9290c00d;-;-;Thu Jul 9 16:57:31 2015 +0200;1436453851;-;-;Thu Jul 9 17:03:10 2015 +0200;1436454190
c1b526282444609145db74a24bf1808743833eae;c1b5262824;-;-;Thu Jul 9 17:18:56 2015 +0300;1436451536;-;-;Thu Jul 9 17:18:56 2015 +0300;1436451536
8e566026e0bf46f1c7b7ca2e38a37d2bee3a941e;8e566026e0;-;-;Thu Jul 9 12:08:16 2015 +0200;1436436496;-;-;Thu Jul 9 12:11:22 2015 +0200;1436436682
de6a649071767180ee6d91bc7fc03c8f208f4616;de6a649071;-;-;Thu Jul 9 11:29:48 2015 +0200;1436434188;-;-;Thu Jul 9 11:29:48 2015 +0200;1436434188
2e41c2e23db4f08ec2ebe927c48aaed18020e53c;2e41c2e23d;-;-;Wed Jul 8 18:40:08 2015 +0200;1436373608;-;-;Wed Jul 8 18:40:08 2015 +0200;1436373608
72f0ac7e5bd4db15fd1a67cdb3dcc4b130bf1b77;72f0ac7e5b;-;-;Wed Jul 8 18:33:35 2015 +0200;1436373215;-;-;Wed Jul 8 18:33:35 2015 +0200;1436373215
fd2c0cc982ed2ebd02b20db391e099f419976106;fd2c0cc982;-;-;Wed Jul 8 18:09:16 2015 +0200;1436371756;-;-;Wed Jul 8 18:09:16 2015 +0200;1436371756
14e168f2dc530c67d98f40974dd903810a0420a3;14e168f2dc;-;-;Wed Jul 8 15:19:47 2015 +0200;1436361587;-;-;Wed Jul 8 15:19:47 2015 +0200;1436361587
0940f43a4727c55e29fdccf8f6acc622214fd789;0940f43a47;-;-;Wed Jul 8 15:13:09 2015 +0200;1436361189;-;-;Wed Jul 8 15:13:09 2015 +0200;1436361189
f300325b1b2b6257225ca3b70c15115643e91053;f300325b1b;-;-;Wed Jul 8 15:08:29 2015 +0200;1436360909;-;-;Wed Jul 8 15:08:29 2015 +0200;1436360909
e3bb06c8783ca45633ee361bb637cc3236471479;e3bb06c878;-;-;Wed Jul 8 14:58:52 2015 +0200;1436360332;-;-;Wed Jul 8 14:58:52 2015 +0200;1436360332
bf786c31760722cfa9119b7c0b5412e9c1b7bd5d;bf786c3176;-;-;Wed Jul 8 14:51:07 2015 +0200;1436359867;-;-;Wed Jul 8 14:51:07 2015 +0200;1436359867
ef0eb01f93d6c485cf37692fd193833a6821272a;ef0eb01f93;-;-;Wed Jul 8 00:49:59 2015 +0200;1436309399;-;-;Wed Jul 8 01:08:16 2015 +0200;1436310496
3c2efeece40951f0775252a640165a51d71b47e6;3c2efeece4;-;-;Tue Jul 7 22:42:08 2015 +0200;1436301728;-;-;Tue Jul 7 22:42:08 2015 +0200;1436301728
66791200570a360b04484e0f95dba24743cddf5c;6679120057;-;-;Tue Jul 7 16:16:49 2015 -0400;1436300209;-;-;Tue Jul 7 16:17:37 2015 -0400;1436300257
08fb62570e77069b0f47d79baf2e750441b2bbfa;08fb62570e;-;-;Tue Jul 7 22:01:36 2015 +0200;1436299296;-;-;Tue Jul 7 22:01:36 2015 +0200;1436299296
5e24ee9b5599ee16a83b19c41ef6a8d5499cf5c7;5e24ee9b55;-;-;Tue Jul 7 21:37:46 2015 +0200;1436297866;-;-;Tue Jul 7 21:37:46 2015 +0200;1436297866
50bed38a85564f6a44a1c649c5ef64e015aa5613;50bed38a85;-;-;Tue Jul 7 21:23:02 2015 +0200;1436296982;-;-;Tue Jul 7 21:23:02 2015 +0200;1436296982
6890e65d2cd98ad89e08e2afbbb1213241a791ac;6890e65d2c;-;-;Tue Jul 7 12:33:32 2015 -0400;1436286812;-;-;Tue Jul 7 12:35:38 2015 -0400;1436286938
726a47dd8186c3309ce7f029a68c6da9e4e223c9;726a47dd81;-;-;Tue Jul 7 12:21:41 2015 -0400;1436286101;-;-;Tue Jul 7 12:35:38 2015 -0400;1436286938
7cac5d60a18117c5b9b149b32a7e1ab32cf2ee98;7cac5d60a1;-;-;Tue Jul 7 17:52:52 2015 +0200;1436284372;-;-;Tue Jul 7 17:52:52 2015 +0200;1436284372
f58e1db2e69b2bc0bcb4da7d83c01c1c9b56695d;f58e1db2e6;-;-;Tue Jul 7 16:49:26 2015 +0200;1436280566;-;-;Tue Jul 7 16:49:26 2015 +0200;1436280566
ca3ba7deb5e7c12b4cccc2dc3dc7241828b68d3e;ca3ba7deb5;-;-;Tue Jul 7 16:44:46 2015 +0200;1436280286;-;-;Tue Jul 7 16:44:46 2015 +0200;1436280286
11ec9998aeeef96560f41886984d44e450915e87;11ec9998ae;-;-;Tue Jul 7 16:44:33 2015 +0200;1436280273;-;-;Tue Jul 7 16:44:33 2015 +0200;1436280273
2a36abcaeaf13a0fc52a8e39d0ee4b3e5e4f5b50;2a36abcaea;-;-;Tue Jul 7 16:44:19 2015 +0200;1436280259;-;-;Tue Jul 7 16:44:19 2015 +0200;1436280259
97936140cc33fb0d5019f57a1f85ceef71a287df;97936140cc;-;-;Tue Jul 7 15:24:47 2015 +0200;1436275487;-;-;Tue Jul 7 15:43:39 2015 +0200;1436276619
f79a5c12d5a91c91c662cf77783dc1776a369a64;f79a5c12d5;-;-;Tue Jul 7 11:11:56 2015 +0200;1436260316;-;-;Tue Jul 7 11:11:56 2015 +0200;1436260316
dd16f64998cd84e551a63a357de845472e795098;dd16f64998;-;-;Tue Jul 7 10:01:22 2015 +0200;1436256082;-;-;Tue Jul 7 10:01:22 2015 +0200;1436256082
8ee0e78980de0e8ed2da2f6d30a145b63f9806d7;8ee0e78980;-;-;Tue Jul 7 09:34:39 2015 +0200;1436254479;-;-;Tue Jul 7 09:34:39 2015 +0200;1436254479
aea23e42c721c890f14434e879d5f12ca467ee88;aea23e42c7;-;-;Mon Jul 6 16:49:24 2015 +0200;1436194164;-;-;Tue Jul 7 09:26:06 2015 +0200;1436253966
0d1b7fd14f495bdbbaf8c5d05f8bfb884b133a47;0d1b7fd14f;-;-;Tue Jul 7 00:47:06 2015 -0400;1436244426;-;-;Tue Jul 7 00:47:06 2015 -0400;1436244426
dc715a0f192cabe5b5433f2f685d910e9c197ea1;dc715a0f19;-;-;Mon Jul 6 23:06:40 2015 -0400;1436238400;-;-;Mon Jul 6 23:06:40 2015 -0400;1436238400
9bb29fbc343ebe0b0188fdcec843e6fe1f3dd7e7;9bb29fbc34;-;-;Mon Jul 6 22:27:19 2015 -0400;1436236039;-;-;Mon Jul 6 22:27:19 2015 -0400;1436236039
fefc4b478f401ae779bf78d8f875198bca4b5085;fefc4b478f;-;-;Tue Jul 7 02:22:44 2015 +0200;1436228564;-;-;Tue Jul 7 02:22:44 2015 +0200;1436228564
145d88d152e2f207d5b252ddd0d7250ea777cfe5;145d88d152;-;-;Tue Jul 7 00:26:31 2015 +0200;1436221591;-;-;Tue Jul 7 00:26:31 2015 +0200;1436221591
f0175bc42d823abe3cc210b731ea9b408bc65ed5;f0175bc42d;-;-;Tue Jul 7 00:25:47 2015 +0200;1436221547;-;-;Tue Jul 7 00:25:47 2015 +0200;1436221547
df8e9638ee88472717a0e44d2ac7cc7416e4caa1;df8e9638ee;-;-;Tue Jul 7 00:24:39 2015 +0200;1436221479;-;-;Tue Jul 7 00:24:39 2015 +0200;1436221479
16cbfcfd2fb18f6ee55b720bf91321f76cc25d6e;16cbfcfd2f;-;-;Mon Jul 6 17:32:55 2015 -0400;1436218375;-;-;Mon Jul 6 17:32:55 2015 -0400;1436218375
0b43e4e4f2ae8d59bcfb16b8d88c6a0c3a7b7ace;0b43e4e4f2;-;-;Mon Jul 6 16:58:55 2015 -0400;1436216335;-;-;Mon Jul 6 17:07:20 2015 -0400;1436216840
5dcbc5db29fa48f1aedf15081657cad4d05e8f9e;5dcbc5db29;-;-;Mon Jul 6 15:53:10 2015 -0400;1436212390;-;-;Mon Jul 6 17:07:20 2015 -0400;1436216840
0f7fc125698b523eb56093f75c3191cf4b5551b8;0f7fc12569;-;-;Mon Jul 6 18:30:20 2015 +0200;1436200220;-;-;Mon Jul 6 18:30:20 2015 +0200;1436200220
67ac675e9a5a35cf2fa6d703d4bc0a2662729782;67ac675e9a;-;-;Mon Jul 6 14:41:52 2015 +0200;1436186512;-;-;Mon Jul 6 14:41:52 2015 +0200;1436186512
23124d106b730215ab9c540e7b7cc93312d51301;23124d106b;-;-;Mon Jul 6 14:01:51 2015 +0200;1436184111;-;-;Mon Jul 6 14:01:51 2015 +0200;1436184111
f0c6bff82a0c3a29fbcb55051c9e66ccfe373983;f0c6bff82a;-;-;Mon Jul 6 13:53:35 2015 +0200;1436183615;-;-;Mon Jul 6 13:53:35 2015 +0200;1436183615
b7acddbb1975b386553227f163dd00f37d8d73bd;b7acddbb19;-;-;Mon Jul 6 13:35:16 2015 +0200;1436182516;-;-;Mon Jul 6 13:35:16 2015 +0200;1436182516
3f0a6e814c36dd24c46b6a876bc04c3479b98a25;3f0a6e814c;-;-;Sat Jul 4 15:46:25 2015 +0200;1436017585;-;-;Sat Jul 4 15:46:36 2015 +0200;1436017596
85a80e2a946898d7258228092c8aab96b6b25f3f;85a80e2a94;-;-;Fri Jul 3 21:40:48 2015 +0200;1435952448;-;-;Fri Jul 3 21:40:48 2015 +0200;1435952448
ea0c37a535263a604ce13f3d784ebb0bcb7f1fd2;ea0c37a535;-;-;Fri Jul 3 18:38:20 2015 +0200;1435941500;-;-;Fri Jul 3 18:38:20 2015 +0200;1435941500
3c4ec9026a172bc178b77d3e2e2e8724171cf294;3c4ec9026a;-;-;Fri Jul 3 17:51:46 2015 +0200;1435938706;-;-;Fri Jul 3 17:51:46 2015 +0200;1435938706
0e70630ac4fabebd38f8037cfc4161b9a302b114;0e70630ac4;-;-;Fri Jul 3 17:01:21 2015 +0200;1435935681;-;-;Fri Jul 3 17:01:21 2015 +0200;1435935681
05f163b37deeb2d9063b32d368b768efcdb28785;05f163b37d;-;-;Thu Jul 2 16:03:35 2015 -0400;1435867415;-;-;Thu Jul 2 16:09:39 2015 -0400;1435867779
688014ad9d593adf508e0f983e9bbe31ef66e970;688014ad9d;-;-;Thu Jul 2 21:47:14 2015 +0200;1435866434;-;-;Thu Jul 2 21:47:14 2015 +0200;1435866434
79c7e30832d261069e00ad2ed21de7f8ae42394f;79c7e30832;-;-;Thu Jul 2 16:35:32 2015 +0200;1435847732;-;-;Thu Jul 2 16:35:32 2015 +0200;1435847732
6c58258d116d5f5c5be1b0d9676a98c417ea69c8;6c58258d11;-;-;Thu Jul 2 15:38:36 2015 +0200;1435844316;-;-;Thu Jul 2 15:38:36 2015 +0200;1435844316
0aac02d6496865dc987c60bf8fcf7b65eeb41801;0aac02d649;-;-;Wed Jul 1 20:55:12 2015 +0200;1435776912;-;-;Wed Jul 1 20:55:12 2015 +0200;1435776912
3272a3b8badc29fd6f6022476dfb0124fbfeca85;3272a3b8ba;-;-;Tue Jun 30 15:24:01 2015 -0400;1435692241;-;-;Tue Jun 30 15:24:01 2015 -0400;1435692241
244c95b076542b112ab884392ebfbc9ab6dd8db0;244c95b076;-;-;Tue Jun 30 18:53:53 2015 +0200;1435683233;-;-;Tue Jun 30 19:13:34 2015 +0200;1435684414
749bee4d58ddf2f92a30a4b362c07f12cee0eaaa;749bee4d58;-;-;Tue Jun 30 12:16:22 2015 -0400;1435680982;-;-;Tue Jun 30 12:16:22 2015 -0400;1435680982
df83196ad74ce2ddbf5a51ae8ef651a77f328b9a;df83196ad7;-;-;Tue Jun 30 18:11:47 2015 +0200;1435680707;-;-;Tue Jun 30 18:12:08 2015 +0200;1435680728
265cd2ad1e7e4fbb5bde44c61ec38c004ce91983;265cd2ad1e;-;-;Tue Jun 30 18:02:42 2015 +0200;1435680162;-;-;Tue Jun 30 18:02:42 2015 +0200;1435680162
0411435bac835de88a80a64b3f67b1b89244e907;0411435bac;-;-;Tue Jun 30 17:16:45 2015 +0200;1435677405;-;-;Tue Jun 30 17:16:45 2015 +0200;1435677405
d79ec68db40c381b8e205af52748ebd3163ee33b;d79ec68db4;-;-;Tue Jun 30 07:50:21 2015 -0400;1435665021;-;-;Tue Jun 30 07:50:21 2015 -0400;1435665021
2d6ec953e4d6e96c878f4d18f4dea30811145194;2d6ec953e4;-;-;Tue Jun 30 12:46:04 2015 +0200;1435661164;-;-;Tue Jun 30 12:46:04 2015 +0200;1435661164
4facb2fc22504d28a7b2057391efcb9f5ef9dde9;4facb2fc22;-;-;Tue Jun 30 12:45:43 2015 +0200;1435661143;-;-;Tue Jun 30 12:45:43 2015 +0200;1435661143
49aabd5ac249e02298acce06a2be037601aeb92e;49aabd5ac2;-;-;Tue Jun 30 00:30:42 2015 +0200;1435617042;-;-;Tue Jun 30 00:30:42 2015 +0200;1435617042
dc1f921f5c357ed6593b3d99b22cb8f6d34849f2;dc1f921f5c;-;-;Tue Jun 30 00:02:02 2015 +0200;1435615322;-;-;Tue Jun 30 00:02:02 2015 +0200;1435615322
26acb4887d5e8521e4f7d1bb23994e1992904996;26acb4887d;-;-;Mon Jun 29 23:47:37 2015 +0200;1435614457;-;-;Mon Jun 29 23:47:37 2015 +0200;1435614457
7c94c699df376e9916cccd9aacce4e0196ecd404;7c94c699df;-;-;Mon Jun 29 17:21:29 2015 +0200;1435591289;-;-;Mon Jun 29 17:21:29 2015 +0200;1435591289
595f9bfc415bd7850b9f1b5f5664cbb03761134f;595f9bfc41;-;-;Mon Jun 29 17:07:48 2015 +0200;1435590468;-;-;Mon Jun 29 17:07:48 2015 +0200;1435590468
110ccaa7213561c436aed1574a6c822e79010926;110ccaa721;-;-;Mon Jun 29 16:54:28 2015 +0200;1435589668;-;-;Mon Jun 29 16:54:45 2015 +0200;1435589685
a7d8103d640f76de95f92bdda87582a863d7ddba;a7d8103d64;-;-;Mon Jun 29 16:40:50 2015 +0200;1435588850;-;-;Mon Jun 29 16:54:44 2015 +0200;1435589684
39d689da0c938fa242f1c26cfe507a84a4256711;39d689da0c;-;-;Fri Jun 26 15:28:59 2015 +0200;1435325339;-;-;Mon Jun 29 16:47:27 2015 +0200;1435589247
338a18ef990cc849863c142af6ecc0245e148ddd;338a18ef99;-;-;Mon Jun 29 16:35:17 2015 +0200;1435588517;-;-;Mon Jun 29 16:37:58 2015 +0200;1435588678
42424d635918e66027e91a931448adebe8de79fa;42424d6359;-;-;Mon Jun 29 16:21:32 2015 +0200;1435587692;-;-;Mon Jun 29 16:21:32 2015 +0200;1435587692
b439402d5779ffdc8917f06586338bc966561efe;b439402d57;-;-;Mon Jun 29 15:15:16 2015 +0200;1435583716;-;-;Mon Jun 29 16:02:58 2015 +0200;1435586578
c9b26d80e1c3b439b3e3f3916c95387e9bf26601;c9b26d80e1;-;-;Mon Jun 29 15:57:58 2015 +0200;1435586278;-;-;Mon Jun 29 15:57:58 2015 +0200;1435586278
c61552b2587e0ad5ae09c6584497311441a468e2;c61552b258;-;-;Mon Jun 29 15:32:29 2015 +0200;1435584749;-;-;Mon Jun 29 15:32:29 2015 +0200;1435584749
e0d0fc53a98a034c08fc0092c9188e5b3e86a2fa;e0d0fc53a9;-;-;Mon Jun 29 11:31:10 2015 +0200;1435570270;-;-;Mon Jun 29 11:31:10 2015 +0200;1435570270
63a1348c32264efb80a71bef13af9f617842320b;63a1348c32;-;-;Sat Jun 27 22:44:42 2015 +0200;1435437882;-;-;Sat Jun 27 22:44:42 2015 +0200;1435437882
693dcba8679ebc83b6b871a214c9e4bf98449eb4;693dcba867;-;-;Sat Jun 27 21:53:19 2015 +0200;1435434799;-;-;Sat Jun 27 21:53:19 2015 +0200;1435434799
895d43a2b3a80c88390345fd2c135d1c9d1cc7d2;895d43a2b3;-;-;Sat Jun 27 02:50:07 2015 +0200;1435366207;-;-;Sat Jun 27 02:54:42 2015 +0200;1435366482
a2d3c27ed1b9fc573cb18262444b9c905ebd27a6;a2d3c27ed1;-;-;Fri Jun 26 22:17:53 2015 +0200;1435349873;-;-;Fri Jun 26 22:17:53 2015 +0200;1435349873
a5349eb2f86715b382a52909f7a990879fc5fd5c;a5349eb2f8;-;-;Fri Jun 26 22:06:13 2015 +0200;1435349173;-;-;Fri Jun 26 22:06:13 2015 +0200;1435349173
5b47504dd4abdb0d00c4596cc86107f46fcf3b82;5b47504dd4;-;-;Fri Jun 26 18:51:15 2015 +0200;1435337475;-;-;Fri Jun 26 18:51:15 2015 +0200;1435337475
8416752645d5327f07a13d5037931a1196dcad21;8416752645;-;-;Fri Jun 26 16:14:06 2015 +0200;1435328046;-;-;Fri Jun 26 16:14:06 2015 +0200;1435328046
34204d27f384f0f151ce1f50139a60d5c76026bf;34204d27f3;-;-;Fri Jun 26 15:52:31 2015 +0200;1435326751;-;-;Fri Jun 26 15:52:31 2015 +0200;1435326751
776716087caee9b8292cd733f858b360211ed1c8;776716087c;-;-;Fri Jun 26 11:59:14 2015 +0200;1435312754;-;-;Fri Jun 26 11:59:14 2015 +0200;1435312754
ba48d6489ff5b01ca656cceba19414b6eb404ebb;ba48d6489f;-;-;Thu Jun 25 23:48:25 2015 +0200;1435268905;-;-;Fri Jun 26 10:14:30 2015 +0200;1435306470
e72b821a73b23be8bc2b33c323dcd3b0bdc11b85;e72b821a73;-;-;Thu Jun 25 15:40:15 2015 +0200;1435239615;-;-;Fri Jun 26 10:14:30 2015 +0200;1435306470
89cc8e04014f9edd314de3eb4ec0d455f771d35e;89cc8e0401;-;-;Fri Jun 26 02:18:29 2015 +0200;1435277909;-;-;Fri Jun 26 02:18:29 2015 +0200;1435277909
3bff7bd895e47981751c91fbd222710b96315736;3bff7bd895;-;-;Fri Jun 26 02:15:37 2015 +0200;1435277737;-;-;Fri Jun 26 02:15:37 2015 +0200;1435277737
b542b5277500cd6261a6126bbd73fec2c9250e5b;b542b52775;-;-;Thu Jun 25 09:41:59 2015 -0400;1435239719;-;-;Thu Jun 25 09:41:59 2015 -0400;1435239719
6842fd7fb954e751fb6c310f7183527fd1876653;6842fd7fb9;-;-;Thu Jun 25 05:01:39 2015 -0400;1435222899;-;-;Thu Jun 25 09:25:21 2015 -0400;1435238721
289f35da3a57bb5e491b30c7351072b4e801c519;289f35da3a;-;-;Thu Jun 25 15:02:33 2015 +0200;1435237353;-;-;Thu Jun 25 15:02:33 2015 +0200;1435237353
51e30dd2211d635703359e907529a1ec871b91fa;51e30dd221;-;-;Wed Jun 24 23:59:22 2015 +0200;1435183162;-;-;Wed Jun 24 23:59:22 2015 +0200;1435183162
e8c8d2a6ad1d75b72bb680a2bf76043a7a8cee79;e8c8d2a6ad;-;-;Wed Jun 24 20:16:25 2015 +0200;1435169785;-;-;Wed Jun 24 20:16:25 2015 +0200;1435169785
8b50750511cc7c05832f1a138102ead02d7148da;8b50750511;-;-;Wed Jun 24 10:42:58 2015 -0400;1435156978;-;-;Wed Jun 24 10:46:45 2015 -0400;1435157205
7df9679399ceadb9c91a79acc05171ef14c1a52a;7df9679399;-;-;Wed Jun 24 16:13:29 2015 +0200;1435155209;-;-;Wed Jun 24 16:13:29 2015 +0200;1435155209
d32216a047150114b8a4626b8b3ee023aae954d2;d32216a047;-;-;Wed Jun 24 15:29:07 2015 +0200;1435152547;-;-;Wed Jun 24 15:29:07 2015 +0200;1435152547
0417b89a9d5fc4c599d6e3e5b89acb17dd2c5e84;0417b89a9d;-;-;Wed Jun 24 11:08:10 2015 +0200;1435136890;-;-;Wed Jun 24 11:08:10 2015 +0200;1435136890
89e504c2f1f5a72ccce054dbd616755aa9678fff;89e504c2f1;-;-;Tue Jun 23 22:30:25 2015 +0200;1435091425;-;-;Tue Jun 23 22:30:25 2015 +0200;1435091425
f2f58f1677357ca4e43e00080a97d40012257556;f2f58f1677;-;-;Tue Jun 23 21:26:50 2015 +0200;1435087610;-;-;Tue Jun 23 21:26:50 2015 +0200;1435087610
10a691bd510ecefe51eedee31e4abfdbf57d6ae8;10a691bd51;-;-;Tue Jun 23 20:36:37 2015 +0200;1435084597;-;-;Tue Jun 23 20:45:00 2015 +0200;1435085100
3da59178e59bb3efd3370a5dfea41b99d0dd39e8;3da59178e5;-;-;Tue Jun 23 18:38:00 2015 +0200;1435077480;-;-;Tue Jun 23 18:38:00 2015 +0200;1435077480
2451594cdd7ba4c99536571a998e90ae6dc8d5d8;2451594cdd;-;-;Tue Jun 23 18:30:47 2015 +0200;1435077047;-;-;Tue Jun 23 18:30:47 2015 +0200;1435077047
75fe61843ae10fdfbd223d4f2b72d436a68776a2;75fe61843a;-;-;Tue Jun 23 15:01:24 2015 +0200;1435064484;-;-;Tue Jun 23 15:15:09 2015 +0200;1435065309
e083683f4fe9206609201bb39a60bbd8ee0c8a0f;e083683f4f;-;-;Mon Jun 22 22:28:29 2015 -0400;1435026509;-;-;Mon Jun 22 22:30:44 2015 -0400;1435026644
25ff34f3c73466ad6c1ad2850c8a1448898ab261;25ff34f3c7;-;-;Sun Jun 21 23:27:12 2015 -0400;1434943632;-;-;Mon Jun 22 22:30:44 2015 -0400;1435026644
b6b76ad1b400b3bfd339f10f206d3f46bd02d095;b6b76ad1b4;-;-;Sun Jun 21 11:23:03 2015 -0400;1434900183;-;-;Mon Jun 22 22:30:44 2015 -0400;1435026644
d1cc8bac5cc4612caaa42e625b80b789a9c1dd80;d1cc8bac5c;-;-;Sun Jun 21 11:12:41 2015 -0400;1434899561;-;-;Mon Jun 22 22:30:44 2015 -0400;1435026644
31a5434ea433bdec2283797bf9415c02bb2f41c1;31a5434ea4;-;-;Mon Jun 22 13:52:17 2015 +0200;1434973937;-;-;Mon Jun 22 17:05:45 2015 +0200;1434985545
04a7ed5f911deb6ed83ebc8bab04300ab58d9b60;04a7ed5f91;-;-;Mon Jun 22 13:13:16 2015 +0200;1434971596;-;-;Mon Jun 22 13:13:16 2015 +0200;1434971596
4631add6cfe2537cc6bd5a442fe74a6604a62207;4631add6cf;-;-;Mon Jun 22 11:39:52 2015 +0200;1434965992;-;-;Mon Jun 22 13:01:42 2015 +0200;1434970902
9ada55dc6bd75059a8790193a137840ad8d20fec;9ada55dc6b;-;-;Mon Jun 22 11:22:23 2015 +0200;1434964943;-;-;Mon Jun 22 11:22:23 2015 +0200;1434964943
3b6548f3c20f32ea411eb94bf55fea7fe6965e4e;3b6548f3c2;-;-;Mon Jun 22 00:32:33 2015 +0200;1434925953;-;-;Mon Jun 22 00:32:33 2015 +0200;1434925953
dd4bc630c3de70204081ab196945d6b55ab03beb;dd4bc630c3;-;-;Mon Jun 22 00:29:44 2015 +0200;1434925784;-;-;Mon Jun 22 00:29:44 2015 +0200;1434925784
e134e3e51b0253cb120e50be31f0b4a55139b8f4;e134e3e51b;-;-;Sun Jun 21 16:25:00 2015 +0200;1434896700;-;-;Sun Jun 21 16:25:00 2015 +0200;1434896700
d0c0d9fc5a1c26a78ddfeda5bc511f136f623db6;d0c0d9fc5a;-;-;Sat Jun 20 18:27:36 2015 +0200;1434817656;-;-;Sat Jun 20 18:27:36 2015 +0200;1434817656
a0040245ca3bf968aec55db00f401e10b71a875f;a0040245ca;-;-;Sat Jun 20 17:52:57 2015 +0200;1434815577;-;-;Sat Jun 20 18:05:04 2015 +0200;1434816304
80622803b245c63be5a9cfc21fa53171f8372edf;80622803b2;-;-;Sat Jun 20 17:01:03 2015 +0200;1434812463;-;-;Sat Jun 20 17:01:03 2015 +0200;1434812463
594c3302055748a31c99239080c4ddb45c002e97;594c330205;-;-;Sat Jun 20 16:53:46 2015 +0200;1434812026;-;-;Sat Jun 20 16:53:46 2015 +0200;1434812026
de9f27872efce108670003c62294c6619f3b1182;de9f27872e;-;-;Sat Jun 20 16:12:18 2015 +0200;1434809538;-;-;Sat Jun 20 16:12:18 2015 +0200;1434809538
27d1ce84a3232bdf9d2944b8b04db8de3748c573;27d1ce84a3;-;-;Sat Jun 20 01:45:46 2015 +0200;1434757546;-;-;Sat Jun 20 01:45:46 2015 +0200;1434757546
fb83e83e789097ff3197bb93781ea09be92d6869;fb83e83e78;-;-;Sat Jun 20 01:21:39 2015 +0200;1434756099;-;-;Sat Jun 20 01:21:39 2015 +0200;1434756099
6c530b7bfbe1a918ee9e04d5155c5245dbb8b99e;6c530b7bfb;-;-;Fri Jun 19 17:14:10 2015 +0200;1434726850;-;-;Fri Jun 19 17:14:10 2015 +0200;1434726850
078d252d1e1d143579f91a207158ee0dd510444a;078d252d1e;-;-;Fri Jun 19 17:09:52 2015 +0200;1434726592;-;-;Fri Jun 19 17:09:52 2015 +0200;1434726592
b36c9f9f23369d3807526f8869b4aa41da02271f;b36c9f9f23;-;-;Fri Jun 19 15:24:23 2015 +0100;1434723863;-;-;Fri Jun 19 15:29:57 2015 +0100;1434724197
23547a72f3d777a107402dbde832a99fe23816d3;23547a72f3;-;-;Fri Jun 19 14:57:28 2015 +0100;1434722248;-;-;Fri Jun 19 14:57:28 2015 +0100;1434722248
20a1474554490b0d6ccf260b2e1dd425fcd6cac1;20a1474554;-;-;Fri Jun 19 14:40:01 2015 +0100;1434721201;-;-;Fri Jun 19 14:40:01 2015 +0100;1434721201
37d61375e2baa92b4b7b66a3af3a9501bd881f02;37d61375e2;-;-;Fri Jun 19 14:39:50 2015 +0100;1434721190;-;-;Fri Jun 19 14:39:50 2015 +0100;1434721190
ece12f9d370108549fffac105e4bcb7faeaaf124;ece12f9d37;-;-;Fri Jun 19 14:27:23 2015 +0100;1434720443;-;-;Fri Jun 19 14:27:23 2015 +0100;1434720443
1e39a188190f73be6715a43c34a5530d67df7052;1e39a18819;-;-;Thu Jun 18 18:04:29 2015 +0200;1434643469;-;-;Thu Jun 18 18:04:29 2015 +0200;1434643469
7025cd74ecba0acaf680857d50d366be01ffe892;7025cd74ec;-;-;Thu Jun 18 01:22:58 2015 +0200;1434583378;-;-;Thu Jun 18 01:22:58 2015 +0200;1434583378
f1c7dc4f4bcf0661b645134a55720f95b693ab4f;f1c7dc4f4b;-;-;Thu Jun 18 00:29:46 2015 +0200;1434580186;-;-;Thu Jun 18 00:29:46 2015 +0200;1434580186
042519043f774385b30591bf2e6476b7cbee9dfc;042519043f;-;-;Wed Jun 17 17:23:31 2015 -0400;1434576211;-;-;Wed Jun 17 17:23:31 2015 -0400;1434576211
0ef8af4798222eccfa69d3e3a0c339b170e6d072;0ef8af4798;-;-;Wed Jun 17 17:16:52 2015 -0400;1434575812;-;-;Wed Jun 17 17:16:52 2015 -0400;1434575812
8d7812b1b6c47c3edef1332639cb57b92327ec46;8d7812b1b6;-;-;Wed Jun 17 17:00:21 2015 -0400;1434574821;-;-;Wed Jun 17 17:03:36 2015 -0400;1434575016
7c09c2d5627e31b4a86388c4c0ebb0c5893691c0;7c09c2d562;-;-;Wed Jun 17 21:41:08 2015 +0100;1434573668;-;-;Wed Jun 17 21:41:08 2015 +0100;1434573668
0e00f5bbaa0edfbe803de27f255b03914dcbe690;0e00f5bbaa;-;-;Wed Jun 17 21:36:13 2015 +0100;1434573373;-;-;Wed Jun 17 21:36:13 2015 +0100;1434573373
b65c277fc6130a7cb1fcb729b0b3de6ef491ccdc;b65c277fc6;-;-;Wed Jun 17 21:30:02 2015 +0100;1434573002;-;-;Wed Jun 17 21:30:02 2015 +0100;1434573002
63f01c851fe9b0dfc8e3df6c9428b19b471ee99d;63f01c851f;-;-;Wed Jun 17 17:33:34 2015 +0200;1434555214;-;-;Wed Jun 17 16:15:59 2015 -0400;1434572159
be4329545a1e7fd336a7dc3c5ef70cd9a125912a;be4329545a;-;-;Wed Jun 17 17:43:27 2015 +0200;1434555807;-;-;Wed Jun 17 17:43:27 2015 +0200;1434555807
600e5915b41d18a6d9c40d48d5f3c294490cfc8a;600e5915b4;-;-;Wed Jun 17 17:03:01 2015 +0200;1434553381;-;-;Wed Jun 17 17:03:01 2015 +0200;1434553381
9f64230131dbe4d11c0c95986d5f5e58486aee7e;9f64230131;-;-;Wed Jun 17 13:02:26 2015 +0200;1434538946;-;-;Wed Jun 17 13:02:26 2015 +0200;1434538946
f9881511637c52836c8a1743fa586113de5cdfd5;f988151163;-;-;Wed Jun 10 16:14:17 2015 +0200;1433945657;-;-;Wed Jun 17 10:09:54 2015 +0200;1434528594
a421bd2c27dd77f7f6cb05b040d2024945199365;a421bd2c27;-;-;Wed Jun 17 10:08:58 2015 +0200;1434528538;-;-;Wed Jun 17 10:08:58 2015 +0200;1434528538
8743b6bb304e4af8a1d58b256139690d5a95c516;8743b6bb30;-;-;Tue Jun 16 22:04:16 2015 +0100;1434488656;-;-;Tue Jun 16 22:04:16 2015 +0100;1434488656
913d0bcf2459500888269b39f0276aee3178171b;913d0bcf24;-;-;Tue Jun 16 21:45:17 2015 +0100;1434487517;-;-;Tue Jun 16 21:45:17 2015 +0100;1434487517
d9f18f7355616e343b35b40e969e2e5cb58d3d67;d9f18f7355;-;-;Tue Jun 16 21:36:13 2015 +0100;1434486973;-;-;Tue Jun 16 21:36:13 2015 +0100;1434486973
d7f8fa50beb5f5e765535e3c4221db6c19893e7b;d7f8fa50be;-;-;Tue Jun 16 22:01:58 2015 +0200;1434484918;-;-;Tue Jun 16 22:01:58 2015 +0200;1434484918
92f1754b1ee794376026a64c78e3293c230899c5;92f1754b1e;-;-;Tue Jun 16 22:01:37 2015 +0200;1434484897;-;-;Tue Jun 16 22:01:37 2015 +0200;1434484897
581ab18b85f8b3ddb016a7dc7b65d372880a38da;581ab18b85;-;-;Tue Jun 16 21:56:17 2015 +0200;1434484577;-;-;Tue Jun 16 21:56:17 2015 +0200;1434484577
c8fcdadbae37ca9daa7e44d51116d084272a0781;c8fcdadbae;-;-;Tue Jun 16 15:33:50 2015 +0200;1434461630;-;-;Tue Jun 16 15:33:50 2015 +0200;1434461630
75c88ffbeba845c49c4869400d7206ff240339cd;75c88ffbeb;-;-;Tue Jun 16 15:23:56 2015 +0200;1434461036;-;-;Tue Jun 16 15:23:56 2015 +0200;1434461036
bd093eb6bfead14b978e4709fff69d0199bada23;bd093eb6bf;-;-;Tue Jun 16 15:00:11 2015 +0200;1434459611;-;-;Tue Jun 16 15:02:22 2015 +0200;1434459742
210e10c6576ac87906d1a1f8ae037df72dfd2a9c;210e10c657;-;-;Tue Jun 16 08:40:46 2015 -0400;1434458446;-;-;Tue Jun 16 08:48:56 2015 -0400;1434458936
818783350278f363d0b5246e36ade298a84d33f8;8187833502;-;-;Tue Jun 16 11:30:07 2015 +0200;1434447007;-;-;Tue Jun 16 11:30:07 2015 +0200;1434447007
a08c9f3137d114bbdd0cdb2800024d45a6a21e3a;a08c9f3137;-;-;Tue Jun 16 10:27:52 2015 +0200;1434443272;-;-;Tue Jun 16 10:27:52 2015 +0200;1434443272
ce7cc79e9f74bd830a64a6eefec81def0d308395;ce7cc79e9f;-;-;Tue Jun 16 00:18:45 2015 +0200;1434406725;-;-;Tue Jun 16 00:18:45 2015 +0200;1434406725
b7d3a2a25b7ecb434c2cc96d6edc59e98ed47ad1;b7d3a2a25b;-;-;Tue Jun 16 00:18:22 2015 +0200;1434406702;-;-;Tue Jun 16 00:18:22 2015 +0200;1434406702
371ea79b5f42d87ac6892bd2596a0be85eb20dfe;371ea79b5f;-;-;Tue Jun 16 00:17:16 2015 +0200;1434406636;-;-;Tue Jun 16 00:17:16 2015 +0200;1434406636
2bed89340b7cac7cb9d8d0e0398a2811e2fc6505;2bed89340b;-;-;Tue Jun 16 00:16:33 2015 +0200;1434406593;-;-;Tue Jun 16 00:16:33 2015 +0200;1434406593
4b05bda0bf1507af578f042a5a29901e307bccf2;4b05bda0bf;-;-;Mon Jun 15 16:09:19 2015 -0400;1434398959;-;-;Mon Jun 15 16:09:19 2015 -0400;1434398959
7b365583e39f6195a7b2d3b149b9a5290f3ab01f;7b365583e3;-;-;Mon Jun 15 14:57:34 2015 -0400;1434394654;-;-;Mon Jun 15 14:57:34 2015 -0400;1434394654
c41779f895f49758344b63dd40bcbf5ae1b2dee3;c41779f895;-;-;Mon Jun 15 20:35:48 2015 +0200;1434393348;-;-;Mon Jun 15 20:35:48 2015 +0200;1434393348
06a5ed9cae6700a310f09dbd1d8f0b758960728e;06a5ed9cae;-;-;Mon Jun 15 20:34:46 2015 +0200;1434393286;-;-;Mon Jun 15 20:34:46 2015 +0200;1434393286
f1d0368dd2a02312e3b84b73ab5654fdba89c8fe;f1d0368dd2;-;-;Mon Jun 15 18:18:02 2015 +0200;1434385082;-;-;Mon Jun 15 18:18:02 2015 +0200;1434385082
5236eb6b63f1b76463779faaa5963b61ab5492a4;5236eb6b63;-;-;Mon Jun 15 18:12:57 2015 +0200;1434384777;-;-;Mon Jun 15 18:13:07 2015 +0200;1434384787
10cb80a5003564ef2fb7866eab1fcdbd09f325c1;10cb80a500;-;-;Mon Jun 15 15:57:10 2015 +0200;1434376630;-;-;Mon Jun 15 15:57:10 2015 +0200;1434376630
7987f80866578f06ef36f72187c59b028a63f7ea;7987f80866;-;-;Mon Jun 15 15:55:53 2015 +0200;1434376553;-;-;Mon Jun 15 15:55:53 2015 +0200;1434376553
1c01f575c2d3407e5c3c18a58d19ee00f5420249;1c01f575c2;-;-;Mon Jun 15 15:46:14 2015 +0200;1434375974;-;-;Mon Jun 15 15:46:14 2015 +0200;1434375974
95acf8c989b0741195f993da40a39c07a500d59f;95acf8c989;-;-;Mon Jun 15 15:44:17 2015 +0200;1434375857;-;-;Mon Jun 15 15:44:29 2015 +0200;1434375869
68a704373dfcc3438eabb98f0767aed9cec4f95b;68a704373d;-;-;Sun Jun 14 23:35:23 2015 +0200;1434317723;-;-;Mon Jun 15 14:25:06 2015 +0100;1434374706
aed523c112e6f5fbcf4b2127f3d35c5fa15cad3e;aed523c112;-;-;Mon Jun 15 15:17:32 2015 +0200;1434374252;-;-;Mon Jun 15 15:17:32 2015 +0200;1434374252
c111ea89cf767ca83835f3cc1302c220343b0a35;c111ea89cf;-;-;Mon Jun 15 15:10:43 2015 +0200;1434373843;-;-;Mon Jun 15 15:10:43 2015 +0200;1434373843
06a0dfa6823e3c70249ec4a0dd96a3f18d5c6158;06a0dfa682;-;-;Mon Jun 15 14:37:44 2015 +0200;1434371864;-;-;Mon Jun 15 14:37:44 2015 +0200;1434371864
ea9d7aa337a323f4003279e08c8e039da79988bb;ea9d7aa337;-;-;Sun Jun 14 15:24:20 2015 +0200;1434288260;-;-;Sun Jun 14 15:24:20 2015 +0200;1434288260
32c17bf54021440d629fffb1389d3a586bfb42e3;32c17bf540;-;-;Sun Jun 14 00:21:15 2015 +0200;1434234075;-;-;Sun Jun 14 00:34:40 2015 +0200;1434234880
2b339db53b0fe3e1bef92c8b164fbe6b5d7d4fe7;2b339db53b;-;-;Sat Jun 13 17:09:58 2015 +0200;1434208198;-;-;Sat Jun 13 17:09:58 2015 +0200;1434208198
60cdfa535ed62a3072f52b8d08da1f1b8fd3317a;60cdfa535e;-;-;Sat Jun 13 16:09:03 2015 +0200;1434204543;-;-;Sat Jun 13 16:09:03 2015 +0200;1434204543
d49bf01c4afb4d0bd54f4a7cad02aa54e9ee185e;d49bf01c4a;-;-;Sat Jun 13 16:08:29 2015 +0200;1434204509;-;-;Sat Jun 13 16:08:29 2015 +0200;1434204509
2d23f42609c2e6a2ee6b0507f4b800870a63ca26;2d23f42609;-;-;Sat Jun 13 16:07:29 2015 +0200;1434204449;-;-;Sat Jun 13 16:07:29 2015 +0200;1434204449
6b7c1d72e855fcee2ba1edb852af3d9f472dc551;6b7c1d72e8;-;-;Fri Jun 12 22:31:41 2015 +0200;1434141101;-;-;Fri Jun 12 22:35:20 2015 +0200;1434141320
6fc388315e686650709e406aef377398fa71097f;6fc388315e;-;-;Fri Jun 12 21:59:44 2015 +0200;1434139184;-;-;Fri Jun 12 21:59:44 2015 +0200;1434139184
31c547456a54d75f7b35eec0b684b81bb34555bf;31c547456a;-;-;Fri Jun 12 19:27:56 2015 +0200;1434130076;-;-;Fri Jun 12 21:09:33 2015 +0200;1434136173
05de9a8c4accef1bcc0b09b061f81f6c0c8001d3;05de9a8c4a;-;-;Fri Jun 12 18:29:56 2015 +0200;1434126596;-;-;Fri Jun 12 19:19:22 2015 +0200;1434129562
e7f4544248e850960b7c51d1d384f414d5de153d;e7f4544248;-;-;Fri Jun 12 17:17:04 2015 +0200;1434122224;-;-;Fri Jun 12 19:19:22 2015 +0200;1434129562
f6d2fe471a26fb6ff5894480f50dd55365e62f06;f6d2fe471a;-;-;Wed Jun 10 16:52:09 2015 -0400;1433969529;-;-;Thu Jun 11 19:54:25 2015 +0200;1434045265
e2c8d3762fb1739193858553966474b82ec94791;e2c8d3762f;-;-;Thu Jun 11 16:34:33 2015 +0200;1434033273;-;-;Thu Jun 11 16:34:33 2015 +0200;1434033273
0175068cab7d294b6cce4369cbd7745dd03198ab;0175068cab;-;-;Fri Jun 5 14:30:09 2015 +0200;1433507409;-;-;Thu Jun 11 14:46:14 2015 +0200;1434026774
75edb3979eadde8df02bf4da28e2218511c991bb;75edb3979e;-;-;Thu Jun 11 14:44:19 2015 +0200;1434026659;-;-;Thu Jun 11 14:44:19 2015 +0200;1434026659
ad55687627e34a6b7d9d2917bc749406cf69c82d;ad55687627;-;-;Thu Jun 11 12:33:30 2015 +0200;1434018810;-;-;Thu Jun 11 12:33:30 2015 +0200;1434018810
32b9ea9e9f7268d3156b1bb83d0b5e1a59b5e123;32b9ea9e9f;-;-;Thu Jun 11 10:13:51 2015 +0200;1434010431;-;-;Thu Jun 11 10:13:51 2015 +0200;1434010431
4eea675c15f45e329ebfc072c6f5e8662702efdf;4eea675c15;-;-;Thu Jun 11 09:58:10 2015 +0200;1434009490;-;-;Thu Jun 11 09:58:10 2015 +0200;1434009490
e97506be5544cc4271f1ee08e04a26be2a876b48;e97506be55;-;-;Thu Jun 11 09:56:03 2015 +0200;1434009363;-;-;Thu Jun 11 09:56:03 2015 +0200;1434009363
9712a32c46629e564a2ef8738f7b6493a567e5d8;9712a32c46;-;-;Wed Jun 10 14:47:24 2015 -0400;1433962044;-;-;Wed Jun 10 14:47:24 2015 -0400;1433962044
4611d058c8e702a2bddc5ecfab7241860b3b2e38;4611d058c8;-;-;Thu May 21 11:43:56 2015 +0200;1432201436;-;-;Wed Jun 10 11:48:12 2015 -0400;1433951292
b02352d30f6afd00ffe4c0e8747885470486a55b;b02352d30f;-;-;Wed Jun 10 15:03:06 2015 +0200;1433941386;-;-;Wed Jun 10 15:03:06 2015 +0200;1433941386
a239116b764f16a0908bb7f8971033c7d7485926;a239116b76;-;-;Wed Jun 10 15:02:01 2015 +0200;1433941321;-;-;Wed Jun 10 15:02:01 2015 +0200;1433941321
b87816ed205b4976c47541f8838e931fc9a425c2;b87816ed20;-;-;Wed Jun 3 15:30:47 2015 +0200;1433338247;-;-;Tue Jun 9 10:57:31 2015 +0200;1433840251
a7aaf313d7129509f203907a30729b67f3893eff;a7aaf313d7;-;-;Mon Jun 8 18:12:58 2015 +0200;1433779978;-;-;Mon Jun 8 18:12:58 2015 +0200;1433779978
0b2c3dafcaddf1d977bf1445f4be18767083a869;0b2c3dafca;-;-;Mon Jun 8 18:11:20 2015 +0200;1433779880;-;-;Mon Jun 8 18:11:20 2015 +0200;1433779880
0c3b34f7d5448f26b4484856bdabb5f225d37453;0c3b34f7d5;-;-;Fri Jun 5 16:10:29 2015 +0200;1433513429;-;-;Fri Jun 5 16:55:15 2015 +0200;1433516115
e8441edcb7d0c59dbedc3f6994b989d02a9970bf;e8441edcb7;-;-;Fri Jun 5 16:41:07 2015 +0200;1433515267;-;-;Fri Jun 5 16:41:21 2015 +0200;1433515281
15da5efc865e4fa5946f6fde6e2c2bdee70f1c5e;15da5efc86;-;-;Thu Jun 4 17:17:39 2015 +0200;1433431059;-;-;Fri Jun 5 15:32:58 2015 +0200;1433511178
0a439f096fa7e9e7d536d23f2500c5509e7a9a7f;0a439f096f;-;-;Fri Jun 5 09:38:37 2015 +0200;1433489917;-;-;Fri Jun 5 09:38:37 2015 +0200;1433489917
5964e15421558165a4aa174f681664dbc166afc5;5964e15421;-;-;Fri Jun 5 00:11:09 2015 +0200;1433455869;-;-;Fri Jun 5 00:11:09 2015 +0200;1433455869
869b0bc7eed62463df87c3052f4fa84c28b56399;869b0bc7ee;-;-;Fri Jun 5 00:09:42 2015 +0200;1433455782;-;-;Fri Jun 5 00:09:42 2015 +0200;1433455782
d195ad216a8ff5962ab1d3de4f5d8f5f7933cb6f;d195ad216a;-;-;Thu Jun 4 23:27:40 2015 +0200;1433453260;-;-;Thu Jun 4 23:27:40 2015 +0200;1433453260
9410dff99cd193715de8cb0e242879018b775aec;9410dff99c;-;-;Thu Jun 4 23:25:18 2015 +0200;1433453118;-;-;Thu Jun 4 23:25:18 2015 +0200;1433453118
0db948e72d2e6dd7759705f2d11bac8f71cf62a7;0db948e72d;-;-;Thu Jun 4 15:42:15 2015 -0400;1433446935;-;-;Thu Jun 4 15:42:15 2015 -0400;1433446935
ff8597fa801f9544065c6ccaf8c5235c8962c5d7;ff8597fa80;-;-;Thu Jun 4 15:25:20 2015 -0400;1433445920;-;-;Thu Jun 4 15:25:20 2015 -0400;1433445920
384ee69300fb64874709da04fa484acb838cbce1;384ee69300;-;-;Thu Jun 4 15:23:53 2015 -0400;1433445833;-;-;Thu Jun 4 15:23:53 2015 -0400;1433445833
39e820b4bfe785e7b6be60dc743645d5e3ac3815;39e820b4bf;-;-;Thu Jun 4 15:20:37 2015 -0400;1433445637;-;-;Thu Jun 4 15:20:37 2015 -0400;1433445637
d4ee75ddf041835e229d5a7857206030e8c5be65;d4ee75ddf0;-;-;Wed Jun 3 21:31:12 2015 -0400;1433381472;-;-;Wed Jun 3 21:31:12 2015 -0400;1433381472
d3b5aeb768b89d960302b471bd4b3e913dd2df27;d3b5aeb768;-;-;Wed Jun 3 21:20:34 2015 -0400;1433380834;-;-;Wed Jun 3 21:26:43 2015 -0400;1433381203
e5dc6e964cce2ad32ce7ffbe682d177c43cb6191;e5dc6e964c;-;-;Wed Jun 3 21:18:31 2015 -0400;1433380711;-;-;Wed Jun 3 21:26:43 2015 -0400;1433381203
08c032d9fdf3f0016008e1ebfe98c1a60c5ea5dd;08c032d9fd;-;-;Wed Jun 3 11:42:49 2015 +0200;1433324569;-;-;Wed Jun 3 11:42:49 2015 +0200;1433324569
d6056182aa8f7599f435e867a7e57cd67c18f91d;d6056182aa;-;-;Wed Jun 3 10:31:55 2015 +0200;1433320315;-;-;Wed Jun 3 10:31:55 2015 +0200;1433320315
e5f76af193d1ea4c57c1a0a7af0d8a77da2cd75f;e5f76af193;-;-;Tue Jun 2 16:11:56 2015 +0200;1433254316;-;-;Tue Jun 2 19:14:12 2015 +0200;1433265252
4f1286a4c3bad9a36afe4db487ef1080b54e64cc;4f1286a4c3;-;-;Tue Jun 2 14:18:00 2015 +0200;1433247480;-;-;Tue Jun 2 14:18:00 2015 +0200;1433247480
8c337a48a973bb3522fca22910b379a3e0062bcc;8c337a48a9;-;-;Mon Jun 1 20:34:14 2015 +0200;1433183654;-;-;Mon Jun 1 20:34:14 2015 +0200;1433183654
11401bd5e469dfc381a75431b9addb9e189d6336;11401bd5e4;-;-;Mon Jun 1 18:35:57 2015 +0200;1433176557;-;-;Mon Jun 1 18:35:57 2015 +0200;1433176557
89c1674b899de475181604f8a48f907742261698;89c1674b89;-;-;Tue May 19 22:09:37 2015 +0300;1432062577;-;-;Mon Jun 1 10:56:53 2015 -0400;1433170613
4297612e4c4db53a92c0b6c0c11679a76389fab8;4297612e4c;-;-;Mon Jun 1 10:03:49 2015 -0400;1433167429;-;-;Mon Jun 1 10:03:49 2015 -0400;1433167429
3e74476c11713ad983bb47abaa705e465baff346;3e74476c11;-;-;Mon Jun 1 09:48:06 2015 -0400;1433166486;-;-;Mon Jun 1 09:48:06 2015 -0400;1433166486
ab245926626e6a3b0bf64bf89b064df0b175ac99;ab24592662;-;-;Mon Jun 1 14:14:23 2015 +0200;1433160863;-;-;Mon Jun 1 14:14:23 2015 +0200;1433160863
53d095aa2864d14453ffb412f99e2d2b21568a53;53d095aa28;-;-;Mon Jun 1 13:56:44 2015 +0200;1433159804;-;-;Mon Jun 1 13:56:44 2015 +0200;1433159804
a6f53ef2a7f7960a5ad294fd342ca69620298cdf;a6f53ef2a7;-;-;Mon Jun 1 13:37:08 2015 +0200;1433158628;-;-;Mon Jun 1 13:37:08 2015 +0200;1433158628
4ecb8611bc445a745362424288afd53172e30203;4ecb8611bc;-;-;Mon Jun 1 09:21:57 2015 +0200;1433143317;-;-;Mon Jun 1 09:21:57 2015 +0200;1433143317
81844191f837036caf826383b7d843941e9b0a8b;81844191f8;-;-;Sun May 31 23:06:15 2015 +0200;1433106375;-;-;Sun May 31 23:06:15 2015 +0200;1433106375
4dffeeee6467e8d0597e769e979c606edd7e5506;4dffeeee64;-;-;Sun May 31 22:51:37 2015 +0200;1433105497;-;-;Sun May 31 22:52:01 2015 +0200;1433105521
de06f422f33aaa54617225e29ca64ea470b7d77d;de06f422f3;-;-;Sun May 31 21:54:49 2015 +0200;1433102089;-;-;Sun May 31 22:51:53 2015 +0200;1433105513
485790dc0e3860ea6e2a2939e3eef76293f12d84;485790dc0e;-;-;Sun May 31 21:24:32 2015 +0200;1433100272;-;-;Sun May 31 21:24:32 2015 +0200;1433100272
0d6b01b694ecd0d512ff5c54c3f18bc1c63401c2;0d6b01b694;-;-;Sun May 31 21:08:26 2015 +0200;1433099306;-;-;Sun May 31 21:08:26 2015 +0200;1433099306
1a56b4750224931f24c1567a8785a1bde30fc8b9;1a56b47502;-;-;Sun May 31 18:50:35 2015 +0200;1433091035;-;-;Sun May 31 18:50:35 2015 +0200;1433091035
60eb9e9ca248c02ac58bff42ccfc2e2648b40907;60eb9e9ca2;-;-;Sun May 31 18:34:01 2015 +0200;1433090041;-;-;Sun May 31 18:34:01 2015 +0200;1433090041
f0c08130114fb72ed5014a0800f51a185d3e19a9;f0c0813011;-;-;Sun May 31 18:20:52 2015 +0200;1433089252;-;-;Sun May 31 18:20:52 2015 +0200;1433089252
72b44af862d70eb18ac1f067731d3a3129882807;72b44af862;-;-;Sun May 31 18:16:49 2015 +0200;1433089009;-;-;Sun May 31 18:17:52 2015 +0200;1433089072
891d41c005d69f9016ccc35a52dc2e99c9da34a0;891d41c005;-;-;Sun May 31 18:13:57 2015 +0200;1433088837;-;-;Sun May 31 18:13:57 2015 +0200;1433088837
1b5947bf889547a2bca7d5226ea5081680175bcf;1b5947bf88;-;-;Sun May 31 17:44:45 2015 +0200;1433087085;-;-;Sun May 31 17:44:45 2015 +0200;1433087085
9ce7485237b51aa68cfd4a23174fc4c7aa401fdd;9ce7485237;-;-;Sun May 31 17:21:03 2015 +0200;1433085663;-;-;Sun May 31 17:21:03 2015 +0200;1433085663
6a5b2672e7e70992e38ee1d54d0ede9dc38532a8;6a5b2672e7;-;-;Sun May 31 17:00:23 2015 +0200;1433084423;-;-;Sun May 31 17:00:23 2015 +0200;1433084423
c55486d5d589ca09ae4dde8dc8503810dbf980db;c55486d5d5;-;-;Sun May 31 16:32:45 2015 +0200;1433082765;-;-;Sun May 31 16:32:45 2015 +0200;1433082765
034e0e2cf4a78de2d527f9e96c9a1369ac578325;034e0e2cf4;-;-;Sun May 31 16:20:21 2015 +0200;1433082021;-;-;Sun May 31 16:20:38 2015 +0200;1433082038
25a5d9d759a93bf0219c5283765c02899d7fae5b;25a5d9d759;-;-;Sun May 31 16:07:09 2015 +0200;1433081229;-;-;Sun May 31 16:20:33 2015 +0200;1433082033
c4c3ce796a2861f2b6e4f354d6ff92ee82a7263a;c4c3ce796a;-;-;Sun May 31 15:58:51 2015 +0200;1433080731;-;-;Sun May 31 16:07:27 2015 +0200;1433081247
845f4f2bb7791f4c759e06b7f22109e33ba91b5d;845f4f2bb7;-;-;Sun May 31 15:37:31 2015 +0200;1433079451;-;-;Sun May 31 15:39:15 2015 +0200;1433079555
94aa90646b2111d55740b4eac39ad0cdb8eb99a6;94aa90646b;-;-;Sun May 31 15:32:56 2015 +0200;1433079176;-;-;Sun May 31 15:32:56 2015 +0200;1433079176
7b10dc6e93b714f9469399d6dbe0c7cc092f54af;7b10dc6e93;-;-;Fri May 29 23:24:09 2015 +0200;1432934649;-;-;Fri May 29 23:24:09 2015 +0200;1432934649
60a5ec87d03e4dea9a1a3550bec06797c889e66f;60a5ec87d0;-;-;Fri May 29 23:23:52 2015 +0200;1432934632;-;-;Fri May 29 23:23:52 2015 +0200;1432934632
35c3e7c0f33331cbd592804159e7c8c5ba9e88f5;35c3e7c0f3;-;-;Fri May 29 23:10:25 2015 +0200;1432933825;-;-;Fri May 29 23:10:25 2015 +0200;1432933825
250787a35a2422c0bc12b43232d89df75ca8b4a3;250787a35a;-;-;Fri May 29 22:58:55 2015 +0200;1432933135;-;-;Fri May 29 22:58:55 2015 +0200;1432933135
518c85b1077e34b63d17dfbf5d0149bb7c764f00;518c85b107;-;-;Fri May 29 22:48:55 2015 +0200;1432932535;-;-;Fri May 29 22:48:55 2015 +0200;1432932535
1afc938da18f6e8aa17e85166ccb581311b664dc;1afc938da1;-;-;Fri May 29 22:45:34 2015 +0200;1432932334;-;-;Fri May 29 22:45:34 2015 +0200;1432932334
9f717871e6aafaa0bc53762622b21cacdfff5584;9f717871e6;-;-;Fri May 29 22:04:10 2015 +0200;1432929850;-;-;Fri May 29 22:04:10 2015 +0200;1432929850
9afcd17c718834e2e07e0374fe1e47610e893c0c;9afcd17c71;-;-;Fri May 29 21:36:00 2015 +0200;1432928160;-;-;Fri May 29 21:36:00 2015 +0200;1432928160
46be176875d33fb3d11980929854e3a9ec7a44fe;46be176875;-;-;Fri May 29 21:17:33 2015 +0200;1432927053;-;-;Fri May 29 21:17:33 2015 +0200;1432927053
8f233786ed3a5969ebcbb8aeb8d5d82e852ac179;8f233786ed;-;-;Fri May 29 02:05:44 2015 +0200;1432857944;-;-;Fri May 29 02:05:44 2015 +0200;1432857944
7018747ceccb0f715093af2a12312e42d52d9579;7018747cec;-;-;Fri May 29 02:03:44 2015 +0200;1432857824;-;-;Fri May 29 02:03:44 2015 +0200;1432857824
a31d1bdf608388d25f8bfe3f4b385a063bf0807f;a31d1bdf60;-;-;Fri May 29 01:43:50 2015 +0200;1432856630;-;-;Fri May 29 01:43:50 2015 +0200;1432856630
f41de12cf62aebf1be9b30be590c12eb2c030853;f41de12cf6;-;-;Tue May 26 16:51:26 2015 +0200;1432651886;-;-;Wed May 27 17:55:10 2015 +0200;1432742110
a2f152ce8bdbd99f97e4d4b5aced4b5b2b778d86;a2f152ce8b;-;-;Tue May 26 16:45:40 2015 +0200;1432651540;-;-;Wed May 27 17:03:01 2015 +0200;1432738981
0ac0e2ce2067f40362ebbc4d4deb5eee251b149a;0ac0e2ce20;-;-;Tue May 26 16:43:50 2015 +0200;1432651430;-;-;Wed May 27 16:15:25 2015 +0200;1432736125
197f6594f4b04482f64402cf423e0607adafb843;197f6594f4;-;-;Sun May 24 17:20:49 2015 +0200;1432480849;-;-;Sun May 24 17:59:30 2015 +0200;1432483170
c80932490f2ffb5d3e538c061b8f450fcde642a5;c80932490f;-;-;Sun May 24 16:42:09 2015 +0200;1432478529;-;-;Sun May 24 16:42:09 2015 +0200;1432478529
b6f2d95c3e2c9ef42285dfe86c57dfa5bc193a71;b6f2d95c3e;-;-;Sun May 24 15:56:56 2015 +0200;1432475816;-;-;Sun May 24 15:58:20 2015 +0200;1432475900
8ecae8697a2215dee5bfeadbc868da55dfe002e1;8ecae8697a;-;-;Sun May 24 15:55:54 2015 +0200;1432475754;-;-;Sun May 24 15:58:20 2015 +0200;1432475900
d5974a18abb8ee62b05833f3bff45c5bee468e65;d5974a18ab;-;-;Sun May 24 15:53:50 2015 +0200;1432475630;-;-;Sun May 24 15:58:19 2015 +0200;1432475899
a1fc2097a1af5451d5e0f19f55c450f1ddc1c898;a1fc2097a1;-;-;Sun May 24 15:09:22 2015 +0200;1432472962;-;-;Sun May 24 15:58:07 2015 +0200;1432475887
c13f6895379fca74c62b2ccf47bd8fd36222ebea;c13f689537;-;-;Sun May 24 00:13:53 2015 +0200;1432419233;-;-;Sun May 24 00:13:53 2015 +0200;1432419233
7f22f09890882b2ecd450c211921add3e12d51e7;7f22f09890;-;-;Sat May 23 23:58:35 2015 +0200;1432418315;-;-;Sat May 23 23:58:35 2015 +0200;1432418315
def7663ec465ee293d70efd14dbded1fa3332ee5;def7663ec4;-;-;Sat May 23 23:45:27 2015 +0200;1432417527;-;-;Sat May 23 23:46:48 2015 +0200;1432417608
ae5c8285a68013cbf96c997465ffe18372b371b2;ae5c8285a6;-;-;Sat May 23 22:40:05 2015 +0200;1432413605;-;-;Sat May 23 22:40:05 2015 +0200;1432413605
7e2e9a80d0129d5488edbe54cc469b50f481ed3e;7e2e9a80d0;-;-;Sat May 23 22:27:13 2015 +0200;1432412833;-;-;Sat May 23 22:29:12 2015 +0200;1432412952
7bf609f11164c54b66a84632fb2ac4ac06ddae1c;7bf609f111;-;-;Sat May 23 22:23:34 2015 +0200;1432412614;-;-;Sat May 23 22:29:12 2015 +0200;1432412952
c622f4c487b0a42db8e04d1ec905ea7942885462;c622f4c487;-;-;Sat May 23 22:24:10 2015 +0200;1432412650;-;-;Sat May 23 22:24:10 2015 +0200;1432412650
62d1b4b6e8d79e5ce0fa4fcf52b671a6dbfcb335;62d1b4b6e8;-;-;Sat May 23 20:27:50 2015 +0200;1432405670;-;-;Sat May 23 20:30:03 2015 +0200;1432405803
92bf32b9be75f0f87646d5f894e85f7d07ff6105;92bf32b9be;-;-;Sat May 23 20:04:48 2015 +0200;1432404288;-;-;Sat May 23 20:04:48 2015 +0200;1432404288
e0a11f2ae7e1c391ce19dd9d71a14dcb917813e4;e0a11f2ae7;-;-;Sat May 23 20:02:42 2015 +0200;1432404162;-;-;Sat May 23 20:02:42 2015 +0200;1432404162
f5e096e2a03fc470b62419f977f9b764e2743598;f5e096e2a0;-;-;Sat May 23 19:52:03 2015 +0200;1432403523;-;-;Sat May 23 19:52:03 2015 +0200;1432403523
b9e13ea3089b435d54afb7a86699c2b9fad26a95;b9e13ea308;-;-;Sat May 23 18:25:50 2015 +0200;1432398350;-;-;Sat May 23 18:25:50 2015 +0200;1432398350
f38068923014e6a1abedcff5df1860d94c832717;f380689230;-;-;Sat May 23 18:18:03 2015 +0200;1432397883;-;-;Sat May 23 18:18:03 2015 +0200;1432397883
1e50d8d5c2ea044885c4f98198b96a773f3e8c97;1e50d8d5c2;-;-;Sat May 23 17:33:25 2015 +0200;1432395205;-;-;Sat May 23 18:09:39 2015 +0200;1432397379
ab92f4ed3a89fd37298f8c5bb2dadedada15ad16;ab92f4ed3a;-;-;Sat May 23 01:01:39 2015 +0200;1432335699;-;-;Sat May 23 01:01:39 2015 +0200;1432335699
05d475a2751b3d913ebecdcde7804c9ac3883aae;05d475a275;-;-;Fri May 22 23:50:47 2015 +0200;1432331447;-;-;Fri May 22 23:50:47 2015 +0200;1432331447
5f60d700a156efcce60b5e4ee19720180205bc47;5f60d700a1;-;-;Fri May 22 23:50:39 2015 +0200;1432331439;-;-;Fri May 22 23:50:39 2015 +0200;1432331439
41e4273a71fdaa557a60c32348f6ca82218d3c33;41e4273a71;-;-;Fri May 22 23:50:31 2015 +0200;1432331431;-;-;Fri May 22 23:50:31 2015 +0200;1432331431
d7a361315fe6a9d08dfb501f27ad3aa11d14a918;d7a361315f;-;-;Fri May 22 23:50:22 2015 +0200;1432331422;-;-;Fri May 22 23:50:22 2015 +0200;1432331422
57e765f9ca6eacaa2e78a027e910d615675c2eac;57e765f9ca;-;-;Fri May 22 23:46:28 2015 +0200;1432331188;-;-;Fri May 22 23:46:28 2015 +0200;1432331188
9983add0f59d046209f7126c9f84c0b10fb00f71;9983add0f5;-;-;Fri May 22 23:01:28 2015 +0200;1432328488;-;-;Fri May 22 23:01:28 2015 +0200;1432328488
347264e4d99e078aac5a55363bb21d12377a4d33;347264e4d9;-;-;Fri May 22 22:53:14 2015 +0200;1432327994;-;-;Fri May 22 22:53:31 2015 +0200;1432328011
9e6494eef6f7ce254166c0781f71b7f7a1ab74eb;9e6494eef6;-;-;Fri May 22 22:31:56 2015 +0200;1432326716;-;-;Fri May 22 22:31:56 2015 +0200;1432326716
bd787769be49fb935648330daa68bece2775eeea;bd787769be;-;-;Fri May 22 21:40:36 2015 +0200;1432323636;-;-;Fri May 22 21:40:36 2015 +0200;1432323636
2e4dabb349a2d2604f436755c36dc9636c92af59;2e4dabb349;-;-;Fri May 22 21:37:50 2015 +0200;1432323470;-;-;Fri May 22 21:37:50 2015 +0200;1432323470
bbd3f902d0ed2c309623f62f760ef63c15282141;bbd3f902d0;-;-;Fri May 22 14:14:20 2015 -0400;1432318460;-;-;Fri May 22 14:14:20 2015 -0400;1432318460
c48e8708a7cc3117603f843166a3389c7ad16a07;c48e8708a7;-;-;Fri May 22 13:43:02 2015 -0400;1432316582;-;-;Fri May 22 13:44:09 2015 -0400;1432316649
92bd7bba50597fdce87a9267707fef10ecccca6b;92bd7bba50;-;-;Fri May 22 12:31:16 2015 -0400;1432312276;-;-;Fri May 22 13:44:09 2015 -0400;1432316649
3a2da3f7015918060cf3a256e31ea70a4e2b101e;3a2da3f701;-;-;Fri May 22 17:54:10 2015 +0200;1432310050;-;-;Fri May 22 17:54:10 2015 +0200;1432310050
73170224c97a63dd75ad1c9d4d1158c7f693f6b9;73170224c9;-;-;Fri May 22 17:46:34 2015 +0200;1432309594;-;-;Fri May 22 17:46:34 2015 +0200;1432309594
91ed5b6b8c2d045c061f38ba20aec24659009050;91ed5b6b8c;-;-;Fri May 22 08:07:09 2015 -0700;1432307229;-;-;Fri May 22 08:07:09 2015 -0700;1432307229
5a3eea8adbc00c12bac13d566e7859d25e346395;5a3eea8adb;-;-;Fri May 22 16:54:14 2015 +0200;1432306454;-;-;Fri May 22 16:54:14 2015 +0200;1432306454
e7ea92561d5d5c0f25e49def6b9d4e7d1dd6b9c6;e7ea92561d;-;-;Fri May 22 16:42:26 2015 +0200;1432305746;-;-;Fri May 22 16:42:26 2015 +0200;1432305746
ca09b1ff200280c885bca7a4191711e7a21e62de;ca09b1ff20;-;-;Fri May 22 15:47:51 2015 +0200;1432302471;-;-;Fri May 22 15:52:49 2015 +0200;1432302769
18946c829f04163464b1ef6b8790975642da8e88;18946c829f;-;-;Fri May 22 09:24:02 2015 -0400;1432301042;-;-;Fri May 22 09:24:02 2015 -0400;1432301042
0db216daab820ac2913c65f97cbdd0e1df8f6ba0;0db216daab;-;-;Fri May 22 09:06:18 2015 -0400;1432299978;-;-;Fri May 22 09:06:18 2015 -0400;1432299978
fee63fdfb854c072ebfe23db1d7e949647320fd4;fee63fdfb8;-;-;Fri May 22 12:16:59 2015 +0200;1432289819;-;-;Fri May 22 12:16:59 2015 +0200;1432289819
5255e7ae21e6cd6fa25b5f2f7f8379d72f803885;5255e7ae21;-;-;Fri May 22 11:24:54 2015 +0200;1432286694;-;-;Fri May 22 11:30:56 2015 +0200;1432287056
d3db99c2017af1e0eb3482068d038f69dacc0abc;d3db99c201;-;-;Fri May 22 10:34:07 2015 +0200;1432283647;-;-;Fri May 22 11:29:13 2015 +0200;1432286953
792b7b9d114b4075c3bbe111ffdf056261c60562;792b7b9d11;-;-;Fri May 22 11:19:17 2015 +0200;1432286357;-;-;Fri May 22 11:19:17 2015 +0200;1432286357
2dc674f356fbe941b98301f89494767f80d55e6a;2dc674f356;-;-;Thu May 21 19:58:57 2015 +0200;1432231137;-;-;Fri May 22 10:33:28 2015 +0200;1432283608
27c435c4eae6502ba068a5da8c19d626c28316c3;27c435c4ea;-;-;Fri May 22 10:28:40 2015 +0200;1432283320;-;-;Fri May 22 10:28:40 2015 +0200;1432283320
39b2fbbccf154adf511d3c3084087ce2d0b80af4;39b2fbbccf;-;-;Fri May 22 10:21:23 2015 +0200;1432282883;-;-;Fri May 22 10:21:23 2015 +0200;1432282883
4549d76fbecadcf53e79c9d0bef1f7c6d2e4cc71;4549d76fbe;-;-;Fri May 22 00:07:51 2015 +0200;1432246071;-;-;Fri May 22 00:07:51 2015 +0200;1432246071
a87d5f8a63f69691fb7bac5aa758fc1b73dc0f18;a87d5f8a63;-;-;Thu May 21 20:16:20 2015 +0200;1432232180;-;-;Thu May 21 20:16:20 2015 +0200;1432232180
6fb31903536c0a41dd4fbe153c81494ccfd4d405;6fb3190353;-;-;Thu May 21 17:48:11 2015 +0200;1432223291;-;-;Thu May 21 17:48:11 2015 +0200;1432223291
2ab34373d17c251b0ee89d4fa4537998164413c6;2ab34373d1;-;-;Thu May 21 15:10:51 2015 +0200;1432213851;-;-;Thu May 21 15:10:51 2015 +0200;1432213851
4d5fca596dfe193556ad7148d16aae718805a84d;4d5fca596d;-;-;Thu May 21 14:30:12 2015 +0200;1432211412;-;-;Thu May 21 14:30:12 2015 +0200;1432211412
3d86f15a847d4567c3b08b21a21500398a394e31;3d86f15a84;-;-;Mon Apr 20 08:39:28 2015 +0200;1429511968;-;-;Thu May 21 13:49:55 2015 +0200;1432208995
ad4c8795ae13c94f942526765b5cf36ac6c3ae9b;ad4c8795ae;-;-;Wed May 20 17:06:47 2015 -0400;1432156007;-;-;Wed May 20 17:06:47 2015 -0400;1432156007
af67bd944be8aeb247c282b7d7bf0efcf8144d81;af67bd944b;-;-;Wed May 20 16:43:01 2015 -0400;1432154581;-;-;Wed May 20 16:43:01 2015 -0400;1432154581
1ba0625cd9d9043b3b80a0de872cfbaf3e324467;1ba0625cd9;-;-;Wed May 20 15:11:49 2015 -0400;1432149109;-;-;Wed May 20 15:12:32 2015 -0400;1432149152
01d1e71d66386d2c6124e9b739a8e923e46d83e5;01d1e71d66;-;-;Wed May 20 20:46:53 2015 +0200;1432147613;-;-;Wed May 20 20:46:53 2015 +0200;1432147613
0ed9ca097bb499b46c67d34d59e08a1337758097;0ed9ca097b;-;-;Fri May 15 11:22:29 2015 +0200;1431681749;-;-;Wed May 20 17:19:42 2015 +0200;1432135182
271804f105becc7ac484c7e2a0760e575d36de1b;271804f105;-;-;Wed May 20 15:35:11 2015 +0200;1432128911;-;-;Wed May 20 15:35:11 2015 +0200;1432128911
de893ada2b951437ab8f4aa1d569b90d2bea8bf0;de893ada2b;-;-;Wed May 20 15:15:29 2015 +0200;1432127729;-;-;Wed May 20 15:15:29 2015 +0200;1432127729
b4095c3e1d61fc7279e6b2ca105ec60c3cd7128c;b4095c3e1d;-;-;Wed May 20 14:34:09 2015 +0200;1432125249;-;-;Wed May 20 14:34:16 2015 +0200;1432125256
57e0c789a81bb68410bd2ef9e824d81b76b05909;57e0c789a8;-;-;Tue May 19 23:57:30 2015 +0200;1432072650;-;-;Tue May 19 23:57:30 2015 +0200;1432072650
c5d6cc41346710f8277057d52ce90dcf0705a528;c5d6cc4134;-;-;Tue May 19 21:40:52 2015 +0200;1432064452;-;-;Tue May 19 21:40:52 2015 +0200;1432064452
9e5a33c1b36cae7a7541251509bf032455838fdf;9e5a33c1b3;-;-;Tue May 19 15:58:27 2015 +0200;1432043907;-;-;Tue May 19 18:01:08 2015 +0200;1432051268
876c9694c4f5f01161a311e30c2ac2cdd37d0335;876c9694c4;-;-;Tue May 19 12:40:02 2015 +0200;1432032002;-;-;Tue May 19 15:35:40 2015 +0200;1432042540
c36435c0427c75d4dcee382a88a466ad96241faa;c36435c042;-;-;Tue May 19 12:21:35 2015 +0200;1432030895;-;-;Tue May 19 12:48:40 2015 +0200;1432032520
cf391f5ce18efefcd0ec8570fcd45b43cf6fea62;cf391f5ce1;-;-;Tue May 19 08:49:01 2015 +0200;1432018141;-;-;Tue May 19 08:49:01 2015 +0200;1432018141
60e342e7d4880ff90d73db88e3039dce26d2fcc2;60e342e7d4;-;-;Mon May 18 23:54:12 2015 +0200;1431986052;-;-;Mon May 18 23:54:12 2015 +0200;1431986052
6418b54f81a9e56242fb78fda4bf95e7b3d4c572;6418b54f81;-;-;Mon May 18 23:53:39 2015 +0200;1431986019;-;-;Mon May 18 23:53:39 2015 +0200;1431986019
6468aa775ca34cd3b052b9b78562ce0db951a1e4;6468aa775c;-;-;Mon May 18 16:47:05 2015 -0400;1431982025;-;-;Mon May 18 16:48:05 2015 -0400;1431982085
69fc2a8ab2cdfc355b53d544085eeebb2c7ae7cd;69fc2a8ab2;-;-;Fri Oct 11 18:27:20 2013 -0300;1381526840;-;-;Mon May 18 16:48:05 2015 -0400;1431982085
d686f615f6d207ef9ad554cf7a9850cebd977b10;d686f615f6;-;-;Mon May 18 15:24:21 2015 -0400;1431977061;-;-;Mon May 18 15:24:21 2015 -0400;1431977061
90d54285d292fca38727700874824092fb6a3dc9;90d54285d2;-;-;Mon May 18 15:18:28 2015 -0400;1431976708;-;-;Mon May 18 15:18:28 2015 -0400;1431976708
d32f5773da338ce706a2ff0bc6d48f0ffce5237b;d32f5773da;-;-;Mon May 18 14:56:26 2015 -0400;1431975386;-;-;Mon May 18 14:56:26 2015 -0400;1431975386
5e8d83833474dd884d85633d57d33566cf176c51;5e8d838334;-;-;Mon May 18 12:17:42 2015 -0400;1431965862;-;-;Mon May 18 12:20:54 2015 -0400;1431966054
0b84f137ccec2a31ced652d5edb1f1565c9670c0;0b84f137cc;-;-;Mon May 18 16:47:48 2015 +0200;1431960468;-;-;Mon May 18 16:47:48 2015 +0200;1431960468
e6f99ffe37ec63309dd1117cc221933b79ccdbdc;e6f99ffe37;-;-;Mon May 18 16:19:45 2015 +0200;1431958785;-;-;Mon May 18 16:19:45 2015 +0200;1431958785
008c9a3b459a5dfd14ae334f03099cbff848d7d9;008c9a3b45;-;-;Mon May 18 16:17:11 2015 +0200;1431958631;-;-;Mon May 18 16:17:11 2015 +0200;1431958631
1e7d954fcb5c47fab5ee61d8c43664e5edda6072;1e7d954fcb;-;-;Mon May 18 16:16:58 2015 +0200;1431958618;-;-;Mon May 18 16:16:58 2015 +0200;1431958618
441ed801d98a5dd86522c26367b4eb263b6f40c5;441ed801d9;-;-;Mon May 18 13:48:07 2015 +0200;1431949687;-;-;Mon May 18 13:48:07 2015 +0200;1431949687
decb55ce14f71f195517a62c66ff1027537dc163;decb55ce14;-;-;Mon May 18 10:53:15 2015 +0200;1431939195;-;-;Mon May 18 10:57:14 2015 +0200;1431939434
a76bbae51d17b59048f9ea74a829442ab1aeb39f;a76bbae51d;-;-;Mon May 18 10:46:38 2015 +0200;1431938798;-;-;Mon May 18 10:46:38 2015 +0200;1431938798
428499a384371089a0d89e449a1d0f647f9b111d;428499a384;-;-;Mon May 18 00:43:41 2015 +0200;1431902621;-;-;Mon May 18 00:43:41 2015 +0200;1431902621
f13f493551f6af6740a2aa6297b926b063ac6d44;f13f493551;-;-;Sun May 17 22:21:44 2015 +0200;1431894104;-;-;Sun May 17 22:24:29 2015 +0200;1431894269
973582e7dfecbc9b5f78d38b57fac4d04994379b;973582e7df;-;-;Sun May 17 17:14:09 2015 +0200;1431875649;-;-;Sun May 17 17:14:09 2015 +0200;1431875649
68322fc42ac72e92bcd9df13834f1b10d51699e9;68322fc42a;-;-;Sun May 17 15:47:39 2015 +0200;1431870459;-;-;Sun May 17 15:47:39 2015 +0200;1431870459
439b64069a8ba48cce96b27cec757b5c79130f7b;439b64069a;-;-;Sat May 16 20:30:00 2015 +0200;1431801000;-;-;Sat May 16 20:30:00 2015 +0200;1431801000
49fff7513d918fe5293adda1bb0be3332c4803b2;49fff7513d;-;-;Sat May 16 00:52:51 2015 +0200;1431730371;-;-;Sat May 16 00:52:51 2015 +0200;1431730371
696a010e81c678f449320c3573cc26a0558baa07;696a010e81;-;-;Fri May 15 18:18:05 2015 -0400;1431728285;-;-;Fri May 15 18:18:05 2015 -0400;1431728285
0612bc7bc5a82ff7414d8c8bcf665599d23a5225;0612bc7bc5;-;-;Fri May 8 14:48:46 2015 +0900;1431064126;-;-;Fri May 15 15:23:57 2015 +0200;1431696237
c0269770af0f2f51cc7758aa096d8369907d439f;c0269770af;-;-;Fri May 15 11:43:18 2015 +0200;1431682998;-;-;Fri May 15 11:43:18 2015 +0200;1431682998
8dec8823fb51e300a8afbe96dc9c2e3e411bb8c8;8dec8823fb;-;-;Wed May 13 08:56:32 2015 +0200;1431500192;-;-;Fri May 15 09:54:03 2015 +0200;1431676443
477d4c5126ac986083ed2678be84641fca106dbf;477d4c5126;-;-;Thu May 14 21:25:24 2015 +0200;1431631524;-;-;Thu May 14 21:25:54 2015 +0200;1431631554
ca410fea531c5d486e034df3ab815229d7356f86;ca410fea53;-;-;Wed May 13 15:03:33 2015 -0400;1431543813;-;-;Thu May 14 14:51:13 2015 -0400;1431629473
3e59c244f90c59aa98bed773cbae95416b591d36;3e59c244f9;-;-;Thu May 14 14:42:04 2015 -0400;1431628924;-;-;Thu May 14 14:50:00 2015 -0400;1431629400
2c408b7069d3cf629edc396f79226d6b7fd0ddb6;2c408b7069;-;-;Thu May 14 10:06:33 2015 -0400;1431612393;-;-;Thu May 14 10:06:33 2015 -0400;1431612393
e843bcc725d555ed51d30e95661b2041f5a5a797;e843bcc725;-;-;Thu May 14 06:19:47 2015 -0400;1431598787;-;-;Thu May 14 06:19:47 2015 -0400;1431598787
bccd59e6c8845c6521d3b325bea89bcbcbe4d833;bccd59e6c8;-;-;Thu May 14 03:49:59 2015 +0200;1431568199;-;-;Thu May 14 03:49:59 2015 +0200;1431568199
ebed52cc223c2e66d7103e34ab4a4b37b866859c;ebed52cc22;-;-;Wed May 13 15:41:19 2015 +0200;1431524479;-;-;Wed May 13 16:06:36 2015 +0200;1431525996
03ade48d68f0f3fc2ad7c3cbfbb44f147da0cc42;03ade48d68;-;-;Wed May 13 14:25:04 2015 +0200;1431519904;-;-;Wed May 13 16:06:36 2015 +0200;1431525996
dc39e3565c312e9c77b24e437834ada8b99b0828;dc39e3565c;-;-;Wed May 13 15:47:45 2015 +0200;1431524865;-;-;Wed May 13 15:47:45 2015 +0200;1431524865
9799df397a2166c5eceab2358476b352abb757d8;9799df397a;-;-;Wed May 13 15:45:48 2015 +0200;1431524748;-;-;Wed May 13 15:45:48 2015 +0200;1431524748
0711d6d0df08ca762b4a29641dc496da99163546;0711d6d0df;-;-;Wed May 13 15:04:26 2015 +0200;1431522266;-;-;Wed May 13 15:04:26 2015 +0200;1431522266
ef7cf2c6506ce860d54eb7abf71cdffbfa6437d7;ef7cf2c650;-;-;Wed May 13 14:58:02 2015 +0200;1431521882;-;-;Wed May 13 14:58:02 2015 +0200;1431521882
02d28ae9eef79afef18659b6a140b55720b452da;02d28ae9ee;-;-;Wed May 13 14:54:36 2015 +0200;1431521676;-;-;Wed May 13 14:54:36 2015 +0200;1431521676
71c3e4e4ee2d0cf206fd733a424b6afb83254f13;71c3e4e4ee;-;-;Wed May 13 14:30:09 2015 +0200;1431520209;-;-;Wed May 13 14:30:09 2015 +0200;1431520209
02da2e85ee0e58202b90d11c126e6050abe184b4;02da2e85ee;-;-;Tue May 12 22:33:18 2015 +0200;1431462798;-;-;Tue May 12 22:33:18 2015 +0200;1431462798
49c600b23494e203c91e47b126ce3eb46103b9d8;49c600b234;-;-;Tue May 12 22:04:59 2015 +0200;1431461099;-;-;Tue May 12 22:04:59 2015 +0200;1431461099
e83d495cbba0796b1f2269b9ad7a02ffac1ca5a8;e83d495cbb;-;-;Tue May 12 22:04:44 2015 +0200;1431461084;-;-;Tue May 12 22:04:44 2015 +0200;1431461084
281588d7bb9b4c15e72d743f5d88cc5ff39ff2de;281588d7bb;-;-;Wed May 6 18:31:26 2015 -0400;1430951486;-;-;Tue May 12 15:29:12 2015 -0400;1431458952
52153bd4541f374d433463ef11be0b6298595ae2;52153bd454;-;-;Tue May 12 21:06:27 2015 +0200;1431457587;-;-;Tue May 12 21:06:27 2015 +0200;1431457587
00147379f94660b552b961f0969664acaedb3e5c;00147379f9;-;-;Mon May 11 21:52:38 2015 +0200;1431373958;-;-;Mon May 11 22:22:23 2015 +0200;1431375743
0d2859c99b9100605d83e47e7de706da149ac10b;0d2859c99b;-;-;Mon May 11 19:04:29 2015 +0200;1431363869;-;-;Mon May 11 22:01:23 2015 +0200;1431374483
58d8a81b16540cfd7a716373f55ac00e8e9fa39b;58d8a81b16;-;-;Mon May 11 20:42:24 2015 +0200;1431369744;-;-;Mon May 11 20:42:24 2015 +0200;1431369744
6422f7a0a1cf209301c581db0ad8a483db1efda7;6422f7a0a1;-;-;Mon May 11 18:13:45 2015 +0200;1431360825;-;-;Mon May 11 18:13:45 2015 +0200;1431360825
64a01d64c5a6fa963d93d8430b318fe1dd6eb4f4;64a01d64c5;-;-;Mon May 11 14:42:45 2015 +0200;1431348165;-;-;Mon May 11 14:42:45 2015 +0200;1431348165
549e888cd7dddd2aad922cac7952fa49e7c20691;549e888cd7;-;-;Mon May 11 14:20:19 2015 +0200;1431346819;-;-;Mon May 11 14:20:19 2015 +0200;1431346819
d14e29a5c0379e3519305fe61112454d0d1bc9ce;d14e29a5c0;-;-;Mon May 11 13:39:22 2015 +0200;1431344362;-;-;Mon May 11 13:39:22 2015 +0200;1431344362
7ea50238a65442e6a9a8856142243bdec49e8806;7ea50238a6;-;-;Mon May 11 10:51:07 2015 +0200;1431334267;-;-;Mon May 11 10:51:07 2015 +0200;1431334267
fcf75c90b12f9344d70a7d8f89ce8c3ae9ee46c9;fcf75c90b1;-;-;Sun May 10 13:10:04 2015 +0200;1431256204;-;-;Sun May 10 13:10:04 2015 +0200;1431256204
92c1751d356456cadc7703d1efc1767b80ebd82a;92c1751d35;-;-;Sun May 10 12:43:27 2015 +0200;1431254607;-;-;Sun May 10 12:43:27 2015 +0200;1431254607
cf51f0c0aa84d48de5b4ac2ea1029d80efb552c7;cf51f0c0aa;-;-;Sat May 9 21:02:40 2015 +0200;1431198160;-;-;Sat May 9 21:02:40 2015 +0200;1431198160
efe3a35da871a7ef34148dfb65d6a96cac1fccb9;efe3a35da8;-;-;Sat May 9 20:32:18 2015 +0200;1431196338;-;-;Sat May 9 20:32:28 2015 +0200;1431196348
1f54ba001b6c114aa9ef49a73d176837a23ea56d;1f54ba001b;-;-;Sat May 9 19:09:00 2015 +0200;1431191340;-;-;Sat May 9 20:32:27 2015 +0200;1431196347
94f9a0b03a2335d7ccc021c7c33b8b32e01d83ed;94f9a0b03a;-;-;Sat May 9 19:27:14 2015 +0200;1431192434;-;-;Sat May 9 19:27:14 2015 +0200;1431192434
cf0a91679336bdc195aec5aa1688e82beaaa9a86;cf0a916793;-;-;Sat May 9 18:05:31 2015 +0200;1431187531;-;-;Sat May 9 18:05:31 2015 +0200;1431187531
f9c391034161a2fc795033958d68820ca2e1ed93;f9c3910341;-;-;Sat May 9 17:55:18 2015 +0200;1431186918;-;-;Sat May 9 17:55:18 2015 +0200;1431186918
1e046435ab3461e417ae822a6903bfb14359e7bb;1e046435ab;-;-;Sat May 9 15:29:33 2015 +0200;1431178173;-;-;Sat May 9 15:29:33 2015 +0200;1431178173
acfc95e260b189f41225464127d91d553f515c83;acfc95e260;-;-;Sat May 9 12:24:16 2015 +0200;1431167056;-;-;Sat May 9 12:24:16 2015 +0200;1431167056
1722fa667819c3cafc6b5de93d7c93bbd570cd47;1722fa6678;-;-;Fri May 8 23:56:08 2015 +0200;1431122168;-;-;Fri May 8 23:56:08 2015 +0200;1431122168
4bf32578b561d42fb3a7c7dcdef4e9e014b6e263;4bf32578b5;-;-;Fri May 8 18:44:49 2015 +0200;1431103489;-;-;Fri May 8 18:44:49 2015 +0200;1431103489
b84b0e237b454a6ec18f5edcfed57298e26b73fb;b84b0e237b;-;-;Fri May 8 18:33:55 2015 +0200;1431102835;-;-;Fri May 8 18:33:55 2015 +0200;1431102835
04d6afe54d39d9769c9c54e45a5e61e946156152;04d6afe54d;-;-;Fri May 8 16:05:18 2015 +0200;1431093918;-;-;Fri May 8 16:05:18 2015 +0200;1431093918
5f03c97295514fb7577ef2fc1fec2e3d16df0858;5f03c97295;-;-;Fri May 8 16:03:55 2015 +0200;1431093835;-;-;Fri May 8 16:03:55 2015 +0200;1431093835
638926be4fcd8f445163dcdda513caaae0174fa7;638926be4f;-;-;Fri May 8 14:37:15 2015 +0200;1431088635;-;-;Fri May 8 14:37:15 2015 +0200;1431088635
c7cdbe126db6ab5e3422e764d4effa3a5ef2148b;c7cdbe126d;-;-;Fri May 8 14:31:21 2015 +0200;1431088281;-;-;Fri May 8 14:31:21 2015 +0200;1431088281
a80d0e87a481242bc0a32aae26e0135f98913596;a80d0e87a4;-;-;Fri May 8 13:54:12 2015 +0200;1431086052;-;-;Fri May 8 13:54:12 2015 +0200;1431086052
5648fbfc3155ddf4ead7388cfd7bc9e90b86f9d8;5648fbfc31;-;-;Thu May 7 20:29:40 2015 +0200;1431023380;-;-;Thu May 7 20:29:40 2015 +0200;1431023380
dbd82d128df87f2a03fdb47c7fd11682265ae134;dbd82d128d;-;-;Thu May 7 20:18:17 2015 +0200;1431022697;-;-;Thu May 7 20:18:17 2015 +0200;1431022697
e87dc9f82da6653c46951f5fec1b12859e297037;e87dc9f82d;-;-;Thu May 7 19:59:54 2015 +0200;1431021594;-;-;Thu May 7 19:59:54 2015 +0200;1431021594
eb9eadbb5067fc6af7041ad14b78b31ddbb9d449;eb9eadbb50;-;-;Thu May 7 12:00:55 2015 -0400;1431014455;-;-;Thu May 7 12:01:54 2015 -0400;1431014514
a36319e91ccf4624e2dcdba529496f0dc1633920;a36319e91c;-;-;Thu May 7 15:15:57 2015 +0200;1431004557;-;-;Thu May 7 12:01:54 2015 -0400;1431014514
2b528bb6436da728d130f595b1a12a02133bd204;2b528bb643;-;-;Thu May 7 10:42:44 2015 -0400;1431009764;-;-;Thu May 7 10:43:57 2015 -0400;1431009837
1cc042d4c70f425cde00ec107521dd99c10fe70a;1cc042d4c7;-;-;Thu May 7 16:03:15 2015 +0200;1431007395;-;-;Thu May 7 16:03:15 2015 +0200;1431007395
783cb2c438716304769fb3861078e6e6fabf1a95;783cb2c438;-;-;Thu May 7 16:02:48 2015 +0200;1431007368;-;-;Thu May 7 16:02:48 2015 +0200;1431007368
b90085500ddfee96febba6b7149eea2cdfbf3157;b90085500d;-;-;Thu May 7 15:54:55 2015 +0200;1431006895;-;-;Thu May 7 15:54:55 2015 +0200;1431006895
db80378dbef4bba302a3f1248f7315ae1ef8f614;db80378dbe;-;-;Thu May 7 15:41:40 2015 +0200;1431006100;-;-;Thu May 7 15:41:40 2015 +0200;1431006100
2c043ec9d7ad41a171882a7a06281fa4fd2bf0df;2c043ec9d7;-;-;Thu May 7 15:41:24 2015 +0200;1431006084;-;-;Thu May 7 15:41:24 2015 +0200;1431006084
cb01f89a40de6ad25a737e172825518cf807691e;cb01f89a40;-;-;Thu May 7 09:33:45 2015 -0400;1431005625;-;-;Thu May 7 09:33:45 2015 -0400;1431005625
5465506fdd333593ddd66b36c71460211c87b55c;5465506fdd;-;-;Thu May 7 11:38:21 2015 +0200;1430991501;-;-;Thu May 7 14:43:06 2015 +0200;1431002586
a89c0ecf5de18b5e45b2b55e9f8680a126a09e1b;a89c0ecf5d;-;-;Thu May 7 14:21:40 2015 +0200;1431001300;-;-;Thu May 7 14:21:40 2015 +0200;1431001300
401bcd4a8a719132e73c856b40af7b8ce2a82d70;401bcd4a8a;-;-;Thu May 7 14:01:02 2015 +0200;1431000062;-;-;Thu May 7 14:01:02 2015 +0200;1431000062
2b2186781b71de6319a517a57a7d4f48ef065edf;2b2186781b;-;-;Thu May 7 10:23:01 2015 +0200;1430986981;-;-;Thu May 7 10:23:01 2015 +0200;1430986981
98f8838173f12b32a926f855d744d6119fb9767e;98f8838173;-;-;Wed May 6 23:35:16 2015 +0200;1430948116;-;-;Wed May 6 23:35:16 2015 +0200;1430948116
ed60b8cf5b2f0216ac06d1ae25f176b73a22d69b;ed60b8cf5b;-;-;Wed May 6 21:37:22 2015 +0200;1430941042;-;-;Wed May 6 21:37:22 2015 +0200;1430941042
7a690df92522a2e8bf0aad1b27c6238fbe489339;7a690df925;-;-;Wed May 6 20:08:42 2015 +0200;1430935722;-;-;Wed May 6 20:08:42 2015 +0200;1430935722
edc66d76afac8800d1f4c773876b1ba1865c8159;edc66d76af;-;-;Wed May 6 03:24:48 2015 +0900;1430850288;-;-;Wed May 6 19:40:12 2015 +0200;1430934012
250aef81e4c44db63eed471443325cf77373c758;250aef81e4;-;-;Wed May 6 19:03:20 2015 +0200;1430931800;-;-;Wed May 6 19:03:20 2015 +0200;1430931800
6db8f24aaf255f6fec720cd58b232c26ba623287;6db8f24aaf;-;-;Wed May 6 18:48:26 2015 +0200;1430930906;-;-;Wed May 6 18:48:26 2015 +0200;1430930906
270308dfd9f2a1f4889c5b8ec3f759a2aa632d45;270308dfd9;-;-;Wed May 6 18:29:26 2015 +0200;1430929766;-;-;Wed May 6 18:29:26 2015 +0200;1430929766
5c0f98aea43499ac90eb0e3ba4cfc717ddc882cc;5c0f98aea4;-;-;Wed May 6 15:53:58 2015 +0200;1430920438;-;-;Wed May 6 15:55:37 2015 +0200;1430920537
2015781ea190d7e8219cc6be1bc67cb44a1cdba3;2015781ea1;-;-;Wed May 6 15:51:14 2015 +0200;1430920274;-;-;Wed May 6 15:55:20 2015 +0200;1430920520
8b545f47bd625aba2cd7d4d4877498d5a28f4f28;8b545f47bd;-;-;Wed May 6 14:54:18 2015 +0200;1430916858;-;-;Wed May 6 14:54:18 2015 +0200;1430916858
9eb35185831b32c3a3a6d6c16adace69f8f81b09;9eb3518583;-;-;Wed May 6 14:06:56 2015 +0200;1430914016;-;-;Wed May 6 14:07:07 2015 +0200;1430914027
e2158d75de6f7b265db8a35d8595d63fb1d358f4;e2158d75de;-;-;Wed May 6 13:51:40 2015 +0200;1430913100;-;-;Wed May 6 14:07:07 2015 +0200;1430914027
61bfb5a2e7d8a41520714a6cb9a28f9eabfb0096;61bfb5a2e7;-;-;Wed May 6 14:04:47 2015 +0200;1430913887;-;-;Wed May 6 14:04:47 2015 +0200;1430913887
c9d4e4eab8d462656614c0f5ac098cf08ef41523;c9d4e4eab8;-;-;Wed May 6 13:21:20 2015 +0200;1430911280;-;-;Wed May 6 13:21:20 2015 +0200;1430911280
6584a53bcbf651990ff8e1cb78f08e36a690ff7d;6584a53bcb;-;-;Wed May 6 13:18:15 2015 +0200;1430911095;-;-;Wed May 6 13:18:15 2015 +0200;1430911095
6aef452e59b68bb5933b6b9cba2f5664369c1aeb;6aef452e59;-;-;Wed May 6 13:12:54 2015 +0200;1430910774;-;-;Wed May 6 13:12:54 2015 +0200;1430910774
b8f10f69a9d9c4d351b75629cd209942aac6edf7;b8f10f69a9;-;-;Wed May 6 08:52:47 2015 +0900;1430869967;-;-;Wed May 6 08:52:47 2015 +0900;1430869967
5d67219a4e06e4b1d9557ce4a26fe91b0fd8a86c;5d67219a4e;-;-;Wed May 6 00:17:12 2015 +0200;1430864232;-;-;Wed May 6 00:17:12 2015 +0200;1430864232
ba84458c65fe14cafe1bea80b2782dc1d59dc50a;ba84458c65;-;-;Tue May 5 23:35:00 2015 +0200;1430861700;-;-;Tue May 5 23:35:00 2015 +0200;1430861700
8853107f76e318ce1595c58f36a05716db5ce1c7;8853107f76;-;-;Tue May 5 12:40:47 2015 -0400;1430844047;-;-;Tue May 5 12:56:07 2015 -0400;1430844967
4a8baebf5908c0734a1297bb20e72268fa48979a;4a8baebf59;-;-;Tue May 5 10:49:01 2015 -0400;1430837341;-;-;Tue May 5 12:56:06 2015 -0400;1430844966
16b189cc1a6b088d2ea4391658e368b7b682801c;16b189cc1a;-;-;Tue May 5 17:31:21 2015 +0200;1430839881;-;-;Tue May 5 17:31:30 2015 +0200;1430839890
5dd70a8e46d825233167cf59d5b107c12890944d;5dd70a8e46;-;-;Tue May 5 16:06:00 2015 +0200;1430834760;-;-;Tue May 5 17:31:30 2015 +0200;1430839890
4b07bc39dae73175ef36f85fe2b9e433d8ad3346;4b07bc39da;-;-;Tue May 5 16:09:42 2015 +0200;1430834982;-;-;Tue May 5 16:09:42 2015 +0200;1430834982
76faa2c6d2def3c87a6140131863cb1d815b2385;76faa2c6d2;-;-;Tue May 5 14:52:14 2015 +0200;1430830334;-;-;Tue May 5 14:52:14 2015 +0200;1430830334
4f8ef803422063cf2222927947fae8ce2b4e3d82;4f8ef80342;-;-;Tue May 5 14:43:32 2015 +0200;1430829812;-;-;Tue May 5 14:43:32 2015 +0200;1430829812
123e7c14eb6fc8b0ed903c5138c3e7f51baf46ff;123e7c14eb;-;-;Tue May 5 14:35:45 2015 +0200;1430829345;-;-;Tue May 5 14:35:45 2015 +0200;1430829345
6985b95e250bc9241d419966d9128332496560e2;6985b95e25;-;-;Tue May 5 14:28:29 2015 +0200;1430828909;-;-;Tue May 5 14:28:29 2015 +0200;1430828909
572cbb08212a8e5828850db28bb5075feb18643f;572cbb0821;-;-;Tue May 5 14:05:25 2015 +0200;1430827525;-;-;Tue May 5 14:07:00 2015 +0200;1430827620
77937c5b025f796bca380b7213c424fe84f3f02b;77937c5b02;-;-;Tue May 5 13:56:54 2015 +0200;1430827014;-;-;Tue May 5 13:56:54 2015 +0200;1430827014
3fb2645744d29cba4159abcf1218bff16fb3b5be;3fb2645744;-;-;Tue May 5 13:19:09 2015 +0200;1430824749;-;-;Tue May 5 13:19:09 2015 +0200;1430824749
7919364db60ffd5b8e70fd1f900ce5f265fe3353;7919364db6;-;-;Tue May 5 11:38:47 2015 +0200;1430818727;-;-;Tue May 5 11:38:47 2015 +0200;1430818727
e3060981551013c57486b72cfd6637d9b8a90292;e306098155;-;-;Tue Apr 21 15:20:38 2015 -0400;1429644038;-;-;Tue May 5 09:31:41 2015 +0200;1430811101
83f269b512fb75508d8a53f1696a370134be0219;83f269b512;-;-;Sun Apr 19 18:26:46 2015 +0200;1429460806;-;-;Tue May 5 09:31:41 2015 +0200;1430811101
71683c5f8db19e3795f27d0c7ad7b4dbaa3083fe;71683c5f8d;-;-;Mon May 4 17:24:49 2015 -0400;1430774689;-;-;Mon May 4 17:24:49 2015 -0400;1430774689
a274ede3ef47f05ccbbc0e0fcdd78418a6769e35;a274ede3ef;-;-;Mon May 4 11:46:29 2015 -0400;1430754389;-;-;Mon May 4 11:46:29 2015 -0400;1430754389
205e5dfd6fdf89e0049da29817a6474abddbc2e9;205e5dfd6f;-;-;Mon May 4 10:26:46 2015 -0400;1430749606;-;-;Mon May 4 10:26:46 2015 -0400;1430749606
9637b12f8929da7a986f80f114db8936692a9ae3;9637b12f89;-;-;Mon May 4 09:51:31 2015 -0400;1430747491;-;-;Mon May 4 09:52:27 2015 -0400;1430747547
efce40c3912ecb2455a66cb4435c7a0dcc035167;efce40c391;-;-;Mon May 4 14:14:48 2015 +0200;1430741688;-;-;Mon May 4 14:15:16 2015 +0200;1430741716
10d13892ed7ee50b97970dc6cbdc2ad963762973;10d13892ed;-;-;Mon May 4 14:11:19 2015 +0200;1430741479;-;-;Mon May 4 14:11:19 2015 +0200;1430741479
e9c4db34ecbba6ab528055f170b8148669c2fc3d;e9c4db34ec;-;-;Mon May 4 13:43:04 2015 +0200;1430739784;-;-;Mon May 4 13:43:26 2015 +0200;1430739806
859751b9d9166eb5bd2e16aec5ab5978b6ad7068;859751b9d9;-;-;Mon May 4 13:36:24 2015 +0200;1430739384;-;-;Mon May 4 13:43:25 2015 +0200;1430739805
bb3f26483b78bfd03341bab979c00210f1792cd6;bb3f26483b;-;-;Mon May 4 11:26:35 2015 +0200;1430731595;-;-;Mon May 4 13:33:22 2015 +0200;1430739202
3abcea1296922c95e85a2b2f2a5c5831b6d41c18;3abcea1296;-;-;Sun May 3 15:10:46 2015 -0400;1430680246;-;-;Mon May 4 06:08:26 2015 -0400;1430734106
8f558e7c73fd885676a3e9bfe77c9c24da59f30a;8f558e7c73;-;-;Sun May 3 12:45:47 2015 -0400;1430671547;-;-;Mon May 4 06:08:26 2015 -0400;1430734106
6a28c86d1867ba924bf1e05c346a459d577d0fef;6a28c86d18;-;-;Sun May 3 09:58:58 2015 -0400;1430661538;-;-;Mon May 4 06:08:25 2015 -0400;1430734105
ff7d4eebd8ebbf011656313dca8c6ee1a598c2aa;ff7d4eebd8;-;-;Sun May 3 10:25:17 2015 +0200;1430641517;-;-;Mon May 4 06:08:25 2015 -0400;1430734105
5538863dc94364ef4fdbd10537ab0e2aba3f173d;5538863dc9;-;-;Sun May 3 10:24:48 2015 +0200;1430641488;-;-;Mon May 4 06:08:25 2015 -0400;1430734105
49e90575e90495447351f13d9ab24705cc221195;49e90575e9;-;-;Sun May 3 10:24:14 2015 +0200;1430641454;-;-;Mon May 4 06:08:25 2015 -0400;1430734105
68ecb92d1f3f9599d54dd48a1feff7e7af07544f;68ecb92d1f;-;-;Sun May 3 10:23:13 2015 +0200;1430641393;-;-;Mon May 4 06:08:25 2015 -0400;1430734105
222f6998e4013370f6179ffdd8353b2e9afcd1f5;222f6998e4;-;-;Sun May 3 10:22:21 2015 +0200;1430641341;-;-;Mon May 4 06:08:25 2015 -0400;1430734105
bb1886c5a8ccc3e2f17841952968780990f1256b;bb1886c5a8;-;-;Sat May 2 23:23:51 2015 +0200;1430601831;-;-;Sat May 2 23:23:51 2015 +0200;1430601831
8049dc358fe56b9afdfcec580fd280b67b1a6003;8049dc358f;-;-;Sat May 2 20:46:32 2015 +0200;1430592392;-;-;Sat May 2 20:46:32 2015 +0200;1430592392
e56363737baa529fc4fa51b02bf2b73ca9d9f4f9;e56363737b;-;-;Sat May 2 10:38:31 2015 +0200;1430555911;-;-;Sat May 2 10:38:31 2015 +0200;1430555911
7891c0d5ca208ef4f123f2dfa92cd13e6cb25042;7891c0d5ca;-;-;Mon Apr 27 02:32:57 2015 +0100;1430098377;-;-;Thu Apr 30 10:59:11 2015 +0200;1430384351
5ebc1a8b60558cf72383847d213b007a0859416a;5ebc1a8b60;-;-;Mon Apr 27 02:27:04 2015 +0100;1430098024;-;-;Thu Apr 30 10:59:00 2015 +0200;1430384340
a2a105918c65c16cfb12f301dd1146fe46b2a39e;a2a105918c;-;-;Mon Apr 27 12:30:44 2015 +0200;1430130644;-;-;Mon Apr 27 12:30:44 2015 +0200;1430130644
03037496c381b9667052dfc9fa89cf814d36e60a;03037496c3;-;-;Mon Apr 27 12:29:12 2015 +0200;1430130552;-;-;Mon Apr 27 12:29:12 2015 +0200;1430130552
b45ebad2c20a40e239d26831c26c2990bcabe888;b45ebad2c2;-;-;Mon Apr 27 12:20:53 2015 +0200;1430130053;-;-;Mon Apr 27 12:20:53 2015 +0200;1430130053
7ef9ac7a4dc835bf065860dcec3262629f704b40;7ef9ac7a4d;-;-;Sun Apr 26 21:13:19 2015 +0200;1430075599;-;-;Sun Apr 26 21:13:19 2015 +0200;1430075599
99cc7d56ffcfad668664db50ee3bde3411c74c92;99cc7d56ff;-;-;Sun Apr 26 03:00:39 2015 +0200;1430010039;-;-;Sun Apr 26 03:00:39 2015 +0200;1430010039
e85e9768c578fa1e5fbdb52a77115c36db8def07;e85e9768c5;-;-;Sun Apr 26 02:58:07 2015 +0200;1430009887;-;-;Sun Apr 26 02:58:07 2015 +0200;1430009887
706d3adf07988d8248d2a13a6585b2a40388de78;706d3adf07;-;-;Fri Apr 24 23:20:43 2015 +0200;1429910443;-;-;Fri Apr 24 23:20:43 2015 +0200;1429910443
91e46cf2ad55fc8ec3bda087d5fe9c02aa1ec45b;91e46cf2ad;-;-;Fri Apr 24 23:03:09 2015 +0200;1429909389;-;-;Fri Apr 24 23:05:29 2015 +0200;1429909529
25187eeb0dc72793a63c8dfeb95385611aca11e7;25187eeb0d;-;-;Fri Apr 24 22:36:36 2015 +0200;1429907796;-;-;Fri Apr 24 22:36:36 2015 +0200;1429907796
1a6aeb17e118221a9f4e11f08158da6bc4e582bf;1a6aeb17e1;-;-;Wed Apr 22 15:36:14 2015 -0500;1429734974;-;-;Fri Apr 24 13:12:29 2015 -0400;1429895549
49f3046f6637030743a1560f37245cd0dffc95a5;49f3046f66;-;-;Fri Apr 24 17:40:13 2015 +0200;1429890013;-;-;Fri Apr 24 17:40:13 2015 +0200;1429890013
86fd0afbf25e225b64d12b1e98cd9a6e22dc6463;86fd0afbf2;-;-;Fri Apr 24 11:23:00 2015 -0400;1429888980;-;-;Fri Apr 24 11:23:00 2015 -0400;1429888980
8376e1eca13b62b34abb40af2dfaab243568c813;8376e1eca1;-;-;Tue Feb 17 17:00:21 2015 -0500;1424210421;-;-;Fri Apr 24 10:33:44 2015 -0400;1429886024
60b19c784d7c8431ac0545a18607fe18fff4bfda;60b19c784d;-;-;Fri Apr 24 07:12:53 2015 -0400;1429873973;-;-;Fri Apr 24 07:19:04 2015 -0400;1429874344
74c025052541e70d61d3569a59f80d612fb08272;74c0250525;-;-;Thu Apr 23 18:38:52 2015 +0100;1429810732;-;-;Fri Apr 24 07:18:42 2015 -0400;1429874322
122d3476d96a59605f623be7d52a9065e68f7168;122d3476d9;-;-;Fri Apr 24 01:38:13 2015 +0200;1429832293;-;-;Fri Apr 24 01:38:13 2015 +0200;1429832293
ad6bea1cda366bd24ce641ed2207529dfca8b382;ad6bea1cda;-;-;Fri Apr 24 00:55:48 2015 +0200;1429829748;-;-;Fri Apr 24 00:55:48 2015 +0200;1429829748
ececf32c052082724ab86b5d2b567ffc7c137b67;ececf32c05;-;-;Thu Apr 23 17:27:58 2015 +0200;1429802878;-;-;Thu Apr 23 17:28:47 2015 +0200;1429802927
b723dcebba13380bc7ac6d60f1c0127c2645a85d;b723dcebba;-;-;Thu Apr 23 03:02:57 2015 +0200;1429750977;-;-;Thu Apr 23 17:28:47 2015 +0200;1429802927
0ddcbce90ac37581988a8850e990d98731ff77fa;0ddcbce90a;-;-;Thu Apr 23 11:16:20 2015 -0400;1429802180;-;-;Thu Apr 23 11:16:20 2015 -0400;1429802180
cbabb00ba29a9b8ac69ff0219a4c858d6b82d950;cbabb00ba2;-;-;Thu Apr 23 11:12:24 2015 -0400;1429801944;-;-;Thu Apr 23 11:12:24 2015 -0400;1429801944
1cd0f433e0a5dd9b659143664ea432d24b4386eb;1cd0f433e0;-;-;Thu Apr 23 10:59:38 2015 -0400;1429801178;-;-;Thu Apr 23 11:03:37 2015 -0400;1429801417
69b0791926b44ba59b32077b8574fe7db92e895e;69b0791926;-;-;Thu Apr 23 02:44:21 2015 +0200;1429749861;-;-;Thu Apr 23 02:44:21 2015 +0200;1429749861
e0d2dbd21da68e1e5bb6279934b8a2a7461aec51;e0d2dbd21d;-;-;Wed Apr 22 21:36:34 2015 +0200;1429731394;-;-;Thu Apr 23 01:33:47 2015 +0200;1429745627
8ece1b145cf8e462a343c6088b4a75af67ea1b89;8ece1b145c;-;-;Wed Apr 22 21:35:33 2015 +0200;1429731333;-;-;Thu Apr 23 01:33:46 2015 +0200;1429745626
7f0f04dfe38ead84e502f0d34897d1c415565cdd;7f0f04dfe3;-;-;Wed Apr 22 21:32:06 2015 +0200;1429731126;-;-;Thu Apr 23 01:33:37 2015 +0200;1429745617
9b7fd8be4d20520f12a2614057629884d2d8a5f4;9b7fd8be4d;-;-;Thu Apr 23 01:18:51 2015 +0200;1429744731;-;-;Thu Apr 23 01:21:27 2015 +0200;1429744887
9c6d4b784871803c475255c5422c10ee54e3721f;9c6d4b7848;-;-;Wed Apr 22 21:07:56 2015 +0200;1429729676;-;-;Thu Apr 23 01:19:49 2015 +0200;1429744789
16ee69203cc6a556f1b8efb1ccebfe312826e30f;16ee69203c;-;-;Wed Apr 22 17:54:41 2015 -0400;1429739681;-;-;Wed Apr 22 17:54:41 2015 -0400;1429739681
a3159dfbf24168b95f9d3435bea15721cde8fb38;a3159dfbf2;-;-;Tue Mar 17 18:14:05 2015 +0100;1426612445;-;-;Wed Apr 22 08:47:04 2015 +0200;1429685224
b6327acec825aefadead62bd7825425b048b214c;b6327acec8;-;-;Tue Apr 21 02:52:41 2015 -0400;1429599161;-;-;Tue Apr 21 22:50:32 2015 -0400;1429671032
86733a98da91c57d2ac28365a82da3e3fbd15fb1;86733a98da;-;-;Wed Apr 22 02:54:23 2015 +0200;1429664063;-;-;Wed Apr 22 02:54:23 2015 +0200;1429664063
b9b0b78fa1f80efa5f5549a862d44d11b0bc3ba1;b9b0b78fa1;-;-;Wed Apr 22 02:26:24 2015 +0200;1429662384;-;-;Wed Apr 22 02:26:24 2015 +0200;1429662384
666d1cecc8e1e347e69bc9b58333893dbe63c0be;666d1cecc8;-;-;Tue Apr 21 21:06:47 2015 +0200;1429643207;-;-;Tue Apr 21 21:06:47 2015 +0200;1429643207
19a75f2c668de369f6e9dd10d0441841e2daea99;19a75f2c66;-;-;Tue Apr 21 19:52:57 2015 +0200;1429638777;-;-;Tue Apr 21 19:54:48 2015 +0200;1429638888
ed88b7fe085a2b19e13972e1abb66f760bdd7486;ed88b7fe08;-;-;Tue Apr 21 18:20:51 2015 +0200;1429633251;-;-;Tue Apr 21 19:54:48 2015 +0200;1429638888
8a1f9f8aa37370868ea12be6e2feed8049f97e2b;8a1f9f8aa3;-;-;Tue Apr 21 18:00:34 2015 +0200;1429632034;-;-;Tue Apr 21 19:54:48 2015 +0200;1429638888
713fc5c4ab2a7b4aaf3685db2bea356eddef0db3;713fc5c4ab;-;-;Tue Apr 21 19:34:01 2015 +0200;1429637641;-;-;Tue Apr 21 19:34:01 2015 +0200;1429637641
5cbe4b948d15fceb98ba2800d7309a632db163d6;5cbe4b948d;-;-;Mon Apr 20 21:48:30 2015 +0200;1429559310;-;-;Mon Apr 20 21:48:30 2015 +0200;1429559310
ca91956bdbd54b7f25fd780f0f1292b657a0d3d9;ca91956bdb;-;-;Mon Apr 20 17:05:59 2015 +0200;1429542359;-;-;Mon Apr 20 17:05:59 2015 +0200;1429542359
5b0a0f4db5e1e7527bb76f10e55ce0d539571ab6;5b0a0f4db5;-;-;Mon Apr 20 11:48:02 2015 +0200;1429523282;-;-;Mon Apr 20 14:19:31 2015 +0200;1429532371
72894b26c24b1ea31c6dda4634cfde67e7dc3050;72894b26c2;-;-;Mon Apr 20 13:29:20 2015 +0200;1429529360;-;-;Mon Apr 20 13:29:32 2015 +0200;1429529372
444b9032be7fa73d12103cbf351f82751b08a95b;444b9032be;-;-;Mon Apr 20 09:51:33 2015 +0200;1429516293;-;-;Mon Apr 20 09:51:33 2015 +0200;1429516293
9a65eec36fdbdf76c4ac45e3a1e106f0d26362d1;9a65eec36f;-;-;Mon Apr 20 09:03:25 2015 +0200;1429513405;-;-;Mon Apr 20 09:04:38 2015 +0200;1429513478
e829b2aa1de5a85d746930ddff24be9cdbff4cf5;e829b2aa1d;-;-;Mon Apr 20 00:53:45 2015 +0200;1429484025;-;-;Mon Apr 20 00:53:45 2015 +0200;1429484025
93f403cbf65ff4d584dc2d168c929d5683e065a4;93f403cbf6;-;-;Mon Apr 20 00:37:16 2015 +0200;1429483036;-;-;Mon Apr 20 00:37:16 2015 +0200;1429483036
d66d1605430c73444082d219214edb74327d3c13;d66d160543;-;-;Sun Apr 19 21:06:41 2015 +0200;1429470401;-;-;Sun Apr 19 21:06:41 2015 +0200;1429470401
c52a0ccdfdc238e972e720f99e9ff86b6c0e8181;c52a0ccdfd;-;-;Sun Apr 19 20:09:03 2015 +0200;1429466943;-;-;Sun Apr 19 20:09:03 2015 +0200;1429466943
9e6a5ae4a748bedba9caca39158d8c16d541fa23;9e6a5ae4a7;-;-;Sun Apr 19 19:44:15 2015 +0200;1429465455;-;-;Sun Apr 19 19:44:15 2015 +0200;1429465455
0cb22fc8f34a29c42313056671a947444b60050b;0cb22fc8f3;-;-;Sat Apr 18 17:36:39 2015 +0200;1429371399;-;-;Sat Apr 18 17:36:39 2015 +0200;1429371399
2a4f4cd258967494ba41fba1ef48d98fedaf1e85;2a4f4cd258;-;-;Fri Apr 17 22:51:04 2015 +0200;1429303864;-;-;Fri Apr 17 22:51:04 2015 +0200;1429303864
c29eae3307c718db7fb4b9ced2ff2a30fcb62b71;c29eae3307;-;-;Tue Apr 14 20:50:48 2015 -0400;1429059048;-;-;Fri Apr 17 11:55:44 2015 -0400;1429286144
c384945a17ce6c0ffc3294ea87bc0b354d5c4555;c384945a17;-;-;Tue Apr 14 16:07:20 2015 -0400;1429042040;-;-;Fri Apr 17 11:55:44 2015 -0400;1429286144
3c5a9b4e1d302b789fcad45a1f75715618dff0e7;3c5a9b4e1d;-;-;Thu Apr 16 17:54:35 2015 +0200;1429199675;-;-;Fri Apr 17 17:26:38 2015 +0200;1429284398
d31f3ee0b215cebcc23019ce86493deb141d7c79;d31f3ee0b2;-;-;Thu Apr 16 17:50:29 2015 +0200;1429199429;-;-;Fri Apr 17 02:11:12 2015 +0200;1429229472
afe42cd2a24ebc93c67a02485baa3b2be38013d2;afe42cd2a2;-;-;Thu Apr 16 23:19:53 2015 +0200;1429219193;-;-;Thu Apr 16 23:19:53 2015 +0200;1429219193
d398bb7c5166f5a4a79d2e2ced5fa1c88b695a5d;d398bb7c51;-;-;Thu Apr 16 22:49:45 2015 +0200;1429217385;-;-;Thu Apr 16 22:49:45 2015 +0200;1429217385
cddcf3637d1bb035a47e09f1d669040507025047;cddcf3637d;-;-;Thu Apr 16 21:54:03 2015 +0200;1429214043;-;-;Thu Apr 16 21:54:03 2015 +0200;1429214043
050e581c103d61fe8cefb038748d83f2a9f09749;050e581c10;-;-;Thu Apr 16 21:53:51 2015 +0200;1429214031;-;-;Thu Apr 16 21:53:51 2015 +0200;1429214031
10a51a4f1957e5c579e9e63c023d422b0db55793;10a51a4f19;-;-;Thu Apr 16 20:26:11 2015 +0200;1429208771;-;-;Thu Apr 16 20:26:11 2015 +0200;1429208771
fac639971ac9fb7384473e63ce6762d6b2b9d001;fac639971a;-;-;Thu Apr 16 18:18:46 2015 +0200;1429201126;-;-;Thu Apr 16 18:18:46 2015 +0200;1429201126
f98a6c6b6ac6e391f3eee7c4a7f8690a869403fd;f98a6c6b6a;-;-;Thu Apr 16 18:18:29 2015 +0200;1429201109;-;-;Thu Apr 16 18:18:29 2015 +0200;1429201109
2c7d2d38a9a3499947e7a83d9f0a81e8b4c45dc3;2c7d2d38a9;-;-;Thu Apr 16 17:29:48 2015 +0200;1429198188;-;-;Thu Apr 16 17:29:48 2015 +0200;1429198188
e403aefe860d12f7427655f4fd2a59966a5d6442;e403aefe86;-;-;Wed Apr 15 23:37:51 2015 +0200;1429133871;-;-;Wed Apr 15 23:37:51 2015 +0200;1429133871
1da98b054210b1bcb4e65cde66e378e034b1baa3;1da98b0542;-;-;Wed Apr 15 22:49:53 2015 +0200;1429130993;-;-;Wed Apr 15 22:49:53 2015 +0200;1429130993
96e6406b4b45c223f85257d09f03c069be62ec20;96e6406b4b;-;-;Wed Apr 15 21:56:31 2015 +0200;1429127791;-;-;Wed Apr 15 21:56:31 2015 +0200;1429127791
fafb823e8de25ad426e01a927f08042718b32fd6;fafb823e8d;-;-;Wed Apr 15 15:13:42 2015 +0200;1429103622;-;-;Wed Apr 15 15:13:42 2015 +0200;1429103622
af272c212419a373d09078eb717e5f2195962f53;af272c2124;-;-;Wed Apr 15 14:58:16 2015 +0200;1429102696;-;-;Wed Apr 15 14:58:16 2015 +0200;1429102696
8b2d9951e0e9d95b561bb04dbc924a023161bc60;8b2d9951e0;-;-;Wed Apr 15 14:57:43 2015 +0200;1429102663;-;-;Wed Apr 15 14:57:43 2015 +0200;1429102663
c006b74e910ef20e66fb0f4e7eddd7d97490ffc8;c006b74e91;-;-;Wed Apr 15 00:37:43 2015 +0200;1429051063;-;-;Wed Apr 15 00:37:43 2015 +0200;1429051063
1226596b8b15454acbc15f422b9afb96c4d09e12;1226596b8b;-;-;Tue Apr 14 23:00:43 2015 +0200;1429045243;-;-;Tue Apr 14 23:00:43 2015 +0200;1429045243
e581244370d2128462d4f5b57eabcb39f34d0210;e581244370;-;-;Tue Apr 14 22:15:31 2015 +0200;1429042531;-;-;Tue Apr 14 22:15:31 2015 +0200;1429042531
dba48a1ff5eef94504a129902d59788c4dfd0c6b;dba48a1ff5;-;-;Tue Apr 14 20:42:23 2015 +0200;1429036943;-;-;Tue Apr 14 20:42:23 2015 +0200;1429036943
fefbd8f85b8a75af0e968d18354674846d443512;fefbd8f85b;-;-;Tue Apr 14 20:05:56 2015 +0200;1429034756;-;-;Tue Apr 14 20:05:56 2015 +0200;1429034756
47f8d435e621163f56727891bb2e874e76e1f9b8;47f8d435e6;-;-;Tue Apr 14 20:02:18 2015 +0200;1429034538;-;-;Tue Apr 14 20:02:18 2015 +0200;1429034538
a3df66931fcfc8d84f85da8121d9e74f3044d5a1;a3df66931f;-;-;Mon Apr 13 22:39:50 2015 -0400;1428979190;-;-;Mon Apr 13 22:39:50 2015 -0400;1428979190
e4acbae2704682b6cdfe5d0685cb63439a192827;e4acbae270;-;-;Mon Apr 13 18:16:38 2015 -0400;1428963398;-;-;Mon Apr 13 18:16:38 2015 -0400;1428963398
26cfe5795fcaf59288a3c0e3ccdbb60751a9dd4b;26cfe5795f;-;-;Mon Apr 13 18:10:55 2015 -0400;1428963055;-;-;Mon Apr 13 18:10:55 2015 -0400;1428963055
c172d9d745c30c90dbba416cb15b38b7e9b54fb3;c172d9d745;-;-;Mon Apr 13 15:33:25 2015 -0400;1428953605;-;-;Mon Apr 13 15:33:25 2015 -0400;1428953605
b18053f93a2f3b01c53843284627a54e751577cf;b18053f93a;-;-;Mon Apr 13 15:31:35 2015 -0400;1428953495;-;-;Mon Apr 13 15:31:35 2015 -0400;1428953495
8ff7cc73bcffca02117aab069017e857b17d59f3;8ff7cc73bc;-;-;Mon Apr 13 14:31:25 2015 -0400;1428949885;-;-;Mon Apr 13 14:31:25 2015 -0400;1428949885
b0848db17c53695087e3961c66d0028c9c56f8f1;b0848db17c;-;-;Mon Apr 13 13:44:28 2015 -0400;1428947068;-;-;Mon Apr 13 13:44:28 2015 -0400;1428947068
b119a9c82cfbbd7d652d5adc6e3564383adb1479;b119a9c82c;-;-;Fri Apr 10 12:52:15 2015 +0200;1428663135;-;-;Fri Apr 10 12:52:15 2015 +0200;1428663135
e5b505224b77bb2428ab9ca85e894a1ba51f8994;e5b505224b;-;-;Fri Apr 10 09:20:51 2015 +0200;1428650451;-;-;Fri Apr 10 09:20:51 2015 +0200;1428650451
063ef240c185fe6ba2ed39ef2fc6767c7a8dd900;063ef240c1;-;-;Fri Apr 3 02:40:00 2015 -0400;1428043200;-;-;Wed Apr 8 22:32:00 2015 -0400;1428546720
444aa4edcfc69ebc650fb278143c3ccd785dc051;444aa4edcf;-;-;Fri Apr 3 02:51:55 2015 -0400;1428043915;-;-;Tue Apr 7 22:40:06 2015 -0400;1428460806
abaf81f1b5bd9a56bebc4b57b288adde57584259;abaf81f1b5;-;-;Wed Apr 1 20:07:22 2015 +0200;1427911642;-;-;Tue Apr 7 22:40:06 2015 -0400;1428460806
6bc14cc7ae2b13a69bb5578689b0c71ab56a106d;6bc14cc7ae;-;-;Tue Apr 7 14:27:43 2015 +0200;1428409663;-;-;Tue Apr 7 14:27:43 2015 +0200;1428409663
6f3570a0f6ae996789188c1738b7a287ce4a49b2;6f3570a0f6;-;-;Tue Apr 7 11:32:16 2015 +0200;1428399136;-;-;Tue Apr 7 11:32:57 2015 +0200;1428399177
b6449baaa6aea0c015fdac8ad359a8772815fc1f;b6449baaa6;-;-;Mon Apr 6 23:33:56 2015 -0400;1428377636;-;-;Mon Apr 6 23:33:56 2015 -0400;1428377636
0b8554f94a73b1620d8c34d1a68b3eb8e56d482a;0b8554f94a;-;-;Mon Apr 6 22:43:25 2015 -0400;1428374605;-;-;Mon Apr 6 22:43:25 2015 -0400;1428374605
6f5359e40c21146c40a7e2b18a491f75b61f8152;6f5359e40c;-;-;Mon Apr 6 22:36:54 2015 -0400;1428374214;-;-;Mon Apr 6 22:36:54 2015 -0400;1428374214
13403d51e589a3612f8359c8f3e4d2c21947af81;13403d51e5;-;-;Mon Apr 6 17:24:49 2015 -0400;1428355489;-;-;Mon Apr 6 17:24:49 2015 -0400;1428355489
de9675bf5a8f4b2e24497b05ce851e48942883ff;de9675bf5a;-;-;Mon Apr 6 08:44:46 2015 -0400;1428324286;-;-;Mon Apr 6 16:57:23 2015 -0400;1428353843
595cdf05e962299c19c34bbfb370316636d074f2;595cdf05e9;-;-;Sat Apr 4 00:23:25 2015 +0200;1428099805;-;-;Sat Apr 4 00:23:25 2015 +0200;1428099805
e78b0860dff906f8376c701cab6ff49ba3058188;e78b0860df;-;-;Sat Apr 4 00:20:16 2015 +0200;1428099616;-;-;Sat Apr 4 00:20:16 2015 +0200;1428099616
eb8c253499af15ed247906d53a8d64f5b91270e8;eb8c253499;-;-;Fri Apr 3 12:26:17 2015 -0400;1428078377;-;-;Fri Apr 3 12:26:17 2015 -0400;1428078377
452c3230cca0bea5a8cb23d6a174a9e8f29be39c;452c3230cc;-;-;Fri Apr 3 10:56:51 2015 -0400;1428073011;-;-;Fri Apr 3 10:56:51 2015 -0400;1428073011
b0e1e66b7fd54a3f937859f84fff966bff0be424;b0e1e66b7f;-;-;Thu Apr 2 15:46:30 2015 +0200;1427982390;-;-;Thu Apr 2 16:12:11 2015 +0200;1427983931
35f40ae6549e9cb7e597e59b85683ece297132cf;35f40ae654;-;-;Thu Apr 2 12:05:45 2015 +0200;1427969145;-;-;Thu Apr 2 12:05:45 2015 +0200;1427969145
ca06582f2af2e31b23031d8650148d95129ce4a1;ca06582f2a;-;-;Thu Apr 2 10:53:35 2015 +0200;1427964815;-;-;Thu Apr 2 11:23:18 2015 +0200;1427966598
797159ce5cec5c3468770547357d544a26aa249f;797159ce5c;-;-;Thu Apr 2 09:06:25 2015 +0200;1427958385;-;-;Thu Apr 2 09:06:25 2015 +0200;1427958385
7e799295e55f5e5984a1040a016169ea0883bc2d;7e799295e5;-;-;Wed Apr 1 16:53:27 2015 -0400;1427921607;-;-;Wed Apr 1 16:53:27 2015 -0400;1427921607
b5b0fd5e5ed11c6451fad0e8f887a5b500e641f8;b5b0fd5e5e;-;-;Wed Apr 1 16:27:16 2015 -0400;1427920036;-;-;Wed Apr 1 16:27:16 2015 -0400;1427920036
e1395a6c68c5b8e779ec084555bb91f5617255da;e1395a6c68;-;-;Wed Apr 1 18:54:47 2015 +0200;1427907287;-;-;Wed Apr 1 18:54:47 2015 +0200;1427907287
514eb4281c04134f371b7341da315e008e4e5caf;514eb4281c;-;-;Wed Apr 1 17:23:45 2015 +0200;1427901825;-;-;Wed Apr 1 17:23:45 2015 +0200;1427901825
2c637dcb2ed847c4919dd979894da38ca6ee7cbb;2c637dcb2e;-;-;Wed Apr 1 17:02:55 2015 +0200;1427900575;-;-;Wed Apr 1 17:02:55 2015 +0200;1427900575
ceb17fcaca2aab5eb79df360d3fd4765704a3e4f;ceb17fcaca;-;-;Wed Apr 1 16:45:24 2015 +0200;1427899524;-;-;Wed Apr 1 16:45:24 2015 +0200;1427899524
100d75da26355aec8a76c3652527efb09ff41385;100d75da26;-;-;Wed Apr 1 14:44:12 2015 +0200;1427892252;-;-;Wed Apr 1 14:44:12 2015 +0200;1427892252
25f6001ad60dd658bebb24ab2d1d82585696bd53;25f6001ad6;-;-;Wed Apr 1 13:15:30 2015 +0200;1427886930;-;-;Wed Apr 1 13:15:30 2015 +0200;1427886930
3a8a28beecc7aa0a4df6f47072fe806dd00e5cfc;3a8a28beec;-;-;Mon Mar 30 15:56:03 2015 -0400;1427745363;-;-;Tue Mar 31 21:34:39 2015 -0400;1427852079
7668ea1549aec2e6a1da29f454fc92a84b4f3ba3;7668ea1549;-;-;Fri Mar 20 12:13:39 2015 +0100;1426850019;-;-;Tue Mar 31 21:34:39 2015 -0400;1427852079
f926f6cb3e95affdd87ed5c06ac0450d0ada2aec;f926f6cb3e;-;-;Tue Mar 31 17:32:39 2015 +0200;1427815959;-;-;Tue Mar 31 17:32:39 2015 +0200;1427815959
39bc8b7992c512383da4dfb8eb9e7045fd7e140a;39bc8b7992;-;-;Tue Mar 31 17:21:57 2015 +0200;1427815317;-;-;Tue Mar 31 17:21:57 2015 +0200;1427815317
f9c2d1d17161f884ca30f88e3d781bd5115e5daf;f9c2d1d171;-;-;Tue Mar 31 16:15:22 2015 +0200;1427811322;-;-;Tue Mar 31 16:15:22 2015 +0200;1427811322
a15dc08bea504964ddf3bd3ce4c1ef03ffcb1d1e;a15dc08bea;-;-;Tue Mar 31 11:39:20 2015 +0200;1427794760;-;-;Tue Mar 31 11:39:20 2015 +0200;1427794760
1d33fd039a2e40877fa8ff9822a9ebfbccb08bb8;1d33fd039a;-;-;Tue Mar 31 10:28:42 2015 +0200;1427790522;-;-;Tue Mar 31 10:28:42 2015 +0200;1427790522
14c891c3b3ca35bbe2c8f29fd56e54cb9e95f22b;14c891c3b3;-;-;Tue Mar 31 10:12:35 2015 +0200;1427789555;-;-;Tue Mar 31 10:12:35 2015 +0200;1427789555
e377fc003d675a61a9643d149b0745314ad02d7d;e377fc003d;-;-;Tue Mar 31 10:03:00 2015 +0200;1427788980;-;-;Tue Mar 31 10:03:00 2015 +0200;1427788980
d05fc2ed9c722f1bfc9fd5009702b0ee3ce0c6ec;d05fc2ed9c;-;-;Tue Mar 31 09:59:55 2015 +0200;1427788795;-;-;Tue Mar 31 09:59:55 2015 +0200;1427788795
c382b6f05940969ac9161ed0368e12e69df3cd58;c382b6f059;-;-;Mon Mar 30 16:15:12 2015 -0700;1427757312;-;-;Mon Mar 30 16:20:04 2015 -0700;1427757604
72ec5792cfcc79d9cd563e95d7e8fda74b923c22;72ec5792cf;-;-;Tue Mar 31 01:16:23 2015 +0200;1427757383;-;-;Tue Mar 31 01:16:23 2015 +0200;1427757383
81a2cbb10079915b8bfc56193a4adc158580adff;81a2cbb100;-;-;Tue Mar 31 01:09:44 2015 +0200;1427756984;-;-;Tue Mar 31 01:09:44 2015 +0200;1427756984
9d0c323195cb8e7ca80f0d21d131e5351648bb76;9d0c323195;-;-;Mon Mar 30 21:28:30 2015 +0200;1427743710;-;-;Mon Mar 30 21:28:30 2015 +0200;1427743710
7e226237580855eec0bd2b004f9192fecda2e4ae;7e22623758;-;-;Mon Mar 30 21:06:12 2015 +0200;1427742372;-;-;Mon Mar 30 21:06:12 2015 +0200;1427742372
502fa1796e8e7c4f85ce3ea7871982b01498bd9c;502fa1796e;-;-;Mon Mar 30 17:34:36 2015 +0200;1427729676;-;-;Mon Mar 30 17:34:36 2015 +0200;1427729676
a4af5b8a3eceb67d79d9978d2814a49e55147a68;a4af5b8a3e;-;-;Mon Mar 30 17:34:14 2015 +0200;1427729654;-;-;Mon Mar 30 17:34:14 2015 +0200;1427729654
bddc4373fb6a407272e6295542c06f102590486b;bddc4373fb;-;-;Mon Mar 30 17:32:59 2015 +0200;1427729579;-;-;Mon Mar 30 17:32:59 2015 +0200;1427729579
db96113bcfb20a5a36d22a0fe9361488c0857a10;db96113bcf;-;-;Mon Mar 30 16:24:24 2015 +0200;1427725464;-;-;Mon Mar 30 16:24:24 2015 +0200;1427725464
72d7963b3058adacd9e71d2d6e0319974058ad38;72d7963b30;-;-;Sun Mar 29 00:49:12 2015 +0100;1427586552;-;-;Mon Mar 30 15:58:29 2015 +0200;1427723909
36ed4df59df03082b510841e55511d02424b7e56;36ed4df59d;-;-;Sun Mar 29 21:24:30 2015 -0400;1427678670;-;-;Sun Mar 29 21:42:22 2015 -0400;1427679742
0556ed4f161cddf992cc49960ba0181a564a8667;0556ed4f16;-;-;Mon Mar 16 16:36:07 2015 -0400;1426538167;-;-;Sun Mar 29 21:42:14 2015 -0400;1427679734
073c1764002d310b2d4689b1e5293f2b4431251e;073c176400;-;-;Sat Mar 28 12:23:30 2015 +0100;1427541810;-;-;Sat Mar 28 12:23:30 2015 +0100;1427541810
a7fec6a4595f8709b37550b8e856c73e23d05475;a7fec6a459;-;-;Fri Mar 27 09:42:06 2015 +0100;1427445726;-;-;Fri Mar 27 09:42:06 2015 +0100;1427445726
867971de899f038ddd3601fb35e906e05b8d04d1;867971de89;-;-;Thu Mar 26 22:45:15 2015 -0400;1427424315;-;-;Thu Mar 26 22:45:15 2015 -0400;1427424315
73d6d30951cb145bbd6b2e2fcdc0388019b15ae9;73d6d30951;-;-;Thu Mar 26 17:28:26 2015 -0400;1427405306;-;-;Thu Mar 26 17:28:26 2015 -0400;1427405306
ae3417133bc0537d55a09a0be210161a8957515f;ae3417133b;-;-;Thu Mar 26 16:50:33 2015 -0400;1427403033;-;-;Thu Mar 26 16:50:33 2015 -0400;1427403033
beae3366272f47fc265f47b2591783a5d2d5d168;beae336627;-;-;Wed Mar 25 15:22:41 2015 +0100;1427293361;-;-;Wed Mar 25 15:22:41 2015 +0100;1427293361
e7dde740b9393a46ee60b933c8b96a70a5eed1f6;e7dde740b9;-;-;Wed Mar 25 15:21:58 2015 +0100;1427293318;-;-;Wed Mar 25 15:21:58 2015 +0100;1427293318
314b069fd814fd4629a4449a16b80b6f2e968061;314b069fd8;-;-;Wed Mar 25 15:12:08 2015 +0100;1427292728;-;-;Wed Mar 25 15:12:08 2015 +0100;1427292728
d23893fd252b769b1401243962cbb94b1b9903f4;d23893fd25;-;-;Wed Mar 25 00:44:01 2015 +0100;1427240641;-;-;Wed Mar 25 00:44:01 2015 +0100;1427240641
22670b7fad9ecdbf4de2ae1c7a112aae123352ff;22670b7fad;-;-;Wed Mar 25 00:42:51 2015 +0100;1427240571;-;-;Wed Mar 25 00:42:51 2015 +0100;1427240571
4e28da439d9a5a8880318960124b4196fe6d275f;4e28da439d;-;-;Wed Mar 25 00:42:14 2015 +0100;1427240534;-;-;Wed Mar 25 00:42:14 2015 +0100;1427240534
935ffc5827554d593e6fa8c148b4f3630dc2d918;935ffc5827;-;-;Wed Mar 25 00:39:26 2015 +0100;1427240366;-;-;Wed Mar 25 00:39:26 2015 +0100;1427240366
4e1af7d19518a783cf9a063e231b2991ca7ca1a6;4e1af7d195;-;-;Wed Mar 25 00:04:47 2015 +0100;1427238287;-;-;Wed Mar 25 00:04:47 2015 +0100;1427238287
e81862eed6438c1acf1ecaf6f6d554e31300fb56;e81862eed6;-;-;Tue Mar 24 18:03:15 2015 -0400;1427234595;-;-;Tue Mar 24 18:03:15 2015 -0400;1427234595
b620f34ad8cbf7ac78c522a249e0a8fef76f83f1;b620f34ad8;-;-;Tue Mar 24 16:45:16 2015 -0400;1427229916;-;-;Tue Mar 24 16:45:51 2015 -0400;1427229951
c8cc8b7cbd3d704f232e3e9b7d7c867b923f9dfb;c8cc8b7cbd;-;-;Tue Mar 24 21:21:18 2015 +0100;1427228478;-;-;Tue Mar 24 21:24:12 2015 +0100;1427228652
209e8de18855087329bf3a5a61fd31572559e7a2;209e8de188;-;-;Tue Mar 24 16:00:50 2015 -0400;1427227250;-;-;Tue Mar 24 16:05:28 2015 -0400;1427227528
5b09723bb407769da91a038092a689621f99661e;5b09723bb4;-;-;Tue Mar 24 19:20:34 2015 +0100;1427221234;-;-;Tue Mar 24 19:20:34 2015 +0100;1427221234
26d4f91835efecd2c16d537205e1da9292a405dc;26d4f91835;-;-;Tue Mar 24 19:20:26 2015 +0100;1427221226;-;-;Tue Mar 24 19:20:26 2015 +0100;1427221226
09027f797233263283f1830f83ed4a7d2ee46d3b;09027f7972;-;-;Tue Mar 24 19:20:15 2015 +0100;1427221215;-;-;Tue Mar 24 19:20:15 2015 +0100;1427221215
b2308926bc2135476cdb319b5dbaee169b18ed02;b2308926bc;-;-;Mon Mar 23 21:57:03 2015 +0100;1427144223;-;-;Mon Mar 23 21:57:03 2015 +0100;1427144223
44e8f7b3339d196f015f5d57cda566f896a7ac16;44e8f7b333;-;-;Mon Mar 23 16:44:03 2015 -0400;1427143443;-;-;Mon Mar 23 16:44:03 2015 -0400;1427143443
95f6e4cc9bda491e20da26ba05eb7ba3f3c15bbe;95f6e4cc9b;-;-;Mon Mar 23 15:37:06 2015 -0400;1427139426;-;-;Mon Mar 23 15:38:52 2015 -0400;1427139532
76cf5beb59e52395602ff2d71afe5ca6c10c53c4;76cf5beb59;-;-;Mon Mar 23 20:01:05 2015 +0100;1427137265;-;-;Mon Mar 23 20:01:05 2015 +0100;1427137265
e2110e353e0f7119aad1450446ca1246deb7de4b;e2110e353e;-;-;Mon Mar 23 19:59:25 2015 +0100;1427137165;-;-;Mon Mar 23 19:59:25 2015 +0100;1427137165
1a8c6fa5ee9e70ed880cd2e9afefc4fe38283f1e;1a8c6fa5ee;-;-;Mon Mar 23 19:58:02 2015 +0100;1427137082;-;-;Mon Mar 23 19:58:02 2015 +0100;1427137082
7f845f7b5e6031aee2f1dc37f0965a5be4442a34;7f845f7b5e;-;-;Mon Mar 23 18:50:32 2015 +0100;1427133032;-;-;Mon Mar 23 18:50:32 2015 +0100;1427133032
90ed0cf04c5440c681bd0cc4568333360724ed0a;90ed0cf04c;-;-;Mon Mar 23 17:35:19 2015 +0100;1427128519;-;-;Mon Mar 23 18:05:53 2015 +0100;1427130353
7fa4ac1cf809f641af2903efd577f9298d5ce83e;7fa4ac1cf8;-;-;Mon Mar 23 17:27:23 2015 +0100;1427128043;-;-;Mon Mar 23 18:05:53 2015 +0100;1427130353
f9ce11eef8b05e7e31b45a428d63ae35eed8ed42;f9ce11eef8;-;-;Wed Mar 11 11:19:52 2015 +0100;1426069192;-;-;Mon Mar 23 18:05:14 2015 +0100;1427130314
38f32e38169f7779b9fe20d46b69024039f190ce;38f32e3816;-;-;Wed Mar 11 11:19:52 2015 +0100;1426069192;-;-;Mon Mar 23 18:01:04 2015 +0100;1427130064
953608ec49dea6dfdf1e0a2626839e84df909b69;953608ec49;-;-;Mon Jan 20 19:09:59 2014 +0700;1390219799;-;-;Mon Mar 23 17:36:06 2015 +0100;1427128566
e086a637d581dc55c6499eb20b55a6521c152b64;e086a637d5;-;-;Sun Mar 22 18:42:41 2015 +0100;1427046161;-;-;Sun Mar 22 21:33:20 2015 +0100;1427056400
6028a64444216db3e55cb9c534c4dd615f60110c;6028a64444;-;-;Sun Mar 22 18:40:48 2015 +0100;1427046048;-;-;Sun Mar 22 21:33:06 2015 +0100;1427056386
9172a6d05e26a9103d0fbcc5ae1d047482319938;9172a6d05e;-;-;Sun Mar 22 10:02:36 2015 +0100;1427014956;-;-;Sun Mar 22 10:02:36 2015 +0100;1427014956
7513bd57574d7510f6f8a60c6dd9d5c741b36e4e;7513bd5757;-;-;Sat Mar 21 01:19:16 2015 +0100;1426897156;-;-;Sat Mar 21 01:19:16 2015 +0100;1426897156
56273a8ff369b462590f1d3ee6d5b1ad7ed92207;56273a8ff3;-;-;Sat Mar 21 01:19:01 2015 +0100;1426897141;-;-;Sat Mar 21 01:19:01 2015 +0100;1426897141
3d2bde7156d61e9eb3257bd9d13c3d0f6f06fa63;3d2bde7156;-;-;Sat Mar 21 00:39:54 2015 +0100;1426894794;-;-;Sat Mar 21 00:39:54 2015 +0100;1426894794
c0fbe0ae5adcdfc0c99fbba4118493e3f998486d;c0fbe0ae5a;-;-;Sat Mar 21 00:21:59 2015 +0100;1426893719;-;-;Sat Mar 21 00:21:59 2015 +0100;1426893719
0c9cd4cc3298ac4aa60ed492dd847836784b5058;0c9cd4cc32;-;-;Fri Mar 20 17:45:27 2015 -0400;1426887927;-;-;Fri Mar 20 17:45:27 2015 -0400;1426887927
4886edd10b4df22ed4e61f24e0c11124b255687b;4886edd10b;-;-;Fri Mar 20 17:34:31 2015 -0400;1426887271;-;-;Fri Mar 20 17:34:31 2015 -0400;1426887271
18039785aeacc3ca76c70014b11fb30923a54941;18039785ae;-;-;Fri Mar 20 16:58:01 2015 -0400;1426885081;-;-;Fri Mar 20 16:58:01 2015 -0400;1426885081
f06dffb714804737b7a0b0356ab00663a368b1dc;f06dffb714;-;-;Fri Mar 20 16:12:46 2015 -0400;1426882366;-;-;Fri Mar 20 16:12:46 2015 -0400;1426882366
a57d42829ccd680b49faac18cb75bb3852554539;a57d42829c;-;-;Fri Mar 20 15:33:56 2015 -0400;1426880036;-;-;Fri Mar 20 15:35:43 2015 -0400;1426880143
6a96c26dd4bb9688a0c6bfc687a0aa36ab5b36f8;6a96c26dd4;-;-;Fri Mar 20 14:54:22 2015 -0400;1426877662;-;-;Fri Mar 20 15:35:43 2015 -0400;1426880143
da48739628303e3d25ff78d80ff6e9ba87aaeae2;da48739628;-;-;Wed Mar 4 11:55:00 2015 +0100;1425466500;-;-;Fri Mar 20 15:35:43 2015 -0400;1426880143
0e7eecfe348428efa9e6ab4c2cda1c83d2ca7201;0e7eecfe34;-;-;Fri Mar 20 12:11:42 2015 -0400;1426867902;-;-;Fri Mar 20 15:35:43 2015 -0400;1426880143
8e4bfa9cc17d2192e33d20023ab3b4b732087f83;8e4bfa9cc1;-;-;Fri Mar 20 17:41:04 2015 +0100;1426869664;-;-;Fri Mar 20 17:41:04 2015 +0100;1426869664
898c24fcdd7930bff9717903c9884c0c8d146fa5;898c24fcdd;-;-;Fri Mar 20 17:35:44 2015 +0100;1426869344;-;-;Fri Mar 20 17:35:44 2015 +0100;1426869344
ab771dfd97b14f978a0513f4e9425db86099b348;ab771dfd97;-;-;Fri Mar 20 17:11:52 2015 +0100;1426867912;-;-;Fri Mar 20 17:11:52 2015 +0100;1426867912
c36c6cbfaafc5efdcc707d86226acf2258a1bba1;c36c6cbfaa;-;-;Fri Mar 20 16:42:04 2015 +0100;1426866124;-;-;Fri Mar 20 16:42:04 2015 +0100;1426866124
7e2f12cf9f505c6fe1b2608874f3c5f926ea0dc3;7e2f12cf9f;-;-;Fri Mar 20 15:48:04 2015 +0100;1426862884;-;-;Fri Mar 20 15:48:04 2015 +0100;1426862884
85e4b24abb36d3953eb322fc97cf00ffce59cbc9;85e4b24abb;-;-;Fri Mar 20 15:31:41 2015 +0100;1426861901;-;-;Fri Mar 20 15:31:41 2015 +0100;1426861901
83ff0adc2ece396b21561c3a76c47d2413a818c8;83ff0adc2e;-;-;Thu Mar 19 17:25:44 2015 -0400;1426800344;-;-;Thu Mar 19 17:25:44 2015 -0400;1426800344
de9c9febc385fe07809f634cef7933b632e7141f;de9c9febc3;-;-;Thu Mar 19 16:57:26 2015 -0400;1426798646;-;-;Thu Mar 19 16:57:26 2015 -0400;1426798646
46537a76ede5f3fd126eb491bedf313f8ac410bf;46537a76ed;-;-;Thu Mar 19 15:04:13 2015 -0400;1426791853;-;-;Thu Mar 19 15:04:13 2015 -0400;1426791853
41e437066ea635910d6972cb48e121a2d981227a;41e437066e;-;-;Wed Mar 18 11:22:42 2015 -0400;1426692162;-;-;Thu Mar 19 14:21:24 2015 -0400;1426789284
192462902ef3d97c0b6684d467c7d2023ecd5be1;192462902e;-;-;Thu Mar 19 16:50:15 2015 +0100;1426780215;-;-;Thu Mar 19 16:50:15 2015 +0100;1426780215
778a01943b14d5b6ecf55adc3aa8ddc92250c3fe;778a01943b;-;-;Wed Mar 18 23:05:13 2015 +0100;1426716313;-;-;Wed Mar 18 23:05:13 2015 +0100;1426716313
a3e5fbf5edcd5193b025eab144441ce91ba13cd2;a3e5fbf5ed;-;-;Wed Mar 18 21:21:46 2015 +0100;1426710106;-;-;Wed Mar 18 21:21:46 2015 +0100;1426710106
ce68c4dccb8f1b5adefb74a038647642b9618d32;ce68c4dccb;-;-;Tue Mar 17 23:10:56 2015 +0100;1426630256;-;-;Tue Mar 17 23:10:56 2015 +0100;1426630256
6f98cf3add0ff7e11210965cc07523761338b0d7;6f98cf3add;-;-;Tue Mar 17 21:41:37 2015 +0100;1426624897;-;-;Tue Mar 17 21:41:37 2015 +0100;1426624897
4f1d9fddc871307b26a7ce76c8adad7a2f25081f;4f1d9fddc8;-;-;Tue Mar 17 21:28:19 2015 +0100;1426624099;-;-;Tue Mar 17 21:28:19 2015 +0100;1426624099
370e3a52bfacdb28d8e58388778086b8358279ce;370e3a52bf;-;-;Tue Mar 17 21:24:51 2015 +0100;1426623891;-;-;Tue Mar 17 21:24:51 2015 +0100;1426623891
8ee0e98540e2d4fc45628d850bb61cf38e03dafa;8ee0e98540;-;-;Tue Mar 17 18:47:24 2015 +0100;1426614444;-;-;Tue Mar 17 18:47:24 2015 +0100;1426614444
ffff596ae6b1add6e563d7ecdee9345b59b7646b;ffff596ae6;-;-;Tue Mar 17 18:19:17 2015 +0100;1426612757;-;-;Tue Mar 17 18:19:17 2015 +0100;1426612757
9930a8715f26dfcb8e0ef8e960e6115a33f570cf;9930a8715f;-;-;Tue Mar 17 17:58:17 2015 +0100;1426611497;-;-;Tue Mar 17 17:58:32 2015 +0100;1426611512
03739c25d3936ae851c1d578c993b5c7030064a1;03739c25d3;-;-;Tue Mar 17 17:46:46 2015 +0100;1426610806;-;-;Tue Mar 17 17:46:46 2015 +0100;1426610806
bf0703e07e2c968c6d777101c10b01f4f4650a91;bf0703e07e;-;-;Tue Mar 17 17:29:38 2015 +0100;1426609778;-;-;Tue Mar 17 17:29:38 2015 +0100;1426609778
febcd0c46d63f720ba6bf834825c9f8d1a01d167;febcd0c46d;-;-;Mon Mar 16 20:45:01 2015 -0400;1426553101;-;-;Mon Mar 16 20:45:01 2015 -0400;1426553101
7f9975e34d78d6a3f494c42fa7bee79217a48565;7f9975e34d;-;-;Mon Mar 16 21:21:24 2015 +0100;1426537284;-;-;Mon Mar 16 21:21:24 2015 +0100;1426537284
162ee36700df172667b1e38d869c6e28075208e8;162ee36700;-;-;Mon Mar 16 21:01:28 2015 +0100;1426536088;-;-;Mon Mar 16 21:01:28 2015 +0100;1426536088
c43acd76757e865eb1f8df5d1f0e196b6c9537af;c43acd7675;-;-;Mon Mar 16 21:01:18 2015 +0100;1426536078;-;-;Mon Mar 16 21:01:18 2015 +0100;1426536078
768f6e836aaea822352d7135570d4dd4eebb6ebb;768f6e836a;-;-;Mon Mar 16 20:53:41 2015 +0100;1426535621;-;-;Mon Mar 16 20:53:41 2015 +0100;1426535621
66ec5ea2d18ee4c457446e171dfcd8fb29d0708f;66ec5ea2d1;-;-;Mon Mar 16 18:22:35 2015 +0100;1426526555;-;-;Mon Mar 16 18:22:35 2015 +0100;1426526555
abd7052b160cde88c6a046ca58d3d18e899ce60a;abd7052b16;-;-;Fri Mar 13 20:19:31 2015 +0100;1426274371;-;-;Fri Mar 13 20:20:51 2015 +0100;1426274451
6c169bd644dc47c2a364885a7578cb113a596c59;6c169bd644;-;-;Fri Mar 13 19:40:00 2015 +0100;1426272000;-;-;Fri Mar 13 19:40:00 2015 +0100;1426272000
bc6a98c144505bc9076372af310c0d2a4c1cc951;bc6a98c144;-;-;Fri Mar 13 18:19:10 2015 +0100;1426267150;-;-;Fri Mar 13 18:19:10 2015 +0100;1426267150
13659d645ba73b6bf5cbb286bc25c10404c4301d;13659d645b;-;-;Fri Mar 13 18:18:33 2015 +0100;1426267113;-;-;Fri Mar 13 18:18:33 2015 +0100;1426267113
f5b4e18209c45c948ab6bce6d166ef17b3f5b25d;f5b4e18209;-;-;Fri Mar 13 18:18:21 2015 +0100;1426267101;-;-;Fri Mar 13 18:18:21 2015 +0100;1426267101
9d497cbd98ad400401dda1c91f46e5211b6107d9;9d497cbd98;-;-;Fri Mar 13 18:18:06 2015 +0100;1426267086;-;-;Fri Mar 13 18:18:06 2015 +0100;1426267086
9d47a2b87e234ce25d48b7af278e59cef0329a45;9d47a2b87e;-;-;Fri Mar 13 18:16:58 2015 +0100;1426267018;-;-;Fri Mar 13 18:16:58 2015 +0100;1426267018
69b3e002154e0235f82784a308f2b1b782601c7f;69b3e00215;-;-;Fri Mar 13 13:02:52 2015 -0400;1426266172;-;-;Fri Mar 13 13:02:52 2015 -0400;1426266172
c6250f5164245e0e3aa76d56078465f4ee611a5b;c6250f5164;-;-;Fri Mar 13 10:30:29 2015 +0100;1426239029;-;-;Fri Mar 13 16:07:20 2015 +0100;1426259240
88a14488a194f3795996ba2ac1bf02af639cd7e9;88a14488a1;-;-;Fri Mar 13 09:56:43 2015 -0400;1426255003;-;-;Fri Mar 13 09:56:43 2015 -0400;1426255003
624790a52056978e5ad82e937d60a14a12fa920e;624790a520;-;-;Fri Mar 13 09:33:21 2015 -0400;1426253601;-;-;Fri Mar 13 09:33:21 2015 -0400;1426253601
d30b3eaf55463d05338b9d2492ed0ae0bce94623;d30b3eaf55;-;-;Wed Feb 25 16:19:18 2015 -0500;1424899158;-;-;Thu Mar 12 21:48:29 2015 -0400;1426211309
8a5e47a0434f2bcb8341356333019231e6a76729;8a5e47a043;-;-;Wed Mar 11 21:25:12 2015 +0100;1426105512;-;-;Wed Mar 11 22:09:38 2015 +0100;1426108178
348eb918914ab3cf0ea428adeacd54e86585256b;348eb91891;-;-;Wed Mar 11 21:18:05 2015 +0100;1426105085;-;-;Wed Mar 11 22:09:03 2015 +0100;1426108143
a64532ede2546f5e4bdb470f6087d053201d2317;a64532ede2;-;-;Tue Mar 10 16:58:29 2015 +0100;1426003109;-;-;Tue Mar 10 16:58:29 2015 +0100;1426003109
73e8021e5946aa3ae949e766d3c509e2d8f782a7;73e8021e59;-;-;Tue Mar 10 15:11:58 2015 +0100;1425996718;-;-;Tue Mar 10 15:11:58 2015 +0100;1425996718
5ba7b89e29a8be73efe99c53940da00d8000617c;5ba7b89e29;-;-;Tue Mar 10 15:10:15 2015 +0100;1425996615;-;-;Tue Mar 10 15:10:15 2015 +0100;1425996615
6fe85c2dd4ab4f9ec2d6cd2c6f78027a40c992ff;6fe85c2dd4;-;-;Tue Mar 10 14:41:55 2015 +0100;1425994915;-;-;Tue Mar 10 14:41:55 2015 +0100;1425994915
c7fcf7cd4c7f40263b60ef7500a0d6a6fa737fac;c7fcf7cd4c;-;-;Mon Mar 9 16:26:41 2015 +0100;1425914801;-;-;Mon Mar 9 16:26:41 2015 +0100;1425914801
8f8a85912a16f57ed204ca0c12423fedbf4ebe30;8f8a85912a;-;-;Mon Mar 9 09:57:53 2015 +0100;1425891473;-;-;Mon Mar 9 09:57:53 2015 +0100;1425891473
08c67cf0455972fa19c1d3633dd752dcdb984151;08c67cf045;-;-;Sat Mar 7 22:35:49 2015 +0100;1425764149;-;-;Sat Mar 7 22:35:49 2015 +0100;1425764149
afee5469730b7b76e0ca63264d1a0bdbe1c65b48;afee546973;-;-;Sat Mar 7 22:27:11 2015 +0100;1425763631;-;-;Sat Mar 7 22:27:11 2015 +0100;1425763631
d90cee78efee32b9e036c5b03666e32a192d5210;d90cee78ef;-;-;Sat Mar 7 21:16:18 2015 +0100;1425759378;-;-;Sat Mar 7 21:16:18 2015 +0100;1425759378
df1d90f48c913a3b9f94ee93c1ccef4a019f14a1;df1d90f48c;-;-;Sat Mar 7 21:01:39 2015 +0100;1425758499;-;-;Sat Mar 7 21:02:38 2015 +0100;1425758558
6861d35ea0b8ff62c3c2b39ccda2f6a3c555839d;6861d35ea0;-;-;Sat Mar 7 18:43:14 2015 +0100;1425750194;-;-;Sat Mar 7 18:43:14 2015 +0100;1425750194
789d90465830cf951206f4c300b59be98764f96e;789d904658;-;-;Sat Mar 7 15:43:09 2015 +0100;1425739389;-;-;Sat Mar 7 15:43:09 2015 +0100;1425739389
b1fdb4a773370af413b6ec57bf211418d7900b34;b1fdb4a773;-;-;Sat Mar 7 15:41:01 2015 +0100;1425739261;-;-;Sat Mar 7 15:41:01 2015 +0100;1425739261
bd6d974561ad8ab8c31cd513d3816078c2b521ca;bd6d974561;-;-;Sat Mar 7 07:30:52 2015 +0100;1425709852;-;-;Sat Mar 7 07:30:52 2015 +0100;1425709852
5bdc8d269bfe0068f44f0e82bdcf25c7c62b2fe8;5bdc8d269b;-;-;Fri Mar 6 23:51:32 2015 +0100;1425682292;-;-;Fri Mar 6 23:52:40 2015 +0100;1425682360
b7ef04767a4d0dc4eb3d80219073ddfcfdf1980b;b7ef04767a;-;-;Fri Mar 6 10:26:53 2015 -0800;1425666413;-;-;Fri Mar 6 10:32:42 2015 -0800;1425666762
7fbc951691d44af9d611cb62053a42386592545b;7fbc951691;-;-;Fri Mar 6 17:46:53 2015 +0100;1425660413;-;-;Fri Mar 6 17:46:53 2015 +0100;1425660413
a71001b45c3e4d4dc7a840ca26d18b73e3cb7404;a71001b45c;-;-;Fri Mar 6 17:46:35 2015 +0100;1425660395;-;-;Fri Mar 6 17:46:35 2015 +0100;1425660395
5ec2cd79470aeaa8e676dfbe794a63b189349fa2;5ec2cd7947;-;-;Fri Mar 6 17:45:45 2015 +0100;1425660345;-;-;Fri Mar 6 17:45:45 2015 +0100;1425660345
71cdf856e1074fa59daf47c227a0d4b7a69c92eb;71cdf856e1;-;-;Fri Mar 6 17:45:37 2015 +0100;1425660337;-;-;Fri Mar 6 17:45:37 2015 +0100;1425660337
450072e38a6719eb9b8950b7ad8391fcb2f1ae3e;450072e38a;-;-;Wed Mar 4 10:42:08 2015 +0100;1425462128;-;-;Fri Mar 6 17:02:11 2015 +0100;1425657731
74072237ee5d3f25057f648ba178a42c745004ae;74072237ee;-;-;Fri Mar 6 16:57:32 2015 +0100;1425657452;-;-;Fri Mar 6 16:59:25 2015 +0100;1425657565
ff4ac5b8371d804098ee2d82e5fffecf19e9a41c;ff4ac5b837;-;-;Fri Mar 6 11:52:51 2015 +0100;1425639171;-;-;Fri Mar 6 11:52:51 2015 +0100;1425639171
9b25d6ad8bf3ca40a1dfc9d4327831fd4a8cf6fc;9b25d6ad8b;-;-;Fri Mar 6 11:52:27 2015 +0100;1425639147;-;-;Fri Mar 6 11:52:27 2015 +0100;1425639147
0baf228db5358b843c1fbb555550542d5cb908c7;0baf228db5;-;-;Tue Mar 3 11:38:01 2015 +0100;1425379081;-;-;Fri Mar 6 10:54:13 2015 +0100;1425635653
503956d7c5cf69e65b0094e8303750adab3c8bc1;503956d7c5;-;-;Mon Mar 2 23:25:01 2015 +0100;1425335101;-;-;Fri Mar 6 10:54:13 2015 +0100;1425635653
b7dd5207845c6ab827bcfd777ba746722c1ef611;b7dd520784;-;-;Thu Mar 5 22:50:42 2015 -0500;1425613842;-;-;Thu Mar 5 22:50:48 2015 -0500;1425613848
8ab2e47556e91b0d0cf71ad9bede7d8cbcd968c4;8ab2e47556;-;-;Mon Mar 2 15:31:39 2015 +0100;1425306699;-;-;Thu Mar 5 22:50:48 2015 -0500;1425613848
d64c48ff5f06aa444c199ae0cfa0d86f1b36af00;d64c48ff5f;-;-;Thu Mar 5 21:52:27 2015 -0500;1425610347;-;-;Thu Mar 5 21:52:27 2015 -0500;1425610347
7bc44a9086f7f9cdfa1a8ef3f2f158fddf9eed2f;7bc44a9086;-;-;Fri Mar 6 01:25:12 2015 +0100;1425601512;-;-;Fri Mar 6 01:25:12 2015 +0100;1425601512
f8fd19d2beb4adb8d5332cf0c3bc1d488e5d1e0c;f8fd19d2be;-;-;Thu Mar 5 18:57:50 2015 +0100;1425578270;-;-;Thu Mar 5 18:57:50 2015 +0100;1425578270
b541fc93667c4e7557b937600ef1ac2bb25bee5e;b541fc9366;-;-;Thu Mar 5 18:56:57 2015 +0100;1425578217;-;-;Thu Mar 5 18:56:57 2015 +0100;1425578217
1e26d17a3d534671a612c293a6fd658336a428c6;1e26d17a3d;-;-;Thu Mar 5 18:56:07 2015 +0100;1425578167;-;-;Thu Mar 5 18:56:07 2015 +0100;1425578167
7e8ffc7bf56dcc9d7fcc3992589b126b0eecf22f;7e8ffc7bf5;-;-;Thu Mar 5 18:53:25 2015 +0100;1425578005;-;-;Thu Mar 5 18:53:25 2015 +0100;1425578005
f786fc32263ff6260b347076212c06d320412273;f786fc3226;-;-;Thu Mar 5 18:53:03 2015 +0100;1425577983;-;-;Thu Mar 5 18:53:03 2015 +0100;1425577983
dcb1145354fc0f59e7a9a4037017ea887ce29839;dcb1145354;-;-;Thu Mar 5 18:52:38 2015 +0100;1425577958;-;-;Thu Mar 5 18:52:38 2015 +0100;1425577958
772a26a743466ef84239aa97f1e07560426ad71b;772a26a743;-;-;Thu Mar 5 15:36:08 2015 +0100;1425566168;-;-;Thu Mar 5 15:36:08 2015 +0100;1425566168
31df7155ab40e6f4b98f4fd46ad9229031a716c4;31df7155ab;-;-;Thu Mar 5 11:14:46 2015 +0100;1425550486;-;-;Thu Mar 5 11:37:11 2015 +0100;1425551831
5c9f09c2c778be2dc0def9c471ceb3061fc8472a;5c9f09c2c7;-;-;Wed Mar 4 16:59:55 2015 +0100;1425484795;-;-;Wed Mar 4 16:59:55 2015 +0100;1425484795
fdd1f83639c3e05972ad7efd3711659b05616b07;fdd1f83639;-;-;Fri Feb 27 22:29:42 2015 +0100;1425072582;-;-;Mon Mar 2 22:05:16 2015 +0100;1425330316
ab2c7218754009a2a7a44e8fedaa4fb9ce1b2798;ab2c721875;-;-;Fri Feb 27 22:29:42 2015 +0100;1425072582;-;-;Mon Mar 2 21:58:01 2015 +0100;1425329881
ee74fe6c27c2a461f6880465b4946d7701076247;ee74fe6c27;-;-;Mon Mar 2 20:00:17 2015 +0100;1425322817;-;-;Mon Mar 2 20:00:17 2015 +0100;1425322817
4a46b60e2a08c8f8ec31c532bd61172938faeb5f;4a46b60e2a;-;-;Mon Mar 2 15:11:20 2015 +0100;1425305480;-;-;Mon Mar 2 15:11:20 2015 +0100;1425305480
57d7e9dbff4da863fdc865d2101d6b6b35f190f8;57d7e9dbff;-;-;Mon Mar 2 14:54:01 2015 +0100;1425304441;-;-;Mon Mar 2 14:54:01 2015 +0100;1425304441
268471c637ee8de88dbba010e814cde3c9efd755;268471c637;-;-;Mon Mar 2 14:52:54 2015 +0100;1425304374;-;-;Mon Mar 2 14:52:54 2015 +0100;1425304374
e24a7ded620b74110141bc6d4a80ae86c74c157b;e24a7ded62;-;-;Sat Feb 28 23:28:55 2015 +0100;1425162535;-;-;Sat Feb 28 23:28:55 2015 +0100;1425162535
7edc7c2c8f3e98a9c61d4c9520489d132c00e0a0;7edc7c2c8f;-;-;Sat Feb 28 23:12:13 2015 +0100;1425161533;-;-;Sat Feb 28 23:12:13 2015 +0100;1425161533
9cd065c1ec155466f22d5fbd0ebd43d853799b25;9cd065c1ec;-;-;Sat Feb 28 19:46:28 2015 +0100;1425149188;-;-;Sat Feb 28 19:46:28 2015 +0100;1425149188
2ba1151b7fa3fcd3b0c964fc377ce57671eabb8b;2ba1151b7f;-;-;Sat Feb 28 19:06:40 2015 +0100;1425146800;-;-;Sat Feb 28 19:06:40 2015 +0100;1425146800
fa5ea3821039db739918b335a6c06faa0ced3abc;fa5ea38210;-;-;Sat Feb 28 19:05:27 2015 +0100;1425146727;-;-;Sat Feb 28 19:05:37 2015 +0100;1425146737
93c70b7440783e9b047a52ee3ff9dec5d45300a6;93c70b7440;-;-;Sat Feb 28 17:37:02 2015 +0100;1425141422;-;-;Sat Feb 28 17:37:02 2015 +0100;1425141422
babbf6e8710ab937cd05ece20270f51490299270;babbf6e871;-;-;Sat Feb 28 10:32:34 2015 +0100;1425115954;-;-;Sat Feb 28 10:32:40 2015 +0100;1425115960
23d52d5e35d142ae62e2fd8ac29792a664201e03;23d52d5e35;-;-;Sat Feb 28 00:12:53 2015 +0100;1425078773;-;-;Sat Feb 28 00:12:53 2015 +0100;1425078773
540d8792fe6f8c423a0eaa8d7190a82fed11e4d3;540d8792fe;-;-;Fri Feb 27 23:49:55 2015 +0100;1425077395;-;-;Fri Feb 27 23:49:55 2015 +0100;1425077395
45a80fa3ed66c7dd8555c2599704a59a1d87c53a;45a80fa3ed;-;-;Fri Feb 27 23:07:06 2015 +0100;1425074826;-;-;Fri Feb 27 23:17:32 2015 +0100;1425075452
2b3409461f322e2e1f415b7547160c40addd57c5;2b3409461f;-;-;Fri Feb 27 22:29:42 2015 +0100;1425072582;-;-;Fri Feb 27 22:29:42 2015 +0100;1425072582
c1a9e3484ae28d4af045310b7df5116744bd5f08;c1a9e3484a;-;-;Fri Feb 27 22:28:18 2015 +0100;1425072498;-;-;Fri Feb 27 22:28:18 2015 +0100;1425072498
594a14ab25af168a22d27851cebca1b85019ec1e;594a14ab25;-;-;Fri Feb 27 22:28:07 2015 +0100;1425072487;-;-;Fri Feb 27 22:28:07 2015 +0100;1425072487
9d1e7fde3aea5f2e971ce09bcde053f08013e01a;9d1e7fde3a;-;-;Fri Feb 27 21:40:25 2015 +0100;1425069625;-;-;Fri Feb 27 21:41:52 2015 +0100;1425069712
448c99f2241fcb26ec3a550bb8dbc323ffa8f0e9;448c99f224;-;-;Fri Feb 27 20:39:40 2015 +0100;1425065980;-;-;Fri Feb 27 21:41:52 2015 +0100;1425069712
fe8289b5e36f7f7f98e36e8940d771c550330fec;fe8289b5e3;-;-;Fri Feb 27 19:57:16 2015 +0100;1425063436;-;-;Fri Feb 27 21:41:37 2015 +0100;1425069697
088238443b577f1cb291c869ac6f2cf616fd5591;088238443b;-;-;Fri Feb 27 21:37:37 2015 +0100;1425069457;-;-;Fri Feb 27 21:41:37 2015 +0100;1425069697
291b3de72bcf290f07ce901c422e7f5031163e99;291b3de72b;-;-;Fri Feb 27 19:30:56 2015 +0100;1425061856;-;-;Fri Feb 27 19:30:56 2015 +0100;1425061856
228d9db4d4885f5b650f9a5210b2b8f9395eebf9;228d9db4d4;-;-;Fri Feb 27 19:27:37 2015 +0100;1425061657;-;-;Fri Feb 27 19:27:37 2015 +0100;1425061657
fcd60b269e43172f7a88a0ba0a7ced4fefd0a17a;fcd60b269e;-;-;Fri Feb 27 19:26:17 2015 +0100;1425061577;-;-;Fri Feb 27 19:26:17 2015 +0100;1425061577
e24ebd6dbb1b2e3d5ce25c275c3ce900ddf8869b;e24ebd6dbb;-;-;Fri Feb 27 15:36:59 2015 +0100;1425047819;-;-;Fri Feb 27 11:44:27 2015 -0500;1425055467
c48858c9728031c29db9e1a3508cf24b48e06226;c48858c972;-;-;Fri Feb 27 11:30:12 2015 -0500;1425054612;-;-;Fri Feb 27 11:30:12 2015 -0500;1425054612
e13c300b536bce2c30fc38d89d4c3a4d489a35be;e13c300b53;-;-;Fri Feb 27 10:53:34 2015 -0500;1425052414;-;-;Fri Feb 27 10:53:34 2015 -0500;1425052414
81102deedfccf9e8ecc488cf418eab8a8428e501;81102deedf;-;-;Thu Feb 26 18:35:06 2015 +0100;1424972106;-;-;Thu Feb 26 18:35:06 2015 +0100;1424972106
287045ef7452b92d6f8e64a14b48a9026e0648f7;287045ef74;-;-;Thu Feb 26 18:34:39 2015 +0100;1424972079;-;-;Thu Feb 26 18:34:52 2015 +0100;1424972092
09fde31732cb380c1ac5783f75220119b3733e17;09fde31732;-;-;Thu Feb 26 18:33:53 2015 +0100;1424972033;-;-;Thu Feb 26 18:33:53 2015 +0100;1424972033
626748d71863d0618cd5d4fc93d5e4e952541069;626748d718;-;-;Thu Feb 26 18:33:37 2015 +0100;1424972017;-;-;Thu Feb 26 18:33:37 2015 +0100;1424972017
cbe4a49b54c56258da0fb419486ad9615d7b70ce;cbe4a49b54;-;-;Thu Feb 26 17:16:44 2015 +0100;1424967404;-;-;Thu Feb 26 17:50:26 2015 +0100;1424969426
2beca4d75eceeabeebe9dfceaec8a9e9d66664f1;2beca4d75e;-;-;Thu Feb 26 11:45:50 2015 -0500;1424969150;-;-;Thu Feb 26 11:45:50 2015 -0500;1424969150
6b07c53c61ed1c2dcd6c74bd64db7477bdafa424;6b07c53c61;-;-;Thu Feb 26 14:19:59 2015 +0100;1424956799;-;-;Thu Feb 26 14:19:59 2015 +0100;1424956799
9175fa2148ac6602fec5d0e331fa57d6a1ef3049;9175fa2148;-;-;Thu Feb 26 14:06:33 2015 +0100;1424955993;-;-;Thu Feb 26 14:06:33 2015 +0100;1424955993
dff2a3d18059eca92c7418f2e34df861101b223a;dff2a3d180;-;-;Thu Feb 26 13:33:19 2015 +0100;1424953999;-;-;Thu Feb 26 13:33:19 2015 +0100;1424953999
2dd587596437a4bbe9f62ba0dc9f7b13382fb533;2dd5875964;-;-;Wed Feb 25 16:57:58 2015 -0500;1424901478;-;-;Wed Feb 25 16:57:58 2015 -0500;1424901478
cc33d3fac87e0da6444e0a428de4ae0e476a8574;cc33d3fac8;-;-;Wed Feb 25 19:05:06 2015 +0100;1424887506;-;-;Wed Feb 25 19:05:06 2015 +0100;1424887506
bb5b5d52edf60350f09cf11c41e6fba534bebb54;bb5b5d52ed;-;-;Wed Feb 25 18:45:28 2015 +0100;1424886328;-;-;Wed Feb 25 18:45:28 2015 +0100;1424886328
8f228d1db4d83a67ec2599870111221e3eea9d62;8f228d1db4;-;-;Wed Feb 25 18:28:23 2015 +0100;1424885303;-;-;Wed Feb 25 18:28:23 2015 +0100;1424885303
cdc04e55fe8545087b81892951ee5fa8802cc104;cdc04e55fe;-;-;Wed Feb 25 18:26:42 2015 +0100;1424885202;-;-;Wed Feb 25 18:26:42 2015 +0100;1424885202
44075d7205e36ff580a55132eb266391eaeaf505;44075d7205;-;-;Wed Feb 25 13:29:10 2015 +0100;1424867350;-;-;Wed Feb 25 13:29:10 2015 +0100;1424867350
80d42f1d1861fd7c9d82487c1f5ea265492f398b;80d42f1d18;-;-;Wed Feb 25 12:01:29 2015 +0100;1424862089;-;-;Wed Feb 25 12:01:29 2015 +0100;1424862089
7596763b213f14a14f84ad8ac46eb9e60be3eec4;7596763b21;-;-;Tue Feb 24 23:26:37 2015 +0100;1424816797;-;-;Tue Feb 24 23:26:37 2015 +0100;1424816797
500179e5c0c7892e21a6255314554f5919e8a4a5;500179e5c0;-;-;Mon Feb 23 13:25:11 2015 -0600;1424719511;-;-;Tue Feb 24 09:44:32 2015 -0500;1424789072
4ca32d1ce59b77762b14afc8ebb9d528145a2335;4ca32d1ce5;-;-;Tue Feb 24 10:23:16 2015 +0100;1424769796;-;-;Tue Feb 24 10:23:16 2015 +0100;1424769796
018adb04f26ba51e680449eb60b357de0b9c960f;018adb04f2;-;-;Sun Feb 22 10:29:43 2015 +0100;1424597383;-;-;Tue Feb 24 10:17:27 2015 +0100;1424769447
c3408d869c70539896f618992eeb2bc0d1282fb7;c3408d869c;-;-;Mon Feb 23 23:34:55 2015 +0200;1424727295;-;-;Mon Feb 23 23:34:55 2015 +0200;1424727295
9a1b41ffb8d30e47bcd1a4ac27871b972425c3b8;9a1b41ffb8;-;-;Mon Feb 23 21:35:54 2015 +0200;1424720154;-;-;Mon Feb 23 21:35:54 2015 +0200;1424720154
1705930c8e591894216a7dc7f09547eb9982cc45;1705930c8e;-;-;Mon Feb 23 10:09:23 2015 +0100;1424682563;-;-;Mon Feb 23 10:09:23 2015 +0100;1424682563
91a0107e4abba457f72ed1b6bd541611039832fe;91a0107e4a;-;-;Fri Feb 20 21:53:44 2015 +0100;1424465624;-;-;Fri Feb 20 21:53:44 2015 +0100;1424465624
e3d1a1dda22723fc896bfc96c6db57c500faf208;e3d1a1dda2;-;-;Fri Feb 20 21:53:34 2015 +0100;1424465614;-;-;Fri Feb 20 21:53:34 2015 +0100;1424465614
b94c6fdf7ae1305516166db710070acf4f967f21;b94c6fdf7a;-;-;Fri Feb 20 13:17:26 2015 -0500;1424456246;-;-;Fri Feb 20 13:19:15 2015 -0500;1424456355
facd2401cd9d02f1aa5d7b9e46b8daa4cc0782f9;facd2401cd;-;-;Fri Feb 20 14:54:33 2015 +0100;1424440473;-;-;Fri Feb 20 14:54:33 2015 +0100;1424440473
152a7b645f61a55f19882219c237a7cee09fd620;152a7b645f;-;-;Fri Feb 20 09:40:00 2015 +0100;1424421600;-;-;Fri Feb 20 09:40:16 2015 +0100;1424421616
7191050e26ae8954f5a6683ea86b4c4bf77110fd;7191050e26;-;-;Thu Feb 19 23:37:07 2015 +0100;1424385427;-;-;Thu Feb 19 23:37:07 2015 +0100;1424385427
65b6017db9bf3abec66c9511cd688dbcb5e4385c;65b6017db9;-;-;Thu Feb 19 22:18:52 2015 +0100;1424380732;-;-;Thu Feb 19 22:18:52 2015 +0100;1424380732
53c2531a8bef0df9741d7ece361c0c013b55ed6a;53c2531a8b;-;-;Thu Feb 19 22:15:51 2015 +0100;1424380551;-;-;Thu Feb 19 22:15:51 2015 +0100;1424380551
8fcbdaee24ffefaa4e73209c61cf76e8f4fbce2b;8fcbdaee24;-;-;Thu Feb 19 16:51:41 2015 +0100;1424361101;-;-;Thu Feb 19 17:13:48 2015 +0100;1424362428
90e6304b49ff289d7271e523856630428b433504;90e6304b49;-;-;Thu Feb 19 14:58:21 2015 +0100;1424354301;-;-;Thu Feb 19 16:52:19 2015 +0100;1424361139
40cbede7f36e4551189b2b0d60cc70aacec5f347;40cbede7f3;-;-;Thu Feb 19 14:12:10 2015 +0100;1424351530;-;-;Thu Feb 19 16:51:58 2015 +0100;1424361118
adb502a0dee1ae6f53e74eb5eb7c5c085558bcf6;adb502a0de;-;-;Thu Feb 19 15:25:57 2015 +0100;1424355957;-;-;Thu Feb 19 15:25:57 2015 +0100;1424355957
aabf73dea450ea97f50292452409496424cfe535;aabf73dea4;-;-;Thu Dec 18 14:27:18 2014 +0100;1418909238;-;-;Thu Feb 19 13:07:04 2015 +0100;1424347624
1aec6a6cc29c54cd74a7e609a2fa08d39835abe1;1aec6a6cc2;-;-;Thu Feb 19 09:47:20 2015 +0100;1424335640;-;-;Thu Feb 19 09:47:20 2015 +0100;1424335640
f20a62408b6fdc7cedca141897a695b825075aab;f20a62408b;-;-;Wed Feb 18 22:28:36 2015 +0100;1424294916;-;-;Wed Feb 18 22:28:36 2015 +0100;1424294916
dbd353bbd95267c46085d192981de8d8acbde4d1;dbd353bbd9;-;-;Wed Feb 18 22:28:27 2015 +0100;1424294907;-;-;Wed Feb 18 22:28:27 2015 +0100;1424294907
c7a456c0bfd4edfca7ac7f854c5b0009b659d45c;c7a456c0bf;-;-;Wed Feb 18 20:30:45 2015 +0100;1424287845;-;-;Wed Feb 18 20:30:45 2015 +0100;1424287845
81ae1153e6218993690f93baad3f5fdc3d3660da;81ae1153e6;-;-;Wed Feb 18 18:19:55 2015 +0100;1424279995;-;-;Wed Feb 18 18:19:55 2015 +0100;1424279995
2135e70f365b139a8e1a0ad89374bd6051b1c7a8;2135e70f36;-;-;Wed Feb 18 17:59:32 2015 +0100;1424278772;-;-;Wed Feb 18 17:59:32 2015 +0100;1424278772
917eb1de0b2f4f75ea40ca46e32b164cd6b2338f;917eb1de0b;-;-;Wed Feb 18 11:52:59 2015 -0500;1424278379;-;-;Wed Feb 18 11:52:59 2015 -0500;1424278379
1f990c3df62b2ea26e44e93af547b074b0efc18d;1f990c3df6;-;-;Wed Feb 18 11:36:22 2015 -0500;1424277382;-;-;Wed Feb 18 11:36:22 2015 -0500;1424277382
406171c9c0b93cc70e6d28f35b9002ebf5e0cd09;406171c9c0;-;-;Wed Feb 18 16:54:10 2015 +0100;1424274850;-;-;Wed Feb 18 16:54:10 2015 +0100;1424274850
69844ed30bfe1d2e4f27e242b10e49ea0842b244;69844ed30b;-;-;Wed Feb 18 16:45:42 2015 +0100;1424274342;-;-;Wed Feb 18 16:45:42 2015 +0100;1424274342
0c15a54007f94212ecc9076ad96a7bea70426379;0c15a54007;-;-;Wed Feb 18 16:45:16 2015 +0100;1424274316;-;-;Wed Feb 18 16:45:16 2015 +0100;1424274316
8716129058b533c32d29d21bab8bb3d3a77d26ad;8716129058;-;-;Wed Feb 18 16:45:01 2015 +0100;1424274301;-;-;Wed Feb 18 16:45:01 2015 +0100;1424274301
6ebac00f32907c668b778ffeb474731d1264a71b;6ebac00f32;-;-;Wed Feb 18 16:17:07 2015 +0100;1424272627;-;-;Wed Feb 18 16:17:07 2015 +0100;1424272627
61cc3b5bfff7d0f4c8025470b1a84f778a758601;61cc3b5bff;-;-;Wed Feb 18 16:16:28 2015 +0100;1424272588;-;-;Wed Feb 18 16:16:28 2015 +0100;1424272588
1273c90a645a4fcc79719f14b4dc500106dfac2b;1273c90a64;-;-;Wed Feb 18 16:16:05 2015 +0100;1424272565;-;-;Wed Feb 18 16:16:05 2015 +0100;1424272565
8159aa99a1e5e8d3ff327549967c376fba7b3192;8159aa99a1;-;-;Wed Feb 18 12:32:04 2015 +0100;1424259124;-;-;Wed Feb 18 14:23:19 2015 +0100;1424265799
6062e15572eefa73954a69c109cc90f068486065;6062e15572;-;-;Fri Feb 13 16:56:09 2015 +0100;1423842969;-;-;Wed Feb 18 09:30:15 2015 +0100;1424248215
42af33034d84327340e4bd53ec3f6c5bba626069;42af33034d;-;-;Tue Feb 17 19:42:52 2015 +0100;1424198572;-;-;Tue Feb 17 19:42:52 2015 +0100;1424198572
0267715c9dc50019080039febfd4362894b49aae;0267715c9d;-;-;Tue Feb 17 19:32:19 2015 +0100;1424197939;-;-;Tue Feb 17 19:32:19 2015 +0100;1424197939
75e0bc9271e6d5089f6c47f81114d58d09383c7d;75e0bc9271;-;-;Tue Feb 17 03:09:24 2015 +0100;1424138964;-;-;Tue Feb 17 03:09:24 2015 +0100;1424138964
d6a799ad4af81da8840fbd5536efd49b9225ef8a;d6a799ad4a;-;-;Mon Feb 16 20:25:57 2015 +0100;1424114757;-;-;Mon Feb 16 20:26:49 2015 +0100;1424114809
add718d75c1f4a281b5eac33d76b38e688cfdb10;add718d75c;-;-;Mon Feb 16 18:10:37 2015 +0100;1424106637;-;-;Mon Feb 16 20:26:49 2015 +0100;1424114809
b4fa1c24cc782a90935bde9275bfb203d4c97b14;b4fa1c24cc;-;-;Mon Feb 16 14:12:12 2015 -0500;1424113932;-;-;Mon Feb 16 14:12:12 2015 -0500;1424113932
8eb7beebc8d7d202e736ca6a5f1be2d3ffc227c2;8eb7beebc8;-;-;Mon Feb 16 10:41:26 2015 +0100;1424079686;-;-;Mon Feb 16 10:41:26 2015 +0100;1424079686
67934a22e2f77449dc1fd8e614028e3d42e20e81;67934a22e2;-;-;Thu Feb 12 20:24:06 2015 +0100;1423769046;-;-;Thu Feb 12 20:24:06 2015 +0100;1423769046
ef75bd8441583ab45f82796a44fe460c7e07862c;ef75bd8441;-;-;Thu Feb 12 19:32:49 2015 +0100;1423765969;-;-;Thu Feb 12 19:32:49 2015 +0100;1423765969
66735d01cf7eef64e630c353285233fd1c500b17;66735d01cf;-;-;Thu Feb 12 15:25:51 2015 +0100;1423751151;-;-;Thu Feb 12 15:25:51 2015 +0100;1423751151
fa8d202a455319c6edb5a899b86ccc260f2e78be;fa8d202a45;-;-;Thu Feb 12 14:45:47 2015 +0100;1423748747;-;-;Thu Feb 12 14:45:47 2015 +0100;1423748747
d75f3903605e4773181b7300ee140ce06bd02d6e;d75f390360;-;-;Thu Feb 12 08:43:09 2015 +0100;1423726989;-;-;Thu Feb 12 08:43:09 2015 +0100;1423726989
be76da654f72646f791576156942066065ce1fc6;be76da654f;-;-;Wed Feb 11 20:38:30 2015 +0100;1423683510;-;-;Wed Feb 11 20:38:30 2015 +0100;1423683510
77fcf21401ab98c886cc5c98afdf43a545d9b38f;77fcf21401;-;-;Wed Feb 11 20:37:04 2015 +0100;1423683424;-;-;Wed Feb 11 20:37:04 2015 +0100;1423683424
7a6a13201fd295a4b0fcf89cf9e5d85d6467b883;7a6a13201f;-;-;Wed Feb 11 16:53:49 2015 +0000;1423673629;-;-;Wed Feb 11 18:07:26 2015 +0100;1423674446
aa213396b4aa73501d44927d3fe016571bba7555;aa213396b4;-;-;Wed Feb 11 11:29:15 2015 +0100;1423650555;-;-;Wed Feb 11 11:29:15 2015 +0100;1423650555
f58abd3d9a03ad5788908da2702406754b4286b3;f58abd3d9a;-;-;Tue Feb 10 23:04:12 2015 +0100;1423605852;-;-;Tue Feb 10 23:04:12 2015 +0100;1423605852
098e60e12515a17f5c3f46966fb3e3ddc1193f7e;098e60e125;-;-;Tue Feb 10 23:02:14 2015 +0100;1423605734;-;-;Tue Feb 10 23:02:14 2015 +0100;1423605734
75bf9df384351af2b97d331a39fea043e2434630;75bf9df384;-;-;Tue Feb 10 19:31:49 2015 +0100;1423593109;-;-;Tue Feb 10 19:31:49 2015 +0100;1423593109
058714b03aed912a9ab072c1c5eff9d1e83f10b0;058714b03a;-;-;Tue Feb 10 19:30:59 2015 +0100;1423593059;-;-;Tue Feb 10 19:30:59 2015 +0100;1423593059
7585be85f3e8a08327ea9b3946a750293915abd7;7585be85f3;-;-;Tue Feb 10 19:28:30 2015 +0100;1423592910;-;-;Tue Feb 10 19:28:30 2015 +0100;1423592910
981aefc2c0d2a6fbf9c08d4d54d17923a75a2e01;981aefc2c0;-;-;Tue Feb 10 19:26:19 2015 +0100;1423592779;-;-;Tue Feb 10 19:26:19 2015 +0100;1423592779
918bc3b1032d1cf7024f74a641d3d94e145189c7;918bc3b103;-;-;Tue Feb 10 19:24:34 2015 +0100;1423592674;-;-;Tue Feb 10 19:24:34 2015 +0100;1423592674
13ccc8ede85c5b3154b5cb7e5ab26fb99024c04f;13ccc8ede8;-;-;Tue Feb 10 14:53:43 2015 +0100;1423576423;-;-;Tue Feb 10 14:53:43 2015 +0100;1423576423
6b3092c23644fa5a19236a7d97a95882cae93c6a;6b3092c236;-;-;Tue Feb 10 14:47:15 2015 +0100;1423576035;-;-;Tue Feb 10 14:47:15 2015 +0100;1423576035
37c04bd9c8d7a1269d1088af935a5571cb6887bc;37c04bd9c8;-;-;Tue Feb 10 09:47:34 2015 +0100;1423558054;-;-;Tue Feb 10 09:47:34 2015 +0100;1423558054
4741a12fdc43782cc14692f58f3213edc18add7f;4741a12fdc;-;-;Mon Feb 2 10:46:28 2015 +0100;1422870388;-;-;Tue Feb 10 09:14:33 2015 +0100;1423556073
f0fca890bbc5029ed1a322778134f229da23b2b7;f0fca890bb;-;-;Fri Jan 23 11:57:58 2015 +0100;1422010678;-;-;Tue Feb 10 09:13:02 2015 +0100;1423555982
6d6422acdef00a647af0c38d7d8309beb4187755;6d6422acde;-;-;Thu Jan 22 14:47:30 2015 +0100;1421934450;-;-;Tue Feb 10 09:08:12 2015 +0100;1423555692
f84c458aba8afebab3f8e650bb56d827724b4c20;f84c458aba;-;-;Tue Feb 10 06:49:25 2015 +0100;1423547365;-;-;Tue Feb 10 06:53:14 2015 +0100;1423547594
9b3319b3b3f4c974c34a326c29dec480051dcae9;9b3319b3b3;-;-;Mon Feb 9 11:56:51 2015 +0100;1423479411;-;-;Mon Feb 9 11:56:51 2015 +0100;1423479411
29a6d24d6587ecbe340e4ec65f977395d2d0f329;29a6d24d65;-;-;Mon Feb 9 10:09:12 2015 +0100;1423472952;-;-;Mon Feb 9 10:09:12 2015 +0100;1423472952
982f9ce6c9a731fdfbfb49c90c19885ba5788da2;982f9ce6c9;-;-;Mon Feb 9 09:41:03 2015 +0100;1423471263;-;-;Mon Feb 9 09:41:03 2015 +0100;1423471263
8f0ddf1b1d0c5fbd5a40e2669b638bb2e7564db5;8f0ddf1b1d;-;-;Thu Feb 5 11:16:58 2015 -0500;1423153018;-;-;Thu Feb 5 11:18:07 2015 -0500;1423153087
13cdd22f5e7170f9d955b6d7071c01932289931d;13cdd22f5e;-;-;Tue Feb 3 11:20:28 2015 +0100;1422958828;-;-;Tue Feb 3 17:07:55 2015 +0100;1422979675
e0d407dad0f40f3329ad2fa8f2a79796b17ddff6;e0d407dad0;-;-;Mon Feb 2 16:59:17 2015 +0100;1422892757;-;-;Tue Feb 3 10:41:56 2015 -0500;1422978116
b215d4c29e0795e9577bb0edc9af00a95d5f966c;b215d4c29e;-;-;Tue Feb 3 11:58:21 2015 +0100;1422961101;-;-;Tue Feb 3 11:58:21 2015 +0100;1422961101
78f3a3cb11536b5305555c70c867c9daf7c355ad;78f3a3cb11;-;-;Mon Feb 2 17:29:39 2015 -0500;1422916179;-;-;Mon Feb 2 17:29:39 2015 -0500;1422916179
fd426aaa4df5ae08b448d21541d375f9a9d5b3a6;fd426aaa4d;-;-;Mon Feb 2 15:50:22 2015 -0500;1422910222;-;-;Mon Feb 2 15:50:22 2015 -0500;1422910222
f017cc3febcfa93c747e4b1b82a935aefaa0117e;f017cc3feb;-;-;Mon Feb 2 13:52:12 2015 -0500;1422903132;-;-;Mon Feb 2 13:52:12 2015 -0500;1422903132
d8cec8534e2c9ffd0056665f9421710e44a3ebec;d8cec8534e;-;-;Mon Feb 2 11:28:54 2015 +0100;1422872934;-;-;Mon Feb 2 11:28:54 2015 +0100;1422872934
a32b5e61d0b5dff9c09cc3c7d7b8e5e68ac69ae5;a32b5e61d0;-;-;Thu Jan 8 11:34:41 2015 -0500;1420734881;-;-;Thu Jan 29 17:55:09 2015 -0500;1422572109
ccb1c13951da01603345504115fd3c177c65dd59;ccb1c13951;-;-;Mon Jan 26 15:59:15 2015 +0100;1422284355;-;-;Mon Jan 26 15:59:15 2015 +0100;1422284355
c7b324b89b6d0d0f000f0619f22fcfca21cf03c6;c7b324b89b;-;-;Sat Jan 24 15:30:22 2015 +0100;1422109822;-;-;Mon Jan 26 14:44:14 2015 +0100;1422279854
cf86ecddb5390bed6f33eaad3b03918a3c22062e;cf86ecddb5;-;-;Fri Jan 23 17:12:27 2015 +0100;1422029547;-;-;Mon Jan 26 11:41:34 2015 +0100;1422268894
5fb6d6d89c5fe799cf2cd8f32a2fd5f77a59c2ee;5fb6d6d89c;-;-;Mon Jan 26 11:08:08 2015 +0100;1422266888;-;-;Mon Jan 26 11:08:08 2015 +0100;1422266888
6e10f7c8cf8c3edf573e9f04541f691c499b1a43;6e10f7c8cf;-;-;Sat Jan 24 17:54:43 2015 +0100;1422118483;-;-;Sat Jan 24 18:01:43 2015 +0100;1422118903
2d918380f0553238087ec264688ecba066e49ab5;2d918380f0;-;-;Fri Jan 23 22:13:04 2015 +0100;1422047584;-;-;Fri Jan 23 22:13:04 2015 +0100;1422047584
c5c32ec206dcba363370b4c0189e84852b18162e;c5c32ec206;-;-;Fri Jan 23 21:41:12 2015 +0100;1422045672;-;-;Fri Jan 23 21:41:12 2015 +0100;1422045672
e97712b95b8878fec0f40f9141ad29de42f18610;e97712b95b;-;-;Fri Jan 23 21:12:45 2015 +0100;1422043965;-;-;Fri Jan 23 21:12:45 2015 +0100;1422043965
52b8f34468330372f448ee13475b0a6982ee0809;52b8f34468;-;-;Thu Jan 22 21:27:36 2015 -0500;1421980056;-;-;Thu Jan 22 21:27:36 2015 -0500;1421980056
0bfa124a1ed241501e8a14fd9d92d360139d7c5c;0bfa124a1e;-;-;Thu Jan 22 17:08:20 2015 -0500;1421964500;-;-;Thu Jan 22 17:08:20 2015 -0500;1421964500
3f6f6d5f7073156820586687aba73774689b298e;3f6f6d5f70;-;-;Thu Jan 22 19:23:23 2015 +0100;1421951003;-;-;Thu Jan 22 19:23:23 2015 +0100;1421951003
8ec0da083a75b5478e47a5fe8ba77676af24377a;8ec0da083a;-;-;Thu Jan 22 19:16:08 2015 +0100;1421950568;-;-;Thu Jan 22 19:16:08 2015 +0100;1421950568
1cd443362196aff3fbd04548d5e92f7e9607dbd4;1cd4433621;-;-;Thu Jan 22 18:44:07 2015 +0100;1421948647;-;-;Thu Jan 22 18:44:07 2015 +0100;1421948647
0479ca68fe319e6e38bfa8970a0ddcbe4235cd76;0479ca68fe;-;-;Thu Jan 22 18:42:30 2015 +0100;1421948550;-;-;Thu Jan 22 18:42:30 2015 +0100;1421948550
a4fe49e6ff03296e0f3a7c3524f0b42f73b8b269;a4fe49e6ff;-;-;Thu Jan 22 10:19:16 2015 +0100;1421918356;-;-;Thu Jan 22 10:19:16 2015 +0100;1421918356
d68fde57cdd997414cd5421d2c02a3ae1186364c;d68fde57cd;-;-;Wed Jan 21 17:53:26 2015 -0500;1421880806;-;-;Wed Jan 21 17:54:40 2015 -0500;1421880880
2bf6b41bcc02ac137d2fc4b2731057c55157d16f;2bf6b41bcc;-;-;Wed Jan 21 10:31:21 2015 +0100;1421832681;-;-;Wed Jan 21 11:35:43 2015 +0100;1421836543
49e31c302b6c29ea6901ebc18846a501bcdfb673;49e31c302b;-;-;Wed Jan 21 11:11:07 2015 +0100;1421835067;-;-;Wed Jan 21 11:11:07 2015 +0100;1421835067
f949b2d3c34d10d099338fc7c2e340edec85b959;f949b2d3c3;-;-;Tue Jan 20 17:22:51 2015 -0500;1421792571;-;-;Tue Jan 20 17:22:51 2015 -0500;1421792571
497944f0dd9a9cb49b5f41397cb41a07a67eaf25;497944f0dd;-;-;Tue Jan 20 17:14:20 2015 -0500;1421792060;-;-;Tue Jan 20 17:14:20 2015 -0500;1421792060
bb78c76b8c9d6e46376d3a92b4c1c8db4e54c493;bb78c76b8c;-;-;Tue Jan 20 17:46:05 2015 +0100;1421772365;-;-;Tue Jan 20 17:46:05 2015 +0100;1421772365
4141bf35b44f5ef4a2976a7d36e5f6ab391500b7;4141bf35b4;-;-;Tue Jan 20 16:02:20 2015 +0100;1421766140;-;-;Tue Jan 20 16:02:20 2015 +0100;1421766140
d34402d3ba0470423ae763e98889160580230379;d34402d3ba;-;-;Tue Jan 20 16:02:11 2015 +0100;1421766131;-;-;Tue Jan 20 16:02:11 2015 +0100;1421766131
11bf3b3524f1ada125d08c28e227a333d0217c14;11bf3b3524;-;-;Tue Jan 20 16:02:01 2015 +0100;1421766121;-;-;Tue Jan 20 16:02:01 2015 +0100;1421766121
d4dac250a835c54428d6f1e29f8fe8eaec59330e;d4dac250a8;-;-;Tue Jan 20 16:01:53 2015 +0100;1421766113;-;-;Tue Jan 20 16:01:53 2015 +0100;1421766113
0ddf8dde128a1904bfe5af30817836ac09e07f1c;0ddf8dde12;-;-;Tue Jan 20 16:01:44 2015 +0100;1421766104;-;-;Tue Jan 20 16:01:44 2015 +0100;1421766104
028c0e8b809dcfd641d290de4eda0e48c08fd5f2;028c0e8b80;-;-;Tue Jan 20 15:10:54 2015 +0100;1421763054;-;-;Tue Jan 20 15:53:10 2015 +0100;1421765590
bf7a9754d5060668fdbfe93c70b0d357d258c323;bf7a9754d5;-;-;Tue Jan 20 15:24:55 2015 +0100;1421763895;-;-;Tue Jan 20 15:24:55 2015 +0100;1421763895
b89e62e5f6bf066952831c8515910ab08deb9d27;b89e62e5f6;-;-;Tue Jan 20 14:57:14 2015 +0100;1421762234;-;-;Tue Jan 20 14:57:14 2015 +0100;1421762234
4a2b6a1322cdbd11b584d1641ec1b55cc57c01b8;4a2b6a1322;-;-;Sat Jan 17 13:50:27 2015 +0100;1421499027;-;-;Sat Jan 17 13:50:27 2015 +0100;1421499027
3da9d92bf53c205f7e7ce1d58b5701e095a7e474;3da9d92bf5;-;-;Fri Jan 16 16:13:02 2015 +0100;1421421182;-;-;Fri Jan 16 16:13:02 2015 +0100;1421421182
ab629a0e26d892404e8d29e74c13f97b8d0b4d34;ab629a0e26;-;-;Tue Jan 13 10:26:59 2015 -0500;1421162819;-;-;Tue Jan 13 10:26:59 2015 -0500;1421162819
43d93712f1a827cf00a9b097dd546320ce841692;43d93712f1;-;-;Tue Dec 9 09:47:36 2014 -0500;1418136456;-;-;Mon Jan 12 14:48:09 2015 -0500;1421092089
7a6dfe3765b471d2c115e2f802f7ffd61bbd05fe;7a6dfe3765;-;-;Mon Jan 12 12:19:11 2015 +0100;1421061551;-;-;Mon Jan 12 12:19:11 2015 +0100;1421061551
08f3a7982192e3f1aee9f31c61fb98022fc3b0ac;08f3a79821;-;-;Sat Jan 10 22:30:06 2015 +0100;1420925406;-;-;Sat Jan 10 22:30:06 2015 +0100;1420925406
d5fb829adebddbf791faeb5afb00e543982e6d7a;d5fb829ade;-;-;Sat Jan 10 22:28:00 2015 +0100;1420925280;-;-;Sat Jan 10 22:28:00 2015 +0100;1420925280
276712dcd1eef93e2a9add83e3d11f0eb6f06095;276712dcd1;-;-;Sat Jan 10 20:36:48 2015 +0100;1420918608;-;-;Sat Jan 10 20:36:48 2015 +0100;1420918608
cf7a7932f379a2299ab7bb45d07b27a07b3b1ea9;cf7a7932f3;-;-;Sat Jan 10 17:52:41 2015 +0100;1420908761;-;-;Sat Jan 10 17:52:41 2015 +0100;1420908761
b81c522ee1624f3d5f170fc3468f4600956950bd;b81c522ee1;-;-;Sat Jan 10 17:51:51 2015 +0100;1420908711;-;-;Sat Jan 10 17:51:51 2015 +0100;1420908711
f5201e3ca000acb44a318d3157b7628779fe5e6b;f5201e3ca0;-;-;Fri Jan 9 23:14:56 2015 +0100;1420841696;-;-;Fri Jan 9 23:14:56 2015 +0100;1420841696
dbbd1dacefc6734b74738276dcbf813f1c84dde1;dbbd1dacef;-;-;Thu Jan 8 18:39:03 2015 +0100;1420738743;-;-;Thu Jan 8 18:39:03 2015 +0100;1420738743
fc38d3bf062d89f404cd9bc737f156a5efcf44ae;fc38d3bf06;-;-;Thu Jan 8 18:33:33 2015 +0100;1420738413;-;-;Thu Jan 8 18:33:33 2015 +0100;1420738413
e9e5149001d813806a04d9e1a349bbc899fceba9;e9e5149001;-;-;Thu Jan 8 18:32:12 2015 +0100;1420738332;-;-;Thu Jan 8 18:32:12 2015 +0100;1420738332
c50df0c420c692b8b490472cfae3bbd328201da1;c50df0c420;-;-;Thu Jan 8 18:02:00 2015 +0100;1420736520;-;-;Thu Jan 8 18:02:00 2015 +0100;1420736520
b6675b6167f3580fcc03b8d725db482e1e2e44e7;b6675b6167;-;-;Wed Dec 31 13:43:37 2014 +0100;1420029817;-;-;Thu Jan 8 17:34:39 2015 +0100;1420734879
213a3fd779747e5e8dfc24905b9bb98da063a5a1;213a3fd779;-;-;Wed Jan 7 16:53:09 2015 +0100;1420645989;-;-;Thu Jan 8 16:08:09 2015 +0100;1420729689
40cd1be14c856985d56715bdfd09a71c2cf23955;40cd1be14c;-;-;Wed Jan 7 21:08:00 2015 +0100;1420661280;-;-;Wed Jan 7 21:08:00 2015 +0100;1420661280
34afe215fd48538e9e4c00a928a0acdcfc3e78e2;34afe215fd;-;-;Wed Jan 7 09:51:44 2015 +0100;1420620704;-;-;Wed Jan 7 09:51:44 2015 +0100;1420620704
f59fc83f3045d2d6623825da6249de60a8d5cac6;f59fc83f30;-;-;Tue Jan 6 09:52:06 2015 -0500;1420555926;-;-;Tue Jan 6 09:52:06 2015 -0500;1420555926
8a47c181f78688c0e09cde9e6c538966dd5c7e51;8a47c181f7;-;-;Tue Jan 6 09:43:54 2015 -0500;1420555434;-;-;Tue Jan 6 09:43:54 2015 -0500;1420555434
bce145c06e3f92744b57d8a54cbb077774b2b9a2;bce145c06e;-;-;Mon Jan 5 14:28:47 2015 +0100;1420464527;-;-;Mon Jan 5 14:28:47 2015 +0100;1420464527
3662ad4f942536e74f19739fdcebcb2186e4a4e3;3662ad4f94;-;-;Mon Jan 5 10:09:45 2015 +0100;1420448985;-;-;Mon Jan 5 10:09:45 2015 +0100;1420448985
4a49a6535d4bbb8b6e575c4fb2725c620cb8dfd9;4a49a6535d;-;-;Sun Jan 4 22:48:15 2015 +0100;1420408095;-;-;Sun Jan 4 22:48:15 2015 +0100;1420408095
60cee7f52643c4a9f29cb081a1d50022bf17f955;60cee7f526;-;-;Fri Jan 2 16:02:04 2015 +0100;1420210924;-;-;Fri Jan 2 16:02:04 2015 +0100;1420210924
7492129236b3b37530a5f54cea0e3b38ff33c20f;7492129236;-;-;Fri Jan 2 15:18:49 2015 +0100;1420208329;-;-;Fri Jan 2 15:18:49 2015 +0100;1420208329
ec84fa6da3279cdb8e082d0646db3d886acc12ae;ec84fa6da3;-;-;Fri Jan 2 14:57:42 2015 +0100;1420207062;-;-;Fri Jan 2 14:57:42 2015 +0100;1420207062
6790f55667bc968aa8d5e62d25f8e972f47c3696;6790f55667;-;-;Thu Jan 1 11:42:00 2015 +0100;1420108920;-;-;Thu Jan 1 11:42:00 2015 +0100;1420108920
a79fe25917e38b0bf8ae1f11a80b22987e3be2df;a79fe25917;-;-;Wed Dec 31 15:21:43 2014 +0100;1420035703;-;-;Wed Dec 31 15:21:43 2014 +0100;1420035703
47b8ee891e236df7468e22f739a9fd92fd1a045e;47b8ee891e;-;-;Sun Dec 14 03:25:40 2014 +0800;1418498740;-;-;Wed Dec 31 14:19:42 2014 +0100;1420031982
e02719e5e3abe088878d842a26919e76a0876da7;e02719e5e3;-;-;Mon Dec 29 12:51:57 2014 +0100;1419853917;-;-;Wed Dec 31 14:08:49 2014 +0100;1420031329
40449e2741eef68a2d11256e3127bb7d837e8440;40449e2741;-;-;Wed Dec 31 02:10:30 2014 +0100;1419988230;-;-;Wed Dec 31 02:10:30 2014 +0100;1419988230
27b4909f46dfc4ac807bebe8120d772afe4807d3;27b4909f46;-;-;Tue Dec 30 21:04:28 2014 +0100;1419969868;-;-;Tue Dec 30 21:11:56 2014 +0100;1419970316
9ac02b319d2fde39b5bb1cf11b5525b4f55cd198;9ac02b319d;-;-;Tue Dec 30 20:05:15 2014 +0100;1419966315;-;-;Tue Dec 30 20:05:15 2014 +0100;1419966315
fad76336f6bdb0d5f60aa46d42116c27d7b18bb8;fad76336f6;-;-;Tue Dec 30 15:26:43 2014 +0100;1419949603;-;-;Tue Dec 30 15:26:43 2014 +0100;1419949603
730bd02da7fda65cec98c6cfc2902f9b1956fc67;730bd02da7;-;-;Tue Dec 30 15:01:51 2014 +0100;1419948111;-;-;Tue Dec 30 15:01:51 2014 +0100;1419948111
3bfe4dcca7ec9e6b2bb2e21a5d5b7c6737f60216;3bfe4dcca7;-;-;Tue Dec 30 15:01:20 2014 +0100;1419948080;-;-;Tue Dec 30 15:01:20 2014 +0100;1419948080
0a36559a43780a232cb0191a8e8c9060799f8ce0;0a36559a43;-;-;Tue Dec 30 14:59:50 2014 +0100;1419947990;-;-;Tue Dec 30 14:59:50 2014 +0100;1419947990
d6b16ffee3f7f22ddb1fe1c1aecd0e241aebef9a;d6b16ffee3;-;-;Tue Dec 30 14:59:38 2014 +0100;1419947978;-;-;Tue Dec 30 14:59:38 2014 +0100;1419947978
f8a483f2d426001348f4b10c46f5747d03848bd9;f8a483f2d4;-;-;Tue Dec 30 02:58:50 2014 -0800;1419937130;-;-;Tue Dec 30 02:58:50 2014 -0800;1419937130
26845f6f7f163bfe1eb2904c3bf3ecd5b28c3140;26845f6f7f;-;-;Tue Dec 30 10:04:16 2014 +0100;1419930256;-;-;Tue Dec 30 10:04:16 2014 +0100;1419930256
1cefeb2af0615992be5b2baf1a7df4106b3aea56;1cefeb2af0;-;-;Tue Dec 30 10:01:58 2014 +0100;1419930118;-;-;Tue Dec 30 10:01:58 2014 +0100;1419930118
51367dec052e9acad37bed52e95885a33a610984;51367dec05;-;-;Mon Dec 29 14:53:32 2014 -0500;1419882812;-;-;Mon Dec 29 15:13:09 2014 -0500;1419883989
bc075c713f6524b8e6c15c11aea9e61985052a18;bc075c713f;-;-;Mon Dec 29 20:15:54 2014 +0100;1419880554;-;-;Mon Dec 29 20:34:18 2014 +0100;1419881658
3791e7f653c5b82503ac925889ca677f11cfde03;3791e7f653;-;-;Mon Dec 29 16:41:31 2014 +0100;1419867691;-;-;Mon Dec 29 16:41:31 2014 +0100;1419867691
86b8112c90608597c43d12cba2cc528d5beb0fd5;86b8112c90;-;-;Mon Dec 29 15:13:40 2014 +0100;1419862420;-;-;Mon Dec 29 15:13:40 2014 +0100;1419862420
6f2de283c467cf5bc91a79a4fa3836d1505639f4;6f2de283c4;-;-;Mon Dec 29 13:39:48 2014 +0100;1419856788;-;-;Mon Dec 29 13:39:48 2014 +0100;1419856788
0919a15f915590db274c135084b6f939a7a508c0;0919a15f91;-;-;Mon Dec 29 13:26:32 2014 +0100;1419855992;-;-;Mon Dec 29 13:26:32 2014 +0100;1419855992
d4a505909747cc58eacb864b4742f0a558f9fbde;d4a5059097;-;-;Mon Dec 29 13:17:49 2014 +0100;1419855469;-;-;Mon Dec 29 13:17:49 2014 +0100;1419855469
ed0e2f4445c1f3e90b8eb522a0a916dcdff00b3f;ed0e2f4445;-;-;Mon Dec 29 12:55:37 2014 +0100;1419854137;-;-;Mon Dec 29 12:55:37 2014 +0100;1419854137
752bbbdd056459df039c0b29d4da5e1b44b3b5bc;752bbbdd05;-;-;Mon Dec 29 10:54:19 2014 +0100;1419846859;-;-;Mon Dec 29 10:54:19 2014 +0100;1419846859
73c21fbac1d629a460dfc3292a0fb482e591142b;73c21fbac1;-;-;Mon Dec 29 10:02:14 2014 +0100;1419843734;-;-;Mon Dec 29 10:02:14 2014 +0100;1419843734
71783c5d86205c5e7820eaca02338c55ae33ea13;71783c5d86;-;-;Tue Dec 23 17:36:07 2014 +0100;1419352567;-;-;Mon Dec 29 09:36:54 2014 +0100;1419842214
961574bd17b2fe30f171646f54667b5895f0dcbf;961574bd17;-;-;Sun Dec 28 18:17:01 2014 +0100;1419787021;-;-;Sun Dec 28 18:17:01 2014 +0100;1419787021
4a0ac97550c67c926e014903338f9c0e84fa9eee;4a0ac97550;-;-;Sun Dec 28 17:38:06 2014 +0100;1419784686;-;-;Sun Dec 28 17:38:06 2014 +0100;1419784686
a770b151d9ddb6953415f671e1ff63d77e09db0a;a770b151d9;-;-;Fri Dec 26 22:38:49 2014 +0100;1419629929;-;-;Fri Dec 26 22:38:49 2014 +0100;1419629929
ea05e0b1add86317c13997678aa01bfb73476487;ea05e0b1ad;-;-;Tue Dec 23 14:15:41 2014 -0500;1419362141;-;-;Tue Dec 23 14:24:44 2014 -0500;1419362684
ea2943feca5da4ca12620bae566abb36c04930f6;ea2943feca;-;-;Tue Dec 23 10:29:54 2014 -0500;1419348594;-;-;Tue Dec 23 14:24:43 2014 -0500;1419362683
670974d76a212658498c86a4a5952194c1d653cc;670974d76a;-;-;Wed Dec 3 14:53:08 2014 -0500;1417636388;-;-;Tue Dec 23 14:24:43 2014 -0500;1419362683
6b3023c2aa76386a0d3b437d593bfd65697dc169;6b3023c2aa;-;-;Tue Dec 23 18:27:49 2014 +0100;1419355669;-;-;Tue Dec 23 18:27:49 2014 +0100;1419355669
d55af2b445cd3b1c08a7038de4db8e903c36083f;d55af2b445;-;-;Tue Dec 23 17:35:11 2014 +0100;1419352511;-;-;Tue Dec 23 17:35:11 2014 +0100;1419352511
cae217de94b226ab36a1c791f8db062f1d65f1be;cae217de94;-;-;Tue Dec 16 10:45:25 2014 +0100;1418723125;-;-;Tue Dec 23 16:03:52 2014 +0100;1419347032
809ee0d350b49d2ae5a4f44f8f6643223d2b7656;809ee0d350;-;-;Tue Dec 23 14:02:00 2014 +0100;1419339720;-;-;Tue Dec 23 14:02:00 2014 +0100;1419339720
dfdfc03ff32d638aa68ab618fd3bd0649402f64a;dfdfc03ff3;-;-;Mon Dec 22 20:02:25 2014 +0100;1419274945;-;-;Mon Dec 22 20:02:25 2014 +0100;1419274945
fa138d2c703438582482ab8e63ec33ad35150a58;fa138d2c70;-;-;Mon Dec 22 19:54:16 2014 +0100;1419274456;-;-;Mon Dec 22 19:54:16 2014 +0100;1419274456
d40be6cfdab875794a9d1a21fa301cc6fe944ac0;d40be6cfda;-;-;Mon Dec 22 18:47:10 2014 +0100;1419270430;-;-;Mon Dec 22 18:47:10 2014 +0100;1419270430
c114c089226990b0c1fe2f703992455799e51312;c114c08922;-;-;Mon Dec 22 18:46:57 2014 +0100;1419270417;-;-;Mon Dec 22 18:46:57 2014 +0100;1419270417
7317457bb18c6caecfe01145624b535dbb6f9ea6;7317457bb1;-;-;Mon Dec 22 18:46:45 2014 +0100;1419270405;-;-;Mon Dec 22 18:46:45 2014 +0100;1419270405
ad71c6a91cf8e3367ca093df4250fd03d3ce8644;ad71c6a91c;-;-;Mon Dec 22 18:46:22 2014 +0100;1419270382;-;-;Mon Dec 22 18:46:22 2014 +0100;1419270382
b30843aee057451740a873ea4b1c1b43034f9b63;b30843aee0;-;-;Mon Dec 22 18:46:07 2014 +0100;1419270367;-;-;Mon Dec 22 18:46:07 2014 +0100;1419270367
6d6cd56d4a4e59158de6a366933f181cc7bf3de1;6d6cd56d4a;-;-;Mon Dec 22 18:02:26 2014 +0100;1419267746;-;-;Mon Dec 22 18:02:26 2014 +0100;1419267746
aafdcecf5341c6bafe676522a01c88255fedcf0b;aafdcecf53;-;-;Mon Dec 22 16:31:07 2014 +0100;1419262267;-;-;Mon Dec 22 16:31:07 2014 +0100;1419262267
24b82746b5cd7a61a70527e002ca84d037bc161a;24b82746b5;-;-;Mon Dec 22 14:31:24 2014 +0100;1419255084;-;-;Mon Dec 22 14:31:24 2014 +0100;1419255084
d8a01cb04abc3ece590fe87ab3034bad243d85d4;d8a01cb04a;-;-;Mon Dec 22 13:41:04 2014 +0100;1419252064;-;-;Mon Dec 22 13:51:56 2014 +0100;1419252716
32aafb21ffb10c8067f966ecbddbcad427e1e8e1;32aafb21ff;-;-;Mon Dec 22 11:53:45 2014 +0100;1419245625;-;-;Mon Dec 22 13:39:21 2014 +0100;1419251961
c4049a989aabaddc94ac539f6b57a7fb46d31150;c4049a989a;-;-;Mon Dec 22 11:37:44 2014 +0100;1419244664;-;-;Mon Dec 22 11:37:44 2014 +0100;1419244664
fbe6051233d7e5adc47fdc11519f86167fc91ac0;fbe6051233;-;-;Fri Jan 17 12:17:48 2014 +0100;1389957468;-;-;Mon Dec 22 11:02:32 2014 +0100;1419242552
abc3cc4dc46a352264f97e0890f89b0e4a561504;abc3cc4dc4;-;-;Thu Dec 18 13:46:55 2014 -0800;1418939215;-;-;Thu Dec 18 13:46:55 2014 -0800;1418939215
3125ef784cca6280f1fc7fb2c7521f660fcdaa3c;3125ef784c;-;-;Thu Dec 18 13:41:59 2014 +0100;1418906519;-;-;Thu Dec 18 13:41:59 2014 +0100;1418906519
6ff2abcb83573e65168dca47fc1918d3d44bc303;6ff2abcb83;-;-;Thu Dec 18 11:10:17 2014 +0100;1418897417;-;-;Thu Dec 18 11:10:17 2014 +0100;1418897417
fd7153ffbb151369fd9876b9063864d8e0d7f977;fd7153ffbb;-;-;Tue Dec 16 16:26:02 2014 +0100;1418743562;-;-;Tue Dec 16 16:26:02 2014 +0100;1418743562
cec26e9ac4af524575d6c5a2e2cd15dca900b8ca;cec26e9ac4;-;-;Tue Dec 16 15:05:00 2014 +0100;1418738700;-;-;Tue Dec 16 15:05:00 2014 +0100;1418738700
4308a0404cf5ed9c1813c3320e0d86dfc085f06f;4308a0404c;-;-;Mon Dec 15 11:30:36 2014 +0100;1418639436;-;-;Mon Dec 15 11:30:36 2014 +0100;1418639436
431aed3b01e4357619d32d3c26e5f7331c204c25;431aed3b01;-;-;Sat Dec 13 14:37:50 2014 +0100;1418477870;-;-;Sat Dec 13 14:37:50 2014 +0100;1418477870
f7d594bedd13168e6ccffe02782ad7d315a59cc3;f7d594bedd;-;-;Sat Dec 13 14:24:01 2014 +0100;1418477041;-;-;Sat Dec 13 14:24:01 2014 +0100;1418477041
c2101cbcf49feeacb8f7796cdb69eaa0f9814fe6;c2101cbcf4;-;-;Fri Dec 12 21:01:00 2014 +0100;1418414460;-;-;Fri Dec 12 21:01:00 2014 +0100;1418414460
5b5cf37ac583d1fa4a1c62574a81f3344107327c;5b5cf37ac5;-;-;Fri Dec 12 20:56:59 2014 +0100;1418414219;-;-;Fri Dec 12 20:56:59 2014 +0100;1418414219
eef0bf43d5d2a8ad5d0799cd1dd33fd7d151ae1d;eef0bf43d5;-;-;Thu Dec 11 19:03:05 2014 +0100;1418320985;-;-;Thu Dec 11 19:03:05 2014 +0100;1418320985
c62fbea2ba09c81bc1219c0a4b2e0987e2323828;c62fbea2ba;-;-;Thu Dec 11 15:55:41 2014 +0100;1418309741;-;-;Thu Dec 11 15:55:41 2014 +0100;1418309741
aec284a4ca4db3adf6f7d8ae9da6ddc30ce367f1;aec284a4ca;-;-;Wed Dec 10 22:59:00 2014 +0100;1418248740;-;-;Wed Dec 10 22:59:00 2014 +0100;1418248740
fb426fe6116523cdc32be3794caa0a6553bb2b93;fb426fe611;-;-;Wed Dec 10 17:36:01 2014 +0100;1418229361;-;-;Wed Dec 10 17:36:01 2014 +0100;1418229361
978b8c81e5e31983795f27642974e4dd926ca7cf;978b8c81e5;-;-;Wed Dec 10 16:44:52 2014 +0100;1418226292;-;-;Wed Dec 10 16:44:52 2014 +0100;1418226292
86f99ec8f75b1a284da874a84729d5197d69d28a;86f99ec8f7;-;-;Wed Dec 10 14:47:05 2014 +0100;1418219225;-;-;Wed Dec 10 14:47:15 2014 +0100;1418219235
866d8fea0d547ab956eba3e802ae62b2c48c329a;866d8fea0d;-;-;Wed Dec 10 14:44:01 2014 +0100;1418219041;-;-;Wed Dec 10 14:47:15 2014 +0100;1418219235
67f184293b94c076b0474231f739a74f42d5ffa8;67f184293b;-;-;Wed Dec 10 14:34:11 2014 +0100;1418218451;-;-;Wed Dec 10 14:34:11 2014 +0100;1418218451
b0a72b311fa715013ca6d8af2e0dbec088b04111;b0a72b311f;-;-;Wed Dec 10 13:54:04 2014 +0100;1418216044;-;-;Wed Dec 10 13:54:04 2014 +0100;1418216044
1f6a15e4da1b8719f8a7b89a9868039a97d1ba23;1f6a15e4da;-;-;Wed Dec 10 10:23:36 2014 +0100;1418203416;-;-;Wed Dec 10 10:52:12 2014 +0100;1418205132
67f1967eeee99caa52f1a516a4fd2b3a877f1287;67f1967eee;-;-;Wed Dec 10 00:26:28 2014 +0100;1418167588;-;-;Wed Dec 10 10:52:12 2014 +0100;1418205132
5aaed147d5627dbea9ebd9ad529a8721e2fc7fca;5aaed147d5;-;-;Wed Dec 10 00:29:52 2014 +0100;1418167792;-;-;Wed Dec 10 00:29:52 2014 +0100;1418167792
d8ef666764def12db6c14a8f5d1f777f3438ecce;d8ef666764;-;-;Tue Dec 9 21:29:05 2014 +0100;1418156945;-;-;Tue Dec 9 21:29:05 2014 +0100;1418156945
fe789005246e898838934393d9ecb9f0e8510612;fe78900524;-;-;Tue Dec 9 20:54:36 2014 +0100;1418154876;-;-;Tue Dec 9 20:54:36 2014 +0100;1418154876
84ef269d54808fd51a1b3c830fb1c445686e3ab2;84ef269d54;-;-;Tue Dec 9 15:29:24 2014 +0100;1418135364;-;-;Tue Dec 9 15:29:24 2014 +0100;1418135364
7c937441b1f144a95af7417edaea10bd4ab191ec;7c937441b1;-;-;Tue Dec 9 02:25:18 2014 -0800;1418120718;-;-;Tue Dec 9 02:25:18 2014 -0800;1418120718
e901abee0667595390234eb099c767763e371fc2;e901abee06;-;-;Mon Dec 8 23:51:40 2014 +0100;1418079100;-;-;Mon Dec 8 23:51:40 2014 +0100;1418079100
0524a82c09689fab901e4718058f8c68f132d52a;0524a82c09;-;-;Mon Dec 8 16:19:14 2014 -0500;1418073554;-;-;Mon Dec 8 16:19:52 2014 -0500;1418073592
33fca4e7aeca7b43b67982ed2a3c6cb816f11b90;33fca4e7ae;-;-;Mon Dec 8 17:21:59 2014 +0100;1418055719;-;-;Mon Dec 8 17:21:59 2014 +0100;1418055719
adc7ad7fb20660c81cc36038e6e057a0b55c5a20;adc7ad7fb2;-;-;Mon Dec 8 10:56:02 2014 +0100;1418032562;-;-;Mon Dec 8 10:56:02 2014 +0100;1418032562
b796c1e87eea10bb6ddd7dc5c3b6b1befa3806a7;b796c1e87e;-;-;Sun Dec 7 16:08:40 2014 -0500;1417986520;-;-;Sun Dec 7 16:10:40 2014 -0500;1417986640
bb1d1e916ed155890bcbb7fdbd77d29bf11f40b6;bb1d1e916e;-;-;Sun Dec 7 20:52:18 2014 +0100;1417981938;-;-;Sun Dec 7 20:52:18 2014 +0100;1417981938
03d4e1bc22cb469451c3a24a835b699d3947210c;03d4e1bc22;-;-;Sun Dec 7 20:51:35 2014 +0100;1417981895;-;-;Sun Dec 7 20:51:35 2014 +0100;1417981895
15d3b880371de5ec61e41f049825f64b9f62c095;15d3b88037;-;-;Sun Dec 7 16:30:31 2014 +0100;1417966231;-;-;Sun Dec 7 16:30:31 2014 +0100;1417966231
1daa5eb38355a0823e484475669411f9a02b550b;1daa5eb383;-;-;Sun Dec 7 15:34:39 2014 +0100;1417962879;-;-;Sun Dec 7 15:34:39 2014 +0100;1417962879
03f5176df158e3912f9f35be91328c74b7e14e3e;03f5176df1;-;-;Fri Dec 5 12:19:06 2014 -0500;1417799946;-;-;Fri Dec 5 12:19:06 2014 -0500;1417799946
189ec757890c104a5f332580badbaead314433db;189ec75789;-;-;Fri Dec 5 12:14:16 2014 -0500;1417799656;-;-;Fri Dec 5 12:16:15 2014 -0500;1417799775
2fccf3ff4409a641c20947e8fca90308f7236c64;2fccf3ff44;-;-;Thu Dec 4 18:40:49 2014 +0100;1417714849;-;-;Fri Dec 5 17:37:28 2014 +0100;1417797448
ea7f787ad8ebd282f53cf07e1e9775b48be6167b;ea7f787ad8;-;-;Fri Dec 5 17:03:48 2014 +0100;1417795428;-;-;Fri Dec 5 17:13:33 2014 +0100;1417796013
016b3b758ac82ad19c0b42dd2d42d5fc570acfb7;016b3b758a;-;-;Fri Dec 5 13:26:43 2014 +0100;1417782403;-;-;Fri Dec 5 13:26:43 2014 +0100;1417782403
d1f896859521356897f688ab03875117aa75bde7;d1f8968595;-;-;Fri Dec 5 13:25:48 2014 +0100;1417782348;-;-;Fri Dec 5 13:25:48 2014 +0100;1417782348
98870251f9fb27123353c549ae22fcf3679ebbd5;98870251f9;-;-;Thu Dec 4 21:38:28 2014 +0100;1417725508;-;-;Fri Dec 5 09:57:41 2014 +0100;1417769861
b2878a4f6054f3e7eda0240b1c8d3e83fe31d2da;b2878a4f60;-;-;Fri Dec 5 09:51:55 2014 +0100;1417769515;-;-;Fri Dec 5 09:51:55 2014 +0100;1417769515
4013fe03a579dbdd19d47fd240a493f034da284a;4013fe03a5;-;-;Thu Dec 4 17:56:01 2014 +0100;1417712161;-;-;Thu Dec 4 17:56:01 2014 +0100;1417712161
ad65119a2c6b3b1bd60904fddc80320cb89dc752;ad65119a2c;-;-;Thu Dec 4 10:30:14 2014 -0500;1417707014;-;-;Thu Dec 4 10:30:14 2014 -0500;1417707014
7f11c1ee2f802b3a2a5b821c821b15c6705dc085;7f11c1ee2f;-;-;Thu Dec 4 10:15:55 2014 -0500;1417706155;-;-;Thu Dec 4 10:15:55 2014 -0500;1417706155
9ef0bdcb1748dfbb62d2589e3de5fbad61f03ec2;9ef0bdcb17;-;-;Wed Dec 3 23:03:24 2014 +0100;1417644204;-;-;Wed Dec 3 23:03:24 2014 +0100;1417644204
1de71511f0f19d78d31cdf6d2c8432e22266de55;1de71511f0;-;-;Wed Dec 3 21:01:34 2014 +0100;1417636894;-;-;Wed Dec 3 21:01:34 2014 +0100;1417636894
d322bcfbf47cd865569e85932cefefbb6da1d5fd;d322bcfbf4;-;-;Wed Dec 3 12:07:20 2014 -0500;1417626440;-;-;Wed Dec 3 13:46:25 2014 -0500;1417632385
af2782aa79f94db1dd3760667cab0265fe0cda84;af2782aa79;-;-;Wed Dec 3 16:58:37 2014 +0100;1417622317;-;-;Wed Dec 3 16:58:37 2014 +0100;1417622317
e7c577fd0870bf60b14d5efe86147190252b15bc;e7c577fd08;-;-;Wed Dec 3 10:57:25 2014 +0100;1417600645;-;-;Wed Dec 3 10:57:25 2014 +0100;1417600645
fbd85925de74ea02dbf3dbe521743097e6b3356b;fbd85925de;-;-;Wed Dec 3 09:49:41 2014 +0100;1417596581;-;-;Wed Dec 3 09:49:41 2014 +0100;1417596581
87f1512e8867a884615d79ab52bf1283f7c573e1;87f1512e88;-;-;Tue Dec 2 17:14:32 2014 -0800;1417569272;-;-;Tue Dec 2 17:17:34 2014 -0800;1417569454
83ecf5ca1df245f60c4a42f499d7cf38bb5ed552;83ecf5ca1d;-;-;Tue Dec 2 00:24:11 2014 -0600;1417501451;-;-;Tue Dec 2 16:06:49 2014 -0500;1417554409
7aa5e65235b8d1676d093bf300865d0a969140cc;7aa5e65235;-;-;Tue Dec 2 15:59:43 2014 -0500;1417553983;-;-;Tue Dec 2 15:59:43 2014 -0500;1417553983
ed4cd9947fb254ae3d9d9446bcfa3897210ba19d;ed4cd9947f;-;-;Tue Dec 2 15:26:50 2014 -0500;1417552010;-;-;Tue Dec 2 15:26:50 2014 -0500;1417552010
fa89ae244f4f5471cbac4aec9aa171907efc08ea;fa89ae244f;-;-;Tue Dec 2 14:30:36 2014 -0500;1417548636;-;-;Tue Dec 2 14:30:36 2014 -0500;1417548636
dc5b5ca8ee09c890352f89b2dae58bc0132d6545;dc5b5ca8ee;-;-;Tue Dec 2 12:03:15 2014 -0500;1417539795;-;-;Tue Dec 2 12:13:35 2014 -0500;1417540415
6e54fc960a6d0241f2520f7296312a0db1edd5c7;6e54fc960a;-;-;Tue Dec 2 15:12:32 2014 +0100;1417529552;-;-;Tue Dec 2 15:12:32 2014 +0100;1417529552
5018889d7861bc9ee5ecf9d8c4bcc2d208274b9a;5018889d78;-;-;Tue Dec 2 15:12:23 2014 +0100;1417529543;-;-;Tue Dec 2 15:12:23 2014 +0100;1417529543
1aad4da6b64e26557d98b8ddde58037a2db32303;1aad4da6b6;-;-;Tue Dec 2 14:18:22 2014 +0100;1417526302;-;-;Tue Dec 2 14:18:22 2014 +0100;1417526302
c1f1cac35956f74302199714db11b36968c1ddcd;c1f1cac359;-;-;Tue Dec 2 13:56:50 2014 +0100;1417525010;-;-;Tue Dec 2 13:56:50 2014 +0100;1417525010
82651a07ab16f2dabf26bd4fdf92c8e1840643ec;82651a07ab;-;-;Mon Dec 1 20:05:11 2014 +0100;1417460711;-;-;Mon Dec 1 20:05:11 2014 +0100;1417460711
c85686ac78a815d6113371334b8ddcc49f1384ac;c85686ac78;-;-;Mon Dec 1 19:16:31 2014 +0100;1417457791;-;-;Mon Dec 1 19:16:31 2014 +0100;1417457791
fa0ef2d87e80257f5838676313a373661192a90d;fa0ef2d87e;-;-;Mon Dec 1 19:05:26 2014 +0100;1417457126;-;-;Mon Dec 1 19:05:26 2014 +0100;1417457126
c5c5473d44f101271e47921fb7d2a125199be517;c5c5473d44;-;-;Mon Dec 1 18:54:56 2014 +0100;1417456496;-;-;Mon Dec 1 18:54:56 2014 +0100;1417456496
c94d584f37beb2619efdb7a2d759a4e9bae0827c;c94d584f37;-;-;Mon Dec 1 18:08:11 2014 +0100;1417453691;-;-;Mon Dec 1 18:08:11 2014 +0100;1417453691
9a71a0c6c914b15183b53b94e165aa4b63f8330e;9a71a0c6c9;-;-;Mon Dec 1 16:02:42 2014 +0100;1417446162;-;-;Mon Dec 1 16:02:42 2014 +0100;1417446162
2496d68e9fbc38a684a00cfcc6aa4004bbc0d1e6;2496d68e9f;-;-;Mon Dec 1 15:07:24 2014 +0100;1417442844;-;-;Mon Dec 1 15:07:24 2014 +0100;1417442844
efb114d49ab4a477cf8cdc9487da7f2ea0ea1379;efb114d49a;-;-;Sat Nov 29 20:49:21 2014 +0100;1417290561;-;-;Sat Nov 29 20:49:21 2014 +0100;1417290561
bfbd25a0e94ab789171d331a121812468cbeb154;bfbd25a0e9;-;-;Sat Nov 29 20:49:06 2014 +0100;1417290546;-;-;Sat Nov 29 20:49:06 2014 +0100;1417290546
7635e7b7f2a39d735daea940af331c19aca730a1;7635e7b7f2;-;-;Fri Nov 28 20:32:35 2014 +0100;1417203155;-;-;Fri Nov 28 20:32:35 2014 +0100;1417203155
fef4cd0ed6ff98c53874bb356e74ce51b1a50b91;fef4cd0ed6;-;-;Fri Nov 28 20:30:46 2014 +0100;1417203046;-;-;Fri Nov 28 20:30:46 2014 +0100;1417203046
717b2af50fb936f90fc892bf8f1d6739ba046660;717b2af50f;-;-;Fri Nov 28 17:37:42 2014 +0100;1417192662;-;-;Fri Nov 28 17:37:42 2014 +0100;1417192662
e6d7af4ea811679020d672bc07091ed6ff829ac7;e6d7af4ea8;-;-;Fri Nov 28 17:36:58 2014 +0100;1417192618;-;-;Fri Nov 28 17:36:58 2014 +0100;1417192618
decc5cd1ae61284345d501a7aaaf77fe7e172e92;decc5cd1ae;-;-;Thu Nov 27 18:01:19 2014 +0100;1417107679;-;-;Fri Nov 28 17:17:02 2014 +0100;1417191422
3b1584904f3dea5e104a401e7b32253f5228f8eb;3b1584904f;-;-;Thu Nov 27 18:01:19 2014 +0100;1417107679;-;-;Thu Nov 27 19:57:53 2014 +0100;1417114673
2bf6d5b8ebe37c847ea0caa406ad75f7dd06eea9;2bf6d5b8eb;-;-;Thu Nov 27 18:01:19 2014 +0100;1417107679;-;-;Thu Nov 27 19:19:58 2014 +0100;1417112398
fc92c0010e7d3b89fed511121acf2a4d1f06ac70;fc92c0010e;-;-;Thu Nov 27 18:01:19 2014 +0100;1417107679;-;-;Thu Nov 27 19:07:01 2014 +0100;1417111621
0caeffcd5432ac6ee475e9e265db24bf89bc4714;0caeffcd54;-;-;Thu Nov 27 18:28:16 2014 +0100;1417109296;-;-;Thu Nov 27 18:57:57 2014 +0100;1417111077
eacd4a181f5c69efe91224945e733aafccb37db3;eacd4a181f;-;-;Thu Nov 27 01:41:48 2014 +0100;1417048908;-;-;Thu Nov 27 01:41:48 2014 +0100;1417048908
f44217a0c2f13e5a1eb52001d7c7ef3bb515d40b;f44217a0c2;-;-;Wed Nov 26 15:35:24 2014 +0100;1417012524;-;-;Wed Nov 26 16:14:41 2014 +0100;1417014881
b3bfa95e2bff2a1e06b37c327a70aac54d727a1c;b3bfa95e2b;-;-;Wed Nov 26 14:49:43 2014 +0100;1417009783;-;-;Wed Nov 26 14:56:24 2014 +0100;1417010184
feb91e8366a5b95223ae32a8114a6c626a60cf6d;feb91e8366;-;-;Wed Nov 26 11:52:55 2014 +0100;1416999175;-;-;Wed Nov 26 11:52:55 2014 +0100;1416999175
ab5856b6a8d0ab2cd5f8fe906c7735eb9ba1a7ab;ab5856b6a8;-;-;Wed Nov 26 11:42:30 2014 +0100;1416998550;-;-;Wed Nov 26 11:42:30 2014 +0100;1416998550
a6e7044523d504218758bf521e713bbaa0618966;a6e7044523;-;-;Wed Nov 26 11:29:58 2014 +0100;1416997798;-;-;Wed Nov 26 11:29:58 2014 +0100;1416997798
015afef52bc6be494132e7221602e400890cc9df;015afef52b;-;-;Wed Nov 26 11:27:53 2014 +0100;1416997673;-;-;Wed Nov 26 11:27:53 2014 +0100;1416997673
24834f6d2fd8f47100b904036249187c1e2444f6;24834f6d2f;-;-;Mon Nov 24 15:22:14 2014 -0500;1416860534;-;-;Tue Nov 25 10:11:10 2014 -0500;1416928270
f39c5050691d293c204e99b65045be2c27ecb4ff;f39c505069;-;-;Tue Nov 25 12:03:28 2014 +0100;1416913408;-;-;Tue Nov 25 12:03:28 2014 +0100;1416913408
400738e804170e364df3fcf027613bf82f458423;400738e804;-;-;Tue Nov 25 10:23:11 2014 +0100;1416907391;-;-;Tue Nov 25 11:22:10 2014 +0100;1416910930
5e3edc667e4b71b8a1468957e578e9ec11a7ab9f;5e3edc667e;-;-;Mon Nov 24 23:42:48 2014 +0100;1416868968;-;-;Mon Nov 24 23:42:48 2014 +0100;1416868968
929cda67902316eb335b2b6d62548709f6742ca8;929cda6790;-;-;Mon Nov 24 23:34:24 2014 +0100;1416868464;-;-;Mon Nov 24 23:34:24 2014 +0100;1416868464
2602bcbb7c16a17910bc85746b34ab482052d900;2602bcbb7c;-;-;Mon Nov 24 15:57:18 2014 +0100;1416841038;-;-;Mon Nov 24 15:57:18 2014 +0100;1416841038
0d00b674f4b2b7b6c7abd49b38c484c14d06bc94;0d00b674f4;-;-;Mon Nov 24 15:55:54 2014 +0100;1416840954;-;-;Mon Nov 24 15:55:54 2014 +0100;1416840954
51bed18e612dfa3ca9d9bb1271746da4c8e79920;51bed18e61;-;-;Mon Nov 24 15:06:44 2014 +0100;1416838004;-;-;Mon Nov 24 15:06:44 2014 +0100;1416838004
bb150c47cf50ac946197354b199f5081e8a7fb85;bb150c47cf;-;-;Wed Nov 19 11:30:07 2014 +0100;1416393007;-;-;Mon Nov 24 14:22:10 2014 +0100;1416835330
161d3e3049f129e211f68a4e94b544e0f0d8384d;161d3e3049;-;-;Tue Nov 18 12:34:57 2014 +0100;1416310497;-;-;Mon Nov 24 14:08:54 2014 +0100;1416834534
2b4004d176e9598ce9fd2f17fe5272a300e9d7af;2b4004d176;-;-;Mon Nov 24 13:59:09 2014 +0100;1416833949;-;-;Mon Nov 24 13:59:09 2014 +0100;1416833949
223d849a147d1202ce7270dafca1c5cd818f883f;223d849a14;-;-;Sun Nov 23 00:12:02 2014 +0100;1416697922;-;-;Sun Nov 23 00:12:02 2014 +0100;1416697922
ef55c99f960f60c3fb6fcdbf8315173f0c13f7a5;ef55c99f96;-;-;Sat Nov 22 21:38:10 2014 +0100;1416688690;-;-;Sat Nov 22 21:38:10 2014 +0100;1416688690
afc77ff525c4f312708e75c01f5fa61813c950a3;afc77ff525;-;-;Sat Nov 22 21:34:59 2014 +0100;1416688499;-;-;Sat Nov 22 21:34:59 2014 +0100;1416688499
2675ce7c9f329be55d4566d4a2e58e3fe3ec7d46;2675ce7c9f;-;-;Sat Nov 22 18:05:35 2014 +0100;1416675935;-;-;Sat Nov 22 18:05:35 2014 +0100;1416675935
aadb93f30c6b481a9244ba3f553389a4a32e2088;aadb93f30c;-;-;Sat Nov 22 18:02:12 2014 +0100;1416675732;-;-;Sat Nov 22 18:02:12 2014 +0100;1416675732
ece2c90e91483f1c7aac32fdb00142f0be3fd480;ece2c90e91;-;-;Sat Nov 22 17:37:45 2014 +0100;1416674265;-;-;Sat Nov 22 17:37:45 2014 +0100;1416674265
282adeda88290d4791b16ebb76e35b12226593a2;282adeda88;-;-;Sat Nov 22 16:47:19 2014 +0100;1416671239;-;-;Sat Nov 22 16:47:19 2014 +0100;1416671239
7fcadaa393c0457e7eb3423496844e30a22deae6;7fcadaa393;-;-;Sat Nov 22 16:45:26 2014 +0100;1416671126;-;-;Sat Nov 22 16:45:26 2014 +0100;1416671126
1ef06cc743436b2aa500854bdb6a24d42357b10d;1ef06cc743;-;-;Sat Nov 22 16:12:28 2014 +0100;1416669148;-;-;Sat Nov 22 16:12:28 2014 +0100;1416669148
b4167be52d9187cc96feeb85307d5d1802f0992b;b4167be52d;-;-;Sat Nov 22 16:08:28 2014 +0100;1416668908;-;-;Sat Nov 22 16:08:28 2014 +0100;1416668908
4bd75e4146ace622b9224b661766289148996ed2;4bd75e4146;-;-;Sat Nov 22 16:06:25 2014 +0100;1416668785;-;-;Sat Nov 22 16:06:25 2014 +0100;1416668785
75c70fac3d77b4a9b81fb95b46309636ffdd3d76;75c70fac3d;-;-;Tue Nov 18 17:17:13 2014 +0100;1416327433;-;-;Fri Nov 21 15:23:32 2014 +0100;1416579812
44ff1436f8a7aff318618127fecfbb3b18be7ef1;44ff1436f8;-;-;Thu Nov 20 17:23:03 2014 +0100;1416500583;-;-;Thu Nov 20 17:23:03 2014 +0100;1416500583
dff48ad8dd579fffd4843661e41011ed9287910c;dff48ad8dd;-;-;Thu Nov 13 11:02:50 2014 +0100;1415872970;-;-;Thu Nov 20 12:03:29 2014 +0100;1416481409
94ee763bc8bd945a79dcc3aa9330734cde6bc730;94ee763bc8;-;-;Thu Nov 13 08:12:43 2014 -0800;1415895163;-;-;Thu Nov 13 08:12:43 2014 -0800;1415895163
aa892d97e0fa74fc8b304d0c6afac53b701e04a5;aa892d97e0;-;-;Thu Nov 13 15:51:36 2014 +0100;1415890296;-;-;Thu Nov 13 15:51:36 2014 +0100;1415890296
341eb06254a9e8b404d360d1550cf43ed0b4c1d3;341eb06254;-;-;Tue Nov 11 00:40:15 2014 -0800;1415695215;-;-;Tue Nov 11 00:40:15 2014 -0800;1415695215
9cef8e3001ddd61c734281a7556efd84b6cc2755;9cef8e3001;-;-;Tue Nov 11 07:12:44 2014 +0100;1415686364;-;-;Tue Nov 11 07:12:44 2014 +0100;1415686364
a831ed524fbc34f4a8a976b1158d5abd1042a006;a831ed524f;-;-;Tue Nov 11 03:09:29 2014 +0100;1415671769;-;-;Tue Nov 11 03:09:29 2014 +0100;1415671769
05bdc2cf770996d4aba1704aa3c5775d8783fc45;05bdc2cf77;-;-;Tue Nov 11 02:38:30 2014 +0100;1415669910;-;-;Tue Nov 11 02:38:30 2014 +0100;1415669910
53eec48ffd4cb2a15f54617129272a00f93eb50f;53eec48ffd;-;-;Mon Nov 10 14:14:02 2014 -0500;1415646842;-;-;Mon Nov 10 14:20:59 2014 -0500;1415647259
18033486aec5de46833a2437026a0494c6485460;18033486ae;-;-;Mon Nov 10 17:12:08 2014 +0100;1415635928;-;-;Mon Nov 10 17:12:08 2014 +0100;1415635928
1988f8c75f52a5d4e2c3ef7b52f4d02711cec673;1988f8c75f;-;-;Sun Nov 9 23:30:16 2014 +0100;1415572216;-;-;Sun Nov 9 23:30:16 2014 +0100;1415572216
9ff8a01f2942cc9c2f4b6479f6506bf756c991f7;9ff8a01f29;-;-;Fri Nov 7 17:14:50 2014 +0100;1415376890;-;-;Fri Nov 7 17:14:50 2014 +0100;1415376890
18d2ace78556fc218bf33848c07415b270f3b295;18d2ace785;-;-;Fri Nov 7 17:13:31 2014 +0100;1415376811;-;-;Fri Nov 7 17:13:31 2014 +0100;1415376811
bf9295bec38b80b82b9aaca3e6ea8a9496aca5c5;bf9295bec3;-;-;Thu Nov 6 22:48:08 2014 +0100;1415310488;-;-;Thu Nov 6 22:48:08 2014 +0100;1415310488
74500ec8da5244716908ba1a6c5fc4d5baa7603b;74500ec8da;-;-;Thu Nov 6 17:15:30 2014 +0100;1415290530;-;-;Thu Nov 6 17:15:30 2014 +0100;1415290530
6a96850aa7ef1dd7a77f1b30c29327a85bde6f57;6a96850aa7;-;-;Thu Nov 6 14:29:43 2014 +0100;1415280583;-;-;Thu Nov 6 14:29:43 2014 +0100;1415280583
e02c23eea47ffe2920dfb4439568ea3e55723666;e02c23eea4;-;-;Thu Nov 6 14:29:29 2014 +0100;1415280569;-;-;Thu Nov 6 14:29:29 2014 +0100;1415280569
794566abf59f0b719137a4dd4cd977ab0f3e97c5;794566abf5;-;-;Wed Nov 5 21:17:32 2014 -0500;1415240252;-;-;Wed Nov 5 21:17:32 2014 -0500;1415240252
7f4bf41c2320aa8e552ca3c6d568cfa65adc7f65;7f4bf41c23;-;-;Wed Nov 5 17:32:39 2014 -0500;1415226759;-;-;Wed Nov 5 17:32:39 2014 -0500;1415226759
e9dee82a8daaa0cadbf16540b795b63cd9559a6f;e9dee82a8d;-;-;Mon Nov 3 23:09:11 2014 +0100;1415052551;-;-;Mon Nov 3 23:09:11 2014 +0100;1415052551
c78fd204df95d6241320b0202dac0a3f3b1f6183;c78fd204df;-;-;Mon Nov 3 17:42:17 2014 +0100;1415032937;-;-;Mon Nov 3 17:42:17 2014 +0100;1415032937
da04362a5e52fae46ff817f8167a2f55a25eac78;da04362a5e;-;-;Mon Nov 3 15:16:44 2014 +0100;1415024204;-;-;Mon Nov 3 15:26:44 2014 +0100;1415024804
8b5fda5ad97ea75fcad075e94cf1c791100c2079;8b5fda5ad9;-;-;Mon Nov 3 15:02:45 2014 +0100;1415023365;-;-;Mon Nov 3 15:03:03 2014 +0100;1415023383
6534d0035db3c64eedbc35ee47e8f3aaf522791b;6534d0035d;-;-;Mon Nov 3 14:50:16 2014 +0100;1415022616;-;-;Mon Nov 3 14:50:16 2014 +0100;1415022616
1fff631daa65c228a1e2caeb387d1b8cd6b6e2e8;1fff631daa;-;-;Mon Nov 3 14:25:27 2014 +0100;1415021127;-;-;Mon Nov 3 14:25:27 2014 +0100;1415021127
330897b411000a30bcb94c81a7d1304c01bddae6;330897b411;-;-;Mon Nov 3 13:35:14 2014 +0100;1415018114;-;-;Mon Nov 3 13:35:14 2014 +0100;1415018114
14fef198f063637d41995db662eface0478e131e;14fef198f0;-;-;Sun Nov 2 20:15:36 2014 +0100;1414955736;-;-;Sun Nov 2 20:15:36 2014 +0100;1414955736
285dca027bdbfd79a33673c66d74f6fa6bb9e2b6;285dca027b;-;-;Sun Nov 2 11:38:35 2014 +0100;1414924715;-;-;Sun Nov 2 11:48:09 2014 +0100;1414925289
e989b2621fc70dd520f3d0e6858e17149355fcb0;e989b2621f;-;-;Sun Nov 2 11:38:28 2014 +0100;1414924708;-;-;Sun Nov 2 11:40:58 2014 +0100;1414924858
3c3e07e324e54d1175d59d6284646b363cd56f5d;3c3e07e324;-;-;Sat Nov 1 23:03:02 2014 +0100;1414879382;-;-;Sat Nov 1 23:03:02 2014 +0100;1414879382
bba38b886221704c82810da7bd2c87ece9c38ef3;bba38b8862;-;-;Sat Nov 1 23:01:26 2014 +0100;1414879286;-;-;Sat Nov 1 23:01:26 2014 +0100;1414879286
78459504e029688193d50d85bc4baa20206dace2;78459504e0;-;-;Sat Nov 1 16:18:32 2014 +0100;1414855112;-;-;Sat Nov 1 16:18:32 2014 +0100;1414855112
14f4d34fdba1614d2729da69b3d1eaea425c5be1;14f4d34fdb;-;-;Sat Nov 1 16:11:57 2014 +0100;1414854717;-;-;Sat Nov 1 16:11:57 2014 +0100;1414854717
a9c47df0c142f84cfafc2d7ab3dde4799b3889a4;a9c47df0c1;-;-;Sat Nov 1 14:05:32 2014 +0100;1414847132;-;-;Sat Nov 1 14:05:32 2014 +0100;1414847132
d1288fdb7c47c2f60cf4027ac32e73638be375c9;d1288fdb7c;-;-;Sat Nov 1 13:00:39 2014 +0100;1414843239;-;-;Sat Nov 1 14:05:22 2014 +0100;1414847122
965bea7b3e4e1a0af44acb206e71c63ca37183a6;965bea7b3e;-;-;Sat Nov 1 10:11:20 2014 +0100;1414833080;-;-;Sat Nov 1 10:11:20 2014 +0100;1414833080
97ea43681b901befafb80fd63c1590a87055d5f4;97ea43681b;-;-;Sat Nov 1 09:13:34 2014 +0100;1414829614;-;-;Sat Nov 1 09:13:34 2014 +0100;1414829614
e2518e0b7c40e4974d6d642bae7ff1e9ec6c800f;e2518e0b7c;-;-;Sat Nov 1 09:06:55 2014 +0100;1414829215;-;-;Sat Nov 1 09:06:55 2014 +0100;1414829215
0e36402bd29d602f5f253ae2adddfca60f3f37b8;0e36402bd2;-;-;Sat Nov 1 08:26:48 2014 +0100;1414826808;-;-;Sat Nov 1 08:26:48 2014 +0100;1414826808
cfa3d358d5836bcfaad1f6ce9287ccf78ad7740f;cfa3d358d5;-;-;Fri Oct 31 17:26:21 2014 +0100;1414772781;-;-;Fri Oct 31 19:39:29 2014 +0100;1414780769
01382b8ff0d5efe86d185fb3e8a07a23c6a195ed;01382b8ff0;-;-;Fri Oct 31 17:57:06 2014 +0100;1414774626;-;-;Fri Oct 31 17:57:06 2014 +0100;1414774626
65d163e6042c22ed412ed44f7c6fa4b6ea88d7b1;65d163e604;-;-;Fri Oct 31 17:26:23 2014 +0100;1414772783;-;-;Fri Oct 31 17:26:23 2014 +0100;1414772783
7d2231541ba3629b9a51773fa4a3ddfc50485e29;7d2231541b;-;-;Fri Oct 31 15:28:49 2014 +0100;1414765729;-;-;Fri Oct 31 15:28:49 2014 +0100;1414765729
bf5739c56b46553d2c376bc4c952880e9bccd987;bf5739c56b;-;-;Fri Oct 31 15:07:21 2014 +0100;1414764441;-;-;Fri Oct 31 15:07:21 2014 +0100;1414764441
5aefcc802ef05abc51bbfbeb4a78b3032ff9eee3;5aefcc802e;-;-;Wed Oct 15 14:19:28 2014 +0200;1413375568;-;-;Fri Oct 31 14:37:30 2014 +0100;1414762650
8e5c77dc1191432d8a9e0109beb4e9d3f925e8d2;8e5c77dc11;-;-;Fri Oct 31 07:55:27 2014 +0100;1414738527;-;-;Fri Oct 31 07:55:27 2014 +0100;1414738527
2f039454107ad0ed67f31a38d7b11a4f9318a5b1;2f03945410;-;-;Fri Oct 31 00:26:13 2014 +0100;1414711573;-;-;Fri Oct 31 00:26:13 2014 +0100;1414711573
7aff57548535cd428f17acb583d24ce455f62f2d;7aff575485;-;-;Thu Oct 30 22:11:19 2014 +0100;1414703479;-;-;Thu Oct 30 22:11:19 2014 +0100;1414703479
5f160c17cda699572d6a57c723cb87c26598b378;5f160c17cd;-;-;Thu Oct 30 21:57:19 2014 +0100;1414702639;-;-;Thu Oct 30 21:57:19 2014 +0100;1414702639
db2601d6e25a427368500ffcb8d274319222ec92;db2601d6e2;-;-;Thu Oct 30 21:52:54 2014 +0100;1414702374;-;-;Thu Oct 30 21:52:54 2014 +0100;1414702374
d8941ca098b14e53b7786a66fd268d3459791336;d8941ca098;-;-;Thu Oct 30 14:49:20 2014 -0400;1414694960;-;-;Thu Oct 30 14:51:04 2014 -0400;1414695064
e9f53c6ddf3ba6c7ef797ad2f2657054e5901511;e9f53c6ddf;-;-;Thu Oct 30 15:17:51 2014 +0100;1414678671;-;-;Thu Oct 30 15:17:51 2014 +0100;1414678671
a181b40e39df28f75b0024d70c2d5e7233801f5f;a181b40e39;-;-;Thu Oct 30 15:15:34 2014 +0100;1414678534;-;-;Thu Oct 30 15:15:34 2014 +0100;1414678534
fc7e60678cf8e63037f4163c4d77013a2f088104;fc7e60678c;-;-;Thu Oct 30 00:07:01 2014 +0100;1414624021;-;-;Thu Oct 30 00:07:01 2014 +0100;1414624021
62620de3f1ae6e67b0632232b8997c55c7d52183;62620de3f1;-;-;Wed Oct 29 18:16:53 2014 -0400;1414621013;-;-;Wed Oct 29 18:18:01 2014 -0400;1414621081
1146d5ba1d63e1654ae3deb132dde6461621d941;1146d5ba1d;-;-;Wed Oct 29 22:44:59 2014 +0100;1414619099;-;-;Wed Oct 29 22:44:59 2014 +0100;1414619099
4927c9054f0bf906196c995862ad2c423b47a073;4927c9054f;-;-;Wed Oct 29 22:43:48 2014 +0100;1414619028;-;-;Wed Oct 29 22:43:48 2014 +0100;1414619028
38ef6dec50b124a8cb39a024a7fa2d29442cbe33;38ef6dec50;-;-;Wed Oct 29 17:20:22 2014 -0400;1414617622;-;-;Wed Oct 29 17:23:04 2014 -0400;1414617784
c7a93a80d4866dacafa9bb522062fbf9ef75ddb2;c7a93a80d4;-;-;Wed Oct 29 22:08:48 2014 +0100;1414616928;-;-;Wed Oct 29 22:08:48 2014 +0100;1414616928
725ad0df50aec9f193f35f8a08244575214c8577;725ad0df50;-;-;Wed Oct 29 22:03:01 2014 +0100;1414616581;-;-;Wed Oct 29 22:03:01 2014 +0100;1414616581
807864fa9a2567127c763c40ce2a68ae14f3aca0;807864fa9a;-;-;Wed Oct 29 11:59:04 2014 +0100;1414580344;-;-;Wed Oct 29 11:59:04 2014 +0100;1414580344
ffc4e032934334686a52258c376b0a11092320c1;ffc4e03293;-;-;Wed Oct 29 11:21:23 2014 +0100;1414578083;-;-;Wed Oct 29 11:21:23 2014 +0100;1414578083
8f21c855119cc240c732d9c2c4c4e5001732d10b;8f21c85511;-;-;Tue Oct 28 22:10:49 2014 -0400;1414548649;-;-;Tue Oct 28 22:10:49 2014 -0400;1414548649
8c727be4e1089f9e8dcdae9a201289c98c5762f1;8c727be4e1;-;-;Tue Oct 28 17:49:06 2014 -0400;1414532946;-;-;Tue Oct 28 17:51:15 2014 -0400;1414533075
70e6e3bb39c9db1a85a77411707fb560292b7b3e;70e6e3bb39;-;-;Tue Oct 28 17:48:08 2014 -0400;1414532888;-;-;Tue Oct 28 17:51:15 2014 -0400;1414533075
b70c5d1ff14df57f292c08b6ad8843cbc4e9ef7f;b70c5d1ff1;-;-;Tue Oct 28 19:08:45 2014 +0100;1414519725;-;-;Tue Oct 28 19:08:45 2014 +0100;1414519725
1e9ab53095ed601850d2fd780bffd8bee5919487;1e9ab53095;-;-;Tue Oct 28 18:28:15 2014 +0100;1414517295;-;-;Tue Oct 28 18:28:15 2014 +0100;1414517295
33d85d2a134c93deb4452e112fb2f86ff751467b;33d85d2a13;-;-;Tue Oct 28 16:39:19 2014 +0100;1414510759;-;-;Tue Oct 28 16:39:19 2014 +0100;1414510759
c0747a006ae6343bbcc6525c72e8a3d26177107c;c0747a006a;-;-;Tue Oct 28 16:19:16 2014 +0100;1414509556;-;-;Tue Oct 28 16:19:16 2014 +0100;1414509556
06632822e9bb7e4555a0060f0c75f4514f69a3e4;06632822e9;-;-;Tue Oct 28 16:18:55 2014 +0100;1414509535;-;-;Tue Oct 28 16:18:55 2014 +0100;1414509535
17b9bde336f3f57c9d7ab9f295e2732c552813ac;17b9bde336;-;-;Tue Oct 28 13:42:02 2014 +0100;1414500122;-;-;Tue Oct 28 13:44:13 2014 +0100;1414500253
ad2d5952c6dc85ffb3ff0b4297def2ccd1d24786;ad2d5952c6;-;-;Tue Oct 28 13:34:56 2014 +0100;1414499696;-;-;Tue Oct 28 13:34:56 2014 +0100;1414499696
cb095132b14eb61e1dfed8079a459633ea18a256;cb095132b1;-;-;Tue Oct 28 13:23:55 2014 +0100;1414499035;-;-;Tue Oct 28 13:23:55 2014 +0100;1414499035
4945cf1bd176790f72838de113889015eca144ce;4945cf1bd1;-;-;Tue Oct 28 13:22:22 2014 +0100;1414498942;-;-;Tue Oct 28 13:22:22 2014 +0100;1414498942
a3778780389e0435ffcf886b9e72c208a713376f;a377878038;-;-;Mon Oct 27 17:27:24 2014 -0400;1414445244;-;-;Mon Oct 27 17:27:24 2014 -0400;1414445244
584b831bb9390a49c791d180d023e3a585203215;584b831bb9;-;-;Mon Oct 27 16:48:03 2014 -0400;1414442883;-;-;Mon Oct 27 16:48:59 2014 -0400;1414442939
03fc9e89a00697b36d34bf77f6f2119d90eccba1;03fc9e89a0;-;-;Mon Oct 27 11:35:51 2014 -0700;1414434951;-;-;Mon Oct 27 11:35:51 2014 -0700;1414434951
083dece10657933948d17827e3dc1e5ed7881990;083dece106;-;-;Mon Oct 27 13:56:00 2014 -0400;1414432560;-;-;Mon Oct 27 14:12:53 2014 -0400;1414433573
e1207571fc7ccd26e2dbafa4a4f0d5b78cb12104;e1207571fc;-;-;Mon Oct 27 12:41:18 2014 -0400;1414428078;-;-;Mon Oct 27 13:57:37 2014 -0400;1414432657
7de0a70f0c21d60f244aee0116ef1657d6bca283;7de0a70f0c;-;-;Thu Oct 16 11:46:22 2014 +0200;1413452782;-;-;Mon Oct 27 13:57:37 2014 -0400;1414432657
a13bb69cbe36e41eaa31c346eed6b1db69200593;a13bb69cbe;-;-;Mon Oct 27 15:49:02 2014 +0100;1414421342;-;-;Mon Oct 27 15:49:02 2014 +0100;1414421342
ff8655846d9c6903f16730efc1650a4ae55866b9;ff8655846d;-;-;Mon Oct 27 15:47:52 2014 +0100;1414421272;-;-;Mon Oct 27 15:47:52 2014 +0100;1414421272
da612d079fe675d705704ef5c1547bb107669d84;da612d079f;-;-;Mon Oct 27 09:04:23 2014 -0400;1414415063;-;-;Mon Oct 27 09:04:23 2014 -0400;1414415063
6592784ef408ade36cb62b62356ca019ded8e344;6592784ef4;-;-;Mon Oct 27 11:24:26 2014 +0100;1414405466;-;-;Mon Oct 27 13:28:01 2014 +0100;1414412881
92438697630179d8c9f7d7b614f28f01bc1c249f;9243869763;-;-;Mon Oct 27 12:08:26 2014 +0100;1414408106;-;-;Mon Oct 27 12:08:26 2014 +0100;1414408106
03bd08a6a5d4ecb13729c1c180b2d164d9e730b5;03bd08a6a5;-;-;Mon Oct 27 11:59:26 2014 +0100;1414407566;-;-;Mon Oct 27 11:59:26 2014 +0100;1414407566
a3213f26a5ae0bc741b1d166545f39597acbbd12;a3213f26a5;-;-;Mon Oct 27 09:33:30 2014 +0100;1414398810;-;-;Mon Oct 27 09:33:30 2014 +0100;1414398810
58f4014b17018e0eeb68d78de3275627f009e46c;58f4014b17;-;-;Sun Oct 26 00:36:41 2014 +0200;1414276601;-;-;Sun Oct 26 21:20:53 2014 +0100;1414354853
743356fa217dc093d6ade8a1867e0bb6ccb22a80;743356fa21;-;-;Sat Oct 25 23:30:40 2014 +0200;1414272640;-;-;Sun Oct 26 21:18:04 2014 +0100;1414354684
28a3cd50aaa67d22d1d6f7e6630419ab600883d4;28a3cd50aa;-;-;Sat Oct 25 11:22:15 2014 -0700;1414261335;-;-;Sat Oct 25 11:22:15 2014 -0700;1414261335
a40e42479c36859009b4561f98fdfab0eafdd679;a40e42479c;-;-;Fri Oct 24 11:11:42 2014 -0700;1414174302;-;-;Fri Oct 24 11:11:42 2014 -0700;1414174302
01aa64c534177f65d45c2cfc8170e83c3f3f87a6;01aa64c534;-;-;Thu Oct 23 21:55:16 2014 -0400;1414115716;-;-;Fri Oct 24 09:48:18 2014 -0400;1414158498
6463878f2d03d894470a5da794f75135d0ef8181;6463878f2d;-;-;Fri Oct 24 14:59:58 2014 +0200;1414155598;-;-;Fri Oct 24 14:59:58 2014 +0200;1414155598
a0c210457bda606eba58f367678bdefc69d5cd15;a0c210457b;-;-;Fri Oct 24 11:46:09 2014 +0200;1414143969;-;-;Fri Oct 24 11:53:47 2014 +0200;1414144427
73e398a1654f570edc7d5e146d5d9fd4adc1592e;73e398a165;-;-;Fri Oct 24 10:55:05 2014 +0200;1414140905;-;-;Fri Oct 24 10:55:05 2014 +0200;1414140905
d9df50c6cd4c5b126b621dd932f1a0611baf4b7b;d9df50c6cd;-;-;Fri Oct 24 10:39:59 2014 +0200;1414139999;-;-;Fri Oct 24 10:39:59 2014 +0200;1414139999
222d2b163999b7d16055185bdf77e7ea98d4ef97;222d2b1639;-;-;Mon Oct 20 17:39:11 2014 +0200;1413819551;-;-;Fri Oct 24 10:30:24 2014 +0200;1414139424
d5eb6694163dbe3202114a0a86f63435ccedf176;d5eb669416;-;-;Thu Oct 23 16:53:00 2014 -0400;1414097580;-;-;Thu Oct 23 16:53:00 2014 -0400;1414097580
687955a70412530a465f180f4b36c3a4e9b274bb;687955a704;-;-;Thu Oct 23 15:21:09 2014 -0400;1414092069;-;-;Thu Oct 23 15:25:51 2014 -0400;1414092351
d5bf6713edc9225023141d06692633a6f8b196d6;d5bf6713ed;-;-;Thu Oct 23 11:29:32 2014 -0700;1414088972;-;-;Thu Oct 23 11:29:32 2014 -0700;1414088972
2035b17925ee2e4f1e9f236b67da4c5e08d02800;2035b17925;-;-;Thu Oct 23 17:24:00 2014 +0200;1414077840;-;-;Thu Oct 23 17:24:00 2014 +0200;1414077840
cb860364dd94c43dd05af4137e609f6e95d5ada2;cb860364dd;-;-;Thu Oct 23 17:23:52 2014 +0200;1414077832;-;-;Thu Oct 23 17:23:52 2014 +0200;1414077832
1c217aae404d44d2edac5d00773d58093d119f3e;1c217aae40;-;-;Thu Oct 23 16:27:11 2014 +0200;1414074431;-;-;Thu Oct 23 16:48:11 2014 +0200;1414075691
49f3a6beffc744f6457426df1383f90f620eed74;49f3a6beff;-;-;Thu Oct 23 16:40:09 2014 +0200;1414075209;-;-;Thu Oct 23 16:40:09 2014 +0200;1414075209
b16048b061ee18d5928f208dd6a9a64624fdf587;b16048b061;-;-;Thu Oct 23 14:24:59 2014 +0200;1414067099;-;-;Thu Oct 23 14:24:59 2014 +0200;1414067099
051c5fb66ae5ce55d4a5efe1aa39afd771df5df6;051c5fb66a;-;-;Wed Oct 22 22:28:21 2014 -0400;1414031301;-;-;Wed Oct 22 22:28:21 2014 -0400;1414031301
df090235bb3b5693065b9e36e18150ee26c9d199;df090235bb;-;-;Tue Oct 21 12:13:54 2014 -0400;1413908034;-;-;Wed Oct 22 22:17:51 2014 -0400;1414030671
4412bc68aaf20556cdc71a21f1052f23b9f008b3;4412bc68aa;-;-;Thu Oct 23 01:06:01 2014 +0200;1414019161;-;-;Thu Oct 23 01:06:12 2014 +0200;1414019172
a011b360d1f4735de45c9cbd4a063e1c4196c244;a011b360d1;-;-;Wed Oct 22 21:15:34 2014 +0200;1414005334;-;-;Wed Oct 22 21:15:34 2014 +0200;1414005334
2956049c304c78b675568b61b0c6e638228b8db0;2956049c30;-;-;Wed Oct 22 17:04:50 2014 +0200;1413990290;-;-;Wed Oct 22 17:04:50 2014 +0200;1413990290
73ce3b514b5f8dd2f0985d45c0651e48131326b8;73ce3b514b;-;-;Wed Oct 22 17:04:40 2014 +0200;1413990280;-;-;Wed Oct 22 17:04:40 2014 +0200;1413990280
86d97baf65ef1547986ddb31eec0a7d684a7b6f3;86d97baf65;-;-;Wed Oct 22 16:32:12 2014 +0200;1413988332;-;-;Wed Oct 22 16:32:12 2014 +0200;1413988332
a2731f1a4ffe28b9e255bb418474b7a488866ba4;a2731f1a4f;-;-;Wed Oct 22 02:16:39 2014 +0200;1413936999;-;-;Wed Oct 22 02:27:41 2014 +0200;1413937661
3106905877b4382928b9416954f9d74a7e3f34f3;3106905877;-;-;Wed Oct 22 01:19:14 2014 +0200;1413933554;-;-;Wed Oct 22 01:19:14 2014 +0200;1413933554
38030ef237f25344082a63b0559e5decd5bedcbf;38030ef237;-;-;Tue Oct 21 23:45:03 2014 +0200;1413927903;-;-;Tue Oct 21 23:45:03 2014 +0200;1413927903
69f1b78e938f08aee002da831b3d478057457ecc;69f1b78e93;-;-;Tue Oct 21 22:19:09 2014 +0200;1413922749;-;-;Tue Oct 21 22:19:09 2014 +0200;1413922749
ad62b2afb145499d384cb76c5f254113db99796c;ad62b2afb1;-;-;Tue Oct 21 21:40:43 2014 +0200;1413920443;-;-;Tue Oct 21 21:40:43 2014 +0200;1413920443
1ad7a0335784ef6084a3b88f5ac68570f585ac96;1ad7a03357;-;-;Tue Oct 21 18:49:03 2014 +0200;1413910143;-;-;Tue Oct 21 18:49:03 2014 +0200;1413910143
e4753c9f8b11682d149a2292c6cd4d13c8b3ef77;e4753c9f8b;-;-;Tue Oct 21 18:48:52 2014 +0200;1413910132;-;-;Tue Oct 21 18:48:52 2014 +0200;1413910132
bc8e4d36802fabe6999c79db88ce1b105ce2e4e1;bc8e4d3680;-;-;Tue Oct 21 08:43:51 2014 -0700;1413906231;-;-;Tue Oct 21 08:57:22 2014 -0700;1413907042
369cabf064e70d1e43604967cc9161f6abbf2f36;369cabf064;-;-;Fri Oct 17 16:19:55 2014 +0200;1413555595;-;-;Tue Oct 21 17:49:37 2014 +0200;1413906577
4d3ade563ad47be0900f83927b624d3100c4cc06;4d3ade563a;-;-;Tue Oct 21 17:24:13 2014 +0200;1413905053;-;-;Tue Oct 21 17:24:13 2014 +0200;1413905053
66069333f1e44774590487fbfbb5de3198328dea;66069333f1;-;-;Tue Oct 21 16:18:23 2014 +0200;1413901103;-;-;Tue Oct 21 16:18:23 2014 +0200;1413901103
6e5907ff39d279e2fbce1b51f75dbe36e95ee1db;6e5907ff39;-;-;Tue Oct 21 16:11:15 2014 +0200;1413900675;-;-;Tue Oct 21 16:11:15 2014 +0200;1413900675
065104a4853d4e1f45253d1a94e190541ca5a573;065104a485;-;-;Tue Oct 21 12:37:56 2014 +0200;1413887876;-;-;Tue Oct 21 12:37:56 2014 +0200;1413887876
2b6f841b03558c0e9ce36f92b2346665a69ef98b;2b6f841b03;-;-;Tue Oct 21 12:27:14 2014 +0200;1413887234;-;-;Tue Oct 21 12:27:14 2014 +0200;1413887234
47dde91763ab09d4e9f82dcd22fe3e2127c0f08d;47dde91763;-;-;Tue Oct 21 12:16:51 2014 +0200;1413886611;-;-;Tue Oct 21 12:16:51 2014 +0200;1413886611
8325b1008031b05a89d2d69819506d47ab1acfa0;8325b10080;-;-;Tue Oct 21 00:30:42 2014 +0200;1413844242;-;-;Tue Oct 21 01:44:07 2014 +0200;1413848647
b6fdcffc94a17ec30e5a9d24d7e62e2a54b928ca;b6fdcffc94;-;-;Mon Oct 20 23:32:46 2014 +0200;1413840766;-;-;Mon Oct 20 23:32:46 2014 +0200;1413840766
716916b281d25cc843b4b98530f4550f7f6c0ca8;716916b281;-;-;Mon Oct 20 21:47:47 2014 +0200;1413834467;-;-;Mon Oct 20 21:47:47 2014 +0200;1413834467
77a62ec8b8db6dde54d8e4d85e51048908caa54f;77a62ec8b8;-;-;Mon Oct 20 17:42:18 2014 +0200;1413819738;-;-;Mon Oct 20 17:42:18 2014 +0200;1413819738
10328f1c2273204238820d751e5c7b0690163e9e;10328f1c22;-;-;Mon Oct 20 17:41:14 2014 +0200;1413819674;-;-;Mon Oct 20 17:41:14 2014 +0200;1413819674
92ad02ae8fd461cda2e61ecae8933e7a8d3cff2d;92ad02ae8f;-;-;Mon Oct 20 17:31:03 2014 +0200;1413819063;-;-;Mon Oct 20 17:31:03 2014 +0200;1413819063
fb08644e46db1ed93a384326accdac8f4078343f;fb08644e46;-;-;Mon Oct 20 15:45:09 2014 +0200;1413812709;-;-;Mon Oct 20 15:45:09 2014 +0200;1413812709
57d63a1903c15a7d0d86204b952b7d860282ed9c;57d63a1903;-;-;Thu Oct 16 17:54:04 2014 +0200;1413474844;-;-;Fri Oct 17 19:54:30 2014 +0200;1413568470
aae221cb159b9b0de4d4bc7cc0174d12a015b510;aae221cb15;-;-;Fri Oct 17 10:26:54 2014 -0700;1413566814;-;-;Fri Oct 17 10:26:54 2014 -0700;1413566814
c5e360d886931f761c2be5ff4b31d5df2042d415;c5e360d886;-;-;Fri Oct 17 13:03:03 2014 -0400;1413565383;-;-;Fri Oct 17 13:21:08 2014 -0400;1413566468
cc5f488952b1d4c05dfdf3ce703dcfc354f664a6;cc5f488952;-;-;Fri Oct 17 18:48:16 2014 +0200;1413564496;-;-;Fri Oct 17 18:48:16 2014 +0200;1413564496
3d96c883d1bb239f43dd649e5fdf5b2940ba71c6;3d96c883d1;-;-;Thu Oct 16 21:54:34 2014 -0400;1413510874;-;-;Thu Oct 16 22:01:26 2014 -0400;1413511286
f353a28ff40a0ae58e1848385b2387ae9b50a449;f353a28ff4;-;-;Thu Oct 16 21:39:13 2014 -0400;1413509953;-;-;Thu Oct 16 22:01:26 2014 -0400;1413511286
97441d054dc135dfcc18a90d81c6771a4f38239e;97441d054d;-;-;Thu Oct 16 17:20:35 2014 -0400;1413494435;-;-;Thu Oct 16 22:01:26 2014 -0400;1413511286
115f85e44ff2041e9cd1a28548c8440e8092834a;115f85e44f;-;-;Thu Oct 16 12:08:49 2014 -0700;1413486529;-;-;Thu Oct 16 12:08:49 2014 -0700;1413486529
43597bfed4281dc95e43ba989eccee9bfc3a4ea2;43597bfed4;-;-;Thu Oct 16 17:26:10 2014 +0200;1413473170;-;-;Thu Oct 16 17:26:10 2014 +0200;1413473170
fb92934a7b16024ad2b802f27bde155f388e7821;fb92934a7b;-;-;Thu Oct 16 17:25:40 2014 +0200;1413473140;-;-;Thu Oct 16 17:25:40 2014 +0200;1413473140
bd5383e4f937549107c2dc9098298ca9e874a419;bd5383e4f9;-;-;Thu Oct 16 17:24:58 2014 +0200;1413473098;-;-;Thu Oct 16 17:24:58 2014 +0200;1413473098
8cce40469631327e0afdd5d41393248313819270;8cce404696;-;-;Wed Oct 15 17:06:12 2014 -0400;1413407172;-;-;Wed Oct 15 17:06:12 2014 -0400;1413407172
a3dc5e049158cdde681ed23ddd950e541488095c;a3dc5e0491;-;-;Wed Oct 15 16:56:29 2014 -0400;1413406589;-;-;Wed Oct 15 16:56:29 2014 -0400;1413406589
956b66bbd466bb7a68e8499a483139a516572b24;956b66bbd4;-;-;Wed Oct 15 16:39:03 2014 -0400;1413405543;-;-;Wed Oct 15 16:39:03 2014 -0400;1413405543
6f987a9cf8c5fa8c20d6f6d15f32f6bcd159ca7b;6f987a9cf8;-;-;Wed Oct 15 18:04:44 2014 +0200;1413389084;-;-;Wed Oct 15 18:04:44 2014 +0200;1413389084
24d77f3272179a50e5bbd8b834f845bc09973df8;24d77f3272;-;-;Tue Oct 14 14:18:04 2014 -0400;1413310684;-;-;Tue Oct 14 14:25:33 2014 -0400;1413311133
fa4ba2a82bc5bad00010dbd96b43dd4019243859;fa4ba2a82b;-;-;Tue Oct 14 11:34:28 2014 -0400;1413300868;-;-;Tue Oct 14 14:25:32 2014 -0400;1413311132
859e1e800345d528b17f23e74dfaf8bf4185b070;859e1e8003;-;-;Tue Oct 14 15:58:35 2014 +0200;1413295115;-;-;Tue Oct 14 15:58:35 2014 +0200;1413295115
3056301015bc96c32d29d68b50d1fc09615512cd;3056301015;-;-;Tue Oct 14 09:01:09 2014 -0400;1413291669;-;-;Tue Oct 14 09:29:06 2014 -0400;1413293346
de11cd879192278db2c5f1a3ab2351775802f59d;de11cd8791;-;-;Tue Oct 14 14:33:09 2014 +0200;1413289989;-;-;Tue Oct 14 14:33:09 2014 +0200;1413289989
c7e7d11156b39d86178ea6a6aea3618e8808aa0a;c7e7d11156;-;-;Tue Oct 14 14:27:03 2014 +0200;1413289623;-;-;Tue Oct 14 14:27:03 2014 +0200;1413289623
d501137f4ee9325693d286045531d58bad1c709c;d501137f4e;-;-;Tue Oct 14 14:26:07 2014 +0200;1413289567;-;-;Tue Oct 14 14:26:07 2014 +0200;1413289567
2df03d6316ce982528f5c8258dd2eb2aff47f9ba;2df03d6316;-;-;Mon Oct 13 16:12:14 2014 -0400;1413231134;-;-;Mon Oct 13 16:21:31 2014 -0400;1413231691
2f54b273a51cf693f35a3d4e7f33f7d7e893dd19;2f54b273a5;-;-;Mon Oct 13 20:37:08 2014 +0200;1413225428;-;-;Mon Oct 13 20:37:08 2014 +0200;1413225428
9bc32ac199ad649b095ad5f8af63c82c2b9d7dc5;9bc32ac199;-;-;Mon Oct 13 20:33:28 2014 +0200;1413225208;-;-;Mon Oct 13 20:33:28 2014 +0200;1413225208
0fb8f0b469f4cf2241fae617ba2f5222b73ad118;0fb8f0b469;-;-;Mon Oct 13 17:58:15 2014 +0200;1413215895;-;-;Mon Oct 13 17:58:15 2014 +0200;1413215895
8760be7d6428e3b54e6486106770fe1a1ac1e18c;8760be7d64;-;-;Mon Oct 13 17:22:27 2014 +0200;1413213747;-;-;Mon Oct 13 17:22:27 2014 +0200;1413213747
97596fb9f6b6052f60c316202dde8646271b008c;97596fb9f6;-;-;Mon Oct 13 09:35:51 2014 -0400;1413207351;-;-;Mon Oct 13 09:35:51 2014 -0400;1413207351
f0323be7865978920929faf1598999f90cfd562b;f0323be786;-;-;Fri Oct 10 15:21:04 2014 -0400;1412968864;-;-;Fri Oct 10 15:21:04 2014 -0400;1412968864
4a29e164a8ca222fd8b0d2043e1d44494e84544e;4a29e164a8;-;-;Fri Oct 10 14:31:39 2014 -0400;1412965899;-;-;Fri Oct 10 14:31:39 2014 -0400;1412965899
0a68d265fb07aa2ebf6332c3d6a92d12caac7cc3;0a68d265fb;-;-;Wed Oct 8 17:02:26 2014 +0200;1412780546;-;-;Wed Oct 8 17:02:26 2014 +0200;1412780546
4cf19df46201f987779f0981652cbe1f5ec07f86;4cf19df462;-;-;Fri Sep 19 18:55:59 2014 +0200;1411145759;-;-;Wed Oct 8 16:52:40 2014 +0200;1412779960
2a39081819ba252a26daaa53588a3fb147115895;2a39081819;-;-;Wed Oct 8 16:37:50 2014 +0200;1412779070;-;-;Wed Oct 8 16:37:50 2014 +0200;1412779070
f518ad9009a38dd4ba43f7aa7434bb918d085cc9;f518ad9009;-;-;Wed Oct 8 10:50:31 2014 +0200;1412758231;-;-;Wed Oct 8 10:57:29 2014 +0200;1412758649
25bb58a1e82bcb8f0304573eefb3c89e4134e426;25bb58a1e8;-;-;Tue Sep 2 23:17:32 2014 -0700;1409725052;-;-;Tue Oct 7 18:07:00 2014 +0200;1412698020
5a631177fff67f59d30eeca5da9e91fa1b212d12;5a631177ff;-;-;Tue Oct 7 16:37:59 2014 +0200;1412692679;-;-;Tue Oct 7 16:37:59 2014 +0200;1412692679
01724d3b6dbe1678e3a192de7369b2dde46579a6;01724d3b6d;-;-;Tue Oct 7 16:32:09 2014 +0200;1412692329;-;-;Tue Oct 7 16:32:09 2014 +0200;1412692329
e56559fd4de4d2c105c70c2f8e03cf92506b2510;e56559fd4d;-;-;Tue Oct 7 13:45:07 2014 +0200;1412682307;-;-;Tue Oct 7 13:45:07 2014 +0200;1412682307
da14aeea7adf85485d5586d0d5bc08196a31231a;da14aeea7a;-;-;Tue Oct 7 13:35:38 2014 +0200;1412681738;-;-;Tue Oct 7 13:35:38 2014 +0200;1412681738
aaf69eb1f12e2bcd5c10c7d58ccb3fcdf543fb43;aaf69eb1f1;-;-;Tue Oct 7 12:42:17 2014 +0200;1412678537;-;-;Tue Oct 7 12:42:17 2014 +0200;1412678537
abb45aa1300cb23ef71aafc2b9836a4864b2c67e;abb45aa130;-;-;Sat Sep 20 12:28:47 2014 +0300;1411205327;-;-;Tue Oct 7 09:41:50 2014 +0200;1412667710
d6be43350140365e72532c05d6b8a680c2976920;d6be433501;-;-;Tue Oct 7 00:43:33 2014 +0200;1412635413;-;-;Tue Oct 7 00:43:33 2014 +0200;1412635413
d8160b3c0994deae6e33247a43cdd2c8c0528b02;d8160b3c09;-;-;Mon Oct 6 23:29:43 2014 +0200;1412630983;-;-;Mon Oct 6 23:29:43 2014 +0200;1412630983
e58b33a5930f35a1262f5a76b5f4c5bd84652e70;e58b33a593;-;-;Mon Oct 6 20:26:45 2014 +0200;1412620005;-;-;Mon Oct 6 20:31:45 2014 +0200;1412620305
1e9e6c9f6b894b12718d09e8d24b6a335a3f0894;1e9e6c9f6b;-;-;Mon Oct 6 18:12:06 2014 +0200;1412611926;-;-;Mon Oct 6 18:12:06 2014 +0200;1412611926
70fec47944abbc18601a532eaf07e032b9940d53;70fec47944;-;-;Mon Oct 6 18:08:19 2014 +0200;1412611699;-;-;Mon Oct 6 18:08:19 2014 +0200;1412611699
9d832816a8f7b88eb9ff7993a2b0d69f0fed4c26;9d832816a8;-;-;Mon Oct 6 17:42:51 2014 +0200;1412610171;-;-;Mon Oct 6 17:42:51 2014 +0200;1412610171
b7faef0103e94e05453a81eca0d6e85fb0764e74;b7faef0103;-;-;Mon Oct 6 15:37:08 2014 +0200;1412602628;-;-;Mon Oct 6 15:37:08 2014 +0200;1412602628
12a2813e2a18d7655358fe653fa9bb2e9d022121;12a2813e2a;-;-;Sun Oct 5 18:12:50 2014 +0200;1412525570;-;-;Sun Oct 5 18:12:50 2014 +0200;1412525570
473ed1a6723a10689c6d550fcd5a7b9b449b3da1;473ed1a672;-;-;Sat Oct 4 01:01:53 2014 +0200;1412377313;-;-;Sat Oct 4 01:01:53 2014 +0200;1412377313
cc02269c9f13f9857cb258743dd1310708d943eb;cc02269c9f;-;-;Sat Oct 4 01:01:40 2014 +0200;1412377300;-;-;Sat Oct 4 01:01:40 2014 +0200;1412377300
b6a3808a97c8e75ac754ccc75aebd956a4db783f;b6a3808a97;-;-;Sat Oct 4 00:40:53 2014 +0200;1412376053;-;-;Sat Oct 4 00:40:53 2014 +0200;1412376053
9d969587ab6f60c6f24b2c49e94b5858e588cb9a;9d969587ab;-;-;Thu Oct 2 20:19:32 2014 +0200;1412273972;-;-;Thu Oct 2 20:19:32 2014 +0200;1412273972
fd69ee541e288687f04adb6446ac1b41a9bf415b;fd69ee541e;-;-;Thu Oct 2 14:33:21 2014 +0200;1412253201;-;-;Thu Oct 2 14:33:21 2014 +0200;1412253201
05c995cfb33bc42ab536be76d2ecff383ec195fe;05c995cfb3;-;-;Thu Oct 2 14:33:13 2014 +0200;1412253193;-;-;Thu Oct 2 14:33:13 2014 +0200;1412253193
25d13ac41ebfa95d0ef39b6949c5f18dc2136222;25d13ac41e;-;-;Thu Oct 2 14:03:39 2014 +0200;1412251419;-;-;Thu Oct 2 14:03:39 2014 +0200;1412251419
c0dedec1d6dc6bbefcaa27b5921fa24346738d0e;c0dedec1d6;-;-;Thu Oct 2 10:46:09 2014 +0200;1412239569;-;-;Thu Oct 2 10:46:09 2014 +0200;1412239569
bd7d56ac546b4ad0c2dad44b2317e7cc84b9aeae;bd7d56ac54;-;-;Wed Oct 1 09:26:05 2014 -0700;1412180765;-;-;Wed Oct 1 09:26:05 2014 -0700;1412180765
b2d67914a8c908af1ff4ef2c45d2ce1b21f6fe7e;b2d67914a8;-;-;Wed Oct 1 16:48:38 2014 +0200;1412174918;-;-;Wed Oct 1 16:48:38 2014 +0200;1412174918
439ea9020517303500a7bb2ace52623aab50faaa;439ea90205;-;-;Wed Oct 1 16:30:13 2014 +0200;1412173813;-;-;Wed Oct 1 16:30:13 2014 +0200;1412173813
a86402899d240a037b427bf9e8aa683c16e57890;a86402899d;-;-;Wed Oct 1 16:02:29 2014 +0200;1412172149;-;-;Wed Oct 1 16:02:29 2014 +0200;1412172149
9845260e0c3dcc2715326848f1b1c6f31fbacd9f;9845260e0c;-;-;Wed Oct 1 01:46:41 2014 -0700;1412153201;-;-;Wed Oct 1 01:46:41 2014 -0700;1412153201
20a8416c2e94efba3e6fa72de1b3d3618d063529;20a8416c2e;-;-;Wed Oct 1 02:29:46 2014 +0200;1412123386;-;-;Wed Oct 1 02:29:46 2014 +0200;1412123386
3a3c52dbddcc737a5893ed55982ded55f45878fa;3a3c52dbdd;-;-;Wed Oct 1 01:10:25 2014 +0200;1412118625;-;-;Wed Oct 1 01:10:25 2014 +0200;1412118625
44e29210cb9d21c85a78f1675e0f80a4dbf7d5c4;44e29210cb;-;-;Wed Oct 1 01:05:39 2014 +0200;1412118339;-;-;Wed Oct 1 01:05:39 2014 +0200;1412118339
d778037f40651e1cd5b65e3fbbe50ff96444cd2f;d778037f40;-;-;Wed Oct 1 01:04:16 2014 +0200;1412118256;-;-;Wed Oct 1 01:04:16 2014 +0200;1412118256
69998e3d507bcdc5c0b132cddeb4772e46cf8296;69998e3d50;-;-;Wed Oct 1 01:02:56 2014 +0200;1412118176;-;-;Wed Oct 1 01:02:56 2014 +0200;1412118176
7d307b38534b9a04c37491ffef4628a4dd41e596;7d307b3853;-;-;Tue Sep 30 20:17:58 2014 +0200;1412101078;-;-;Tue Sep 30 20:17:58 2014 +0200;1412101078
fcb9dd1939e78c1d85976d1b71d30d8e7351fca1;fcb9dd1939;-;-;Tue Sep 30 20:14:51 2014 +0200;1412100891;-;-;Tue Sep 30 20:14:51 2014 +0200;1412100891
6f1acdd561e60b389fa2eefdecf1f2811018253d;6f1acdd561;-;-;Tue Sep 30 17:59:52 2014 +0200;1412092792;-;-;Tue Sep 30 18:01:40 2014 +0200;1412092900
62fc39cca129f2618b418c4f6910434bb0d69c5a;62fc39cca1;-;-;Tue Sep 30 16:58:15 2014 +0200;1412089095;-;-;Tue Sep 30 16:58:47 2014 +0200;1412089127
909156e1b6c128242298da77412ebfd831cfbca9;909156e1b6;-;-;Tue Sep 30 10:57:40 2014 -0400;1412089060;-;-;Tue Sep 30 10:57:40 2014 -0400;1412089060
7aa3cc9bb24bc17b95526e10bff9caa3428cac5c;7aa3cc9bb2;-;-;Tue Sep 30 16:52:31 2014 +0200;1412088751;-;-;Tue Sep 30 16:52:50 2014 +0200;1412088770
77bbfb6e7ec16e2744f2c43bc12c9736fd6949cf;77bbfb6e7e;-;-;Tue Sep 30 10:36:39 2014 -0400;1412087799;-;-;Tue Sep 30 10:38:23 2014 -0400;1412087903
3b1d3257d5fc921fe1841ed2e4868c95e3e1ff66;3b1d3257d5;-;-;Tue Sep 30 10:08:09 2014 -0400;1412086089;-;-;Tue Sep 30 10:38:23 2014 -0400;1412087903
27f58db3204b972be0cb4f8ce3752768b23ae66d;27f58db320;-;-;Tue Sep 30 10:07:24 2014 -0400;1412086044;-;-;Tue Sep 30 10:38:23 2014 -0400;1412087903
d293889bb36a578e648f54d6ff84a3f125802680;d293889bb3;-;-;Tue Sep 30 14:03:27 2014 +0200;1412078607;-;-;Tue Sep 30 15:32:46 2014 +0200;1412083966
5f4eb4dd55c03ee9c6cbc4906e7f245cba06eddb;5f4eb4dd55;-;-;Tue Sep 30 15:30:15 2014 +0200;1412083815;-;-;Tue Sep 30 15:30:15 2014 +0200;1412083815
c7a867c45cabb4aab2edbfc350741b6d6877290e;c7a867c45c;-;-;Tue Sep 30 14:42:12 2014 +0200;1412080932;-;-;Tue Sep 30 14:42:12 2014 +0200;1412080932
0cc877ad0fb6dd5775b21b56fc773c577fd2d489;0cc877ad0f;-;-;Tue Sep 30 14:06:43 2014 +0200;1412078803;-;-;Tue Sep 30 14:06:43 2014 +0200;1412078803
6009c09f1b6e633b8ff38003bf6d133ca34cc62b;6009c09f1b;-;-;Tue Sep 30 09:52:00 2014 +0200;1412063520;-;-;Tue Sep 30 09:52:00 2014 +0200;1412063520
a3fd00eadbc59698a9c7870fb3539431d4579f00;a3fd00eadb;-;-;Tue Sep 30 05:44:51 2014 +0200;1412048691;-;-;Tue Sep 30 05:44:51 2014 +0200;1412048691
77abe07807ad9f1c150388011402a4436c4c4db6;77abe07807;-;-;Tue Sep 30 05:07:31 2014 +0200;1412046451;-;-;Tue Sep 30 05:18:15 2014 +0200;1412047095
42aef5f5dcc977334a1800243ea1d8dc64f0c8a2;42aef5f5dc;-;-;Tue Sep 30 04:53:02 2014 +0200;1412045582;-;-;Tue Sep 30 05:18:15 2014 +0200;1412047095
4e24d66ff70b8dc6e2184b2f723a57e387da523d;4e24d66ff7;-;-;Sat Sep 13 21:47:19 2014 -0500;1410662839;-;-;Tue Sep 30 05:18:15 2014 +0200;1412047095
521bbfcf5613232af5f907843db0d54b5f9b493f;521bbfcf56;-;-;Mon Sep 29 23:02:40 2014 -0400;1412046160;-;-;Mon Sep 29 23:02:40 2014 -0400;1412046160
179b236608e87055617c6777233404973fe2ed18;179b236608;-;-;Mon Sep 29 22:41:09 2014 -0400;1412044869;-;-;Mon Sep 29 22:41:09 2014 -0400;1412044869
84137ab986c5d07f1e947825d5dec1210731a6e1;84137ab986;-;-;Mon Sep 29 22:23:45 2014 -0400;1412043825;-;-;Mon Sep 29 22:23:45 2014 -0400;1412043825
803fc2001907636605aa3ed2fcdf1437171761a5;803fc20019;-;-;Mon Sep 29 17:53:28 2014 -0400;1412027608;-;-;Mon Sep 29 17:59:46 2014 -0400;1412027986
7bc8e5199eb82fe28caebb11c0606b468bc15034;7bc8e5199e;-;-;Mon Sep 29 23:50:23 2014 +0200;1412027423;-;-;Mon Sep 29 23:50:23 2014 +0200;1412027423
49cf30e964f1dc1e80e5e78833e55ac5f5a33f0e;49cf30e964;-;-;Mon Sep 29 17:19:19 2014 -0400;1412025559;-;-;Mon Sep 29 17:22:00 2014 -0400;1412025720
ae43b17fa0f7c6303a53a97803a8a64ce3d42b01;ae43b17fa0;-;-;Mon Sep 29 22:45:10 2014 +0200;1412023510;-;-;Mon Sep 29 22:45:10 2014 +0200;1412023510
7f43f02a13ff394b09108b2aaebf3fe087e9d6db;7f43f02a13;-;-;Mon Sep 29 22:35:13 2014 +0200;1412022913;-;-;Mon Sep 29 22:35:13 2014 +0200;1412022913
cfd9fd6863890f87e843b610bb2c5f9c4d81ed46;cfd9fd6863;-;-;Mon Sep 29 17:35:23 2014 +0200;1412004923;-;-;Mon Sep 29 17:35:23 2014 +0200;1412004923
c508a70c153c4809bd68071c0fff8fe596b8d918;c508a70c15;-;-;Mon Sep 29 17:31:13 2014 +0200;1412004673;-;-;Mon Sep 29 17:31:13 2014 +0200;1412004673
bb45fb4538d723ecdc136ceaaba032bcf8cdb42c;bb45fb4538;-;-;Mon Sep 29 15:35:07 2014 +0200;1411997707;-;-;Mon Sep 29 15:35:07 2014 +0200;1411997707
a6c2d4595ba4edf8f870f9410700ffcdcb375e61;a6c2d4595b;-;-;Sun Sep 28 15:26:30 2014 +0200;1411910790;-;-;Sun Sep 28 15:26:30 2014 +0200;1411910790
9f6c0cb166792dd2f956db0eff088277d6bc08a0;9f6c0cb166;-;-;Sun Sep 28 15:12:07 2014 +0200;1411909927;-;-;Sun Sep 28 15:12:07 2014 +0200;1411909927
390880448671077311aaa34f75182c4bf55b57c2;3908804486;-;-;Sat Sep 27 00:40:35 2014 +0200;1411771235;-;-;Sat Sep 27 00:40:35 2014 +0200;1411771235
3046fdd56a35c0397701a43606e78d8ad1cdd607;3046fdd56a;-;-;Sat Sep 27 00:16:01 2014 +0200;1411769761;-;-;Sat Sep 27 00:16:01 2014 +0200;1411769761
d65db65fad7d938b6a668de9382c0314af0fe5e8;d65db65fad;-;-;Fri Sep 26 23:56:43 2014 +0200;1411768603;-;-;Fri Sep 26 23:56:43 2014 +0200;1411768603
7f9baa3a09a25edacce0251bf7a370e4e6070081;7f9baa3a09;-;-;Fri Sep 26 22:38:41 2014 +0200;1411763921;-;-;Fri Sep 26 22:38:41 2014 +0200;1411763921
a6e1c53f233ff78d47fdd55e4f1f0a7d46d6f2d0;a6e1c53f23;-;-;Fri Sep 26 21:28:05 2014 +0200;1411759685;-;-;Fri Sep 26 21:42:08 2014 +0200;1411760528
3827e048d122fe553d69e9ab48be21a69b87ab12;3827e048d1;-;-;Fri Sep 26 12:32:04 2014 -0700;1411759924;-;-;Fri Sep 26 12:32:04 2014 -0700;1411759924
ceb79c9bee2b734cb6b3eb2e02494e69671cb20e;ceb79c9bee;-;-;Fri Sep 26 13:25:52 2014 -0400;1411752352;-;-;Fri Sep 26 13:25:52 2014 -0400;1411752352
6f1ab8d02d957c41ab25f892fb3f0bbe695a4c1b;6f1ab8d02d;-;-;Fri Sep 26 13:21:27 2014 -0400;1411752087;-;-;Fri Sep 26 13:21:27 2014 -0400;1411752087
6c57c3e4b56b37254b6a3cc101343eb366cd2158;6c57c3e4b5;-;-;Fri Sep 26 12:03:54 2014 -0400;1411747434;-;-;Fri Sep 26 12:09:59 2014 -0400;1411747799
5444c35777fefef273a9d4a7171985642d94725c;5444c35777;-;-;Fri Sep 26 17:20:33 2014 +0200;1411744833;-;-;Fri Sep 26 17:20:33 2014 +0200;1411744833
e8486e2afe6e49f5597313da8a4e4f37e2029bc2;e8486e2afe;-;-;Fri Sep 26 16:07:01 2014 +0200;1411740421;-;-;Fri Sep 26 16:07:01 2014 +0200;1411740421
f46c706e443860e9ada7768a16cfa01526c10645;f46c706e44;-;-;Fri Sep 26 14:46:09 2014 +0200;1411735569;-;-;Fri Sep 26 14:46:09 2014 +0200;1411735569
bf99d6a3b5458a41dbf2821ea5e480e1b9b9acee;bf99d6a3b5;-;-;Fri Sep 26 14:15:21 2014 +0200;1411733721;-;-;Fri Sep 26 14:15:21 2014 +0200;1411733721
92f7121478de86d195ec0c7e3b30e4e2fbe6b6f2;92f7121478;-;-;Fri Sep 26 14:01:35 2014 +0200;1411732895;-;-;Fri Sep 26 14:01:35 2014 +0200;1411732895
24d09a3b8d9750b55eb190258713d3e000e9c67f;24d09a3b8d;-;-;Fri Sep 26 12:56:25 2014 +0200;1411728985;-;-;Fri Sep 26 12:56:25 2014 +0200;1411728985
2a64834a447a84fc6a43ed731881fd2be68505d0;2a64834a44;-;-;Fri Sep 26 00:03:46 2014 -0400;1411704226;-;-;Fri Sep 26 00:03:46 2014 -0400;1411704226
371d93b3463c5157f3c4b2b809084ddb00ae2b9e;371d93b346;-;-;Thu Sep 25 23:22:12 2014 -0400;1411701732;-;-;Thu Sep 25 23:22:12 2014 -0400;1411701732
1feeceb6dedbb2b810effb7c359c8ac775cbdc62;1feeceb6de;-;-;Thu Sep 25 22:48:43 2014 -0400;1411699723;-;-;Thu Sep 25 22:48:43 2014 -0400;1411699723
9be0cf21e5d3537d2415fea5eaea152e7407d45b;9be0cf21e5;-;-;Thu Sep 25 18:00:55 2014 -0400;1411682455;-;-;Thu Sep 25 18:00:55 2014 -0400;1411682455
6cbe1433e2d21b9f96ef649a1b543adde215c5b8;6cbe1433e2;-;-;Thu Sep 25 16:32:01 2014 -0400;1411677121;-;-;Thu Sep 25 16:32:01 2014 -0400;1411677121
22c0085ba0393d9cf2a1661e742405bea9764299;22c0085ba0;-;-;Thu Sep 25 17:51:53 2014 +0200;1411660313;-;-;Thu Sep 25 17:51:53 2014 +0200;1411660313
1f3e195dac4961c90555f1631bbddf5c1c051765;1f3e195dac;-;-;Thu Sep 25 17:00:45 2014 +0200;1411657245;-;-;Thu Sep 25 17:00:45 2014 +0200;1411657245
cfc821d1799ca7c64b1bbc53811b712fdaa4776c;cfc821d179;-;-;Thu Sep 25 17:00:36 2014 +0200;1411657236;-;-;Thu Sep 25 17:00:36 2014 +0200;1411657236
070642c1489a4e72d0575f5b76185b05dfb8915b;070642c148;-;-;Thu Sep 25 01:31:33 2014 +0200;1411601493;-;-;Thu Sep 25 01:31:33 2014 +0200;1411601493
3836aa051f03bfc38f63a9d3c2d512b2bd90dd61;3836aa051f;-;-;Thu Sep 25 01:29:00 2014 +0200;1411601340;-;-;Thu Sep 25 01:29:00 2014 +0200;1411601340
e003d217261695270a5a5d486ed2e634c0969d93;e003d21726;-;-;Thu Sep 25 01:24:13 2014 +0200;1411601053;-;-;Thu Sep 25 01:24:13 2014 +0200;1411601053
e52f041a78a4da627b67e3087e88e48a6ef6487e;e52f041a78;-;-;Thu Sep 25 01:03:08 2014 +0200;1411599788;-;-;Thu Sep 25 01:03:08 2014 +0200;1411599788
5ecdd8ca31f3ebf919cc4f50973eef7b68bc19c5;5ecdd8ca31;-;-;Thu Sep 25 01:02:40 2014 +0200;1411599760;-;-;Thu Sep 25 01:02:40 2014 +0200;1411599760
b0e6091cadeaf29a95ab7d85eebd3c46671b6ac6;b0e6091cad;-;-;Wed Sep 24 15:04:57 2014 -0400;1411585497;-;-;Wed Sep 24 15:04:57 2014 -0400;1411585497
38777955d20f354be6a4c88ea8b702b1051dc147;38777955d2;-;-;Wed Sep 24 18:59:21 2014 +0200;1411577961;-;-;Wed Sep 24 19:12:33 2014 +0200;1411578753
587a81617c79e5647f9d41cad2f5d43b6a0068f3;587a81617c;-;-;Wed Sep 24 17:56:38 2014 +0200;1411574198;-;-;Wed Sep 24 17:56:38 2014 +0200;1411574198
0934751d7aa625fd098086ce3a5fb489f2edc7e0;0934751d7a;-;-;Wed Sep 24 17:56:24 2014 +0200;1411574184;-;-;Wed Sep 24 17:56:24 2014 +0200;1411574184
281b243b88cccb45e55c7d1a168dde59819d6ac4;281b243b88;-;-;Wed Sep 24 17:56:07 2014 +0200;1411574167;-;-;Wed Sep 24 17:56:07 2014 +0200;1411574167
5b1cbf030695f91929ab361ba96c5d12b95ddd3c;5b1cbf0306;-;-;Wed Sep 24 09:43:16 2014 -0400;1411566196;-;-;Wed Sep 24 10:07:15 2014 -0400;1411567635
07ffb6ffed10103064248d2521038e80d3f05cba;07ffb6ffed;-;-;Wed Sep 24 14:12:40 2014 +0200;1411560760;-;-;Wed Sep 24 14:12:40 2014 +0200;1411560760
75291b32bca7a4535defa056c5ca4d1da8bd7ade;75291b32bc;-;-;Wed Sep 24 13:10:31 2014 +0200;1411557031;-;-;Wed Sep 24 13:10:31 2014 +0200;1411557031
2a0fb1b6844296a5c75807e5c82f0492eebe094b;2a0fb1b684;-;-;Wed Sep 24 13:07:51 2014 +0200;1411556871;-;-;Wed Sep 24 13:07:51 2014 +0200;1411556871
b31c95df85d2cbedceb44624cf44cac2ac2e3397;b31c95df85;-;-;Wed Sep 24 13:04:47 2014 +0200;1411556687;-;-;Wed Sep 24 13:04:47 2014 +0200;1411556687
4c59d85f690a29c45c644f9c3f13010d5cba84ed;4c59d85f69;-;-;Mon Sep 22 15:01:29 2014 -0700;1411423289;-;-;Mon Sep 22 15:05:47 2014 -0700;1411423547
983b5338ed0284388d8ac528821a918cdb3b2634;983b5338ed;-;-;Mon Sep 22 18:36:49 2014 +0200;1411403809;-;-;Mon Sep 22 18:38:19 2014 +0200;1411403899
ea034aeb2e382c63ca65b2e2d8de1f51a434aa55;ea034aeb2e;-;-;Mon Sep 22 18:32:10 2014 +0200;1411403530;-;-;Mon Sep 22 18:38:19 2014 +0200;1411403899
09a6afb94c824bba2dd5636b436c2f8b72408a29;09a6afb94c;-;-;Mon Sep 22 18:30:17 2014 +0200;1411403417;-;-;Mon Sep 22 18:38:19 2014 +0200;1411403899
26326fb40b8d680688155a182fbcd999338478d1;26326fb40b;-;-;Mon Sep 22 17:57:22 2014 +0200;1411401442;-;-;Mon Sep 22 18:38:19 2014 +0200;1411403899
94e26fd72de2abaf5b14980d0000036807dad534;94e26fd72d;-;-;Fri Sep 19 00:11:44 2014 +0200;1411078304;-;-;Mon Sep 22 17:51:38 2014 +0200;1411401098
a80495b47d31e68eecb1ec14af254523111dc797;a80495b47d;-;-;Fri Sep 19 00:11:44 2014 +0200;1411078304;-;-;Mon Sep 22 17:47:16 2014 +0200;1411400836
1936dee991896786a859a276c9519c6f43f8c031;1936dee991;-;-;Fri Sep 19 00:11:44 2014 +0200;1411078304;-;-;Mon Sep 22 17:31:03 2014 +0200;1411399863
62340d6ccfe5212dd09c9c160c5a30146140e6e2;62340d6ccf;-;-;Fri Sep 19 00:11:44 2014 +0200;1411078304;-;-;Mon Sep 22 17:29:10 2014 +0200;1411399750
0026d8faf80ed100baec4f6fa9de4c8a8e5726a3;0026d8faf8;-;-;Mon Sep 22 15:06:18 2014 +0200;1411391178;-;-;Mon Sep 22 15:06:43 2014 +0200;1411391203
0083cc0a01df274c0d4fa092bbc88d58b5f6bf19;0083cc0a01;-;-;Mon Sep 22 15:05:07 2014 +0200;1411391107;-;-;Mon Sep 22 15:06:43 2014 +0200;1411391203
f9452ae9e955f0e0a1c6046dd30a6eb2ed6ed1d5;f9452ae9e9;-;-;Fri Sep 19 00:11:44 2014 +0200;1411078304;-;-;Mon Sep 22 14:59:14 2014 +0200;1411390754
9c8f7d9246f35c1a2cea543d4aa16e21b9e5efcd;9c8f7d9246;-;-;Fri Sep 19 00:11:44 2014 +0200;1411078304;-;-;Mon Sep 22 14:59:04 2014 +0200;1411390744
bf93f0c5e95e1835d6266190e02d87b1da5c8d21;bf93f0c5e9;-;-;Mon Sep 22 14:29:21 2014 +0200;1411388961;-;-;Mon Sep 22 14:30:21 2014 +0200;1411389021
b9348bb89c6116c6c57b68c34b2ff28b5b3d4ce3;b9348bb89c;-;-;Mon Sep 22 14:02:35 2014 +0200;1411387355;-;-;Mon Sep 22 14:02:35 2014 +0200;1411387355
2989fe4203563e7b2335dcf1e8b14befb69c9512;2989fe4203;-;-;Mon Sep 22 01:10:21 2014 +0200;1411341021;-;-;Mon Sep 22 01:10:21 2014 +0200;1411341021
f27c7df004b07296c3e740f17906ebe73061e7b8;f27c7df004;-;-;Sun Sep 21 21:23:44 2014 +0200;1411327424;-;-;Sun Sep 21 21:23:54 2014 +0200;1411327434
1947de3334827e90b84c6f7951a52f7747221083;1947de3334;-;-;Sun Sep 21 10:54:05 2014 -0700;1411322045;-;-;Sun Sep 21 10:56:24 2014 -0700;1411322184
4aa97f89457fe979aef1a26e6e2697118e9ef90c;4aa97f8945;-;-;Sun Sep 21 19:53:40 2014 +0200;1411322020;-;-;Sun Sep 21 19:53:54 2014 +0200;1411322034
2667956a30960e6683e794d8bcf9860319af3ad8;2667956a30;-;-;Sat Sep 20 09:01:16 2014 -0700;1411228876;-;-;Sat Sep 20 09:01:16 2014 -0700;1411228876
c41ea9617717bbada45a4431fe0b7079b538ffba;c41ea96177;-;-;Sat Sep 20 00:23:58 2014 -0700;1411197838;-;-;Sat Sep 20 00:23:58 2014 -0700;1411197838
752574de1d529eb9eff413b0bffc2c51b5180012;752574de1d;-;-;Sat Sep 20 00:17:10 2014 -0700;1411197430;-;-;Sat Sep 20 00:17:10 2014 -0700;1411197430
607d9454df1d3e9491ef879d1250eb0a3beb820e;607d9454df;-;-;Fri Sep 19 00:11:44 2014 +0200;1411078304;-;-;Sat Sep 20 01:23:24 2014 +0200;1411169004
1884d18183429cb0510bc23a3695533f4fa2e37a;1884d18183;-;-;Fri Sep 19 00:11:44 2014 +0200;1411078304;-;-;Sat Sep 20 01:04:05 2014 +0200;1411167845
16325c2eaaa6bc6c87a7e4b720dc281aca52ce8b;16325c2eaa;-;-;Sat Sep 20 00:29:16 2014 +0200;1411165756;-;-;Sat Sep 20 00:29:16 2014 +0200;1411165756
65cc57dabbbba7a1c9c558ce3bfb9beb9d63f736;65cc57dabb;-;-;Fri Sep 19 00:11:44 2014 +0200;1411078304;-;-;Sat Sep 20 00:26:37 2014 +0200;1411165597
7f8d6115980c9325ff4b5227843f1972b4d15e44;7f8d611598;-;-;Fri Sep 19 00:11:44 2014 +0200;1411078304;-;-;Sat Sep 20 00:23:42 2014 +0200;1411165422
237b50a9c87c3cf754781ea1ac5ec0c8027fe314;237b50a9c8;-;-;Fri Sep 19 16:47:39 2014 -0400;1411159659;-;-;Fri Sep 19 16:47:39 2014 -0400;1411159659
a9b2a12491aa2259851b93824b7e560b3dbd1902;a9b2a12491;-;-;Fri Sep 19 14:57:56 2014 -0400;1411153076;-;-;Fri Sep 19 14:57:56 2014 -0400;1411153076
a99ef6d9b2ca77f60e2838ff20a7957254a80fc4;a99ef6d9b2;-;-;Thu Sep 18 16:30:52 2014 -0400;1411072252;-;-;Fri Sep 19 13:46:40 2014 -0400;1411148800
a2b983a4e400123563b3923c2cbcfd23b568d44d;a2b983a4e4;-;-;Fri Sep 19 00:07:30 2014 -0700;1411110450;-;-;Fri Sep 19 00:10:30 2014 -0700;1411110630
e71fbb9f46cd3bd49b68ef30a156bc0715bd979e;e71fbb9f46;-;-;Thu Sep 18 23:17:13 2014 -0700;1411107433;-;-;Thu Sep 18 23:17:13 2014 -0700;1411107433
2077388f383c9c57fcf9473b3def51dacea3cdf3;2077388f38;-;-;Thu Sep 18 23:09:45 2014 -0700;1411106985;-;-;Thu Sep 18 23:09:45 2014 -0700;1411106985
f259ca1b1f67397db8ed64f57e0b1d3fbd2af4a6;f259ca1b1f;-;-;Fri Sep 19 00:20:00 2014 +0200;1411078800;-;-;Fri Sep 19 00:53:07 2014 +0200;1411080787
354c3e03e96f768400e963df1d09efc3e69105fb;354c3e03e9;-;-;Fri Sep 19 00:11:44 2014 +0200;1411078304;-;-;Fri Sep 19 00:52:44 2014 +0200;1411080764
cc29db4c500931563b880a859f65f8d77393d9aa;cc29db4c50;-;-;Thu Sep 18 23:48:58 2014 +0200;1411076938;-;-;Thu Sep 18 23:48:58 2014 +0200;1411076938
90b93ffe3f74b651c2bf3a8bbd1426674eb8544e;90b93ffe3f;-;-;Thu Sep 18 23:48:35 2014 +0200;1411076915;-;-;Thu Sep 18 23:48:35 2014 +0200;1411076915
f4219ca06bbd1c324567ab9e74d0d18693359810;f4219ca06b;-;-;Thu Sep 18 23:45:42 2014 +0200;1411076742;-;-;Thu Sep 18 23:45:42 2014 +0200;1411076742
dc57cb2c9fa366ba5e6ac3f9723dc83af173c3f4;dc57cb2c9f;-;-;Thu Sep 18 15:21:11 2014 -0400;1411068071;-;-;Thu Sep 18 15:21:11 2014 -0400;1411068071
4af98515853ad7e20eb90cacfaef8aecb1a81862;4af9851585;-;-;Thu Sep 18 15:06:08 2014 -0400;1411067168;-;-;Thu Sep 18 15:06:08 2014 -0400;1411067168
b1e9577680114082cd8a7cc27153899522ff9236;b1e9577680;-;-;Mon Sep 15 15:38:44 2014 -0400;1410809924;-;-;Thu Sep 18 14:52:41 2014 -0400;1411066361
70b5f319a956d2d6a89ac316c51e566a93856468;70b5f319a9;-;-;Wed Sep 17 21:39:38 2014 -0700;1411015178;-;-;Wed Sep 17 21:39:38 2014 -0700;1411015178
a833889c2ae657a3575e8afc6e22d770d69ffbb7;a833889c2a;-;-;Wed Sep 17 21:55:46 2014 +0200;1410983746;-;-;Wed Sep 17 21:55:46 2014 +0200;1410983746
58b22ceddc0758d98af272b07888485373f5afa7;58b22ceddc;-;-;Wed Sep 17 21:55:35 2014 +0200;1410983735;-;-;Wed Sep 17 21:55:35 2014 +0200;1410983735
d3ea2420852dc06d9ff9c21711749126163d8b57;d3ea242085;-;-;Wed Sep 17 15:01:39 2014 +0200;1410958899;-;-;Wed Sep 17 15:01:39 2014 +0200;1410958899
40cd277b7e26e135de71b80bec757b2022641815;40cd277b7e;-;-;Wed Sep 17 15:00:22 2014 +0200;1410958822;-;-;Wed Sep 17 15:00:22 2014 +0200;1410958822
0cf472b111c268e9771e899f65232640a3e335bc;0cf472b111;-;-;Wed Sep 17 13:26:37 2014 +0200;1410953197;-;-;Wed Sep 17 13:26:37 2014 +0200;1410953197
80cec011b7b7a486888ee41c9e839885f1b2c519;80cec011b7;-;-;Wed Sep 17 13:02:11 2014 +0200;1410951731;-;-;Wed Sep 17 13:02:11 2014 +0200;1410951731
15320db41424f3ebbc920bfad217d04c4370d6f1;15320db414;-;-;Wed Sep 17 02:35:41 2014 +0200;1410914141;-;-;Wed Sep 17 02:35:41 2014 +0200;1410914141
d1c720c07bcd60ff1bf06d6abeb451cdfc4b4372;d1c720c07b;-;-;Wed Sep 17 00:03:30 2014 +0200;1410905010;-;-;Wed Sep 17 00:03:30 2014 +0200;1410905010
03e51d6de9336aeb260725933219cc91e8a6d6b1;03e51d6de9;-;-;Tue Sep 16 23:57:24 2014 +0200;1410904644;-;-;Tue Sep 16 23:57:24 2014 +0200;1410904644
c778868d66e6af14bc13e408f1cb218f4399c0d2;c778868d66;-;-;Tue Sep 16 23:43:25 2014 +0200;1410903805;-;-;Tue Sep 16 23:43:25 2014 +0200;1410903805
5cd59d044e9f17771e28363e298866b360a5fbd7;5cd59d044e;-;-;Tue Sep 16 23:40:10 2014 +0200;1410903610;-;-;Tue Sep 16 23:40:10 2014 +0200;1410903610
824c90d2bf698ac2f8bee0e3f2792c5162000490;824c90d2bf;-;-;Tue Sep 16 17:08:30 2014 +0200;1410880110;-;-;Tue Sep 16 17:08:30 2014 +0200;1410880110
f394c8aa2a87bed84ca5e0202c95b13a99c3fffb;f394c8aa2a;-;-;Tue Sep 16 15:03:21 2014 +0200;1410872601;-;-;Tue Sep 16 15:03:21 2014 +0200;1410872601
26a93b6a3391c1f37973dcb527e37815cdf3e8f1;26a93b6a33;-;-;Tue Sep 16 15:02:21 2014 +0200;1410872541;-;-;Tue Sep 16 15:02:21 2014 +0200;1410872541
7387475debc8864c2ba2cf4b96b6a633e6dce31c;7387475deb;-;-;Fri Sep 12 23:49:14 2014 +0200;1410558554;-;-;Fri Sep 12 23:49:14 2014 +0200;1410558554
c52484ed682d57c6d49f7fa62ba2b41715d2e826;c52484ed68;-;-;Fri Sep 12 19:47:52 2014 +0200;1410544072;-;-;Fri Sep 12 19:47:52 2014 +0200;1410544072
9b2da37f7928b356b881df5b02777008a5d0caba;9b2da37f79;-;-;Fri Sep 12 17:23:51 2014 +0200;1410535431;-;-;Fri Sep 12 17:23:51 2014 +0200;1410535431
553930a9f027299b3e51824175b80da0f4a32c3f;553930a9f0;-;-;Fri Sep 12 16:51:49 2014 +0200;1410533509;-;-;Fri Sep 12 16:51:49 2014 +0200;1410533509
70412a9d0a3fe69f0f8f05f6f668782868c72e3f;70412a9d0a;-;-;Fri Sep 12 16:44:56 2014 +0200;1410533096;-;-;Fri Sep 12 16:44:56 2014 +0200;1410533096
8922da3af60ba17084383eace6b80bc9ac7eccd0;8922da3af6;-;-;Fri Sep 12 16:27:48 2014 +0200;1410532068;-;-;Fri Sep 12 16:27:48 2014 +0200;1410532068
1e7bfd91a7101ecbd5337f096cfc5939b451dba9;1e7bfd91a7;-;-;Wed Sep 10 01:28:54 2014 +0200;1410305334;-;-;Wed Sep 10 01:28:54 2014 +0200;1410305334
5790fc904af9df90774d6c7b848b82af8b75103a;5790fc904a;-;-;Wed Sep 10 01:27:46 2014 +0200;1410305266;-;-;Wed Sep 10 01:27:46 2014 +0200;1410305266
559e81bec7c47401067702b48813bc35ad392332;559e81bec7;-;-;Tue Sep 9 16:08:27 2014 -0500;1410296907;-;-;Tue Sep 9 16:08:27 2014 -0500;1410296907
c8bbd0bae47c07c375de7df42e5019a10a3bffcc;c8bbd0bae4;-;-;Sun Sep 7 22:51:21 2014 +0200;1410123081;-;-;Sun Sep 7 22:51:21 2014 +0200;1410123081
dedb04bd5c611d098053d94233b848db5e9f40b2;dedb04bd5c;-;-;Sun Sep 7 22:43:09 2014 +0200;1410122589;-;-;Sun Sep 7 22:43:09 2014 +0200;1410122589
6aef1a1d1736d8c3b936cda0409982a6f306f973;6aef1a1d17;-;-;Fri Sep 5 22:46:13 2014 +0200;1409949973;-;-;Fri Sep 5 22:46:13 2014 +0200;1409949973
1c2857d15e4308b6e15db85bca97207ca8616eeb;1c2857d15e;-;-;Fri Sep 5 17:13:27 2014 +0200;1409930007;-;-;Fri Sep 5 17:13:27 2014 +0200;1409930007
7953c5fd88575c72074f4a27016077ca73c6cfbd;7953c5fd88;-;-;Fri Sep 5 00:37:13 2014 +0200;1409870233;-;-;Fri Sep 5 00:37:13 2014 +0200;1409870233
86c3c7eb96db7947cba1e3f332b62e75a6bb7885;86c3c7eb96;-;-;Thu Sep 4 04:43:13 2014 -0700;1409830993;-;-;Thu Sep 4 04:43:13 2014 -0700;1409830993
a29e41b9fa93162b7731ed2d45a2ac368384decd;a29e41b9fa;-;-;Thu Sep 4 11:46:43 2014 +0200;1409824003;-;-;Thu Sep 4 11:57:54 2014 +0200;1409824674
a5a56d50521ca13851d23956c62862a8d1982247;a5a56d5052;-;-;Thu Sep 4 11:20:11 2014 +0200;1409822411;-;-;Thu Sep 4 11:20:11 2014 +0200;1409822411
81ba3b33f67316e1a887676d6602a167548ba23d;81ba3b33f6;-;-;Thu Sep 4 11:19:59 2014 +0200;1409822399;-;-;Thu Sep 4 11:19:59 2014 +0200;1409822399
7b93cefe643e8356ff45222fe7867ef83cb621db;7b93cefe64;-;-;Thu Sep 4 10:05:33 2014 +0200;1409817933;-;-;Thu Sep 4 10:05:33 2014 +0200;1409817933
c9c3857eae452de9b96ff06f56f765ec34570b63;c9c3857eae;-;-;Thu Sep 4 01:13:53 2014 -0400;1409807633;-;-;Thu Sep 4 01:13:53 2014 -0400;1409807633
49b872e387cf698de653dffa1b268c0950c0c23f;49b872e387;-;-;Thu Sep 4 00:23:10 2014 -0400;1409804590;-;-;Thu Sep 4 00:23:10 2014 -0400;1409804590
d85c1fbdd5edb6b2ba906f8a20009317ff7faa98;d85c1fbdd5;-;-;Thu Sep 4 00:11:28 2014 -0400;1409803888;-;-;Thu Sep 4 00:16:48 2014 -0400;1409804208
3e390d1f7f55d721f51c583502233e2c58d8dc6f;3e390d1f7f;-;-;Thu Sep 4 00:02:46 2014 -0400;1409803366;-;-;Thu Sep 4 00:16:48 2014 -0400;1409804208
d75f128752a47c654d88433771b4bf9f274c9c64;d75f128752;-;-;Thu Sep 4 03:03:12 2014 +0200;1409792592;-;-;Thu Sep 4 03:03:12 2014 +0200;1409792592
86b7118da8732f7602b4d94762c27f09f633e44c;86b7118da8;-;-;Thu Sep 4 02:00:28 2014 +0200;1409788828;-;-;Thu Sep 4 02:30:25 2014 +0200;1409790625
20c2ba35dc4fd336a24adde35de70e5b649d8010;20c2ba35dc;-;-;Thu Sep 4 00:55:38 2014 +0200;1409784938;-;-;Thu Sep 4 00:55:38 2014 +0200;1409784938
c6d29f1a314c600c6b2d1cdfc3a21ba66523b037;c6d29f1a31;-;-;Thu Sep 4 00:41:13 2014 +0200;1409784073;-;-;Thu Sep 4 00:41:13 2014 +0200;1409784073
82f8b4330c99e104819fc37d1901a2c806630f79;82f8b4330c;-;-;Thu Sep 4 00:36:17 2014 +0200;1409783777;-;-;Thu Sep 4 00:36:17 2014 +0200;1409783777
f4f7f40f18739bfbda2052015e1ec3cc24494635;f4f7f40f18;-;-;Thu Sep 4 00:33:36 2014 +0200;1409783616;-;-;Thu Sep 4 00:33:36 2014 +0200;1409783616
50846e32887d199bb5f23a6c2be02dd7a2ccbe97;50846e3288;-;-;Wed Sep 3 13:08:59 2014 -0400;1409764139;-;-;Wed Sep 3 13:09:24 2014 -0400;1409764164
801658d362cdb7546ad6898e49a1666cf7872a2a;801658d362;-;-;Wed Sep 3 12:51:26 2014 -0400;1409763086;-;-;Wed Sep 3 12:51:26 2014 -0400;1409763086
2f93759d1b1e7b83bb96e378a82e108a366911ce;2f93759d1b;-;-;Wed Sep 3 13:00:20 2014 +0200;1409742020;-;-;Wed Sep 3 13:00:20 2014 +0200;1409742020
6563405be5308954394b67608f09af35e7d35b59;6563405be5;-;-;Wed Sep 3 12:59:51 2014 +0200;1409741991;-;-;Wed Sep 3 12:59:51 2014 +0200;1409741991
125ae99035653496efbf6d03270bbbdde5828d3a;125ae99035;-;-;Mon Sep 1 22:54:33 2014 +0200;1409604873;-;-;Wed Sep 3 12:06:12 2014 +0200;1409738772
06f1f495c26bf2e6100c29fdf0c3cd6d19fa8240;06f1f495c2;-;-;Wed Sep 3 11:14:38 2014 +0200;1409735678;-;-;Wed Sep 3 11:25:22 2014 +0200;1409736322
7885a5975ec72dbcf2d96ac0df5d373f681fcfe1;7885a5975e;-;-;Wed Sep 3 00:30:25 2014 -0400;1409718625;-;-;Wed Sep 3 00:30:25 2014 -0400;1409718625
51a550b27b643424c06af26fa66d6b4c40607499;51a550b27b;-;-;Wed Sep 3 00:02:10 2014 -0400;1409716930;-;-;Wed Sep 3 00:04:50 2014 -0400;1409717090
3a8f30613da0138b0491306a2cc6f19a86e60ab0;3a8f30613d;-;-;Tue Sep 2 23:45:54 2014 -0400;1409715954;-;-;Wed Sep 3 00:04:49 2014 -0400;1409717089
abc343f4076d45172587197480c41f79c23f3aac;abc343f407;-;-;Tue Sep 2 20:33:46 2014 -0700;1409715226;-;-;Tue Sep 2 20:47:30 2014 -0700;1409716050
8bf141eca9f197630f3e41e26ee4826d574fee2d;8bf141eca9;-;-;Tue Sep 2 17:30:45 2014 -0700;1409704245;-;-;Tue Sep 2 17:30:54 2014 -0700;1409704254
f617d28eef588dd6b3d390f97a692a3c8236ff33;f617d28eef;-;-;Wed Sep 3 00:31:19 2014 +0200;1409697079;-;-;Wed Sep 3 00:31:19 2014 +0200;1409697079
4432c41dbdc21b1fd422aa5c405a0f47713e6797;4432c41dbd;-;-;Wed Sep 3 00:28:05 2014 +0200;1409696885;-;-;Wed Sep 3 00:28:05 2014 +0200;1409696885
1f6c40fd8687c8bfb26497fbdffe45e41b747d71;1f6c40fd86;-;-;Tue Sep 2 22:15:12 2014 +0200;1409688912;-;-;Tue Sep 2 22:38:20 2014 +0200;1409690300
98eb0f75bc4a89cff03cabcfabff39477df0c040;98eb0f75bc;-;-;Tue Sep 2 22:15:53 2014 +0200;1409688953;-;-;Tue Sep 2 22:15:53 2014 +0200;1409688953
cfd01ab1000f99f59ac24537fb0022383b0c2e2e;cfd01ab100;-;-;Tue Sep 2 22:15:33 2014 +0200;1409688933;-;-;Tue Sep 2 22:15:33 2014 +0200;1409688933
8c9274e01743a87d7fb8519f7772c1b1677ecbe0;8c9274e017;-;-;Tue Sep 2 22:13:35 2014 +0200;1409688815;-;-;Tue Sep 2 22:13:35 2014 +0200;1409688815
b64f680f199108fc83ca7a80afefe0c95f7ba803;b64f680f19;-;-;Tue Sep 2 22:10:09 2014 +0200;1409688609;-;-;Tue Sep 2 22:10:09 2014 +0200;1409688609
53fbf1a509789697b91192abf6421f685a08b8b9;53fbf1a509;-;-;Tue Sep 2 22:07:51 2014 +0200;1409688471;-;-;Tue Sep 2 22:07:51 2014 +0200;1409688471
96563c7eea7f33e5a1fc37b6491ca333b2cca2c9;96563c7eea;-;-;Tue Sep 2 15:41:17 2014 -0400;1409686877;-;-;Tue Sep 2 15:41:17 2014 -0400;1409686877
041479a0d5c9b0fdaf823a79d2114d437321a5da;041479a0d5;-;-;Tue Sep 2 15:12:42 2014 +0200;1409663562;-;-;Tue Sep 2 15:47:24 2014 +0200;1409665644
549016803762d812f34247b1f396ab359ed54bc2;5490168037;-;-;Tue Sep 2 14:34:07 2014 +0200;1409661247;-;-;Tue Sep 2 14:34:07 2014 +0200;1409661247
2ef20f63bc97cb4612befdc9d63cab1554694992;2ef20f63bc;-;-;Tue Sep 2 10:44:08 2014 +0200;1409647448;-;-;Tue Sep 2 10:44:08 2014 +0200;1409647448
da8771d5a9b9e73e94ce2bddb94a8617c67a8f12;da8771d5a9;-;-;Mon Sep 1 18:31:07 2014 +0200;1409589067;-;-;Mon Sep 1 18:31:07 2014 +0200;1409589067
fafb2fce2f53ff2d0d657494d79a1384c1cd033b;fafb2fce2f;-;-;Mon Sep 1 18:26:59 2014 +0200;1409588819;-;-;Mon Sep 1 18:26:59 2014 +0200;1409588819
5452144dabbdb7ec1ed2009768aa36f7d3f1bdb1;5452144dab;-;-;Mon Sep 1 17:47:48 2014 +0200;1409586468;-;-;Mon Sep 1 17:47:48 2014 +0200;1409586468
8c4388dd6e7f44ff230644c4fb3bc204d0b6ff60;8c4388dd6e;-;-;Mon Sep 1 11:12:49 2014 +0200;1409562769;-;-;Mon Sep 1 16:27:47 2014 +0200;1409581667
b4a6cafc8a10057bb25e3e89a1190233c8b40f30;b4a6cafc8a;-;-;Mon Sep 1 14:58:06 2014 +0200;1409576286;-;-;Mon Sep 1 14:58:06 2014 +0200;1409576286
5f0ae2ffba5a4ba888c4f72b5ac832d8c56fc3d6;5f0ae2ffba;-;-;Mon Sep 1 14:55:17 2014 +0200;1409576117;-;-;Mon Sep 1 14:55:17 2014 +0200;1409576117
ede97d99ea098d2865d564775f7902a64be3a675;ede97d99ea;-;-;Mon Sep 1 03:16:51 2014 +0200;1409534211;-;-;Mon Sep 1 03:16:51 2014 +0200;1409534211
4c2aa6adc60207e8a8fe83c0af31fcd17c8593b7;4c2aa6adc6;-;-;Mon Sep 1 02:35:29 2014 +0200;1409531729;-;-;Mon Sep 1 02:35:29 2014 +0200;1409531729
7cd615c4f9da6ec0e4df17629a358bd5f2001b3d;7cd615c4f9;-;-;Mon Sep 1 01:33:58 2014 +0200;1409528038;-;-;Mon Sep 1 01:33:58 2014 +0200;1409528038
10c582795682905f1e792c8a2388f63f7426b4dc;10c5827956;-;-;Sun Aug 31 23:23:16 2014 +0200;1409520196;-;-;Sun Aug 31 23:23:16 2014 +0200;1409520196
cdc522242f9746b8c06b6bafda9e03ef5143e224;cdc522242f;-;-;Sun Aug 31 22:53:43 2014 +0200;1409518423;-;-;Sun Aug 31 22:53:43 2014 +0200;1409518423
9926badb33294c1d1eb931a08a96b92908ddd15e;9926badb33;-;-;Sun Aug 31 21:03:54 2014 +0200;1409511834;-;-;Sun Aug 31 21:05:42 2014 +0200;1409511942
703cc0d6ae098b4ee462ec2cb33095e0ec70c66d;703cc0d6ae;-;-;Sun Aug 31 21:03:38 2014 +0200;1409511818;-;-;Sun Aug 31 21:03:38 2014 +0200;1409511818
d4f5901f1fed6768acc051d796d4da5a5e94b892;d4f5901f1f;-;-;Sun Aug 31 19:02:21 2014 +0200;1409504541;-;-;Sun Aug 31 19:02:21 2014 +0200;1409504541
3220d467764dc61f14e0ddb122b5dd46517ebe2c;3220d46776;-;-;Sun Aug 31 17:16:52 2014 +0200;1409498212;-;-;Sun Aug 31 17:17:04 2014 +0200;1409498224
f9855b790104078bbdb5a8bda0da6b5d269ac5c5;f9855b7901;-;-;Sun Aug 31 17:15:24 2014 +0200;1409498124;-;-;Sun Aug 31 17:17:04 2014 +0200;1409498224
36542549fa5712b235eb4e7d60e3de537e84416b;36542549fa;-;-;Fri Aug 29 11:53:26 2014 +0200;1409306006;-;-;Fri Aug 29 21:47:03 2014 -0400;1409363223
5857cef026cc48100e59ad4bbaa961ec4e80c905;5857cef026;-;-;Sat Aug 30 02:03:47 2014 +0200;1409357027;-;-;Sat Aug 30 02:03:47 2014 +0200;1409357027
ac164088d6e07c2c65dff5900c3109b64a5810ab;ac164088d6;-;-;Sat Aug 30 01:40:19 2014 +0200;1409355619;-;-;Sat Aug 30 01:40:19 2014 +0200;1409355619
76c46fdbe38c869b1cbd934961c2057bc672f5b5;76c46fdbe3;-;-;Fri Aug 29 18:51:40 2014 +0200;1409331100;-;-;Fri Aug 29 18:55:39 2014 +0200;1409331339
4df05d1f98ade553c085ebd811f806c77f090a7d;4df05d1f98;-;-;Fri Aug 29 11:29:49 2014 -0400;1409326189;-;-;Fri Aug 29 11:29:49 2014 -0400;1409326189
d9f4016c35e0a12fe6ee1b9aec0b9fe7d7de2242;d9f4016c35;-;-;Fri Aug 29 15:36:51 2014 +0200;1409319411;-;-;Fri Aug 29 16:02:49 2014 +0200;1409320969
8008e466aa675ea3dcffbea2b0e59e609319c818;8008e466aa;-;-;Fri Aug 29 16:00:01 2014 +0200;1409320801;-;-;Fri Aug 29 16:00:01 2014 +0200;1409320801
1bce6ac60cf133adaa4f997c7fba066bf84b4c9a;1bce6ac60c;-;-;Fri Aug 29 15:27:26 2014 +0200;1409318846;-;-;Fri Aug 29 15:28:19 2014 +0200;1409318899
27be396b06d8b0e523c16627abd14a8266394a01;27be396b06;-;-;Fri Aug 29 15:23:29 2014 +0200;1409318609;-;-;Fri Aug 29 15:28:19 2014 +0200;1409318899
a0b231d36d7baf295a91e052cd2eb02a37a16a80;a0b231d36d;-;-;Fri Aug 29 09:21:15 2014 -0400;1409318475;-;-;Fri Aug 29 09:21:15 2014 -0400;1409318475
8fbd310b07698d18517cbe3481a4fca7f09ccc9a;8fbd310b07;-;-;Thu Aug 28 16:20:28 2014 +0200;1409235628;-;-;Fri Aug 29 08:59:11 2014 -0400;1409317151
0b02551e2f8f8ae7107b2303c10432542a201fbe;0b02551e2f;-;-;Thu Aug 28 22:32:38 2014 -0400;1409279558;-;-;Thu Aug 28 22:32:38 2014 -0400;1409279558
ae48b5f7f22ca967ced6f206b30af38b492bf68b;ae48b5f7f2;-;-;Thu Aug 28 14:25:08 2014 -0400;1409250308;-;-;Thu Aug 28 14:25:08 2014 -0400;1409250308
0b0ddc6ed16072b6ba848c8354f5d17f0b3460a0;0b0ddc6ed1;-;-;Thu Aug 28 15:05:36 2014 +0200;1409231136;-;-;Thu Aug 28 15:05:36 2014 +0200;1409231136
fbfb7a3c482443c39a74058446e5d1a9a2c73807;fbfb7a3c48;-;-;Wed Aug 27 13:30:43 2014 -0400;1409160643;-;-;Wed Aug 27 13:30:43 2014 -0400;1409160643
d47c5433cb2480df285b7a0901372615852d526e;d47c5433cb;-;-;Wed Aug 27 16:36:01 2014 +0200;1409150161;-;-;Wed Aug 27 16:36:01 2014 +0200;1409150161
eee8184b29bd7c0989fe673e0bb3aee5f10b9423;eee8184b29;-;-;Wed Aug 27 15:31:28 2014 +0200;1409146288;-;-;Wed Aug 27 15:31:28 2014 +0200;1409146288
7ea69fb96c2edb81688602adebcbfc417a9bb930;7ea69fb96c;-;-;Tue Aug 26 11:50:46 2014 +0200;1409046646;-;-;Wed Aug 27 10:35:22 2014 +0200;1409128522
d5c6bcb901f74b53b3098f28ce2f594feccef5fa;d5c6bcb901;-;-;Wed Aug 27 00:23:01 2014 +0200;1409091781;-;-;Wed Aug 27 00:23:01 2014 +0200;1409091781
2f2fe9bd05fa1b91ac44e9b80d22fcbfd1c9270a;2f2fe9bd05;-;-;Tue Aug 26 23:54:02 2014 +0200;1409090042;-;-;Tue Aug 26 23:54:02 2014 +0200;1409090042
07629a3c7cc9ad677d31d383015410ad3395addc;07629a3c7c;-;-;Tue Aug 26 16:38:57 2014 +0200;1409063937;-;-;Tue Aug 26 16:38:57 2014 +0200;1409063937
8f715a8547e7233a67fab15f56efe117911542b4;8f715a8547;-;-;Mon Aug 25 16:12:03 2014 -0400;1408997523;-;-;Mon Aug 25 16:18:09 2014 -0400;1408997889
2a0765e76dc83ad09664819fb78fa37f87c2c870;2a0765e76d;-;-;Mon Aug 25 15:19:50 2014 -0400;1408994390;-;-;Mon Aug 25 15:19:50 2014 -0400;1408994390
15f496bc2a2b51916907eec34d7eabe72bd60b69;15f496bc2a;-;-;Mon Aug 25 15:26:26 2014 +0200;1408973186;-;-;Mon Aug 25 15:26:26 2014 +0200;1408973186
2963fd9e5a8f01eb365469b50d443d56fc7a8ad0;2963fd9e5a;-;-;Sun Aug 24 18:12:38 2014 +0200;1408896758;-;-;Sun Aug 24 18:12:38 2014 +0200;1408896758
820a1605781617db359368dde5b3f2f9862bd966;820a160578;-;-;Sat Aug 23 01:57:52 2014 +0200;1408751872;-;-;Sat Aug 23 01:57:52 2014 +0200;1408751872
078f23d6e65c7c377b7e20681214e2c7fcf5f2b4;078f23d6e6;-;-;Mon Aug 18 22:24:43 2014 +0200;1408393483;-;-;Sat Aug 23 01:07:01 2014 +0200;1408748821
b93dd95475f0897cad1bf851a8cd1e58aef06251;b93dd95475;-;-;Fri Aug 22 22:55:57 2014 +0200;1408740957;-;-;Fri Aug 22 22:55:57 2014 +0200;1408740957
28a966f544468d53ebff74015133e5cb91a6a06f;28a966f544;-;-;Fri Aug 22 22:55:48 2014 +0200;1408740948;-;-;Fri Aug 22 22:55:48 2014 +0200;1408740948
786fd927fa70a3c41bcb79a0d6adc38ff3a8cadc;786fd927fa;-;-;Fri Aug 22 16:46:36 2014 +0200;1408718796;-;-;Fri Aug 22 16:46:36 2014 +0200;1408718796
439ce4a1a5f89931194a34c9c2b8601df8b55d2c;439ce4a1a5;-;-;Fri Aug 22 14:00:28 2014 +0200;1408708828;-;-;Fri Aug 22 14:00:28 2014 +0200;1408708828
9dfbc5326b17ab48a0335efa4d82e15e6df0dfae;9dfbc5326b;-;-;Fri Aug 22 13:54:39 2014 +0200;1408708479;-;-;Fri Aug 22 13:54:39 2014 +0200;1408708479
dbe337f932cedb606d0dea5b33c4ff2df4f8e8db;dbe337f932;-;-;Fri Aug 22 13:36:45 2014 +0200;1408707405;-;-;Fri Aug 22 13:36:45 2014 +0200;1408707405
5ba3db6a7d28494c4fbf3a908f5591bca0d90457;5ba3db6a7d;-;-;Thu Aug 21 21:57:22 2014 -0700;1408683442;-;-;Thu Aug 21 21:57:22 2014 -0700;1408683442
84564a0c7b6c34cec4beede6ee75078a6073abb9;84564a0c7b;-;-;Thu Aug 21 21:21:15 2014 -0700;1408681275;-;-;Thu Aug 21 21:21:15 2014 -0700;1408681275
b73c5315272dac5de69647e217eb2847e874c0c0;b73c531527;-;-;Thu Aug 21 22:46:33 2014 +0200;1408653993;-;-;Thu Aug 21 22:46:33 2014 +0200;1408653993
7c6088861f9e59f4e29c7f9d47a2cf467c4e8cd6;7c6088861f;-;-;Thu Aug 21 22:43:08 2014 +0200;1408653788;-;-;Thu Aug 21 22:43:08 2014 +0200;1408653788
86c588088879b8597093726c4a3eb32cf88a7856;86c5880888;-;-;Thu Aug 21 18:41:23 2014 +0200;1408639283;-;-;Thu Aug 21 18:41:23 2014 +0200;1408639283
11805b6a5d9e2ae959e544c0a2daa87e127ebbc9;11805b6a5d;-;-;Thu Aug 21 18:40:35 2014 +0200;1408639235;-;-;Thu Aug 21 18:40:35 2014 +0200;1408639235
60e58a201256077508de58db8b594d610163eaea;60e58a2012;-;-;Thu Aug 21 14:29:14 2014 +0200;1408624154;-;-;Thu Aug 21 14:29:14 2014 +0200;1408624154
8eac87064dd0d0884b830be68e2a6921f10bfede;8eac87064d;-;-;Thu Aug 21 14:26:17 2014 +0200;1408623977;-;-;Thu Aug 21 14:26:17 2014 +0200;1408623977
a000dd782a74bb27484e2d76760e76e8398a32e8;a000dd782a;-;-;Thu Aug 21 14:24:28 2014 +0200;1408623868;-;-;Thu Aug 21 14:24:28 2014 +0200;1408623868
f5cf3cd56e1af03379705a69f0d4a474a5aecbff;f5cf3cd56e;-;-;Thu Aug 21 10:14:41 2014 +0200;1408608881;-;-;Thu Aug 21 10:14:41 2014 +0200;1408608881
79c75df0886016b9aa1e02388a1f11433ec4e6d0;79c75df088;-;-;Wed Aug 20 23:53:25 2014 +0200;1408571605;-;-;Wed Aug 20 23:53:25 2014 +0200;1408571605
b5216c51659ce71ea162e6214001bfd4b7b9003f;b5216c5165;-;-;Wed Aug 20 23:48:17 2014 +0200;1408571297;-;-;Wed Aug 20 23:48:17 2014 +0200;1408571297
5b1341f4b572277c33a8ebf7ade1bfdb5de03437;5b1341f4b5;-;-;Wed Aug 20 17:40:36 2014 +0200;1408549236;-;-;Wed Aug 20 17:40:36 2014 +0200;1408549236
b5763fe32628af72310585ef296e087e7908659e;b5763fe326;-;-;Wed Aug 20 16:36:12 2014 +0200;1408545372;-;-;Wed Aug 20 16:36:12 2014 +0200;1408545372
662d8aa9f177fa8bcf941ea9a41762e7cd536961;662d8aa9f1;-;-;Wed Aug 20 16:31:54 2014 +0200;1408545114;-;-;Wed Aug 20 16:31:54 2014 +0200;1408545114
e48c315ad13aa06ef6eeb6112df5fbb37de71ded;e48c315ad1;-;-;Wed Aug 20 12:02:16 2014 +0200;1408528936;-;-;Wed Aug 20 12:02:16 2014 +0200;1408528936
592e3441915ec8d59e2a4378bc9e62872fef343c;592e344191;-;-;Wed Aug 20 11:14:51 2014 +0200;1408526091;-;-;Wed Aug 20 11:14:51 2014 +0200;1408526091
9d3d6d59196ddd76cd536c29619403b76e2b10ba;9d3d6d5919;-;-;Wed Aug 20 10:48:35 2014 +0200;1408524515;-;-;Wed Aug 20 10:48:35 2014 +0200;1408524515
891335a604ac653645379d023c26ed4745de7246;891335a604;-;-;Tue Aug 19 23:29:12 2014 +0200;1408483752;-;-;Tue Aug 19 23:29:12 2014 +0200;1408483752
af6ef5f74c03b8b47cc153ffc6b8f945d50d86d4;af6ef5f74c;-;-;Tue Aug 19 23:28:42 2014 +0200;1408483722;-;-;Tue Aug 19 23:28:42 2014 +0200;1408483722
781a6d289e76b616602c3b14d6de2dd0f8a15af5;781a6d289e;-;-;Tue Aug 19 22:50:54 2014 +0200;1408481454;-;-;Tue Aug 19 22:50:54 2014 +0200;1408481454
1ca0460534d207a4f3d2861d34dbb8bacb76eb27;1ca0460534;-;-;Tue Aug 19 16:00:55 2014 -0400;1408478455;-;-;Tue Aug 19 16:00:55 2014 -0400;1408478455
bb8be509cdcd2d9512bcbab487dd5d85c6e888fe;bb8be509cd;-;-;Tue Aug 19 15:27:59 2014 -0400;1408476479;-;-;Tue Aug 19 15:27:59 2014 -0400;1408476479
0e490407076b28e429d339738a9260978711a464;0e49040707;-;-;Tue Aug 19 15:16:41 2014 -0400;1408475801;-;-;Tue Aug 19 15:16:41 2014 -0400;1408475801
5cd1e6aff4c39f28dd8c55064bc24c46e8eded1b;5cd1e6aff4;-;-;Tue Aug 19 20:54:22 2014 +0200;1408474462;-;-;Tue Aug 19 20:54:22 2014 +0200;1408474462
759f430ba56d55d702ed2f0f07d468402a1202df;759f430ba5;-;-;Tue Aug 19 20:52:54 2014 +0200;1408474374;-;-;Tue Aug 19 20:52:54 2014 +0200;1408474374
8c76381d959f4dd1c7e6dae077c59b8b12e4b4e8;8c76381d95;-;-;Tue Aug 19 20:34:45 2014 +0200;1408473285;-;-;Tue Aug 19 20:34:45 2014 +0200;1408473285
0c32d66cbdcab41fd36d80c4bdf2d22aff86d751;0c32d66cbd;-;-;Tue Aug 19 20:17:42 2014 +0200;1408472262;-;-;Tue Aug 19 20:17:42 2014 +0200;1408472262
110be33337387e5f79ccbc773c09c0d45a51f9a8;110be33337;-;-;Tue Aug 19 00:08:09 2014 +0200;1408399689;-;-;Tue Aug 19 00:08:09 2014 +0200;1408399689
51e4b07856c8b5efca40f86fd1c654be1f2645a1;51e4b07856;-;-;Mon Aug 18 21:50:24 2014 +0200;1408391424;-;-;Mon Aug 18 21:50:24 2014 +0200;1408391424
c65a82a32d4bfd4e35d04cc412e2f6975f211aa9;c65a82a32d;-;-;Mon Aug 18 21:25:38 2014 +0200;1408389938;-;-;Mon Aug 18 21:25:38 2014 +0200;1408389938
a2e6b56dd0d333067a7da3e9a1ce901bcdf5fdab;a2e6b56dd0;-;-;Mon Aug 18 21:23:29 2014 +0200;1408389809;-;-;Mon Aug 18 21:23:29 2014 +0200;1408389809
2ef3d66c89456646c6512b65f1e3000051152f28;2ef3d66c89;-;-;Mon Aug 18 19:27:08 2014 +0200;1408382828;-;-;Mon Aug 18 19:27:08 2014 +0200;1408382828
0d0d7139ee0976e5cacaa4b3d924cfa98e5a2896;0d0d7139ee;-;-;Mon Aug 18 19:25:40 2014 +0200;1408382740;-;-;Mon Aug 18 19:25:40 2014 +0200;1408382740
b910ff34e6d5f1cfd3ad4ee31d5a7674dc5a69ed;b910ff34e6;-;-;Mon Aug 18 11:51:20 2014 +0200;1408355480;-;-;Mon Aug 18 11:51:20 2014 +0200;1408355480
dd66ca0c930f9b94491bb9aeae9a541294bf3b9b;dd66ca0c93;-;-;Mon Aug 18 11:34:01 2014 +0200;1408354441;-;-;Mon Aug 18 11:34:01 2014 +0200;1408354441
2553fb8ba1cef72d594032149befd02a56300f8a;2553fb8ba1;-;-;Mon Aug 18 11:12:07 2014 +0200;1408353127;-;-;Mon Aug 18 11:12:07 2014 +0200;1408353127
bccb3bb70b1d43c201584ff9e0c1b8ff9a65a3a9;bccb3bb70b;-;-;Mon Aug 18 11:03:58 2014 +0200;1408352638;-;-;Mon Aug 18 11:03:58 2014 +0200;1408352638
8fc191c95e2d87e4b9a096edd73dea761d4cff3a;8fc191c95e;-;-;Mon Aug 18 10:51:07 2014 +0200;1408351867;-;-;Mon Aug 18 10:51:21 2014 +0200;1408351881
0dba70fe15ec4bf54f727f28162822eab1d9a463;0dba70fe15;-;-;Mon Aug 18 10:16:26 2014 +0200;1408349786;-;-;Mon Aug 18 10:16:26 2014 +0200;1408349786
1a880076880a794016e2eeadea4f7f67c38e68ce;1a88007688;-;-;Sat Aug 16 17:07:30 2014 +0200;1408201650;-;-;Sat Aug 16 17:07:30 2014 +0200;1408201650
e1d7f08d7b39ca26f5466e814ca22ff2c539bd94;e1d7f08d7b;-;-;Fri Aug 15 20:56:38 2014 +0200;1408128998;-;-;Fri Aug 15 20:56:38 2014 +0200;1408128998
85e52e59e364034f206b02bded52ebc4dd5c51b9;85e52e59e3;-;-;Fri Aug 15 20:51:07 2014 +0200;1408128667;-;-;Fri Aug 15 20:51:07 2014 +0200;1408128667
042cfeed5cb86bc568816d90e752ba01850e6885;042cfeed5c;-;-;Fri Aug 15 17:27:19 2014 +0200;1408116439;-;-;Fri Aug 15 17:27:19 2014 +0200;1408116439
9ea646e508a99fa8352cab75aa331ff58fc5dafc;9ea646e508;-;-;Fri Aug 15 14:39:22 2014 +0200;1408106362;-;-;Fri Aug 15 14:39:22 2014 +0200;1408106362
a91ab34866179471cd9bcafe4ad80c9a7bc6116e;a91ab34866;-;-;Fri Aug 15 13:38:13 2014 +0200;1408102693;-;-;Fri Aug 15 13:38:13 2014 +0200;1408102693
8b86519b9481cc15f5f1c57a9e6317e58e080255;8b86519b94;-;-;Fri Aug 15 02:50:03 2014 +0200;1408063803;-;-;Fri Aug 15 02:50:03 2014 +0200;1408063803
66250b1f8ec044b813e5ea8b96fbdf0af250f55c;66250b1f8e;-;-;Fri Aug 15 02:21:08 2014 +0200;1408062068;-;-;Fri Aug 15 02:21:42 2014 +0200;1408062102
b3add794d7f7d36f84afd54922fd07facc017bc1;b3add794d7;-;-;Fri Aug 15 00:55:40 2014 +0200;1408056940;-;-;Fri Aug 15 00:55:40 2014 +0200;1408056940
d2e269e697537053991f71bbe9219f4649f6cc95;d2e269e697;-;-;Fri Aug 15 00:55:14 2014 +0200;1408056914;-;-;Fri Aug 15 00:55:14 2014 +0200;1408056914
69587f3fa4ac92fb00f243d998240a18f13111ff;69587f3fa4;-;-;Thu Aug 14 23:49:29 2014 +0200;1408052969;-;-;Thu Aug 14 23:49:29 2014 +0200;1408052969
eb0ab8431bc967aff0f186a4b0bc4562e073fd01;eb0ab8431b;-;-;Thu Aug 14 23:49:05 2014 +0200;1408052945;-;-;Thu Aug 14 23:49:05 2014 +0200;1408052945
e753f2311066b27bade362c815765086bd78c2a5;e753f23110;-;-;Thu Aug 14 22:30:16 2014 +0200;1408048216;-;-;Thu Aug 14 22:30:16 2014 +0200;1408048216
e142fd11e08261de16f79e23081e02cab3d9f628;e142fd11e0;-;-;Thu Aug 14 07:34:06 2014 -0700;1408026846;-;-;Thu Aug 14 07:35:16 2014 -0700;1408026916
ebc726a9154a72d49e34f345ec3461bb59f87681;ebc726a915;-;-;Thu Aug 14 13:40:47 2014 +0200;1408016447;-;-;Thu Aug 14 13:40:47 2014 +0200;1408016447
181299cc6c13d5096e21dc01fea763ab745b958a;181299cc6c;-;-;Thu Aug 14 01:23:11 2014 +0200;1407972191;-;-;Thu Aug 14 01:23:11 2014 +0200;1407972191
f4c23d8715986c44b4a7bdc02a9143cd2881addd;f4c23d8715;-;-;Thu Aug 14 00:30:50 2014 +0200;1407969050;-;-;Thu Aug 14 00:30:50 2014 +0200;1407969050
2cbd5ba993b10b49be422759fbd51c72e557703f;2cbd5ba993;-;-;Thu Aug 14 00:29:09 2014 +0200;1407968949;-;-;Thu Aug 14 00:29:09 2014 +0200;1407968949
3e2138855aa7c39b4eb7ebe66da18a75b9367f5f;3e2138855a;-;-;Thu Aug 14 00:22:12 2014 +0200;1407968532;-;-;Thu Aug 14 00:22:12 2014 +0200;1407968532
f2ac02566cdcbaa69aa344cf39e043581952a839;f2ac02566c;-;-;Thu Aug 14 00:05:03 2014 +0200;1407967503;-;-;Thu Aug 14 00:05:03 2014 +0200;1407967503
6665634675da1230339e9e5749f0693fd09a68ff;6665634675;-;-;Wed Aug 6 18:19:20 2014 +0200;1407341960;-;-;Wed Aug 13 16:22:58 2014 +0200;1407939778
92bd240474fccfa7fd32e9a7707f628a846ac3cc;92bd240474;-;-;Wed Aug 13 15:04:58 2014 +0200;1407935098;-;-;Wed Aug 13 15:04:58 2014 +0200;1407935098
626a5fe4eb329dc86cd57c4454bcb9141bd2fba0;626a5fe4eb;-;-;Wed Aug 13 14:57:40 2014 +0200;1407934660;-;-;Wed Aug 13 14:57:40 2014 +0200;1407934660
887815f4fa15adf2ffea61c321783b54e100b924;887815f4fa;-;-;Tue Aug 12 13:17:47 2014 -0700;1407874667;-;-;Tue Aug 12 13:19:21 2014 -0700;1407874761
fd5dbddac4c41551446b3393780e078885cc484b;fd5dbddac4;-;-;Tue Aug 12 22:07:12 2014 +0200;1407874032;-;-;Tue Aug 12 22:07:12 2014 +0200;1407874032
8dbfa80b132d583fe7a26555f9a2842ced6a50cf;8dbfa80b13;-;-;Tue Aug 12 19:23:36 2014 +0200;1407864216;-;-;Tue Aug 12 19:23:36 2014 +0200;1407864216
71c6eb2bb594f29803b6ec4a50de875def98be86;71c6eb2bb5;-;-;Tue Aug 12 17:23:21 2014 +0200;1407857001;-;-;Tue Aug 12 17:23:21 2014 +0200;1407857001
f1f1c4c9803f1f7ebf9f78fd516e25cd13f256ff;f1f1c4c980;-;-;Tue Aug 12 16:32:20 2014 +0200;1407853940;-;-;Tue Aug 12 16:32:20 2014 +0200;1407853940
f56000b8252914da38f6e9d25f2998360bfed3db;f56000b825;-;-;Tue Aug 12 11:15:55 2014 +0200;1407834955;-;-;Tue Aug 12 11:15:55 2014 +0200;1407834955
29cb7808f23e115abb5b313e1df2155d3a59b5fd;29cb7808f2;-;-;Tue Aug 12 10:52:33 2014 +0200;1407833553;-;-;Tue Aug 12 10:52:33 2014 +0200;1407833553
01cbf9b9eeb7c381b0af53b7c1512526ea572d54;01cbf9b9ee;-;-;Mon Aug 11 18:21:47 2014 +0200;1407774107;-;-;Tue Aug 12 10:31:41 2014 +0200;1407832301
ac8326d2dfdead8cce88f6a42dd05ad427ea7f61;ac8326d2df;-;-;Mon Aug 11 11:17:46 2014 -0700;1407781066;-;-;Mon Aug 11 16:23:11 2014 -0700;1407799391
4db258b9e337ecfb60bb87411ea5a506d832f271;4db258b9e3;-;-;Mon Aug 11 22:32:03 2014 +0200;1407789123;-;-;Mon Aug 11 22:32:03 2014 +0200;1407789123
d100eef8296f0c354c7b9916ee746fa1a2637035;d100eef829;-;-;Mon Aug 4 17:05:07 2014 +0200;1407164707;-;-;Mon Aug 11 16:01:38 2014 +0200;1407765698
c0ea87010f223219dec9561ab1894fd7a05577ed;c0ea87010f;-;-;Mon Aug 11 15:43:27 2014 +0200;1407764607;-;-;Mon Aug 11 15:43:45 2014 +0200;1407764625
d6370965ebba6d78ce3a31cb57fa40a9f79ba1a2;d6370965eb;-;-;Mon Aug 11 15:20:09 2014 +0200;1407763209;-;-;Mon Aug 11 15:20:09 2014 +0200;1407763209
e2aba3d31799ef108dd99f34a212f8e663764102;e2aba3d317;-;-;Thu Apr 10 11:22:14 2014 +0200;1397121734;-;-;Mon Aug 11 09:38:00 2014 +0200;1407742680
7c57424b48b348afb1dc49767f6fafcd05c97b32;7c57424b48;-;-;Sun Aug 10 01:08:27 2014 +0200;1407625707;-;-;Sun Aug 10 01:08:27 2014 +0200;1407625707
a05b748d4224988bfaa8d47b13a54438d78b2102;a05b748d42;-;-;Sun Aug 10 00:54:42 2014 +0200;1407624882;-;-;Sun Aug 10 00:54:42 2014 +0200;1407624882
c06ac06bdd03729065937fb86954befcec14eb2e;c06ac06bdd;-;-;Sat Aug 9 22:06:50 2014 +0200;1407614810;-;-;Sat Aug 9 22:06:50 2014 +0200;1407614810
6b6ca4889b01d96c66b703cea2dbd5064a67d3ef;6b6ca4889b;-;-;Sat Aug 9 18:30:08 2014 +0200;1407601808;-;-;Sat Aug 9 18:30:08 2014 +0200;1407601808
5cbb1fc498be36bd804edd88af2f8d381d4d9222;5cbb1fc498;-;-;Sat Aug 9 18:28:30 2014 +0200;1407601710;-;-;Sat Aug 9 18:28:30 2014 +0200;1407601710
562916b69cc90d5799f8829f688e874befe191ac;562916b69c;-;-;Sat Aug 9 17:10:34 2014 +0200;1407597034;-;-;Sat Aug 9 17:10:34 2014 +0200;1407597034
cbda72232924b1fddd47f30ccf719ea925424b63;cbda722329;-;-;Sat Aug 9 17:09:42 2014 +0200;1407596982;-;-;Sat Aug 9 17:09:42 2014 +0200;1407596982
e08c56fcae5a927b5a32897ba78137ced14168ef;e08c56fcae;-;-;Sat Aug 9 00:30:10 2014 +0200;1407537010;-;-;Sat Aug 9 00:30:10 2014 +0200;1407537010
53192bb6f4519c30687f533e550cdf8895e6d202;53192bb6f4;-;-;Sat Aug 9 00:28:13 2014 +0200;1407536893;-;-;Sat Aug 9 00:28:13 2014 +0200;1407536893
5b35fc2d77fe403d3dd54127121f02a45c571775;5b35fc2d77;-;-;Fri Aug 8 18:09:16 2014 +0200;1407514156;-;-;Fri Aug 8 18:09:16 2014 +0200;1407514156
ad475ffadfc127c89cf9e2fde1574357c4bdc422;ad475ffadf;-;-;Fri Aug 8 17:17:09 2014 +0200;1407511029;-;-;Fri Aug 8 17:17:09 2014 +0200;1407511029
47006eeff14c458bb5b6d1b496110d57a41a2f6a;47006eeff1;-;-;Fri Aug 8 17:02:59 2014 +0200;1407510179;-;-;Fri Aug 8 17:02:59 2014 +0200;1407510179
c1d149591a71439181b15265cae0ff41173781a3;c1d149591a;-;-;Fri Aug 8 16:48:53 2014 +0200;1407509333;-;-;Fri Aug 8 16:59:42 2014 +0200;1407509982
f2e4ad2364941bdae8fd58e79d44a0faa31ad631;f2e4ad2364;-;-;Fri Aug 8 15:39:06 2014 +0200;1407505146;-;-;Fri Aug 8 15:39:06 2014 +0200;1407505146
ef51d4dbdbc9f0c9ad39cda9d9ea7440cad4f7c9;ef51d4dbdb;-;-;Fri Aug 8 15:15:29 2014 +0200;1407503729;-;-;Fri Aug 8 15:15:29 2014 +0200;1407503729
a635c3647086caf734c5f529e3112f1c03ce6d8e;a635c36470;-;-;Fri Aug 8 13:17:55 2014 +0200;1407496675;-;-;Fri Aug 8 13:17:55 2014 +0200;1407496675
4a1a622004180c84b4c982b0fb3d2783cfd59ee0;4a1a622004;-;-;Fri Aug 8 09:37:47 2014 +0200;1407483467;-;-;Fri Aug 8 09:37:47 2014 +0200;1407483467
3a419872c860e81f3232de0f8252b84730d5082c;3a419872c8;-;-;Thu Aug 7 22:49:29 2014 +0200;1407444569;-;-;Thu Aug 7 23:06:08 2014 +0200;1407445568
5862ddc869f76fb0a7050f85d55f66ed3efe3b95;5862ddc869;-;-;Thu Aug 7 22:28:35 2014 +0200;1407443315;-;-;Thu Aug 7 22:28:35 2014 +0200;1407443315
3227569a38a677aeebee6cb13d945c3fea6c10cb;3227569a38;-;-;Thu Aug 7 22:20:40 2014 +0200;1407442840;-;-;Thu Aug 7 22:20:40 2014 +0200;1407442840
0b2c0cfb4f8194c3dbb0b1fb1c0a6e08e18207a0;0b2c0cfb4f;-;-;Thu Aug 7 15:44:39 2014 +0200;1407419079;-;-;Thu Aug 7 15:44:39 2014 +0200;1407419079
e0103095301c580643d602ab6cd25d37b51d22ca;e010309530;-;-;Thu Aug 7 15:07:20 2014 +0200;1407416840;-;-;Thu Aug 7 15:09:04 2014 +0200;1407416944
3922f6fc533a98f9c734d465382e91581c1dc7a2;3922f6fc53;-;-;Tue Aug 5 16:39:18 2014 +0200;1407249558;-;-;Thu Aug 7 14:50:45 2014 +0200;1407415845
095bd99951181bf7aeafcb115f59649b47834453;095bd99951;-;-;Wed Aug 6 11:12:32 2014 -0700;1407348752;-;-;Wed Aug 6 11:15:11 2014 -0700;1407348911
c29937196f1847d4fee6e54a80634fe343416b0f;c29937196f;-;-;Wed Aug 6 10:45:12 2014 +0200;1407314712;-;-;Wed Aug 6 10:45:12 2014 +0200;1407314712
ebc5fea77b45efb3bbf9baa4802ec3f6f0211941;ebc5fea77b;-;-;Mon Aug 4 17:39:22 2014 +0200;1407166762;-;-;Tue Aug 5 11:11:09 2014 +0200;1407229869
d6b1cdc55fd8fc7b434add564b40b43fbc93fbd2;d6b1cdc55f;-;-;Mon Aug 4 17:26:01 2014 +0200;1407165961;-;-;Mon Aug 4 17:26:01 2014 +0200;1407165961
3c72849ee44d62bc5beb82ea81a0754fc4571c41;3c72849ee4;-;-;Mon Aug 4 14:45:35 2014 +0200;1407156335;-;-;Mon Aug 4 14:45:35 2014 +0200;1407156335
59c5d7d1caaac23ceeb78f1c21388028c8134b9d;59c5d7d1ca;-;-;Mon Aug 4 14:41:52 2014 +0200;1407156112;-;-;Mon Aug 4 14:41:52 2014 +0200;1407156112
32975be2a2a5e260b020b3dc1b75d9d7576939da;32975be2a2;-;-;Mon Aug 4 14:21:00 2014 +0200;1407154860;-;-;Mon Aug 4 14:21:00 2014 +0200;1407154860
3da68cfe218f4817aefe67ca67b13ccb78109cfc;3da68cfe21;-;-;Mon Aug 4 14:13:40 2014 +0200;1407154420;-;-;Mon Aug 4 14:13:40 2014 +0200;1407154420
6cfe76eeecb26a9224e89d637be65f03893d37de;6cfe76eeec;-;-;Sat Aug 2 12:17:57 2014 +0300;1406971077;-;-;Sat Aug 2 12:17:57 2014 +0300;1406971077
154cf5dc7e1b76679f4a05f2ff0d29baa074d389;154cf5dc7e;-;-;Sat Aug 2 12:17:15 2014 +0300;1406971035;-;-;Sat Aug 2 12:17:15 2014 +0300;1406971035
b5e1198bd22b4d4d78cdd99dcc1b02793b98d9ed;b5e1198bd2;-;-;Fri Aug 1 17:12:31 2014 -0400;1406927551;-;-;Fri Aug 1 17:12:43 2014 -0400;1406927563
a11b62540aa58d994dcadcbf3f9023f15b5d32b0;a11b62540a;-;-;Fri Aug 1 20:33:44 2014 +0200;1406918024;-;-;Fri Aug 1 17:03:12 2014 -0400;1406926992
fe88b6e0543546803771d85628667d5d56297131;fe88b6e054;-;-;Fri Aug 1 16:55:58 2014 -0400;1406926558;-;-;Fri Aug 1 16:57:13 2014 -0400;1406926633
28c70baf6110d40609ebcfa6cc8ba4e3ecb09432;28c70baf61;-;-;Fri Aug 1 17:51:55 2014 +0200;1406908315;-;-;Fri Aug 1 16:57:13 2014 -0400;1406926633
95e9b380d3bff13a67ce7e9ff666cfdb249afb43;95e9b380d3;-;-;Thu Jul 10 23:53:37 2014 +0200;1405029217;-;-;Fri Aug 1 19:04:07 2014 +0200;1406912647
7d1e33d88dac2806fc01096491abbca37cf5c87a;7d1e33d88d;-;-;Fri Aug 1 16:08:31 2014 +0200;1406902111;-;-;Fri Aug 1 16:08:31 2014 +0200;1406902111
25decee1a4873275de039d3cad6affd64edb41d6;25decee1a4;-;-;Thu Jul 31 17:47:16 2014 -0400;1406843236;-;-;Thu Jul 31 17:47:24 2014 -0400;1406843244
87273d1b839e23b0b025d6fdc954b32bd768a711;87273d1b83;-;-;Thu Jul 31 16:55:01 2014 +0200;1406818501;-;-;Thu Jul 31 17:47:24 2014 -0400;1406843244
70ccbbfab13e4546462fcbfcd7cb83db2fce746b;70ccbbfab1;-;-;Thu Jul 31 17:12:32 2014 -0400;1406841152;-;-;Thu Jul 31 17:12:32 2014 -0400;1406841152
5859649af7180d63f000b42c75a5b557063dca2e;5859649af7;-;-;Thu Jul 31 17:08:08 2014 -0400;1406840888;-;-;Thu Jul 31 17:08:08 2014 -0400;1406840888
c4d7976c371ea4ed9e596439a22486eed7941767;c4d7976c37;-;-;Thu Jul 31 17:02:30 2014 -0400;1406840550;-;-;Thu Jul 31 17:02:30 2014 -0400;1406840550
e4182da4ebb1197b84f979fea9e89a76343f242e;e4182da4eb;-;-;Thu Jul 31 16:28:00 2014 -0400;1406838480;-;-;Thu Jul 31 16:28:00 2014 -0400;1406838480
8751936b1219755f3c0f712f7b3597ea03e2e394;8751936b12;-;-;Thu Jul 31 10:30:45 2014 -0400;1406817045;-;-;Thu Jul 31 10:33:11 2014 -0400;1406817191
813cc3b339fb073e578bc99b2d447bf9be9e45ce;813cc3b339;-;-;Wed Jul 30 12:40:57 2014 -0700;1406749257;-;-;Wed Jul 30 12:48:54 2014 -0700;1406749734
135a3ff3d856b44572eb63c58198ce40164f9107;135a3ff3d8;-;-;Wed Jul 30 15:43:43 2014 -0400;1406749423;-;-;Wed Jul 30 15:43:43 2014 -0400;1406749423
41cdc92fc383934623f14fd144390d16b1ed4a8f;41cdc92fc3;-;-;Wed Jul 30 15:39:01 2014 -0400;1406749141;-;-;Wed Jul 30 15:39:01 2014 -0400;1406749141
c68b4c01e1afb9c225241f81a8e13a0f1c5c210e;c68b4c01e1;-;-;Wed Jul 30 15:29:46 2014 -0400;1406748586;-;-;Wed Jul 30 15:29:46 2014 -0400;1406748586
ba952ca331456b6ba163b374f46739c234df8f2e;ba952ca331;-;-;Wed Jul 30 09:02:06 2014 -0400;1406725326;-;-;Wed Jul 30 09:02:23 2014 -0400;1406725343
057efa0676f5526d9a61f7ac817ba6f5e780410d;057efa0676;-;-;Wed Jul 30 09:29:24 2014 +0200;1406705364;-;-;Wed Jul 30 09:29:24 2014 +0200;1406705364
9fe7780865bd981dfa48d4f05dbd4119251948c0;9fe7780865;-;-;Wed Jul 30 08:53:14 2014 +0200;1406703194;-;-;Wed Jul 30 08:53:14 2014 +0200;1406703194
ce5ce7728364866ac16e791626c9c03e7537e411;ce5ce77283;-;-;Wed Jul 30 08:47:20 2014 +0200;1406702840;-;-;Wed Jul 30 08:47:20 2014 +0200;1406702840
515b9649fa80e4a7e29ec84bdeedc3fcf4d4e4e6;515b9649fa;-;-;Wed Jul 30 08:45:26 2014 +0200;1406702726;-;-;Wed Jul 30 08:45:26 2014 +0200;1406702726
16273473cbb7cc8e74a625c7cda2b50ff9919d14;16273473cb;-;-;Tue Jul 29 18:06:05 2014 -0400;1406671565;-;-;Tue Jul 29 18:06:05 2014 -0400;1406671565
f50cb06dc2a8aab0afbde412795d652a829d8c0a;f50cb06dc2;-;-;Tue Jul 29 17:58:16 2014 -0400;1406671096;-;-;Tue Jul 29 17:58:16 2014 -0400;1406671096
20c9a8bad48f03e4e3f89953054fce8c585f6b2c;20c9a8bad4;-;-;Fri Jul 25 11:19:05 2014 +0200;1406279945;-;-;Tue Jul 29 17:17:40 2014 -0400;1406668660
8e38b7ede6756feda759db28f876f70d484e4320;8e38b7ede6;-;-;Tue Jul 29 16:55:33 2014 -0400;1406667333;-;-;Tue Jul 29 16:56:37 2014 -0400;1406667397
d30174897d13b869fd7908b17457164724173738;d30174897d;-;-;Tue Jul 29 12:34:44 2014 -0700;1406662484;-;-;Tue Jul 29 12:34:44 2014 -0700;1406662484
59080ff2b21e0e442238ae7a861351b9df76ba0f;59080ff2b2;-;-;Tue Jul 29 10:48:06 2014 -0700;1406656086;-;-;Tue Jul 29 11:02:56 2014 -0700;1406656976
968492c28b93fca25ef99c589e94cee5a18eca59;968492c28b;-;-;Mon Jul 28 14:11:02 2014 -0400;1406571062;-;-;Tue Jul 29 11:42:18 2014 -0400;1406648538
1fe742addf9550ae389ebf554c337da604779144;1fe742addf;-;-;Tue Jul 29 16:22:47 2014 +0200;1406643767;-;-;Tue Jul 29 16:22:47 2014 +0200;1406643767
9be04b3883ff81df90e0501e32aab88bfa0aeb9e;9be04b3883;-;-;Tue Jul 29 14:11:59 2014 +0200;1406635919;-;-;Tue Jul 29 14:11:59 2014 +0200;1406635919
3bcfc591e9b3f7f0b7ef23c7fdc14bca47494a8c;3bcfc591e9;-;-;Tue Jul 29 14:11:19 2014 +0200;1406635879;-;-;Tue Jul 29 14:11:19 2014 +0200;1406635879
89d63eb79b61764672e9ef9b3926e3635bbb188a;89d63eb79b;-;-;Tue Jul 29 12:29:24 2014 +0200;1406629764;-;-;Tue Jul 29 12:29:43 2014 +0200;1406629783
8f484d382ecbd63f38f3d4be2f9241568221903e;8f484d382e;-;-;Tue Jul 29 11:42:37 2014 +0200;1406626957;-;-;Tue Jul 29 11:42:37 2014 +0200;1406626957
7bc966032bf74aa2f134014bdd0551a0eadcddc2;7bc966032b;-;-;Tue Jul 29 11:42:29 2014 +0200;1406626949;-;-;Tue Jul 29 11:42:29 2014 +0200;1406626949
d917b8a92343f43feee27b21395e7398f25a012a;d917b8a923;-;-;Mon Jul 28 15:48:21 2014 -0400;1406576901;-;-;Tue Jul 29 10:41:02 2014 +0200;1406623262
9f3c1cf7626dc6a9b15f13476baa3278966a6e5f;9f3c1cf762;-;-;Mon Jul 28 23:05:08 2014 +0200;1406581508;-;-;Mon Jul 28 23:05:08 2014 +0200;1406581508
f732a441c88ac861cd48d86e6acc0c379bf12f3e;f732a441c8;-;-;Mon Jul 28 22:07:55 2014 +0200;1406578075;-;-;Mon Jul 28 22:07:55 2014 +0200;1406578075
8cc0fa5ae1e67792cd46b57ff5d259bd5c5c09a4;8cc0fa5ae1;-;-;Mon Jul 28 22:05:40 2014 +0200;1406577940;-;-;Mon Jul 28 22:05:40 2014 +0200;1406577940
a3163ceb884fcd995bf72824bbb17e9c740bf27d;a3163ceb88;-;-;Mon Jul 28 22:05:20 2014 +0200;1406577920;-;-;Mon Jul 28 22:05:20 2014 +0200;1406577920
036896a6b8448117751bf3b76ec1c52b1a2f4ea4;036896a6b8;-;-;Mon Jul 28 21:58:21 2014 +0200;1406577501;-;-;Mon Jul 28 21:58:21 2014 +0200;1406577501
7971f6b63804b32aaf29c37ffef94722ddf49cab;7971f6b638;-;-;Mon Jul 28 19:12:39 2014 +0300;1406563959;-;-;Mon Jul 28 19:12:39 2014 +0300;1406563959
9bf73f3ab846b2b76a239f789427bc7deb3fe8fa;9bf73f3ab8;-;-;Mon Jul 28 19:07:26 2014 +0300;1406563646;-;-;Mon Jul 28 19:07:26 2014 +0300;1406563646
f862a009a73c8603d6745c5bf9577e3705afe926;f862a009a7;-;-;Mon Jul 28 17:55:57 2014 +0300;1406559357;-;-;Mon Jul 28 17:55:57 2014 +0300;1406559357
9fa4dad13cd61d063656a657917d67ec1050f975;9fa4dad13c;-;-;Mon Jul 28 15:58:22 2014 +0200;1406555902;-;-;Mon Jul 28 15:58:22 2014 +0200;1406555902
92c657e12d9a9e6da7ee22e7147e16ac7a11880b;92c657e12d;-;-;Mon Jul 28 15:58:13 2014 +0200;1406555893;-;-;Mon Jul 28 15:58:13 2014 +0200;1406555893
b6389a6c660e46fd09aa3768fa6ea3e761b555f8;b6389a6c66;-;-;Mon Jul 28 15:22:31 2014 +0200;1406553751;-;-;Mon Jul 28 15:52:50 2014 +0200;1406555570
c89325b9ca1d3d30bbe8a32beed91dffa8d836bb;c89325b9ca;-;-;Fri Jul 25 17:08:11 2014 -0400;1406322491;-;-;Fri Jul 25 17:16:00 2014 -0400;1406322960
0ad5de3f771f9caad833f16b70c19b9ac830301e;0ad5de3f77;-;-;Thu Jul 24 19:04:11 2014 +0200;1406221451;-;-;Thu Jul 24 19:04:11 2014 +0200;1406221451
5a483f347a490f9343d98c461f3c341a714b8a24;5a483f347a;-;-;Thu Jul 24 19:02:10 2014 +0200;1406221330;-;-;Thu Jul 24 19:02:10 2014 +0200;1406221330
d144e2918e6611b7981f6c4db821e3fb763518f6;d144e2918e;-;-;Thu Jul 24 18:58:59 2014 +0200;1406221139;-;-;Thu Jul 24 18:58:59 2014 +0200;1406221139
0d4526e050f1a2653e9faf977710af77f32dc486;0d4526e050;-;-;Thu Jul 24 18:54:13 2014 +0200;1406220853;-;-;Thu Jul 24 18:54:13 2014 +0200;1406220853
170d6c9fb9918e10d18170a6066dfcf55c759c73;170d6c9fb9;-;-;Thu Jul 24 18:13:38 2014 +0200;1406218418;-;-;Thu Jul 24 18:13:38 2014 +0200;1406218418
0a46f385275f4a4b5a788f7a4e0c0d64e5b0eb46;0a46f38527;-;-;Thu Jul 24 17:12:31 2014 +0200;1406214751;-;-;Thu Jul 24 17:12:31 2014 +0200;1406214751
105a6023b3a0541333f92bcac2c1c66e000a9daf;105a6023b3;-;-;Thu Jul 24 17:09:19 2014 +0200;1406214559;-;-;Thu Jul 24 17:09:19 2014 +0200;1406214559
d4fe732f469ef47d07ef15c519620663694da305;d4fe732f46;-;-;Thu Jul 24 17:00:44 2014 +0200;1406214044;-;-;Thu Jul 24 17:00:44 2014 +0200;1406214044
88d8dff3acc9a46dabacb865dc475e33820596b6;88d8dff3ac;-;-;Wed Jul 23 22:51:28 2014 -0400;1406170288;-;-;Thu Jul 24 09:58:22 2014 -0400;1406210302
afb56681ac887b65fe7f6d0c49e5aa77d3f36f65;afb56681ac;-;-;Wed Jul 23 22:46:45 2014 -0400;1406170005;-;-;Thu Jul 24 09:58:22 2014 -0400;1406210302
e74ac06733cccf5156b5f6f497f02851716f4fbc;e74ac06733;-;-;Wed Jul 23 22:40:38 2014 -0400;1406169638;-;-;Thu Jul 24 09:58:22 2014 -0400;1406210302
78484129f5e7ec4d384fbd34a55fc4f28ba497a8;78484129f5;-;-;Thu Jul 24 15:06:36 2014 +0200;1406207196;-;-;Thu Jul 24 15:06:36 2014 +0200;1406207196
b75eb609438aa66e19bda783cb7a2df39d07b972;b75eb60943;-;-;Thu Jul 24 14:12:14 2014 +0200;1406203934;-;-;Thu Jul 24 14:12:14 2014 +0200;1406203934
fe05e7e5b3769dd8749a4bc0378360a9c448e0ae;fe05e7e5b3;-;-;Thu Jul 24 12:56:10 2014 +0200;1406199370;-;-;Thu Jul 24 12:56:10 2014 +0200;1406199370
0ce90f1d163fa2bafa2b869488c531095b3a638c;0ce90f1d16;-;-;Thu Jul 24 12:13:37 2014 +0200;1406196817;-;-;Thu Jul 24 12:13:37 2014 +0200;1406196817
496492b2d8edb1d700c8c26ba0a4194f1880cb32;496492b2d8;-;-;Thu Jul 24 12:13:25 2014 +0200;1406196805;-;-;Thu Jul 24 12:13:25 2014 +0200;1406196805
df3b1f25655032d5e987e11f7061c60cb56c0740;df3b1f2565;-;-;Wed Jul 23 19:40:56 2014 +0200;1406137256;-;-;Wed Jul 23 19:40:56 2014 +0200;1406137256
8d8d47fb4e36a667c02f79c1936c882b60c4584e;8d8d47fb4e;-;-;Wed Jul 23 19:24:52 2014 +0200;1406136292;-;-;Wed Jul 23 19:24:52 2014 +0200;1406136292
e849bc3e9029b6e572dc3b501c5779ea1da3b726;e849bc3e90;-;-;Wed Jul 23 18:51:09 2014 +0200;1406134269;-;-;Wed Jul 23 18:51:09 2014 +0200;1406134269
7ce709309de9bbcc9d67c74c4d07996436fbb4ba;7ce709309d;-;-;Wed Jul 23 17:30:48 2014 +0200;1406129448;-;-;Wed Jul 23 17:30:48 2014 +0200;1406129448
db5cebc681ecf4f12c0e70a73c9125f1317790c8;db5cebc681;-;-;Wed Jul 23 17:30:15 2014 +0200;1406129415;-;-;Wed Jul 23 17:30:15 2014 +0200;1406129415
d9e0b292ab1e6ffaa2ba1d926ed2d734b942a409;d9e0b292ab;-;-;Wed Jul 23 17:08:19 2014 +0200;1406128099;-;-;Wed Jul 23 17:08:19 2014 +0200;1406128099
5be1ff281c71c888e5766fef4754a0af2a2b57ab;5be1ff281c;-;-;Tue Jul 22 16:56:04 2014 -0400;1406062564;-;-;Tue Jul 22 16:56:59 2014 -0400;1406062619
b56703eadc93d7be6b4330bf2d94b4da5362e007;b56703eadc;-;-;Thu Jul 17 18:24:03 2014 +0200;1405614243;-;-;Tue Jul 22 16:56:59 2014 -0400;1406062619
105ea196e40d269dfc08efb04bd79ac1903e079c;105ea196e4;-;-;Tue Jul 22 15:40:49 2014 -0400;1406058049;-;-;Tue Jul 22 15:40:49 2014 -0400;1406058049
1b53882f554af87b362fc43310ae38119742b5dd;1b53882f55;-;-;Mon Jul 21 13:09:28 2014 -0500;1405966168;-;-;Tue Jul 22 15:33:23 2014 -0400;1406057603
73267d75230dfb90097133017f203ca15ef813db;73267d7523;-;-;Tue Jul 22 15:28:40 2014 -0400;1406057320;-;-;Tue Jul 22 15:28:40 2014 -0400;1406057320
71b63cd972c399733005535c508bb273ad0ad263;71b63cd972;-;-;Mon Jul 21 13:43:45 2014 -0400;1405964625;-;-;Tue Jul 22 13:41:22 2014 -0400;1406050882
988499f7dc373b6305650968a95800e2c2c6da2c;988499f7dc;-;-;Tue Jul 22 13:40:02 2014 -0400;1406050802;-;-;Tue Jul 22 13:40:02 2014 -0400;1406050802
6c4aff4c9db88cf9e302a72f0db6b9a167488b73;6c4aff4c9d;-;-;Tue Jul 22 11:01:20 2014 -0400;1406041280;-;-;Tue Jul 22 11:21:39 2014 -0400;1406042499
9092102a832173b2ab40f748ea361413c3250b42;9092102a83;-;-;Tue Jul 22 11:46:02 2014 +0200;1406022362;-;-;Tue Jul 22 11:21:39 2014 -0400;1406042499
e41b14449e443f0810267679267c5618d7c546d8;e41b14449e;-;-;Tue Jul 22 10:49:31 2014 -0400;1406040571;-;-;Tue Jul 22 11:21:39 2014 -0400;1406042499
f0bcb773f9117195ef39acc3b4077c9f41d8afa0;f0bcb773f9;-;-;Tue Jul 22 17:00:57 2014 +0200;1406041257;-;-;Tue Jul 22 17:00:57 2014 +0200;1406041257
c082220b34f31ca573ecda5b6f09af5821c45e7a;c082220b34;-;-;Tue Jul 22 16:50:41 2014 +0200;1406040641;-;-;Tue Jul 22 16:50:41 2014 +0200;1406040641
5e2fbe735594957361cd3df50ec05147996a1659;5e2fbe7355;-;-;Tue Jul 22 16:33:46 2014 +0200;1406039626;-;-;Tue Jul 22 16:33:46 2014 +0200;1406039626
4b09fcc67c52f85a6c75a561090a8d6a742393f8;4b09fcc67c;-;-;Tue Jul 22 16:24:39 2014 +0200;1406039079;-;-;Tue Jul 22 16:24:39 2014 +0200;1406039079
3013558e3d3166695907f7a9293b0726b68f6109;3013558e3d;-;-;Sun Jul 20 22:03:31 2014 +0200;1405886611;-;-;Sun Jul 20 22:03:31 2014 +0200;1405886611
dd2bf28a4f2c20cc6510266f245c619755e851ba;dd2bf28a4f;-;-;Sat Jul 19 18:42:05 2014 +0200;1405788125;-;-;Sat Jul 19 18:42:05 2014 +0200;1405788125
a10537447ef4421b979b49757d3c595fabc62e3b;a10537447e;-;-;Sat Jul 19 10:59:10 2014 +0200;1405760350;-;-;Sat Jul 19 10:59:10 2014 +0200;1405760350
7d2ef69c6de4950c2104d7feb842b74238b8402c;7d2ef69c6d;-;-;Sat Jul 19 10:52:46 2014 +0200;1405759966;-;-;Sat Jul 19 10:52:46 2014 +0200;1405759966
97dad7e2eadee5af8716c5d7db2ee8bc861aab5a;97dad7e2ea;-;-;Sat Jul 19 10:45:53 2014 +0200;1405759553;-;-;Sat Jul 19 10:45:53 2014 +0200;1405759553
b16e6cc44e2fbc92ad7c648b052e4f11d2b3f674;b16e6cc44e;-;-;Sat Jul 19 10:45:27 2014 +0200;1405759527;-;-;Sat Jul 19 10:45:27 2014 +0200;1405759527
526b4b647f7ea07fa5cd79f3b55dd0029147ea9d;526b4b647f;-;-;Fri Jul 18 17:48:22 2014 +0200;1405698502;-;-;Fri Jul 18 17:50:12 2014 +0200;1405698612
da324e3984e961ab8da84b8ab67df5a819f8fd3b;da324e3984;-;-;Fri Jul 18 17:22:20 2014 +0200;1405696940;-;-;Fri Jul 18 17:22:20 2014 +0200;1405696940
9d6c38bd54fe8931ee73fbb7a076625deb934e28;9d6c38bd54;-;-;Fri Jul 18 17:21:55 2014 +0200;1405696915;-;-;Fri Jul 18 17:21:58 2014 +0200;1405696918
188e58c46a86775272e5b5dfd7be0afa1830a2b0;188e58c46a;-;-;Fri Jul 18 17:21:44 2014 +0200;1405696904;-;-;Fri Jul 18 17:21:44 2014 +0200;1405696904
3be190df6a965597fa6eab0df377c7e85ccc45bc;3be190df6a;-;-;Fri Jul 18 17:21:31 2014 +0200;1405696891;-;-;Fri Jul 18 17:21:31 2014 +0200;1405696891
a9100c427cd2a775541642c32a09e19f056324f5;a9100c427c;-;-;Fri Jul 18 17:21:21 2014 +0200;1405696881;-;-;Fri Jul 18 17:21:21 2014 +0200;1405696881
3e5946db379200cf320179a4829d1d95748606a5;3e5946db37;-;-;Fri Jul 18 17:09:53 2014 +0200;1405696193;-;-;Fri Jul 18 17:09:53 2014 +0200;1405696193
7808996d71603236e3d5c054ff62d3500eb13ec2;7808996d71;-;-;Fri Jul 18 17:02:45 2014 +0200;1405695765;-;-;Fri Jul 18 17:02:45 2014 +0200;1405695765
829d2046639c7c80265c0fc0b1f3dbcb71d7c1a1;829d204663;-;-;Fri Jul 18 09:18:01 2014 -0400;1405689481;-;-;Fri Jul 18 09:18:34 2014 -0400;1405689514
7412d43acd74505d07796b9bf991f3945ba35eda;7412d43acd;-;-;Fri Jul 18 10:05:32 2014 +0200;1405670732;-;-;Fri Jul 18 09:18:34 2014 -0400;1405689514
682e8fb3ad5e66ae42995b999bec062eb76247c3;682e8fb3ad;-;-;Fri Jul 18 14:39:23 2014 +0200;1405687163;-;-;Fri Jul 18 14:39:23 2014 +0200;1405687163
dd713c70aafa12b49588edeaa7f32ef18ed2068e;dd713c70aa;-;-;Fri Jul 18 11:50:49 2014 +0200;1405677049;-;-;Fri Jul 18 11:50:49 2014 +0200;1405677049
90f8e4b71fada3e4353dfe5a23c1adfe7803e454;90f8e4b71f;-;-;Fri Jul 18 00:45:14 2014 -0400;1405658714;-;-;Fri Jul 18 00:45:14 2014 -0400;1405658714
29c6c9a3752c6c1022cf958fd0da64a0255f0a22;29c6c9a375;-;-;Fri Jul 18 00:41:38 2014 -0400;1405658498;-;-;Fri Jul 18 00:41:38 2014 -0400;1405658498
27153b29826dd70a7abbcb95c571091f91e2cecf;27153b2982;-;-;Thu Jul 17 23:47:56 2014 -0400;1405655276;-;-;Thu Jul 17 23:47:56 2014 -0400;1405655276
84c11a5cc742c024733a9279007f735e329e2665;84c11a5cc7;-;-;Wed Jun 4 14:25:39 2014 +0200;1401884739;-;-;Thu Jul 17 23:36:41 2014 -0400;1405654601
52f1be7ade665a0c6030cff630ce980827b4c304;52f1be7ade;-;-;Thu Jul 17 17:38:47 2014 +0200;1405611527;-;-;Thu Jul 17 23:18:41 2014 -0400;1405653521
1ad22b922f9e42a382c7d27a2843b9745d263a35;1ad22b922f;-;-;Thu Jul 17 22:55:09 2014 -0400;1405652109;-;-;Thu Jul 17 23:04:08 2014 -0400;1405652648
0bbb7704b517f0721ee1ac810b854fbc3f30697f;0bbb7704b5;-;-;Thu Jul 17 18:04:43 2014 -0400;1405634683;-;-;Thu Jul 17 23:04:08 2014 -0400;1405652648
0e2c5ee96c8f538cf5661102a715e9051d75ade0;0e2c5ee96c;-;-;Thu Jul 17 17:40:29 2014 -0400;1405633229;-;-;Thu Jul 17 23:04:08 2014 -0400;1405652648
dfcc1d7e8c8051004b6a8cd8329eed0f6c71efd2;dfcc1d7e8c;-;-;Thu Jul 17 16:46:40 2014 -0400;1405630000;-;-;Thu Jul 17 23:04:08 2014 -0400;1405652648
7f7fd7d3110c664a255e5ddf52899205d64b68a5;7f7fd7d311;-;-;Thu Jul 17 11:23:45 2014 -0400;1405610625;-;-;Thu Jul 17 23:04:08 2014 -0400;1405652648
61ec8fd2368156bed7a58396304b7544818e5da2;61ec8fd236;-;-;Thu Jul 17 09:34:08 2014 -0400;1405604048;-;-;Thu Jul 17 23:04:08 2014 -0400;1405652648
2e75adb04c02b8904c59bd5820336104594ce3fb;2e75adb04c;-;-;Fri Jul 18 02:59:03 2014 +0200;1405645143;-;-;Fri Jul 18 02:59:03 2014 +0200;1405645143
44e456915012c5857d70b16efc42296a31533821;44e4569150;-;-;Thu Jul 17 09:24:45 2014 -0400;1405603485;-;-;Thu Jul 17 09:24:45 2014 -0400;1405603485
59f39706dc4721b076b209bcd273baaa5f1335c4;59f39706dc;-;-;Thu Jul 17 07:51:36 2014 +0200;1405576296;-;-;Thu Jul 17 09:01:45 2014 -0400;1405602105
e8d8c3390a0626308b770c5860c11704f5c52e06;e8d8c3390a;-;-;Wed Jul 16 22:05:50 2014 -0400;1405562750;-;-;Wed Jul 16 22:05:50 2014 -0400;1405562750
d23b0fec0c80232cb6c67ac07f01e3a35cccf6ff;d23b0fec0c;-;-;Wed Jul 16 21:43:25 2014 -0400;1405561405;-;-;Wed Jul 16 21:43:30 2014 -0400;1405561410
80f4ea13c753507c8a201a9c72a634dd5c195286;80f4ea13c7;-;-;Wed Jul 16 15:30:36 2014 +0200;1405517436;-;-;Wed Jul 16 21:43:30 2014 -0400;1405561410
b18ed6b724b93a6a8ad936b4ed8ffad78bbddb92;b18ed6b724;-;-;Wed Jul 16 20:40:06 2014 -0400;1405557606;-;-;Wed Jul 16 20:49:12 2014 -0400;1405558152
dfcb2a2875ada7dbafab497888f0bcc0983a91a6;dfcb2a2875;-;-;Wed Jul 16 21:51:49 2014 +0200;1405540309;-;-;Wed Jul 16 21:51:49 2014 +0200;1405540309
91c9bad12eed47c8eb6e55b91bf0bd57a4d46585;91c9bad12e;-;-;Wed Jul 16 21:49:29 2014 +0200;1405540169;-;-;Wed Jul 16 21:49:29 2014 +0200;1405540169
c2908399141381de5b9f79f29d5b90c822a7b7e3;c290839914;-;-;Wed Jul 16 21:34:43 2014 +0200;1405539283;-;-;Wed Jul 16 21:34:43 2014 +0200;1405539283
48fea0bafaeca31abece17a9519de1b410842e73;48fea0bafa;-;-;Wed Jul 16 20:33:36 2014 +0200;1405535616;-;-;Wed Jul 16 20:33:36 2014 +0200;1405535616
a53987ace14e0b3d7c50b0ea7f4822393f8da5be;a53987ace1;-;-;Wed Jul 16 20:27:49 2014 +0200;1405535269;-;-;Wed Jul 16 20:27:49 2014 +0200;1405535269
da5b0b97d3a4f425576fe216ef6b5d1e4465af84;da5b0b97d3;-;-;Wed Jul 16 18:19:49 2014 +0200;1405527589;-;-;Wed Jul 16 18:19:49 2014 +0200;1405527589
5cb046da3db9f175a0ee099fd2f2111ea01f996d;5cb046da3d;-;-;Wed Jul 16 18:16:46 2014 +0200;1405527406;-;-;Wed Jul 16 18:16:46 2014 +0200;1405527406
a48851509735d85db4632a6eff2de2248299db40;a488515097;-;-;Wed Jul 16 18:12:59 2014 +0200;1405527179;-;-;Wed Jul 16 18:12:59 2014 +0200;1405527179
6d6f008faadba154f917efd1885edde290fd6098;6d6f008faa;-;-;Wed Jul 16 17:54:23 2014 +0200;1405526063;-;-;Wed Jul 16 17:54:23 2014 +0200;1405526063
c1a2f5efa4b9035aef1684440b60fae1b3d40ac6;c1a2f5efa4;-;-;Wed Jul 16 17:43:56 2014 +0200;1405525436;-;-;Wed Jul 16 17:44:44 2014 +0200;1405525484
fac0599aefa1b5f04101e391f661569c7ba7beb7;fac0599aef;-;-;Wed Jul 16 13:32:22 2014 +0200;1405510342;-;-;Wed Jul 16 17:35:34 2014 +0200;1405524934
35226695ebe004fca77cbe5844f113a5adeb0962;35226695eb;-;-;Wed Jul 16 17:22:24 2014 +0200;1405524144;-;-;Wed Jul 16 17:25:27 2014 +0200;1405524327
bbfc31b11f8e540e416148e06ae23dce6c2ae095;bbfc31b11f;-;-;Wed Jul 16 17:23:23 2014 +0200;1405524203;-;-;Wed Jul 16 17:23:23 2014 +0200;1405524203
4e25a14f6c24aa600bcbc60159ed3187bd5e26dd;4e25a14f6c;-;-;Wed Jul 16 16:41:41 2014 +0200;1405521701;-;-;Wed Jul 16 16:41:41 2014 +0200;1405521701
b1b7f8ab1fe349c4d59819ed204b0c3e2552f879;b1b7f8ab1f;-;-;Wed Jul 16 16:02:03 2014 +0200;1405519323;-;-;Wed Jul 16 16:02:03 2014 +0200;1405519323
980f971236eb496008a6f8f9c657180c0974d47b;980f971236;-;-;Wed Jul 16 15:11:19 2014 +0200;1405516279;-;-;Wed Jul 16 15:11:19 2014 +0200;1405516279
bad74dc836c038b26276d21af8b4147fa66fcbc2;bad74dc836;-;-;Wed Jul 16 14:41:46 2014 +0200;1405514506;-;-;Wed Jul 16 14:41:46 2014 +0200;1405514506
8fb592712c1538411989f5b218dc06184617073b;8fb592712c;-;-;Wed Jul 16 13:37:45 2014 +0200;1405510665;-;-;Wed Jul 16 13:37:45 2014 +0200;1405510665
89b202029a81b94c98cda439547e10205f317ac7;89b202029a;-;-;Tue Jul 15 22:58:30 2014 -0400;1405479510;-;-;Tue Jul 15 22:59:25 2014 -0400;1405479565
c2b0fac852dd9f865699fb374ad78543767fec05;c2b0fac852;-;-;Tue Jul 15 22:45:26 2014 -0400;1405478726;-;-;Tue Jul 15 22:59:25 2014 -0400;1405479565
d86e4cf2038ea67c51e0da4286034331225c16a6;d86e4cf203;-;-;Tue Jul 15 16:48:48 2014 -0400;1405457328;-;-;Tue Jul 15 16:53:38 2014 -0400;1405457618
ea7ae8949e1b0411beddd74347e5c33123d8a91d;ea7ae8949e;-;-;Tue Jul 15 16:10:27 2014 -0400;1405455027;-;-;Tue Jul 15 16:53:38 2014 -0400;1405457618
c18b6bf0b79702b36bcd8378136bf69a26b294a2;c18b6bf0b7;-;-;Tue Jul 15 22:05:45 2014 +0200;1405454745;-;-;Tue Jul 15 22:05:45 2014 +0200;1405454745
bbf58008314bd42dd20c92602c1133287423dc7f;bbf5800831;-;-;Tue Jul 15 22:04:52 2014 +0200;1405454692;-;-;Tue Jul 15 22:04:52 2014 +0200;1405454692
10a4c2cd8140095777343262ba728e51a5f6c873;10a4c2cd81;-;-;Tue Jul 15 14:27:01 2014 -0400;1405448821;-;-;Tue Jul 15 14:27:01 2014 -0400;1405448821
be4d73e92d287f5c4b27a03824c4079d6a1c03d7;be4d73e92d;-;-;Tue Jul 15 13:32:08 2014 -0400;1405445528;-;-;Tue Jul 15 13:32:08 2014 -0400;1405445528
2665d56209ed686518974a57d73e8a057404b2be;2665d56209;-;-;Tue Jul 15 15:13:35 2014 +0200;1405430015;-;-;Tue Jul 15 15:13:35 2014 +0200;1405430015
a4968b9015217ee8116bef7f77f5da4d776047fd;a4968b9015;-;-;Tue Jul 15 15:05:13 2014 +0200;1405429513;-;-;Tue Jul 15 15:05:13 2014 +0200;1405429513
ab2526a5868deca9b483f4f90fe443c2370c6655;ab2526a586;-;-;Mon Jul 14 18:47:51 2014 -0400;1405378071;-;-;Mon Jul 14 18:49:25 2014 -0400;1405378165
928a466b5dd1d4edc272bf23d0d1abe8aeb6753c;928a466b5d;-;-;Thu Jul 10 15:31:50 2014 +0200;1404999110;-;-;Mon Jul 14 18:49:24 2014 -0400;1405378164
b676c41805bf787f2aede0e91c563ca3f919bc56;b676c41805;-;-;Mon Jul 14 17:59:54 2014 +0200;1405353594;-;-;Mon Jul 14 17:59:54 2014 +0200;1405353594
29bdbceaa27c895795a8912ac4bfdc6b1bad3b75;29bdbceaa2;-;-;Mon Jul 14 15:49:05 2014 +0200;1405345745;-;-;Mon Jul 14 15:49:31 2014 +0200;1405345771
5e1a5c8d5182e04acd35ebeb5dee098104439c1d;5e1a5c8d51;-;-;Sat Jul 12 22:19:18 2014 -0400;1405217958;-;-;Sun Jul 13 22:53:29 2014 -0400;1405306409
f54cee47b06c041c5c976ce23fc2079d70fad404;f54cee47b0;-;-;Sat Jul 12 16:52:02 2014 -0400;1405198322;-;-;Sun Jul 13 22:53:23 2014 -0400;1405306403
5bc793768cb3d5a584e10175fe73ea5baa8e372a;5bc793768c;-;-;Sat Jul 12 00:28:27 2014 -0400;1405139307;-;-;Sat Jul 12 17:23:47 2014 -0400;1405200227
cc7e8f55583b91c29dc1375160d7f7d2403590ff;cc7e8f5558;-;-;Thu Jun 19 11:40:14 2014 +0200;1403170814;-;-;Sat Jul 12 17:23:47 2014 -0400;1405200227
a26b1ef8d9e95ee636ccfb4cbc26b5afc8812f24;a26b1ef8d9;-;-;Thu Jun 19 10:23:46 2014 +0200;1403166226;-;-;Sat Jul 12 17:23:47 2014 -0400;1405200227
92402e7715fc1dfdf4cba8eb00e1fc787d434bcf;92402e7715;-;-;Sun Dec 15 18:15:04 2013 +0530;1387111504;-;-;Sat Jul 12 17:23:47 2014 -0400;1405200227
b31888066148be78e1e60a4615dc5c09c4524076;b318880661;-;-;Fri Jul 11 10:09:48 2014 -0400;1405087788;-;-;Fri Jul 11 10:09:48 2014 -0400;1405087788
85cdb9196e0b2e1cbd7454f7cde912e28a69f1e3;85cdb9196e;-;-;Mon Jul 7 21:00:51 2014 +0100;1404763251;-;-;Fri Jul 11 09:36:09 2014 -0400;1405085769
2ba8fd7e590c044ff552ff22ef576d50f8454cab;2ba8fd7e59;-;-;Fri Jul 11 09:17:02 2014 -0400;1405084622;-;-;Fri Jul 11 09:17:02 2014 -0400;1405084622
2c77de10dd820c94e0ae48836991f6943d62a600;2c77de10dd;-;-;Fri Jul 11 00:55:17 2014 +0200;1405032917;-;-;Fri Jul 11 00:55:17 2014 +0200;1405032917
2f371e5aeb8ece6c6b3939f1ad8faba5539b38fd;2f371e5aeb;-;-;Thu Jul 10 09:26:39 2014 -0400;1404998799;-;-;Thu Jul 10 16:55:34 2014 -0400;1405025734
f8e45472288f486c892e29f5aef246e6046ebd45;f8e4547228;-;-;Thu Jul 10 15:55:27 2014 -0400;1405022127;-;-;Thu Jul 10 16:55:34 2014 -0400;1405025734
670c216d3838807fef46cd28cc82165f9abaeb45;670c216d38;-;-;Thu Jul 10 12:55:26 2014 -0400;1405011326;-;-;Thu Jul 10 12:57:00 2014 -0400;1405011420
2ebc92154571a496520b53a84442aac9388d8392;2ebc921545;-;-;Thu Jul 10 11:45:31 2014 -0400;1405007131;-;-;Thu Jul 10 12:56:59 2014 -0400;1405011419
d73c1d5693ba30cd47109f060fcb4497f407b961;d73c1d5693;-;-;Thu Jul 10 10:17:56 2014 -0400;1405001876;-;-;Thu Jul 10 12:56:59 2014 -0400;1405011419
6937eea48a359cb56873d292199ae09d43c65eec;6937eea48a;-;-;Thu Jul 10 17:52:34 2014 +0100;1405011154;-;-;Thu Jul 10 17:52:34 2014 +0100;1405011154
e254b558f045630138524217982dfe4f576077c7;e254b558f0;-;-;Thu Jul 10 18:38:07 2014 +0200;1405010287;-;-;Thu Jul 10 18:38:07 2014 +0200;1405010287
bf7dac5fc8d62d09405caaec576ab17ce6a2b829;bf7dac5fc8;-;-;Thu Jul 10 18:17:48 2014 +0200;1405009068;-;-;Thu Jul 10 18:17:48 2014 +0200;1405009068
f11815c960ea9cd0c89cd6c1b04997e48b7c829d;f11815c960;-;-;Thu Jul 10 16:55:25 2014 +0200;1405004125;-;-;Thu Jul 10 16:55:25 2014 +0200;1405004125
2bd6e24b653bd58ea025b87be041ca0b9d8312fb;2bd6e24b65;-;-;Thu Jul 10 15:48:36 2014 +0200;1405000116;-;-;Thu Jul 10 15:48:36 2014 +0200;1405000116
29f6f3d7e73aa3d055c48049a7198306f5a9f4ba;29f6f3d7e7;-;-;Thu Jul 10 15:46:18 2014 +0200;1404999978;-;-;Thu Jul 10 15:46:18 2014 +0200;1404999978
eaad0a0f5276652946c41cfc1749479ac820e042;eaad0a0f52;-;-;Wed Jul 9 18:50:38 2014 -0400;1404946238;-;-;Wed Jul 9 18:57:11 2014 -0400;1404946631
6f062581a606658bfd31341cdc3da879474c6557;6f062581a6;-;-;Thu Jul 10 00:36:54 2014 +0200;1404945414;-;-;Thu Jul 10 00:36:54 2014 +0200;1404945414
0d4ff1adbf4e32fe3230df233c37059b481bc58c;0d4ff1adbf;-;-;Wed Jul 9 22:25:35 2014 +0200;1404937535;-;-;Wed Jul 9 22:25:35 2014 +0200;1404937535
fa4f51c5d0f3e74ece578aeaa2a8a15a57b7df0a;fa4f51c5d0;-;-;Wed Jul 9 22:19:14 2014 +0200;1404937154;-;-;Wed Jul 9 22:19:14 2014 +0200;1404937154
1fadd1c954510e924dab1c0a6c34330091672519;1fadd1c954;-;-;Wed Jul 9 21:53:32 2014 +0200;1404935612;-;-;Wed Jul 9 21:53:32 2014 +0200;1404935612
bf9ccc813816f713ad29e8f18c351ccf8e432bf3;bf9ccc8138;-;-;Wed Jul 9 21:43:19 2014 +0200;1404934999;-;-;Wed Jul 9 21:43:19 2014 +0200;1404934999
3c726aa6c17f7fb8b772aa710ea2a5b3f4d268e0;3c726aa6c1;-;-;Wed Jul 9 21:24:59 2014 +0200;1404933899;-;-;Wed Jul 9 21:24:59 2014 +0200;1404933899
777085bbfc47834b86c5edaea4c9bb479d77dd7c;777085bbfc;-;-;Wed Jul 9 21:23:09 2014 +0200;1404933789;-;-;Wed Jul 9 21:23:09 2014 +0200;1404933789
a6a86b80257e17ddc84996a5d336a95c6af1a8d3;a6a86b8025;-;-;Wed Jul 9 21:17:43 2014 +0200;1404933463;-;-;Wed Jul 9 21:17:43 2014 +0200;1404933463
fa33ed4b4be277576270bee68bb512a586e8ee83;fa33ed4b4b;-;-;Wed Jul 9 15:08:54 2014 -0400;1404932934;-;-;Wed Jul 9 15:11:20 2014 -0400;1404933080
0d5c5a3d3325f4f65caa54993e58b2e9d18c8a49;0d5c5a3d33;-;-;Wed Jul 9 14:43:00 2014 -0400;1404931380;-;-;Wed Jul 9 15:11:19 2014 -0400;1404933079
19760f9eb9e2fb3a77f7633df4650b2955931b1b;19760f9eb9;-;-;Sun Jul 6 22:29:03 2014 +0200;1404678543;-;-;Wed Jul 9 15:11:19 2014 -0400;1404933079
a4484bb767805ec9397302f1738d33123fb35dfb;a4484bb767;-;-;Wed Jul 9 16:58:11 2014 +0200;1404917891;-;-;Wed Jul 9 16:58:11 2014 +0200;1404917891
bc62d63fdd37a97ed156e9e799c29e33e75f2c68;bc62d63fdd;-;-;Wed Jul 9 00:46:06 2014 -0400;1404881166;-;-;Wed Jul 9 00:46:06 2014 -0400;1404881166
48236be4a261377ec95806933414e66a6ec5fc96;48236be4a2;-;-;Wed Jul 9 00:30:22 2014 -0400;1404880222;-;-;Wed Jul 9 00:39:59 2014 -0400;1404880799
ab4864da2a136fbdcdb9af9b4e043ae769652b06;ab4864da2a;-;-;Fri Jul 4 15:08:52 2014 -0400;1404500932;-;-;Wed Jul 9 00:39:47 2014 -0400;1404880787
b78b2e9a03f5a6b7924dda0f8d709a5a9b23e24c;b78b2e9a03;-;-;Tue Jul 8 10:26:03 2014 +0200;1404807963;-;-;Tue Jul 8 10:26:03 2014 +0200;1404807963
ea16ce0aa0c1474dc0c9fc0b997182299c41bcf9;ea16ce0aa0;-;-;Mon Jul 7 19:16:05 2014 -0700;1404785765;-;-;Mon Jul 7 19:21:18 2014 -0700;1404786078
01264dc673f4c28d41b169dfad4adf989e3ec82a;01264dc673;-;-;Tue Jul 8 00:59:31 2014 +0200;1404773971;-;-;Tue Jul 8 00:59:31 2014 +0200;1404773971
111537418855fd2742332e8cee78bcf415bcd1bf;1115374188;-;-;Mon Jul 7 21:45:40 2014 +0200;1404762340;-;-;Mon Jul 7 23:50:27 2014 +0200;1404769827
b559f15a0086915c1b2335918eaeccd8b7a674fa;b559f15a00;-;-;Mon Jul 7 21:45:40 2014 +0200;1404762340;-;-;Mon Jul 7 21:45:40 2014 +0200;1404762340
387da221c3a97823810a4cfdea8cf03028231909;387da221c3;-;-;Mon Jul 7 19:41:39 2014 +0200;1404754899;-;-;Mon Jul 7 19:41:39 2014 +0200;1404754899
6bcb48f95d537eb3cd1854fe19b1f38d22adcd6d;6bcb48f95d;-;-;Mon Jul 7 17:34:08 2014 +0200;1404747248;-;-;Mon Jul 7 17:34:08 2014 +0200;1404747248
e549103ca0c0d2b9956772e3889a12f168c954ff;e549103ca0;-;-;Mon Jul 7 17:29:32 2014 +0200;1404746972;-;-;Mon Jul 7 17:29:32 2014 +0200;1404746972
55c351523de05d68013b1eab459e815522cca54a;55c351523d;-;-;Mon Jul 7 16:28:48 2014 +0200;1404743328;-;-;Mon Jul 7 16:28:48 2014 +0200;1404743328
40822746306f5d0e5d553504275046ec4906309b;4082274630;-;-;Mon Jul 7 16:26:25 2014 +0200;1404743185;-;-;Mon Jul 7 16:26:25 2014 +0200;1404743185
1222ca38fb46a5c461fa41d2d4383469d10a2ede;1222ca38fb;-;-;Mon Jul 7 14:33:48 2014 +0200;1404736428;-;-;Mon Jul 7 14:33:48 2014 +0200;1404736428
e20ac27fb4328f5a7ae9eb2120eac5416e9c09f2;e20ac27fb4;-;-;Sat Jul 5 11:26:05 2014 +0200;1404552365;-;-;Mon Jul 7 14:18:19 2014 +0200;1404735499
a8848cb6709fdbf4453b82aa9dea751fcc4516ff;a8848cb670;-;-;Mon Jul 7 11:29:29 2014 +0200;1404725369;-;-;Mon Jul 7 11:29:29 2014 +0200;1404725369
11532794f4031941efc49b74d601d76b7703e868;11532794f4;-;-;Mon Jul 7 11:28:08 2014 +0200;1404725288;-;-;Mon Jul 7 11:28:08 2014 +0200;1404725288
b9a70c6000a9f5ad89d71af364be4e99c173b1a3;b9a70c6000;-;-;Sat Jul 5 08:59:11 2014 +0200;1404543551;-;-;Sat Jul 5 08:59:11 2014 +0200;1404543551
6fd0fc7005f2c8a8b4f995e981fcf5838d055cbf;6fd0fc7005;-;-;Sat Jul 5 08:49:28 2014 +0200;1404542968;-;-;Sat Jul 5 08:49:28 2014 +0200;1404542968
6c41cc354c1e6575ff5f56147c3fcbe5b52c2e9b;6c41cc354c;-;-;Fri Jul 4 22:30:19 2014 +0200;1404505819;-;-;Fri Jul 4 22:30:19 2014 +0200;1404505819
7a7641bd23b7ac5d3ccc5623023c6fc959e2c3a6;7a7641bd23;-;-;Fri Jul 4 22:20:19 2014 +0200;1404505219;-;-;Fri Jul 4 22:20:19 2014 +0200;1404505219
4e257243f2dd2fdd5625286d01976b346a74f5d7;4e257243f2;-;-;Fri Jul 4 16:40:43 2014 +0200;1404484843;-;-;Fri Jul 4 16:45:23 2014 +0200;1404485123
58955236ee3640748cdea52360893b7078470e9b;58955236ee;-;-;Fri Jul 4 16:10:52 2014 +0200;1404483052;-;-;Fri Jul 4 16:11:28 2014 +0200;1404483088
b6a7957dc41362be5368ffacdfee8e74d1ffe5ac;b6a7957dc4;-;-;Fri Jul 4 16:09:06 2014 +0200;1404482946;-;-;Fri Jul 4 16:09:06 2014 +0200;1404482946
c2da8467320660a98897e5f3a2b7cf1c637146b3;c2da846732;-;-;Fri Jul 4 14:07:50 2014 +0200;1404475670;-;-;Fri Jul 4 14:08:56 2014 +0200;1404475736
134e5a2aecf913bcc184d5d3ae845a13d5369078;134e5a2aec;-;-;Fri Jul 4 00:25:43 2014 +0200;1404426343;-;-;Fri Jul 4 00:25:43 2014 +0200;1404426343
b5a5fffdfd6419708f50621c71eb1eeaf3540fe8;b5a5fffdfd;-;-;Thu Jul 3 22:26:24 2014 +0200;1404419184;-;-;Thu Jul 3 22:26:24 2014 +0200;1404419184
af13310da0d7bca7135d88e59bc8bc18c8ad683c;af13310da0;-;-;Thu Jul 3 22:24:36 2014 +0200;1404419076;-;-;Thu Jul 3 22:24:36 2014 +0200;1404419076
0d710f197e3ecdb926e6528175145fd273f82084;0d710f197e;-;-;Thu Jul 3 19:33:20 2014 +0200;1404408800;-;-;Thu Jul 3 19:33:20 2014 +0200;1404408800
62351e0f6e80959c8ff030556643797909c237c9;62351e0f6e;-;-;Thu Jul 3 17:00:25 2014 +0200;1404399625;-;-;Thu Jul 3 17:00:25 2014 +0200;1404399625
bdceaa481bfeff2785676ada7b75d03635c19a0d;bdceaa481b;-;-;Wed Jul 2 23:14:42 2014 +0200;1404335682;-;-;Wed Jul 2 23:14:42 2014 +0200;1404335682
90f0d14c8e441d52b5a5cb2c56c15e4d57592065;90f0d14c8e;-;-;Wed Jul 2 22:56:44 2014 +0200;1404334604;-;-;Wed Jul 2 22:56:44 2014 +0200;1404334604
526b463474323b89b9ffae654f63755b31c67a4d;526b463474;-;-;Wed Jul 2 20:53:52 2014 +0200;1404327232;-;-;Wed Jul 2 20:53:52 2014 +0200;1404327232
6d15fcc4a64c8bf332e8c3ff8e4bbbaee6e26fc4;6d15fcc4a6;-;-;Wed Jul 2 14:26:51 2014 -0400;1404325611;-;-;Wed Jul 2 14:26:51 2014 -0400;1404325611
59e02e63c427659e701cc371d210faf1a85c1d42;59e02e63c4;-;-;Wed Jul 2 13:47:48 2014 -0400;1404323268;-;-;Wed Jul 2 13:53:23 2014 -0400;1404323603
5614e257d1749b5a83091e4111f5107cbe645766;5614e257d1;-;-;Wed Jul 2 17:03:05 2014 +0200;1404313385;-;-;Wed Jul 2 17:03:05 2014 +0200;1404313385
c84b30d4a42bb9d0f7c9f665a1f8aa17fbf43d74;c84b30d4a4;-;-;Wed Jul 2 17:00:26 2014 +0200;1404313226;-;-;Wed Jul 2 17:00:26 2014 +0200;1404313226
ea4a5d4722797d061558da2195c0285c174a0623;ea4a5d4722;-;-;Mon Jun 30 15:25:30 2014 +0200;1404134730;-;-;Wed Jul 2 16:47:08 2014 +0200;1404312428
87cbade8beeae58abde5e13049ef9141831ce6b3;87cbade8be;-;-;Wed Jul 2 15:13:34 2014 +0200;1404306814;-;-;Wed Jul 2 15:13:34 2014 +0200;1404306814
367b0394a23451ba78e385d21c223f9df9a77664;367b0394a2;-;-;Wed Jul 2 15:04:41 2014 +0200;1404306281;-;-;Wed Jul 2 15:04:41 2014 +0200;1404306281
32b87079cb46767305172caa4b8832c38f54327d;32b87079cb;-;-;Wed Jul 2 13:10:19 2014 +0200;1404299419;-;-;Wed Jul 2 13:10:19 2014 +0200;1404299419
476864f3e91411b1f75c8777154c7d118341a6e3;476864f3e9;-;-;Tue Jul 1 23:32:27 2014 -0400;1404271947;-;-;Tue Jul 1 23:32:27 2014 -0400;1404271947
9e52004222addfe6498ed9eb6d8d8ad926ce21ea;9e52004222;-;-;Mon Jun 30 12:27:54 2014 +0200;1404124074;-;-;Tue Jul 1 22:47:02 2014 -0400;1404269222
d870b382da1c914d1095b88a9fb92835678f53d7;d870b382da;-;-;Tue Jul 1 23:50:17 2014 +0200;1404251417;-;-;Tue Jul 1 23:50:17 2014 +0200;1404251417
d3a87a13f7008d1211546673e4d37f61d61ad719;d3a87a13f7;-;-;Tue Jul 1 16:09:51 2014 -0400;1404245391;-;-;Tue Jul 1 16:10:00 2014 -0400;1404245400
f6fbdafb6a5b364bc2538b4f05a85fcc9be9fc51;f6fbdafb6a;-;-;Wed May 7 10:39:46 2014 +0200;1399451986;-;-;Tue Jul 1 16:10:00 2014 -0400;1404245400
b7984f21d814e729a969fafd11ba641165a6ad94;b7984f21d8;-;-;Tue Jul 1 20:30:31 2014 +0200;1404239431;-;-;Tue Jul 1 20:30:31 2014 +0200;1404239431
ec4e6e0b0e84d11f9e5abaf092d5bcb7410d8a52;ec4e6e0b0e;-;-;Tue Jul 1 20:30:23 2014 +0200;1404239423;-;-;Tue Jul 1 20:30:23 2014 +0200;1404239423
7a1f19b96cbdf1d5080ca3b5baed806cdc6ead22;7a1f19b96c;-;-;Tue Jul 1 14:22:23 2014 -0400;1404238943;-;-;Tue Jul 1 14:24:16 2014 -0400;1404239056
ce20abde51ac52dde2f318e28004af80cca886fe;ce20abde51;-;-;Tue Jul 1 15:15:09 2014 +0200;1404220509;-;-;Tue Jul 1 14:23:26 2014 -0400;1404239006
083d415fc4d54ce19f7939b3d837f1f1eda5732a;083d415fc4;-;-;Tue Jul 1 11:55:02 2014 +0200;1404208502;-;-;Tue Jul 1 14:23:06 2014 -0400;1404238986
669386abacf3774f5e9c3799b0d3533525032b10;669386abac;-;-;Tue Jul 1 17:57:48 2014 +0200;1404230268;-;-;Tue Jul 1 17:57:48 2014 +0200;1404230268
c60c1cec4548c76975182bc54a5532c899b956c6;c60c1cec45;-;-;Tue Jul 1 17:40:18 2014 +0200;1404229218;-;-;Tue Jul 1 17:40:18 2014 +0200;1404229218
f40d67cfecc1182469c848bc48715d661a5d7eed;f40d67cfec;-;-;Tue Jul 1 17:37:17 2014 +0200;1404229037;-;-;Tue Jul 1 17:37:17 2014 +0200;1404229037
ba522e5e552f80290cb00a127accc84b064eaf2d;ba522e5e55;-;-;Tue Jul 1 17:26:27 2014 +0200;1404228387;-;-;Tue Jul 1 17:26:27 2014 +0200;1404228387
5ed20d21b1e301280b525cdc0c602f09e4ccff83;5ed20d21b1;-;-;Tue Jul 1 17:20:43 2014 +0200;1404228043;-;-;Tue Jul 1 17:21:08 2014 +0200;1404228068
49e960c151ca2d940a48bd869dfa4e85d2c771ad;49e960c151;-;-;Tue Jul 1 16:35:00 2014 +0200;1404225300;-;-;Tue Jul 1 16:36:48 2014 +0200;1404225408
f8b611444072bea0a2755ba73b4dd15fe33098e5;f8b6114440;-;-;Tue Jul 1 16:29:40 2014 +0200;1404224980;-;-;Tue Jul 1 16:29:40 2014 +0200;1404224980
0451232eb40550c96090f4c7316e631a293e2be2;0451232eb4;-;-;Tue Jul 1 15:11:36 2014 +0200;1404220296;-;-;Tue Jul 1 15:14:31 2014 +0200;1404220471
7497391497a8d1c5d322343a5887a09851721054;7497391497;-;-;Tue Jul 1 14:46:38 2014 +0200;1404218798;-;-;Tue Jul 1 14:49:18 2014 +0200;1404218958
e90143e03b2972864c382114470dc88d7d70b124;e90143e03b;-;-;Tue Jul 1 12:52:09 2014 +0200;1404211929;-;-;Tue Jul 1 12:52:09 2014 +0200;1404211929
9c46cb6f4998e56e8b6dc86222dd7f55dec84eb0;9c46cb6f49;-;-;Tue Jul 1 12:51:33 2014 +0200;1404211893;-;-;Tue Jul 1 12:51:33 2014 +0200;1404211893
37ba1b966ee164ada46866e800bde317a238b4d7;37ba1b966e;-;-;Mon Jun 30 22:53:25 2014 +0200;1404161605;-;-;Mon Jun 30 22:53:25 2014 +0200;1404161605
06d3e1b94ef482c9055805abcff19be613ae31c4;06d3e1b94e;-;-;Mon Jun 30 13:27:19 2014 -0400;1404149239;-;-;Mon Jun 30 13:27:54 2014 -0400;1404149274
db616dc438566b6308bc467c2480d16a88c721c9;db616dc438;-;-;Mon Jun 30 14:55:43 2014 +0200;1404132943;-;-;Mon Jun 30 14:55:43 2014 +0200;1404132943
cee53e9330b1677921b466e255751dd28d0b4207;cee53e9330;-;-;Mon Jun 30 13:49:48 2014 +0200;1404128988;-;-;Mon Jun 30 13:49:48 2014 +0200;1404128988
71b942698de314cc0ebe0a235188029675922349;71b942698d;-;-;Sun Jun 29 22:56:53 2014 -0400;1404097013;-;-;Sun Jun 29 22:56:53 2014 -0400;1404097013
b1aebb2c0cd65d7aeaa153465a7797412b222747;b1aebb2c0c;-;-;Sun Jun 29 22:09:14 2014 -0400;1404094154;-;-;Sun Jun 29 22:09:54 2014 -0400;1404094194
974bd43f284c07e9c9d721978225be05f662a0b4;974bd43f28;-;-;Mon Jun 30 00:58:44 2014 +0200;1404082724;-;-;Mon Jun 30 00:58:44 2014 +0200;1404082724
fab67b0595bfaddd6692de830c7b54aea782d7b5;fab67b0595;-;-;Mon Jun 30 00:16:15 2014 +0200;1404080175;-;-;Mon Jun 30 00:16:15 2014 +0200;1404080175
cb40908a7d3c6fb330d3813692f7679501d9a54b;cb40908a7d;-;-;Sun Jun 29 17:35:00 2014 -0400;1404077700;-;-;Sun Jun 29 17:35:00 2014 -0400;1404077700
2b1ff4c5db781a3d0b5b83fab44e47cd7e64dbd6;2b1ff4c5db;-;-;Sun Jun 29 17:00:24 2014 -0400;1404075624;-;-;Sun Jun 29 17:00:24 2014 -0400;1404075624
9880d2b5f4e35e94bc6659d803503e2764497876;9880d2b5f4;-;-;Sun Jun 29 15:30:39 2014 -0400;1404070239;-;-;Sun Jun 29 15:30:39 2014 -0400;1404070239
7441f2301281049cff7224bf650646490388080e;7441f23012;-;-;Sun Jun 29 14:28:52 2014 -0400;1404066532;-;-;Sun Jun 29 14:28:52 2014 -0400;1404066532
7da3fb4ce6dc90048b2a3f661fa80f38bede8ed9;7da3fb4ce6;-;-;Sat Jun 28 23:09:14 2014 -0400;1404011354;-;-;Sun Jun 29 13:15:22 2014 -0400;1404062122
7dc2b2927e0168080619839ba63db5c4e820a6da;7dc2b2927e;-;-;Sat Jun 28 14:36:18 2014 -0400;1403980578;-;-;Sun Jun 29 13:15:21 2014 -0400;1404062121
3af488a701834f61b89cd84040605a6252962e9c;3af488a701;-;-;Sat Jun 28 14:33:00 2014 -0400;1403980380;-;-;Sun Jun 29 13:15:21 2014 -0400;1404062121
86de4169088235ccbfcd4264963ca49178c9ff14;86de416908;-;-;Sat Jun 28 14:01:13 2014 -0400;1403978473;-;-;Sun Jun 29 13:15:02 2014 -0400;1404062102
fac2d80054c1887a7e76af54b553b3c0f98207f9;fac2d80054;-;-;Sun Jun 29 17:36:50 2014 +0200;1404056210;-;-;Sun Jun 29 17:36:50 2014 +0200;1404056210
0232739293f637103a85f7b922d9f7006afc4b72;0232739293;-;-;Sun Jun 29 17:36:26 2014 +0200;1404056186;-;-;Sun Jun 29 17:36:26 2014 +0200;1404056186
1c91a52639ee61aa901b608c9115087de617536d;1c91a52639;-;-;Sat Jun 28 11:07:42 2014 -0400;1403968062;-;-;Sat Jun 28 11:07:42 2014 -0400;1403968062
9aa53abdf9a7ca6c8b9c760fe67cb171ca025c85;9aa53abdf9;-;-;Sat Jun 28 09:49:19 2014 -0400;1403963359;-;-;Sat Jun 28 09:49:19 2014 -0400;1403963359
045d7357d580be6b6d0f2884676cdd01932c401d;045d7357d5;-;-;Fri Jun 27 19:58:20 2014 +0200;1403891900;-;-;Fri Jun 27 19:58:20 2014 +0200;1403891900
cab0b97a83e40c7bd56ed84c3b2b2fa16c3a168e;cab0b97a83;-;-;Fri Jun 27 12:39:40 2014 -0400;1403887180;-;-;Fri Jun 27 12:43:52 2014 -0400;1403887432
7a5b3c1eed58b3d4b3051a8f19509e02a74e2ba9;7a5b3c1eed;-;-;Fri Jun 27 12:34:51 2014 -0400;1403886891;-;-;Fri Jun 27 12:43:52 2014 -0400;1403887432
682a910bb6ce52da12109433cba27db7aeba37fe;682a910bb6;-;-;Fri Jun 27 17:07:06 2014 +0200;1403881626;-;-;Fri Jun 27 17:07:06 2014 +0200;1403881626
b0979cbab6578c1f5f5a6757c9e80731faa7022d;b0979cbab6;-;-;Fri Jun 27 11:28:09 2014 +0200;1403861289;-;-;Fri Jun 27 11:28:09 2014 +0200;1403861289
17d15cc495a9a00306956c2255df77b3ec5d31a9;17d15cc495;-;-;Fri Jun 27 11:04:41 2014 +0200;1403859881;-;-;Fri Jun 27 11:04:41 2014 +0200;1403859881
bc714888c4f0b970792e29f1e3e7bb8682d60cb4;bc714888c4;-;-;Fri Jun 27 10:59:18 2014 +0200;1403859558;-;-;Fri Jun 27 11:00:41 2014 +0200;1403859641
113fd1180a14656a89d6d6639d259c577d70fbc5;113fd1180a;-;-;Fri Jun 27 03:39:47 2014 -0400;1403854787;-;-;Fri Jun 27 04:06:06 2014 -0400;1403856366
b2f6445058756fca1534dad0124bbddb5560996e;b2f6445058;-;-;Fri Jun 27 10:01:27 2014 +0200;1403856087;-;-;Fri Jun 27 10:01:27 2014 +0200;1403856087
24cdefb785cb8eb6d3edbbc81bf29e395ef034e0;24cdefb785;-;-;Thu Jun 26 23:39:17 2014 +0200;1403818757;-;-;Thu Jun 26 23:47:10 2014 +0200;1403819230
8221c9abc5b5215bbf88e512f6f8060a9afd3ad3;8221c9abc5;-;-;Thu Jun 26 19:19:56 2014 +0200;1403803196;-;-;Thu Jun 26 19:22:02 2014 +0200;1403803322
442bd682a7f5fee8664f1e19354c7d0c3e624fdc;442bd682a7;-;-;Thu Jun 26 18:14:51 2014 +0200;1403799291;-;-;Thu Jun 26 18:14:51 2014 +0200;1403799291
a9b650fd0f83c563593b3d579806947779718bf9;a9b650fd0f;-;-;Thu Jun 26 18:12:44 2014 +0200;1403799164;-;-;Thu Jun 26 18:12:44 2014 +0200;1403799164
9796af72db122a75ed43e15acecbc463b8c40ef0;9796af72db;-;-;Thu Jun 26 10:03:03 2014 -0400;1403791383;-;-;Thu Jun 26 10:07:00 2014 -0400;1403791620
a3fa9c979777e554efad0df429041767f05dfdb8;a3fa9c9797;-;-;Thu Jun 26 09:38:46 2014 -0400;1403789926;-;-;Thu Jun 26 10:07:00 2014 -0400;1403791620
98d6f7b4436b9889602ef2253eced4660ff2e6b9;98d6f7b443;-;-;Thu Jun 26 16:01:24 2014 +0200;1403791284;-;-;Thu Jun 26 16:01:24 2014 +0200;1403791284
35067790f386b03834bb14b228da462153d27b0b;35067790f3;-;-;Thu Jun 26 15:55:40 2014 +0200;1403790940;-;-;Thu Jun 26 15:55:40 2014 +0200;1403790940
46dc07a005472cca8fb34468ad29cb043f7f2769;46dc07a005;-;-;Thu Jun 26 15:19:17 2014 +0200;1403788757;-;-;Thu Jun 26 15:19:17 2014 +0200;1403788757
50b21d061f66289df97de396069c19b5cd0bb073;50b21d061f;-;-;Thu Jun 26 14:40:51 2014 +0200;1403786451;-;-;Thu Jun 26 14:41:06 2014 +0200;1403786466
158cb346a5d6512da44685ea42fe4f0110e50151;158cb346a5;-;-;Thu Jun 26 14:30:57 2014 +0200;1403785857;-;-;Thu Jun 26 14:41:06 2014 +0200;1403786466
e73b8b31f86908aff2ffbcd6d89d01c78aac7a0e;e73b8b31f8;-;-;Thu Jun 26 14:28:53 2014 +0200;1403785733;-;-;Thu Jun 26 14:41:05 2014 +0200;1403786465
8ea0d8eea1578923a4fa9ee2c8eab60a83501510;8ea0d8eea1;-;-;Thu Jun 26 12:21:21 2014 +0200;1403778081;-;-;Thu Jun 26 12:21:21 2014 +0200;1403778081
cc917de24de5a99ac51c1cdd15eab0d7ccdf6430;cc917de24d;-;-;Thu Jun 26 11:44:07 2014 +0200;1403775847;-;-;Thu Jun 26 11:44:07 2014 +0200;1403775847
b3e3c5312f73194121e566e75ade58108925a15c;b3e3c5312f;-;-;Thu Jun 26 11:43:03 2014 +0200;1403775783;-;-;Thu Jun 26 11:43:03 2014 +0200;1403775783
591f79514d47ab21ed754818463ba1e4c668b5a9;591f79514d;-;-;Thu Jun 26 11:25:50 2014 +0200;1403774750;-;-;Thu Jun 26 11:25:50 2014 +0200;1403774750
9919a9823106d2572ffd200cacd4610554602a01;9919a98231;-;-;Wed Jun 25 23:12:35 2014 +0200;1403730755;-;-;Wed Jun 25 23:12:35 2014 +0200;1403730755
0f47732523865e360bfe8de4ba9ec708e0accaa0;0f47732523;-;-;Wed Jun 25 15:51:36 2014 -0400;1403725896;-;-;Wed Jun 25 15:51:42 2014 -0400;1403725902
502022acca84a446a6894e132dd73a8c59deebf8;502022acca;-;-;Wed Jun 25 21:25:00 2014 +0200;1403724300;-;-;Wed Jun 25 21:25:00 2014 +0200;1403724300
6ad79e03c615d7dca2ab4b2ae7bf8ba6881448bc;6ad79e03c6;-;-;Wed Jun 25 15:08:42 2014 -0400;1403723322;-;-;Wed Jun 25 15:08:42 2014 -0400;1403723322
3ed9885dc501c76636d1bc36a96ba0434b2e5858;3ed9885dc5;-;-;Wed Jun 25 14:10:29 2014 -0400;1403719829;-;-;Wed Jun 25 14:10:29 2014 -0400;1403719829
b6255128bf7a32384f03e985d79b8bb03c3dd8a0;b6255128bf;-;-;Wed Jun 25 13:46:15 2014 +0200;1403696775;-;-;Wed Jun 25 13:46:15 2014 +0200;1403696775
d239016a8c831e98fa615a4ef7ea6f664121ffa2;d239016a8c;-;-;Wed Jun 25 13:19:28 2014 +0200;1403695168;-;-;Wed Jun 25 13:19:28 2014 +0200;1403695168
f966bf683cc242496d4922c7093f966c474b4cad;f966bf683c;-;-;Wed Jun 25 12:44:17 2014 +0200;1403693057;-;-;Wed Jun 25 12:44:17 2014 +0200;1403693057
779ca99f38de3da382852f89faf84f87bfa50d9e;779ca99f38;-;-;Wed Jun 25 12:36:51 2014 +0200;1403692611;-;-;Wed Jun 25 12:36:51 2014 +0200;1403692611
b4e16eacc5663f72be073cd4fdc83e0bdc0b5630;b4e16eacc5;-;-;Tue Jun 24 23:41:51 2014 +0200;1403646111;-;-;Wed Jun 25 10:10:25 2014 +0200;1403683825
2d892da641f7f923856195fa636f73d4ce43f72b;2d892da641;-;-;Tue Jun 24 21:20:57 2014 +0200;1403637657;-;-;Tue Jun 24 21:20:57 2014 +0200;1403637657
938a2846c8e01f99b624f48b77627e0e132c2bd4;938a2846c8;-;-;Tue Jun 24 21:07:08 2014 +0200;1403636828;-;-;Tue Jun 24 21:07:08 2014 +0200;1403636828
d6635802c4fb9048aacece1e09734ac6626f475f;d6635802c4;-;-;Tue Jun 24 20:57:09 2014 +0200;1403636229;-;-;Tue Jun 24 20:57:09 2014 +0200;1403636229
a6f3f101e49b056822661c84614a7e8578a781d3;a6f3f101e4;-;-;Tue Jun 24 19:26:53 2014 +0200;1403630813;-;-;Tue Jun 24 19:26:53 2014 +0200;1403630813
13c4a0396d0bb20846d3f5e09108a877c6052389;13c4a0396d;-;-;Tue Jun 24 18:16:53 2014 +0200;1403626613;-;-;Tue Jun 24 18:18:05 2014 +0200;1403626685
18131bf611e5eb89e5d9f8fb58dcab591444d80b;18131bf611;-;-;Tue Jun 24 14:02:05 2014 +0200;1403611325;-;-;Tue Jun 24 14:02:05 2014 +0200;1403611325
2c0c081bbb31bd63efbac3c90550ff6bfd3e166a;2c0c081bbb;-;-;Tue Jun 24 13:36:04 2014 +0200;1403609764;-;-;Tue Jun 24 13:36:04 2014 +0200;1403609764
fd809cd18ec1603bfb2b77eda9e4c2b86de5b396;fd809cd18e;-;-;Tue Jun 24 11:01:37 2014 +0200;1403600497;-;-;Tue Jun 24 11:01:37 2014 +0200;1403600497
f1517f03ff3959df2dd18bb3c40eef58e5f1b4ef;f1517f03ff;-;-;Sun Jun 22 15:40:41 2014 +0200;1403444441;-;-;Sun Jun 22 15:40:41 2014 +0200;1403444441
0c1249fe42cb9bc057ee34584c04dd8987718092;0c1249fe42;-;-;Fri Jun 20 14:37:45 2014 +0200;1403267865;-;-;Fri Jun 20 14:37:45 2014 +0200;1403267865
abdb010fc81892fbe442d51c12924104a6b23667;abdb010fc8;-;-;Fri Jun 20 14:33:23 2014 +0200;1403267603;-;-;Fri Jun 20 14:33:23 2014 +0200;1403267603
d801f9da892d26aef40b7cd699f860ae6ae9a466;d801f9da89;-;-;Fri Jun 20 01:03:01 2014 +0200;1403218981;-;-;Fri Jun 20 01:03:01 2014 +0200;1403218981
dfc370c368cd45863c41ab65ca09a87f6b4a1250;dfc370c368;-;-;Thu Jun 19 23:09:12 2014 +0200;1403212152;-;-;Thu Jun 19 23:09:12 2014 +0200;1403212152
03f3412434b769d6545fa3c3aa3e83ae21f06705;03f3412434;-;-;Thu Jun 19 22:30:10 2014 +0200;1403209810;-;-;Thu Jun 19 22:30:10 2014 +0200;1403209810
6f68b034ca269462bf8798b78d3647474be91e5a;6f68b034ca;-;-;Thu Jun 19 22:24:04 2014 +0200;1403209444;-;-;Thu Jun 19 22:24:04 2014 +0200;1403209444
ab5aea5a1346cf489e8c727c3d4ee563352b3787;ab5aea5a13;-;-;Thu Jun 19 21:25:46 2014 +0200;1403205946;-;-;Thu Jun 19 21:25:46 2014 +0200;1403205946
bc1f19ce18e9ad35d8127048737d6e6e9c276eb3;bc1f19ce18;-;-;Thu Jun 19 21:14:43 2014 +0200;1403205283;-;-;Thu Jun 19 21:14:43 2014 +0200;1403205283
cff36d68b1b34035d5103c913fd01e962023b2ab;cff36d68b1;-;-;Thu Jun 19 15:33:06 2014 +0200;1403184786;-;-;Thu Jun 19 15:33:06 2014 +0200;1403184786
ef25b9e7afd35046b5c69aa98786e489382f56c1;ef25b9e7af;-;-;Wed Jun 18 23:39:19 2014 +0200;1403127559;-;-;Wed Jun 18 23:39:19 2014 +0200;1403127559
88eabe874c2bbb5aa9fb6996e23bf3cc33ec13ee;88eabe874c;-;-;Tue Jun 17 21:58:11 2014 +0200;1403035091;-;-;Tue Jun 17 21:58:11 2014 +0200;1403035091
bb4a9cca1bfa5d5e887b98ec13d4a9f553dace06;bb4a9cca1b;-;-;Mon Jun 16 17:06:52 2014 -0400;1402952812;-;-;Mon Jun 16 17:06:52 2014 -0400;1402952812
cf9d519e979f98a7fcd92f38d994b2cbfc36ae94;cf9d519e97;-;-;Mon Jun 16 15:42:31 2014 -0400;1402947751;-;-;Mon Jun 16 15:42:31 2014 -0400;1402947751
0dc6082b01606c3c996b728541467ba5104b747f;0dc6082b01;-;-;Thu Jun 12 23:50:26 2014 -0400;1402631426;-;-;Mon Jun 16 14:16:56 2014 -0400;1402942616
c2356e57c8d9160e22d99f39279a32c5944b5b53;c2356e57c8;-;-;Fri Jun 13 18:19:10 2014 +0200;1402676350;-;-;Fri Jun 13 18:19:10 2014 +0200;1402676350
98a224fed9f6c36e9e504d107945c9034e055851;98a224fed9;-;-;Thu Jun 12 14:04:54 2014 +0200;1402574694;-;-;Thu Jun 12 14:04:54 2014 +0200;1402574694
72baa9bf2741b599ed1d848521e167e644ab7fb5;72baa9bf27;-;-;Thu Jun 12 10:54:41 2014 +0200;1402563281;-;-;Thu Jun 12 10:54:41 2014 +0200;1402563281
e18e44980d26987035ef8600fa423ec910681297;e18e44980d;-;-;Thu Jun 12 10:22:53 2014 +0200;1402561373;-;-;Thu Jun 12 10:22:53 2014 +0200;1402561373
9f4d4d18297581ad770a6281097f733c4f6342d3;9f4d4d1829;-;-;Wed Jun 11 22:40:48 2014 -0400;1402540848;-;-;Wed Jun 11 22:40:48 2014 -0400;1402540848
c809143cc4100568c642d73d70bd5f7190019895;c809143cc4;-;-;Wed Jun 11 17:45:19 2014 -0400;1402523119;-;-;Wed Jun 11 17:45:19 2014 -0400;1402523119
d746e3fbfaee246055f1629d53513879e41540c0;d746e3fbfa;-;-;Wed Jun 11 20:43:08 2014 +0200;1402512188;-;-;Wed Jun 11 20:51:09 2014 +0200;1402512669
ce0473f92672771a198bd9ccf64ce8fc900f19cc;ce0473f926;-;-;Wed May 28 13:28:38 2014 -0400;1401298118;-;-;Wed Jun 11 20:51:09 2014 +0200;1402512669
f829cd1b35c160708b205302cd99df58059492c4;f829cd1b35;-;-;Fri Jan 31 15:47:11 2014 +0100;1391179631;-;-;Wed Jun 11 20:51:09 2014 +0200;1402512669
80a16c6d10a5ede0c32a3fdfb842e316715e52f7;80a16c6d10;-;-;Fri May 30 21:24:19 2014 +0200;1401477859;-;-;Wed Jun 11 17:07:04 2014 +0200;1402499224
014ea963fe6815c68888fa83437376fd14d6872b;014ea963fe;-;-;Wed Jun 11 11:58:44 2014 +0200;1402480724;-;-;Wed Jun 11 11:58:44 2014 +0200;1402480724
9ba9f562f2a75cea06db81eb8e947e6d4153ca43;9ba9f562f2;-;-;Wed Jun 11 11:51:10 2014 +0200;1402480270;-;-;Wed Jun 11 11:51:10 2014 +0200;1402480270
b214db3fc8bfac8a179fe439e7e3b8485bf512c2;b214db3fc8;-;-;Tue Jun 10 18:51:22 2014 -0400;1402440682;-;-;Tue Jun 10 18:51:22 2014 -0400;1402440682
6b129c52e3bbcc4d301ad7604d43f39c64d346a1;6b129c52e3;-;-;Tue Jun 10 18:11:11 2014 -0400;1402438271;-;-;Tue Jun 10 18:11:11 2014 -0400;1402438271
214064824680bb60eca256c99f09f48996a7c235;2140648246;-;-;Tue Jun 10 15:03:17 2014 -0400;1402426997;-;-;Tue Jun 10 15:03:17 2014 -0400;1402426997
5b02222a9f20c67780ea54c94c6da8d6ef4879a4;5b02222a9f;-;-;Tue Jun 10 11:59:11 2014 -0400;1402415951;-;-;Tue Jun 10 11:59:11 2014 -0400;1402415951
0ecfa8e40491c2d1d62d8fde9f170ba70680e94f;0ecfa8e404;-;-;Tue Jun 3 15:50:50 2014 +0200;1401803450;-;-;Tue Jun 10 11:37:53 2014 -0400;1402414673
6b6b008c1fa4bc40e676803a966917d90ced78fc;6b6b008c1f;-;-;Tue Jun 10 16:51:13 2014 +0200;1402411873;-;-;Tue Jun 10 16:51:13 2014 +0200;1402411873
5cc779ab356a640f7f51e1d47d75ca74150ec218;5cc779ab35;-;-;Tue Jun 10 10:58:05 2014 +0200;1402390685;-;-;Tue Jun 10 10:58:05 2014 +0200;1402390685
d1c780f5b54aeb42339ca49c181c56f501db9038;d1c780f5b5;-;-;Tue Jun 10 10:22:27 2014 +0200;1402388547;-;-;Tue Jun 10 10:22:27 2014 +0200;1402388547
fc91add35ee7c51e854d80838bfceed545873801;fc91add35e;-;-;Mon Jun 9 17:39:02 2014 -0400;1402349942;-;-;Mon Jun 9 17:42:43 2014 -0400;1402350163
0cb6f8c88ccf2251f66f0a0c5c81d55b965dbad3;0cb6f8c88c;-;-;Mon Jun 9 09:38:26 2014 -0400;1402321106;-;-;Mon Jun 9 09:39:17 2014 -0400;1402321157
5dc27ee134d28c7b25d0f6d3e9059f80c95d4402;5dc27ee134;-;-;Tue May 27 12:07:40 2014 +0200;1401185260;-;-;Mon Jun 9 09:39:17 2014 -0400;1402321157
56a82c1cbe8276408f9fff06cfb1ac9da7961a80;56a82c1cbe;-;-;Sat Jun 7 16:07:56 2014 -0400;1402171676;-;-;Sat Jun 7 16:21:36 2014 -0400;1402172496
e374769ecca75cfe6b689ff0ca92c75956a952dd;e374769ecc;-;-;Fri Jun 6 13:40:49 2014 -0400;1402076449;-;-;Sat Jun 7 16:21:35 2014 -0400;1402172495
f442ce180e9c371906988cf0b504d51fa9948a02;f442ce180e;-;-;Sat Jun 7 14:13:45 2014 +0200;1402143225;-;-;Sat Jun 7 14:13:45 2014 +0200;1402143225
af4621d99608d34076112fc6eab22bea921e16be;af4621d996;-;-;Sat Jun 7 00:29:09 2014 +0200;1402093749;-;-;Sat Jun 7 00:29:09 2014 +0200;1402093749
ea346d59b3b97b9bbbe7a3472307e5f9353065f3;ea346d59b3;-;-;Sat Jun 7 00:25:06 2014 +0200;1402093506;-;-;Sat Jun 7 00:25:06 2014 +0200;1402093506
ae66e45887480ff6ffffdc6dadba39ec60a74a33;ae66e45887;-;-;Sat Jun 7 00:24:45 2014 +0200;1402093485;-;-;Sat Jun 7 00:24:45 2014 +0200;1402093485
85b2c7d116b79070411709fe522db6af23096dfb;85b2c7d116;-;-;Fri Jun 6 18:43:29 2014 +0200;1402073009;-;-;Fri Jun 6 18:43:29 2014 +0200;1402073009
de1a41ac275da81ead9dfd241c6ca1266adab75a;de1a41ac27;-;-;Fri Jun 6 12:07:14 2014 -0400;1402070834;-;-;Fri Jun 6 12:07:14 2014 -0400;1402070834
c269d27bde63d3df2fed324ee7009d4dc63e6411;c269d27bde;-;-;Fri Jun 6 11:25:15 2014 -0400;1402068315;-;-;Fri Jun 6 11:25:15 2014 -0400;1402068315
9706e5cc99b0553b88178ac669f46839c747b81b;9706e5cc99;-;-;Fri Jun 6 10:30:40 2014 -0400;1402065040;-;-;Fri Jun 6 10:32:04 2014 -0400;1402065124
5cb3f8eada1895628e15a4420b6a335f12ecaeca;5cb3f8eada;-;-;Fri Jun 6 15:29:50 2014 +0200;1402061390;-;-;Fri Jun 6 15:29:50 2014 +0200;1402061390
7d03daf8cbfdb08740af067a18cbdde51a05f7c0;7d03daf8cb;-;-;Fri Jun 6 14:41:01 2014 +0200;1402058461;-;-;Fri Jun 6 14:41:01 2014 +0200;1402058461
6aa9c40552c8b446ffcbd71bf2edc17b5ca38c77;6aa9c40552;-;-;Fri Jun 6 14:01:38 2014 +0200;1402056098;-;-;Fri Jun 6 14:01:38 2014 +0200;1402056098
bb8d0f17404cd764f0eca5c82b3640b37c2a2960;bb8d0f1740;-;-;Fri Jun 6 08:01:33 2014 +0200;1402034493;-;-;Fri Jun 6 08:01:33 2014 +0200;1402034493
f48bdafd520e045b6f00f84e9e36fd0ba5fb38e8;f48bdafd52;-;-;Thu Jun 5 21:09:29 2014 +0200;1401995369;-;-;Thu Jun 5 21:09:29 2014 +0200;1401995369
56ad0cf3e1fd6bee9aaefda8a22462d429162a2b;56ad0cf3e1;-;-;Thu Jun 5 21:00:37 2014 +0200;1401994837;-;-;Thu Jun 5 21:00:37 2014 +0200;1401994837
f2c37fcdb4dc51ae38f93de2fb34b96d794e1f5f;f2c37fcdb4;-;-;Thu Jun 5 20:51:20 2014 +0200;1401994280;-;-;Thu Jun 5 20:51:20 2014 +0200;1401994280
ae29f48f5f6ab1573f118eda8a7b996a71d2b304;ae29f48f5f;-;-;Thu Jun 5 20:12:45 2014 +0200;1401991965;-;-;Thu Jun 5 20:12:45 2014 +0200;1401991965
8fb0f5c7d1a4d42e43ecce8c7f8e7dfa5f635f16;8fb0f5c7d1;-;-;Thu Jun 5 15:09:02 2014 +0200;1401973742;-;-;Thu Jun 5 15:09:02 2014 +0200;1401973742
5a8e470ede922249eae77154666829a3fec2bf52;5a8e470ede;-;-;Wed Jun 4 22:48:34 2014 +0200;1401914914;-;-;Wed Jun 4 22:48:34 2014 +0200;1401914914
2cf88ac6a37fc6f31def84fe8181bf3b4a6cc009;2cf88ac6a3;-;-;Wed Jun 4 21:49:23 2014 +0200;1401911363;-;-;Wed Jun 4 21:49:23 2014 +0200;1401911363
f7b465390cf99a14bdbfe3c4dbfb17938f3332e2;f7b465390c;-;-;Wed Jun 4 21:34:23 2014 +0200;1401910463;-;-;Wed Jun 4 21:34:23 2014 +0200;1401910463
77cbc53d1e25aafe9dc9138ddbde9d943097f0f4;77cbc53d1e;-;-;Wed Jun 4 21:17:36 2014 +0200;1401909456;-;-;Wed Jun 4 21:17:36 2014 +0200;1401909456
001d0e734c3641b37de9cc38c526a41f9af8ed48;001d0e734c;-;-;Wed Jun 4 14:55:43 2014 +0200;1401886543;-;-;Wed Jun 4 21:04:13 2014 +0200;1401908653
64bb3087635227239f2be535b1892f09d5b2e3e0;64bb308763;-;-;Wed Jun 4 13:22:11 2014 +0200;1401880931;-;-;Wed Jun 4 13:22:11 2014 +0200;1401880931
674bad4cfa21f40f9d8103ce729c54c2092a9f93;674bad4cfa;-;-;Mon Jun 2 15:50:28 2014 +0200;1401717028;-;-;Mon Jun 2 17:52:03 2014 +0200;1401724323
aaae10ce3bc096711e16154880f0565a15912bd2;aaae10ce3b;-;-;Mon May 26 11:41:28 2014 +0200;1401097288;-;-;Mon Jun 2 15:00:51 2014 +0200;1401714051
c9d0ebd730953ef693edf275b57cfeeb9bf15af9;c9d0ebd730;-;-;Fri May 30 17:01:28 2014 -0400;1401483688;-;-;Fri May 30 17:02:28 2014 -0400;1401483748
2655c507e041fb3c245d550b33ba7f1b21fc341e;2655c507e0;-;-;Fri May 30 16:29:35 2014 -0400;1401481775;-;-;Fri May 30 17:02:28 2014 -0400;1401483748
5eecb138f63894ffc5b385d0330484fd41ad77d0;5eecb138f6;-;-;Fri May 30 22:04:40 2014 +0200;1401480280;-;-;Fri May 30 22:04:40 2014 +0200;1401480280
31f2f2030768d44d632968f3af598153568c41e3;31f2f20307;-;-;Fri May 30 21:37:01 2014 +0200;1401478621;-;-;Fri May 30 21:37:01 2014 +0200;1401478621
b4954780aaa7d36e00826b86b269fa60173e901f;b4954780aa;-;-;Fri May 30 18:14:36 2014 +0200;1401466476;-;-;Fri May 30 18:14:36 2014 +0200;1401466476
4372dac002be4dd9be9568fafb442cde5b6d1ada;4372dac002;-;-;Fri May 30 11:57:29 2014 -0400;1401465449;-;-;Fri May 30 12:04:32 2014 -0400;1401465872
0dddb6f3e19377cb397f0396e85734df2c19c2b6;0dddb6f3e1;-;-;Wed May 28 13:01:45 2014 +0300;1401271305;-;-;Fri May 30 12:04:32 2014 -0400;1401465872
5ed9bedf32d66b97d7f939f362cd91e635a4faf0;5ed9bedf32;-;-;Fri May 30 17:35:00 2014 +0200;1401464100;-;-;Fri May 30 17:35:00 2014 +0200;1401464100
e4aabd5288c981a0ec0d9a21d94e4eca58206c9b;e4aabd5288;-;-;Fri May 30 17:27:34 2014 +0200;1401463654;-;-;Fri May 30 17:27:34 2014 +0200;1401463654
4e17685008c0e189bd7a388ba30d8416ae225b51;4e17685008;-;-;Fri May 30 17:27:14 2014 +0200;1401463634;-;-;Fri May 30 17:27:14 2014 +0200;1401463634
e4ad9c5204196e35a616b80c0a53df80e04af2ce;e4ad9c5204;-;-;Fri May 30 14:53:09 2014 +0200;1401454389;-;-;Fri May 30 14:53:09 2014 +0200;1401454389
987806f7c22920bf7e9e7df2af042421a6a7ff33;987806f7c2;-;-;Fri May 30 14:35:01 2014 +0200;1401453301;-;-;Fri May 30 14:35:01 2014 +0200;1401453301
8ee94a439260d727b70c03026e491f231747f00b;8ee94a4392;-;-;Fri May 30 13:31:02 2014 +0200;1401449462;-;-;Fri May 30 13:31:02 2014 +0200;1401449462
4b291c665c202e73f701d6bd978186635122467a;4b291c665c;-;-;Thu May 29 18:18:55 2014 +0200;1401380335;-;-;Thu May 29 18:18:55 2014 +0200;1401380335
d46b29e71f783bc21553ed11921cbb0bca51b49c;d46b29e71f;-;-;Thu May 29 17:26:25 2014 +0200;1401377185;-;-;Thu May 29 17:26:25 2014 +0200;1401377185
12a9df8a1c1a24afdaabd615de33ed265250fa4d;12a9df8a1c;-;-;Wed May 28 16:48:48 2014 +0200;1401288528;-;-;Wed May 28 16:48:48 2014 +0200;1401288528
8dec1db914c1b7465019e100b640523c6482d51f;8dec1db914;-;-;Wed May 28 12:45:26 2014 +0200;1401273926;-;-;Wed May 28 12:45:26 2014 +0200;1401273926
3944f7ad97e59eab914f82d16fa918ead534a0d9;3944f7ad97;-;-;Tue May 27 21:27:35 2014 -0400;1401240455;-;-;Tue May 27 21:27:35 2014 -0400;1401240455
6966e89578e6c5ce18224bbbb3a3ecf809757661;6966e89578;-;-;Tue May 27 20:43:57 2014 -0400;1401237837;-;-;Tue May 27 20:54:22 2014 -0400;1401238462
e3e8a3eb402b406a2e38458846547511c9bde42c;e3e8a3eb40;-;-;Wed May 28 00:17:03 2014 +0200;1401229023;-;-;Wed May 28 00:17:03 2014 +0200;1401229023
8220832c4e8424b42a0e6d86529cffd3f42ea636;8220832c4e;-;-;Tue May 27 18:29:51 2014 +0200;1401208191;-;-;Tue May 27 18:29:51 2014 +0200;1401208191
22a38d4547aa8b227b768ee4d8bb489ae1b1d9d6;22a38d4547;-;-;Tue May 27 18:26:48 2014 +0200;1401208008;-;-;Tue May 27 18:26:48 2014 +0200;1401208008
d9f8ee886e74bba78a228688c6e1c3d3397eb70c;d9f8ee886e;-;-;Tue May 27 18:15:34 2014 +0200;1401207334;-;-;Tue May 27 18:15:34 2014 +0200;1401207334
8f2ed66b4af93df15ef09681efd40a31b75d976d;8f2ed66b4a;-;-;Tue May 27 17:43:31 2014 +0200;1401205411;-;-;Tue May 27 17:43:31 2014 +0200;1401205411
bb6e07bd3a957d5c44fdb0574c7a51c6c8d9fa68;bb6e07bd3a;-;-;Mon May 26 13:39:38 2014 +0200;1401104378;-;-;Mon May 26 13:39:38 2014 +0200;1401104378
05041ff39aa57df2897f503a3fa2d03275d03e91;05041ff39a;-;-;Mon May 26 10:40:32 2014 +0200;1401093632;-;-;Mon May 26 10:40:32 2014 +0200;1401093632
9fabcad3dd40296620e0c2832f9f045076600966;9fabcad3dd;-;-;Mon May 26 09:32:54 2014 +0200;1401089574;-;-;Mon May 26 09:35:03 2014 +0200;1401089703
31c07dbfa435f1ac47c73315ec8999b65ec34d32;31c07dbfa4;-;-;Sat May 24 22:39:20 2014 +0200;1400963960;-;-;Sat May 24 22:39:20 2014 +0200;1400963960
e3a6fce403901499c18b8a794be02e7b46af268b;e3a6fce403;-;-;Thu May 22 22:20:55 2014 -0400;1400811655;-;-;Thu May 22 22:23:00 2014 -0400;1400811780
bc3ca2dea1719d34a16e1b2989e770801eacadcb;bc3ca2dea1;-;-;Wed May 21 18:11:49 2014 -0400;1400710309;-;-;Thu May 22 22:21:52 2014 -0400;1400811712
811330f5c86d45c9bae2834045f25963b986fe47;811330f5c8;-;-;Wed May 14 16:07:08 2014 -0500;1400101628;-;-;Thu May 22 22:21:52 2014 -0400;1400811712
9952973e01790784b54fb804be07b849b1bc76f4;9952973e01;-;-;Wed May 21 08:32:46 2014 +0200;1400653966;-;-;Wed May 21 09:03:18 2014 +0200;1400655798
1338d46a6ed6595dc73f3cac675d7e6c04f17da1;1338d46a6e;-;-;Mon May 19 22:10:51 2014 -0400;1400551851;-;-;Tue May 20 12:13:44 2014 -0400;1400602424
05e96ee44817d40c7a60734bd4b8ec577d6e5194;05e96ee448;-;-;Tue May 20 10:02:27 2014 +0200;1400572947;-;-;Tue May 20 16:39:34 2014 +0200;1400596774
c7d1c49d6d3ab57333530a8f9abf66367ddfea4c;c7d1c49d6d;-;-;Tue May 20 11:10:16 2014 +0200;1400577016;-;-;Tue May 20 11:10:16 2014 +0200;1400577016
6fef8b996c3ac60d9c3d6c2626a5debdecb3c67b;6fef8b996c;-;-;Tue May 20 10:46:06 2014 +0200;1400575566;-;-;Tue May 20 10:46:06 2014 +0200;1400575566
8e096aeef55287dc829484996c9330cf755891a1;8e096aeef5;-;-;Mon May 19 22:45:12 2014 -0400;1400553912;-;-;Mon May 19 22:45:12 2014 -0400;1400553912
61b47ba7d90ecaf37c61ecacc1fb19de57ed4b1b;61b47ba7d9;-;-;Tue May 20 01:43:01 2014 +0200;1400542981;-;-;Tue May 20 01:43:01 2014 +0200;1400542981
a16eeabc4e7e4281a83f175e2d56a097f7d7ab07;a16eeabc4e;-;-;Tue May 20 01:13:18 2014 +0200;1400541198;-;-;Tue May 20 01:26:08 2014 +0200;1400541968
d9b39ad6910708a0ab6d2dc3fa7e2b3a5afc04fa;d9b39ad691;-;-;Tue May 20 00:37:09 2014 +0200;1400539029;-;-;Tue May 20 00:37:09 2014 +0200;1400539029
73c9d0902415fe1b53ed8e18da3a836aa51524d6;73c9d09024;-;-;Tue May 20 00:35:09 2014 +0200;1400538909;-;-;Tue May 20 00:35:09 2014 +0200;1400538909
03ce4a502483644b9f53d5be7df2c7b0b1112552;03ce4a5024;-;-;Tue May 20 00:31:24 2014 +0200;1400538684;-;-;Tue May 20 00:31:24 2014 +0200;1400538684
cfc720db25d3266c172cd180f6db401dd70caf33;cfc720db25;-;-;Mon May 19 22:29:27 2014 +0200;1400531367;-;-;Mon May 19 22:29:27 2014 +0200;1400531367
295a6aeed6d0145bb3b09693cf3784cf506dff96;295a6aeed6;-;-;Mon May 19 22:29:19 2014 +0200;1400531359;-;-;Mon May 19 22:29:19 2014 +0200;1400531359
1285467fe64807ce218ef7fc959b54923d7c5f9b;1285467fe6;-;-;Mon May 19 22:29:10 2014 +0200;1400531350;-;-;Mon May 19 22:29:10 2014 +0200;1400531350
51fc3b4aaf01a3d8f8f0f9ec98f5e5c1215cc096;51fc3b4aaf;-;-;Sun May 18 19:20:58 2014 -0400;1400455258;-;-;Mon May 19 15:47:16 2014 -0400;1400528836
96b18c8dc22c0c57605a594b21ceec84ec16ee37;96b18c8dc2;-;-;Sun May 18 17:30:21 2014 -0400;1400448621;-;-;Mon May 19 15:47:16 2014 -0400;1400528836
f73a8baec74a2dbdcc9ef5727d84f12cb419325f;f73a8baec7;-;-;Mon May 19 20:31:22 2014 +0200;1400524282;-;-;Mon May 19 20:31:22 2014 +0200;1400524282
2619955fc30dc401f46a01fdc66a9ae3bedd9956;2619955fc3;-;-;Mon May 19 20:18:50 2014 +0200;1400523530;-;-;Mon May 19 20:18:50 2014 +0200;1400523530
41ed228450f82abb544858d3d22743423e281fca;41ed228450;-;-;Mon May 19 16:31:23 2014 +0200;1400509883;-;-;Mon May 19 16:31:23 2014 +0200;1400509883
6188550a4817e1f8f0f024034d0f0b5f03b6ecc3;6188550a48;-;-;Mon May 19 16:00:29 2014 +0200;1400508029;-;-;Mon May 19 16:00:29 2014 +0200;1400508029
3c45bc4a502fb8b45a3d9dcaedc9c1d271576ee0;3c45bc4a50;-;-;Mon May 19 15:54:19 2014 +0200;1400507659;-;-;Mon May 19 15:54:19 2014 +0200;1400507659
7469159bf1ddbb0eac292388883fa1904f98d4f0;7469159bf1;-;-;Mon May 19 10:42:18 2014 +0200;1400488938;-;-;Mon May 19 10:46:13 2014 +0200;1400489173
82336c320d73aae704663139a41e5a7f4e82573b;82336c320d;-;-;Sun May 18 20:26:02 2014 +0200;1400437562;-;-;Sun May 18 20:26:02 2014 +0200;1400437562
f29d6eb5f68bb3acc4100172e5d6bc8b985fd9fa;f29d6eb5f6;-;-;Sun May 18 02:00:11 2014 +0200;1400371211;-;-;Sun May 18 02:05:18 2014 +0200;1400371518
ea88bc2c816cddd21df90119361b75ad8c566b46;ea88bc2c81;-;-;Fri May 16 18:06:29 2014 +0200;1400256389;-;-;Fri May 16 18:06:29 2014 +0200;1400256389
5faacd5a3dd131ea2bef1b77f99805e7d42ef331;5faacd5a3d;-;-;Fri May 16 15:08:09 2014 +0200;1400245689;-;-;Fri May 16 15:08:09 2014 +0200;1400245689
52f44b340e03de4fa092f543346c1eb384e78e8d;52f44b340e;-;-;Fri May 16 15:06:22 2014 +0200;1400245582;-;-;Fri May 16 15:06:22 2014 +0200;1400245582
be0b69cbf1377e3fa8d8abc94f24274f4d0945b2;be0b69cbf1;-;-;Mon May 12 17:05:35 2014 -0400;1399928735;-;-;Thu May 15 23:03:33 2014 -0400;1400209413
673a497923ffd63fee0cbd4b71b11277921b777e;673a497923;-;-;Thu May 15 22:00:17 2014 -0400;1400205617;-;-;Thu May 15 22:00:17 2014 -0400;1400205617
8ee465103850a3dca018273fe5952e40d5c45a66;8ee4651038;-;-;Thu May 15 17:26:52 2014 -0400;1400189212;-;-;Thu May 15 17:26:52 2014 -0400;1400189212
3bdf8aefa912beffe44975efefcbe7f5f8dc62c8;3bdf8aefa9;-;-;Thu May 15 13:59:36 2014 -0400;1400176776;-;-;Thu May 15 13:59:36 2014 -0400;1400176776
0499fcbeb29c5f1ffd70d3adad2ec2edfc194a3f;0499fcbeb2;-;-;Thu May 15 14:52:04 2014 +0200;1400158324;-;-;Thu May 15 13:41:25 2014 -0400;1400175685
8614df8bd44a8c972247da421800e1f7d1d67fcd;8614df8bd4;-;-;Fri May 9 14:25:26 2014 +0200;1399638326;-;-;Thu May 15 17:36:55 2014 +0200;1400168215
0d22719e066a8ccf97dfd895b45614c605dcfe63;0d22719e06;-;-;Thu May 15 17:07:20 2014 +0200;1400166440;-;-;Thu May 15 17:07:20 2014 +0200;1400166440
7230d6a1aa8ec5d9ea8d7c48bec9082a69474a27;7230d6a1aa;-;-;Thu May 15 17:07:13 2014 +0200;1400166433;-;-;Thu May 15 17:07:13 2014 +0200;1400166433
6560aed1c85eef68faeb0356c34e12035a2826bf;6560aed1c8;-;-;Tue May 13 19:36:44 2014 +0200;1400002604;-;-;Thu May 15 16:36:08 2014 +0200;1400164568
b0f0d2f28988eeffff9f6f6bd211c77565cc2704;b0f0d2f289;-;-;Thu May 15 14:39:06 2014 +0200;1400157546;-;-;Thu May 15 14:39:06 2014 +0200;1400157546
0728e32e7f3b93e49dfc8c7af20b489b12b3e663;0728e32e7f;-;-;Thu May 15 14:27:44 2014 +0200;1400156864;-;-;Thu May 15 14:27:44 2014 +0200;1400156864
551950cdc0997aedb20ecc0589ce0ccd6339677e;551950cdc0;-;-;Thu May 15 09:56:11 2014 +0200;1400140571;-;-;Thu May 15 09:56:11 2014 +0200;1400140571
f651065b5ee669ff44dcec8aa5156d178c6850c6;f651065b5e;-;-;Wed May 14 18:37:31 2014 +0200;1400085451;-;-;Wed May 14 18:37:31 2014 +0200;1400085451
a072b3f20dba0f9b32b5a3936114b3a9c1aef839;a072b3f20d;-;-;Wed May 14 18:04:46 2014 +0200;1400083486;-;-;Wed May 14 18:04:46 2014 +0200;1400083486
eb65a37f4b690ba26b04cc8ba2be0a74ea402bca;eb65a37f4b;-;-;Wed May 7 10:39:46 2014 +0200;1399451986;-;-;Wed May 14 08:26:22 2014 -0400;1400070382
04e6575db612f71047f45feb84314bbb72857dc9;04e6575db6;-;-;Tue May 13 14:44:14 2014 +0200;1399985054;-;-;Tue May 13 14:44:14 2014 +0200;1399985054
2750ab673478e8aebbf7c2c1b363a5c2c7c00b35;2750ab6734;-;-;Mon May 12 23:14:16 2014 +0200;1399929256;-;-;Mon May 12 23:14:16 2014 +0200;1399929256
b43fc7ac0f52adfe0874c338eda4bd4b2c1b3130;b43fc7ac0f;-;-;Mon May 12 22:31:27 2014 +0200;1399926687;-;-;Mon May 12 22:31:27 2014 +0200;1399926687
b64b308f62242fa73df4b7cea32ac1f75c80354f;b64b308f62;-;-;Mon May 12 20:39:07 2014 +0200;1399919947;-;-;Mon May 12 20:39:07 2014 +0200;1399919947
e04fb15a5ef2dd5fc24d8ce8c0210dc32421107a;e04fb15a5e;-;-;Mon May 12 20:34:38 2014 +0200;1399919678;-;-;Mon May 12 20:34:38 2014 +0200;1399919678
782d10c66fa89e67584af3b9e1344b5ddc9a2f16;782d10c66f;-;-;Mon May 12 20:27:53 2014 +0200;1399919273;-;-;Mon May 12 20:27:53 2014 +0200;1399919273
2c4cbb617e96c7f400abe6bf136df120320ea8a0;2c4cbb617e;-;-;Fri May 9 16:51:14 2014 -0400;1399668674;-;-;Sun May 11 12:31:17 2014 -0400;1399825877
66c63c374b8be03f765a84a386932920e6580402;66c63c374b;-;-;Fri May 9 11:54:55 2014 -0400;1399650895;-;-;Fri May 9 17:01:37 2014 -0400;1399669297
b4d447fc3df8572a7272f5117709d231e8a66fdb;b4d447fc3d;-;-;Fri May 9 21:43:37 2014 +0200;1399664617;-;-;Fri May 9 21:43:37 2014 +0200;1399664617
89fc3c02572dbe2bb3f8678a43fb37166f376515;89fc3c0257;-;-;Fri May 9 16:39:01 2014 +0200;1399646341;-;-;Fri May 9 16:39:01 2014 +0200;1399646341
49040a2925c97c1ac9f836f8e72695ec40ec5dbd;49040a2925;-;-;Fri May 9 15:05:43 2014 +0200;1399640743;-;-;Fri May 9 15:05:43 2014 +0200;1399640743
6a0483128a34166d08477e291967848298f8a415;6a0483128a;-;-;Fri May 9 10:17:32 2014 +0200;1399623452;-;-;Fri May 9 11:56:15 2014 +0200;1399629375
97fb308b6bbedd8cd79b9de04ee0fa2c0c431bb4;97fb308b6b;-;-;Thu May 8 19:18:53 2014 -0400;1399591133;-;-;Thu May 8 22:06:57 2014 -0400;1399601217
3c7bb9c27915bc753a4fed27db8d1b13698402a8;3c7bb9c279;-;-;Thu May 8 17:21:26 2014 +0200;1399562486;-;-;Thu May 8 17:21:26 2014 +0200;1399562486
6c1f8de5faed20582bf8728cc822694abbc04fdb;6c1f8de5fa;-;-;Thu May 8 16:24:22 2014 +0200;1399559062;-;-;Thu May 8 16:24:22 2014 +0200;1399559062
8c9116fd4b847cec1d28414b1cb4a986270cefea;8c9116fd4b;-;-;Thu May 8 16:22:24 2014 +0200;1399558944;-;-;Thu May 8 16:22:24 2014 +0200;1399558944
580e52372f61e67d1fd627f544189646dcc18f48;580e52372f;-;-;Thu May 8 12:02:20 2014 +0200;1399543340;-;-;Thu May 8 12:02:20 2014 +0200;1399543340
7b7fe9aa17060475b09af1ccee954a9f987be101;7b7fe9aa17;-;-;Thu Jan 16 17:11:13 2014 +0100;1389888673;-;-;Wed May 7 12:00:29 2014 +0200;1399456829
98738c0bbb9a19cef2ea06aa35efa3713147908c;98738c0bbb;-;-;Mon May 5 09:43:13 2014 +0200;1399275793;-;-;Tue May 6 20:19:09 2014 -0400;1399421949
426b77b83405b1b4778a96e5dc7075f553d79211;426b77b834;-;-;Tue May 6 19:41:17 2014 -0400;1399419677;-;-;Tue May 6 19:41:17 2014 -0400;1399419677
9d479feadded560b1d9a2c485730984ff5dcbfdb;9d479feadd;-;-;Tue May 6 15:18:31 2014 -0400;1399403911;-;-;Tue May 6 15:27:53 2014 -0400;1399404473
381ccde48d11ef82c371789898e563233141b7ee;381ccde48d;-;-;Tue May 6 18:49:16 2014 +0200;1399394956;-;-;Tue May 6 18:49:16 2014 +0200;1399394956
bea34ea41c6dde5aac598372268cdb6abc6e9807;bea34ea41c;-;-;Tue May 6 18:06:26 2014 +0200;1399392386;-;-;Tue May 6 18:06:26 2014 +0200;1399392386
db5d651057c86462c9ed145ce8346efc59d6c477;db5d651057;-;-;Tue May 6 17:34:51 2014 +0200;1399390491;-;-;Tue May 6 17:34:51 2014 +0200;1399390491
43e4dbadfe13a2cd786c5ea0f0205d04a061ba66;43e4dbadfe;-;-;Tue May 6 16:30:13 2014 +0200;1399386613;-;-;Tue May 6 16:30:13 2014 +0200;1399386613
e246010df7ea726dc4181ae5bb75e6bb1d77e965;e246010df7;-;-;Tue May 6 16:05:50 2014 +0200;1399385150;-;-;Tue May 6 16:05:50 2014 +0200;1399385150
658f7f58dfd5299757a16aa16133b576555d2a75;658f7f58df;-;-;Mon May 5 15:45:45 2014 +0200;1399297545;-;-;Mon May 5 15:45:45 2014 +0200;1399297545
ae30a60d0306b621cd6f2caab08a2efbb86ed25d;ae30a60d03;-;-;Fri May 2 15:14:48 2014 -0400;1399058088;-;-;Fri May 2 15:17:04 2014 -0400;1399058224
5a1b7c6ce7f9ad22197d9dba16f71e29e04a001c;5a1b7c6ce7;-;-;Fri May 2 12:27:46 2014 +0200;1399026466;-;-;Fri May 2 12:27:46 2014 +0200;1399026466
6551aa61fa65995d3472af3ea40dcd4b380f2186;6551aa61fa;-;-;Fri May 2 09:57:00 2014 +0200;1399017420;-;-;Fri May 2 09:57:00 2014 +0200;1399017420
cb2834c10a5eacad8a4f5aadb5f92bbd6043c7f2;cb2834c10a;-;-;Thu May 1 13:40:23 2014 -0400;1398966023;-;-;Thu May 1 13:40:23 2014 -0400;1398966023
8e1a5b9999fd8b69f62d09fad837a13035fba1aa;8e1a5b9999;-;-;Thu May 1 13:38:53 2014 -0400;1398965933;-;-;Thu May 1 13:38:53 2014 -0400;1398965933
676282c66e88e7f050e301d722483c186ea551d6;676282c66e;-;-;Thu May 1 12:28:59 2014 -0400;1398961739;-;-;Thu May 1 12:28:59 2014 -0400;1398961739
0d2aa51576d150ec95a81573e3b84d641366e214;0d2aa51576;-;-;Thu May 1 11:54:48 2014 -0400;1398959688;-;-;Thu May 1 12:03:06 2014 -0400;1398960186
c50887c8775a47610fe8a4f1e0179f8ddec4cd35;c50887c877;-;-;Thu May 1 10:36:54 2014 -0400;1398955014;-;-;Thu May 1 10:36:54 2014 -0400;1398955014
a653c067112881428990ad1f535445838a25df55;a653c06711;-;-;Thu May 1 00:49:22 2014 +0200;1398898162;-;-;Thu May 1 00:53:10 2014 +0200;1398898390
a842b933a93e09e78231fa27da580e5852fd94e4;a842b933a9;-;-;Wed Apr 30 22:51:44 2014 +0200;1398891104;-;-;Wed Apr 30 22:51:44 2014 +0200;1398891104
842a8a851d2de9754b41525099cb597ed8592b02;842a8a851d;-;-;Wed Apr 30 22:51:36 2014 +0200;1398891096;-;-;Wed Apr 30 22:51:36 2014 +0200;1398891096
39e1342302178b227493c80bf227961d59c85ead;39e1342302;-;-;Wed Apr 30 22:51:22 2014 +0200;1398891082;-;-;Wed Apr 30 22:51:22 2014 +0200;1398891082
5dcd55b23b5dd43e5e7ef7241c15942ab8ceedb8;5dcd55b23b;-;-;Wed Apr 30 11:11:43 2014 -0400;1398870703;-;-;Wed Apr 30 11:11:43 2014 -0400;1398870703
d52f07aa1b83208dd84b65d2a4ba724b3a0227ff;d52f07aa1b;-;-;Wed Apr 30 11:00:27 2014 -0400;1398870027;-;-;Wed Apr 30 11:00:27 2014 -0400;1398870027
1958ae3a625dbf7761cd4f6a530c9cd8543a19eb;1958ae3a62;-;-;Wed Apr 30 10:26:51 2014 -0400;1398868011;-;-;Wed Apr 30 10:26:51 2014 -0400;1398868011
209bb4ee4b93d8b7f0aed794d784cd830701c8c3;209bb4ee4b;-;-;Wed Apr 30 10:06:32 2014 -0400;1398866792;-;-;Wed Apr 30 10:06:57 2014 -0400;1398866817
bd85c916eb98a8278ad55a393be4590a20eca4fd;bd85c916eb;-;-;Thu Jan 16 16:11:13 2014 +0100;1389885073;-;-;Wed Apr 30 13:51:01 2014 +0200;1398858661
e84f61bb9df5e87e5b739ff0272d22b6a612fe91;e84f61bb9d;-;-;Wed Apr 30 13:44:06 2014 +0200;1398858246;-;-;Wed Apr 30 13:44:06 2014 +0200;1398858246
adb616b67b0ec1b7b11ea0dfc4ec3f6fffa5fc47;adb616b67b;-;-;Wed Apr 30 13:40:11 2014 +0200;1398858011;-;-;Wed Apr 30 13:40:11 2014 +0200;1398858011
c124d3b6c61e77d87886188f69d52eadddf83cda;c124d3b6c6;-;-;Wed Apr 30 11:41:57 2014 +0200;1398850917;-;-;Wed Apr 30 12:00:16 2014 +0200;1398852016
90081f787f2f24e6ab73baa81c9b11510d87c799;90081f787f;-;-;Wed Apr 30 11:40:54 2014 +0200;1398850854;-;-;Wed Apr 30 11:40:54 2014 +0200;1398850854
6a9b229249b9aeebc389d4cf1771e7411d5851fa;6a9b229249;-;-;Tue Apr 29 22:15:18 2014 -0400;1398824118;-;-;Tue Apr 29 22:15:18 2014 -0400;1398824118
c879796e0092a188fa54117639067cfb29a2e858;c879796e00;-;-;Tue Apr 29 16:23:13 2014 -0400;1398802993;-;-;Tue Apr 29 18:16:09 2014 -0400;1398809769
1054080b24d26ceb7d079a2a8089b062198d4223;1054080b24;-;-;Tue Apr 29 13:48:13 2014 +0200;1398772093;-;-;Tue Apr 29 18:16:09 2014 -0400;1398809769
02aca9c754cfe121330a3b421e1da26dc3d4cadd;02aca9c754;-;-;Wed Apr 30 00:01:07 2014 +0200;1398808867;-;-;Wed Apr 30 00:01:07 2014 +0200;1398808867
58adc150c9b22fd1eb0e6e2e8b4b6bea48c8e8cf;58adc150c9;-;-;Tue Apr 29 17:17:10 2014 -0400;1398806230;-;-;Tue Apr 29 17:17:10 2014 -0400;1398806230
56d26443e22d0704c655fa2535fe48501b8cebff;56d26443e2;-;-;Tue Apr 29 16:36:43 2014 -0400;1398803803;-;-;Tue Apr 29 16:36:43 2014 -0400;1398803803
13be6d2321dd32e1adfa1ef9a08f288f0e315080;13be6d2321;-;-;Tue Apr 29 15:48:39 2014 -0400;1398800919;-;-;Tue Apr 29 15:48:39 2014 -0400;1398800919
01fe2923ee427cfc940d5910f626c7d27dcd1aba;01fe2923ee;-;-;Tue Apr 29 13:19:31 2014 -0400;1398791971;-;-;Tue Apr 29 13:22:23 2014 -0400;1398792143
dc2e62fab90f7d2d05ea36a38bead7694fde8d16;dc2e62fab9;-;-;Tue Apr 29 19:07:45 2014 +0200;1398791265;-;-;Tue Apr 29 19:07:45 2014 +0200;1398791265
1b2014a52de2cd84d554bc0acfc5d412228bf6da;1b2014a52d;-;-;Tue Apr 29 19:07:29 2014 +0200;1398791249;-;-;Tue Apr 29 19:07:29 2014 +0200;1398791249
e510f6393a6e9102c2f4ea89ea5a6655a2b23c3d;e510f6393a;-;-;Tue Apr 29 15:45:56 2014 +0200;1398779156;-;-;Tue Apr 29 15:45:56 2014 +0200;1398779156
a0658c5832b0f8c9360c731799000136cc556dc5;a0658c5832;-;-;Tue Apr 29 15:44:55 2014 +0200;1398779095;-;-;Tue Apr 29 15:44:55 2014 +0200;1398779095
26a9c4bc01f1989b2998ad9e77157b2f175dc79a;26a9c4bc01;-;-;Mon Apr 28 22:35:10 2014 -0400;1398738910;-;-;Mon Apr 28 22:35:10 2014 -0400;1398738910
77a250ef926b0116ac8664effca15d98391893f8;77a250ef92;-;-;Mon Apr 28 16:47:30 2014 +0100;1398700050;-;-;Mon Apr 28 22:13:17 2014 -0400;1398737597
59a050f3b91c9d7d93beb73acedfebbdaa963a8a;59a050f3b9;-;-;Mon Apr 28 16:51:10 2014 +0200;1398696670;-;-;Mon Apr 28 22:07:55 2014 -0400;1398737275
86785f340e62bc3f4ca55d27ac30add7f9965840;86785f340e;-;-;Mon Apr 28 21:57:56 2014 -0400;1398736676;-;-;Mon Apr 28 22:02:45 2014 -0400;1398736965
be5f2a8b4ef6bcf19fd6c635383f797eb1b993ea;be5f2a8b4e;-;-;Mon Apr 28 23:37:07 2014 +0200;1398721027;-;-;Mon Apr 28 23:37:07 2014 +0200;1398721027
ab24dda4ff32974173297c944732339909b016d7;ab24dda4ff;-;-;Mon Apr 28 23:24:57 2014 +0200;1398720297;-;-;Mon Apr 28 23:24:57 2014 +0200;1398720297
ce4912b627b4ac9be2d6bff43ef2089dc5817d67;ce4912b627;-;-;Mon Apr 28 21:49:36 2014 +0200;1398714576;-;-;Mon Apr 28 21:49:36 2014 +0200;1398714576
8e6e6c22af875bbcd2a0adf6d7e661944392771d;8e6e6c22af;-;-;Mon Apr 28 21:31:38 2014 +0200;1398713498;-;-;Mon Apr 28 21:31:38 2014 +0200;1398713498
299776fd80c5aeae3d45c97659ceacab8b4663e5;299776fd80;-;-;Mon Apr 28 14:02:02 2014 +0200;1398686522;-;-;Mon Apr 28 14:02:02 2014 +0200;1398686522
0ef29b204b94ab2aec9333338a2035a11c8d81fb;0ef29b204b;-;-;Mon Apr 28 13:59:51 2014 +0200;1398686391;-;-;Mon Apr 28 13:59:51 2014 +0200;1398686391
6f2e61b19f0801df394ae58c525da741c8eb57ae;6f2e61b19f;-;-;Mon Apr 28 00:29:04 2014 +0200;1398637744;-;-;Mon Apr 28 00:47:50 2014 +0200;1398638870
63733c48052db1c4dd1bf7518e5497023746ad19;63733c4805;-;-;Mon Apr 28 00:27:04 2014 +0200;1398637624;-;-;Mon Apr 28 00:47:39 2014 +0200;1398638859
6cb45f714e8d4b6b38501ed6356ced59362d8df2;6cb45f714e;-;-;Mon Apr 28 00:26:18 2014 +0200;1398637578;-;-;Mon Apr 28 00:47:21 2014 +0200;1398638841
ce1954da1edd64f1280ead0435c7b3923e33f6da;ce1954da1e;-;-;Mon Apr 28 00:17:19 2014 +0200;1398637039;-;-;Mon Apr 28 00:33:14 2014 +0200;1398637994
310bdbcb15e23dd57e7176a5fad5dfe6357a8c06;310bdbcb15;-;-;Mon Apr 28 00:16:38 2014 +0200;1398636998;-;-;Mon Apr 28 00:33:04 2014 +0200;1398637984
1f630a5fb9c60ee1d2b136a44af4a6c96843f80f;1f630a5fb9;-;-;Fri Apr 25 16:49:49 2014 -0400;1398458989;-;-;Fri Apr 25 16:49:49 2014 -0400;1398458989
e24b876164e64731eeedc0530183dbef4a18133d;e24b876164;-;-;Fri Apr 25 16:00:53 2014 -0400;1398456053;-;-;Fri Apr 25 16:49:32 2014 -0400;1398458972
70fd33236fae4deb28e96a82eaca5c1cab372448;70fd33236f;-;-;Fri Apr 25 12:27:36 2014 -0400;1398443256;-;-;Fri Apr 25 12:27:36 2014 -0400;1398443256
1200755125f97c2f1035586081645bb244b06304;1200755125;-;-;Fri Apr 25 12:26:04 2014 -0400;1398443164;-;-;Fri Apr 25 12:26:04 2014 -0400;1398443164
564a5556191ff39334eabc6d62b87eecf1480c91;564a555619;-;-;Fri Apr 25 15:15:53 2014 +0200;1398431753;-;-;Fri Apr 25 15:15:53 2014 +0200;1398431753
c319b5fa82ce2bf92abc16bc463f662a92079af3;c319b5fa82;-;-;Fri Apr 25 14:52:32 2014 +0300;1398426752;-;-;Fri Apr 25 14:52:32 2014 +0300;1398426752
f5cbd9aa4a6d372d290ec26ebbfeb2148c5b273c;f5cbd9aa4a;-;-;Fri Apr 25 00:01:24 2014 -0400;1398398484;-;-;Fri Apr 25 00:01:24 2014 -0400;1398398484
6aa16b745fe2490d3790cd9745a04fabd41733cc;6aa16b745f;-;-;Thu Apr 24 16:56:51 2014 +0300;1398347811;-;-;Thu Apr 24 16:56:51 2014 +0300;1398347811
c4843577bab0a9ebf5277853dd70a2e01dd1facd;c4843577ba;-;-;Thu Apr 24 14:43:26 2014 +0200;1398343406;-;-;Thu Apr 24 14:43:26 2014 +0200;1398343406
bded025d9f78aacdf7e543ebac1632009e318ac7;bded025d9f;-;-;Thu Apr 24 15:33:24 2014 +0300;1398342804;-;-;Thu Apr 24 15:33:24 2014 +0300;1398342804
4b0aba63df821edf6903b0c4d5d04b0eadc05cf4;4b0aba63df;-;-;Thu Apr 24 10:31:44 2014 +0300;1398324704;-;-;Thu Apr 24 10:41:03 2014 +0300;1398325263
08f0395033e81e09e21bb85cea7b66194e9deabb;08f0395033;-;-;Wed Apr 23 23:43:37 2014 -0400;1398311017;-;-;Wed Apr 23 23:46:43 2014 -0400;1398311203
9353332a61eda98ebbd109f0bc5f73f56eb5fd60;9353332a61;-;-;Wed Apr 23 23:55:43 2014 +0200;1398290143;-;-;Wed Apr 23 23:55:43 2014 +0200;1398290143
c05ab3e2e8930055d3a0411bcd0cfbcf9bad80d2;c05ab3e2e8;-;-;Wed Apr 23 23:54:55 2014 +0200;1398290095;-;-;Wed Apr 23 23:54:55 2014 +0200;1398290095
ec7d80b8519332ffb5f0595dddc9ef52de532730;ec7d80b851;-;-;Wed Apr 23 23:03:47 2014 +0200;1398287027;-;-;Wed Apr 23 23:03:47 2014 +0200;1398287027
21f9ca088d89822136e498e69880b4c958201779;21f9ca088d;-;-;Wed Apr 23 22:47:54 2014 +0200;1398286074;-;-;Wed Apr 23 22:47:54 2014 +0200;1398286074
b1158aa913900b03155712536dee85802624e99f;b1158aa913;-;-;Wed Apr 23 15:42:50 2014 -0400;1398282170;-;-;Wed Apr 23 15:43:39 2014 -0400;1398282219
9cb5f48459b13794846d57f6e5a7a6aa10ffcc7f;9cb5f48459;-;-;Wed Apr 23 18:18:46 2014 +0200;1398269926;-;-;Wed Apr 23 18:18:46 2014 +0200;1398269926
794e859e68b4679b43f0a0e153b04715616f8c9e;794e859e68;-;-;Wed Apr 23 18:16:43 2014 +0200;1398269803;-;-;Wed Apr 23 18:16:43 2014 +0200;1398269803
5b47816183e4e9a0dc2ad5d2175065ac17539719;5b47816183;-;-;Wed Apr 23 14:36:14 2014 +0200;1398256574;-;-;Wed Apr 23 14:36:14 2014 +0200;1398256574
fb66567bbacd6d6c4b7a60d554673b0a7eb665cf;fb66567bba;-;-;Wed Apr 23 14:25:50 2014 +0200;1398255950;-;-;Wed Apr 23 14:25:50 2014 +0200;1398255950
6b20439202eb3de41125c6e36c799affd16566ad;6b20439202;-;-;Tue Apr 22 23:48:20 2014 -0400;1398224900;-;-;Tue Apr 22 23:48:20 2014 -0400;1398224900
3f392e32f56993e4cf92e5c61ed227b80fa10b82;3f392e32f5;-;-;Tue Apr 22 23:14:48 2014 +0200;1398201288;-;-;Tue Apr 22 23:14:48 2014 +0200;1398201288
700c3b257f4e2b021f5ac7d59ea5d7b15f9c8671;700c3b257f;-;-;Tue Apr 22 20:48:26 2014 +0200;1398192506;-;-;Tue Apr 22 20:48:26 2014 +0200;1398192506
5ab7076118d761c7d8769b82ac401efa0abbfc01;5ab7076118;-;-;Tue Apr 22 20:47:33 2014 +0200;1398192453;-;-;Tue Apr 22 20:47:33 2014 +0200;1398192453
945335d14bb98b7427d92a8440a86e05ce23252c;945335d14b;-;-;Tue Apr 22 20:46:36 2014 +0200;1398192396;-;-;Tue Apr 22 20:46:36 2014 +0200;1398192396
10e1a805403883c9bc9ed19205e6306ffb01db73;10e1a80540;-;-;Tue Apr 22 11:34:46 2014 -0400;1398180886;-;-;Tue Apr 22 11:34:46 2014 -0400;1398180886
3d18cfeab68c6089077694f856cef56fc842ab6b;3d18cfeab6;-;-;Tue Apr 22 10:48:12 2014 -0400;1398178092;-;-;Tue Apr 22 10:48:12 2014 -0400;1398178092
cd13b4882c95ad7150be4c5212d8370f5d1a94a5;cd13b4882c;-;-;Tue Apr 22 14:58:19 2014 +0100;1398175099;-;-;Tue Apr 22 14:58:19 2014 +0100;1398175099
5559209233c3090593aa013d1729fad1ab851a1c;5559209233;-;-;Tue Apr 22 09:57:12 2014 +0200;1398153432;-;-;Tue Apr 22 09:57:12 2014 +0200;1398153432
36456f0f622d8118cfd384464c1757a374b63d9f;36456f0f62;-;-;Tue Apr 22 07:32:20 2014 +0200;1398144740;-;-;Tue Apr 22 07:32:20 2014 +0200;1398144740
21de937b2f672081d137a965bf079f8e7cd89195;21de937b2f;-;-;Tue Apr 22 07:31:53 2014 +0200;1398144713;-;-;Tue Apr 22 07:31:53 2014 +0200;1398144713
7cbfc4d2f8520858ced5501c171c975115104b84;7cbfc4d2f8;-;-;Tue Apr 22 07:31:22 2014 +0200;1398144682;-;-;Tue Apr 22 07:31:22 2014 +0200;1398144682
917e044e54f974bce5f580d7f9309c824b9956d1;917e044e54;-;-;Tue Apr 22 07:30:52 2014 +0200;1398144652;-;-;Tue Apr 22 07:30:52 2014 +0200;1398144652
b3492f61c2173635ba37a470e90ca45cd0db632a;b3492f61c2;-;-;Tue Apr 22 07:30:24 2014 +0200;1398144624;-;-;Tue Apr 22 07:30:24 2014 +0200;1398144624
54db2fba48eda0fc8df24b1c1f9ab36e99dd161d;54db2fba48;-;-;Tue Apr 22 07:29:56 2014 +0200;1398144596;-;-;Tue Apr 22 07:29:56 2014 +0200;1398144596
75d451232696612b7ca5648798a158675fae0f44;75d4512326;-;-;Tue Apr 22 07:29:03 2014 +0200;1398144543;-;-;Tue Apr 22 07:29:03 2014 +0200;1398144543
c15997340bd30323ac07d5eb95605aaad9e71b3a;c15997340b;-;-;Tue Apr 22 07:28:20 2014 +0200;1398144500;-;-;Tue Apr 22 07:28:20 2014 +0200;1398144500
9ca9363c2fd544a07a5da11cfb5b6185341d359c;9ca9363c2f;-;-;Tue Apr 22 07:27:53 2014 +0200;1398144473;-;-;Tue Apr 22 07:27:53 2014 +0200;1398144473
e014608e992fc5c0c34533be635a2c1881dd0ac7;e014608e99;-;-;Tue Apr 22 07:27:24 2014 +0200;1398144444;-;-;Tue Apr 22 07:27:24 2014 +0200;1398144444
408fe42df242dcaa564f4f0eb61d41d8d8909d5b;408fe42df2;-;-;Tue Apr 22 01:01:07 2014 -0400;1398142867;-;-;Tue Apr 22 01:01:07 2014 -0400;1398142867
5365171f2468ce8750deb78bc9f453187b2fcc7e;5365171f24;-;-;Tue Apr 22 00:53:34 2014 -0400;1398142414;-;-;Tue Apr 22 00:53:34 2014 -0400;1398142414
66bae99d8622e6f4b3374725d0f33775d49056eb;66bae99d86;-;-;Mon Apr 21 23:29:40 2014 +0200;1398115780;-;-;Mon Apr 21 23:29:40 2014 +0200;1398115780
566e0fb3178a265bc68379ea2a802cb45d847e01;566e0fb317;-;-;Mon Apr 21 21:22:12 2014 +0200;1398108132;-;-;Mon Apr 21 21:22:12 2014 +0200;1398108132
e1720d89fcf65fca6b244df1696c1df67fc0c808;e1720d89fc;-;-;Mon Apr 21 12:46:38 2014 -0400;1398098798;-;-;Mon Apr 21 12:46:38 2014 -0400;1398098798
a0b6175d786919c1150ff0860788b373b6800d13;a0b6175d78;-;-;Mon Apr 21 11:10:16 2014 -0400;1398093016;-;-;Mon Apr 21 11:11:14 2014 -0400;1398093074
50c5cc0bd203bcd30cd915629725cc14b4d527d8;50c5cc0bd2;-;-;Fri Apr 18 12:08:33 2014 +0200;1397815713;-;-;Fri Apr 18 12:08:33 2014 +0200;1397815713
3a5de00c416fcfd68f120812302b8ebde95073a2;3a5de00c41;-;-;Fri Apr 18 11:00:15 2014 +0100;1397815215;-;-;Fri Apr 18 11:00:15 2014 +0100;1397815215
1697cd15b263cbd059f353030590dac27bfbde06;1697cd15b2;-;-;Fri Apr 18 09:49:16 2014 +0100;1397810956;-;-;Fri Apr 18 09:49:16 2014 +0100;1397810956
086f1eda71bd862fb42c5959e796be6064f9fba4;086f1eda71;-;-;Thu Apr 17 22:39:47 2014 +0200;1397767187;-;-;Thu Apr 17 22:39:47 2014 +0200;1397767187
48c977afdcfd4ffb5c543eacb62b8e2926e899b9;48c977afdc;-;-;Thu Apr 17 21:19:47 2014 +0200;1397762387;-;-;Thu Apr 17 21:19:47 2014 +0200;1397762387
28887750b05e0403803c576280c78f280610b160;28887750b0;-;-;Thu Apr 17 21:19:37 2014 +0200;1397762377;-;-;Thu Apr 17 21:19:37 2014 +0200;1397762377
47c57a84c57dde91f283d3a805a166e6f4256e51;47c57a84c5;-;-;Thu Apr 17 20:59:29 2014 +0200;1397761169;-;-;Thu Apr 17 20:59:29 2014 +0200;1397761169
4612559446c43ed2bb32e4b69865409323da9444;4612559446;-;-;Thu Apr 17 16:24:10 2014 +0200;1397744650;-;-;Thu Apr 17 16:24:10 2014 +0200;1397744650
713dd60fa74843ba8d27c1c459dc9e7beb9dac19;713dd60fa7;-;-;Wed Mar 12 17:43:14 2014 +0100;1394642594;-;-;Thu Apr 17 09:16:06 2014 +0200;1397718966
6cb9a144db46af981fea4829e84044f05ce60a78;6cb9a144db;-;-;Mon Oct 7 21:36:38 2013 -0400;1381196198;-;-;Wed Apr 16 23:42:44 2014 -0400;1397706164
f5cce14fe7749183a766e6335ee511d8918a81d4;f5cce14fe7;-;-;Wed Apr 16 23:08:32 2014 +0200;1397682512;-;-;Wed Apr 16 23:08:32 2014 +0200;1397682512
53162e78e4c755c73cb35a5e43cf66f6a5d29b9e;53162e78e4;-;-;Wed Apr 16 18:07:25 2014 +0200;1397664445;-;-;Wed Apr 16 18:07:25 2014 +0200;1397664445
90309ab0b5c5cc3b406825fd3f9db730db03ad36;90309ab0b5;-;-;Wed Apr 16 18:07:10 2014 +0200;1397664430;-;-;Wed Apr 16 18:07:10 2014 +0200;1397664430
7bc2168aa746215fa5c43ccaaaad68ce9d66c73c;7bc2168aa7;-;-;Wed Apr 16 12:54:20 2014 +0200;1397645660;-;-;Wed Apr 16 12:54:20 2014 +0200;1397645660
637ad20cd308d0603742bc61cf9c068db6bf2903;637ad20cd3;-;-;Wed Apr 16 12:35:26 2014 +0200;1397644526;-;-;Wed Apr 16 12:35:26 2014 +0200;1397644526
49e3c2a0c718d9b0a08718c6fc53a3eaedbc030a;49e3c2a0c7;-;-;Tue Apr 15 18:11:11 2014 +0200;1397578271;-;-;Tue Apr 15 18:11:11 2014 +0200;1397578271
9a59292603880de739e8fb98febe490892bccc87;9a59292603;-;-;Tue Apr 15 15:24:49 2014 +0200;1397568289;-;-;Tue Apr 15 15:24:49 2014 +0200;1397568289
397aa8298492d74ab64bff900229c11d2f5c5112;397aa82984;-;-;Mon Apr 14 21:01:01 2014 +0200;1397502061;-;-;Tue Apr 15 09:14:41 2014 +0200;1397546081
4e1781ae8ce5fe3d6d1ee4607e0ec1bd831bc429;4e1781ae8c;-;-;Mon Apr 14 21:03:13 2014 -0400;1397523793;-;-;Mon Apr 14 21:03:13 2014 -0400;1397523793
95e25d4e6f14a20767f0bc62a1dd1052c2a5ca35;95e25d4e6f;-;-;Mon Apr 14 13:46:32 2014 -0400;1397497592;-;-;Mon Apr 14 13:52:55 2014 -0400;1397497975
09248a0b372ad2e6019b44190ae64f4316dbc1fd;09248a0b37;-;-;Mon Apr 14 10:54:33 2014 +0200;1397465673;-;-;Mon Apr 14 10:54:33 2014 +0200;1397465673
65b17b80ba353d3c21ab392d711d347bcbcce42b;65b17b80ba;-;-;Sun Apr 13 21:35:22 2014 -0400;1397439322;-;-;Sun Apr 13 21:35:22 2014 -0400;1397439322
1369ff4d84917f8c6a0fda1148a3835acf33d4ff;1369ff4d84;-;-;Sun Apr 13 18:52:05 2014 -0400;1397429525;-;-;Sun Apr 13 18:52:05 2014 -0400;1397429525
b4995f7e4f707da33434ecdafa6889a252ef7930;b4995f7e4f;-;-;Sun Apr 13 15:06:47 2014 +0200;1397394407;-;-;Sun Apr 13 15:06:47 2014 +0200;1397394407
84f678a06bb787641f492633552fa0de5e506d17;84f678a06b;-;-;Sun Apr 13 14:51:42 2014 +0200;1397393502;-;-;Sun Apr 13 14:51:42 2014 +0200;1397393502
8fecee8c8a251209743ca109ac30559cec7dfbf0;8fecee8c8a;-;-;Sun Apr 13 12:31:07 2014 +0200;1397385067;-;-;Sun Apr 13 12:31:07 2014 +0200;1397385067
910dd4146721a803cd9d246b91854e77ffe9272a;910dd41467;-;-;Fri Apr 11 18:43:36 2014 +0200;1397234616;-;-;Fri Apr 11 18:43:36 2014 +0200;1397234616
1753f5d1cab1b6b7226f3b655482dd43c111e94f;1753f5d1ca;-;-;Fri Apr 11 18:19:21 2014 +0200;1397233161;-;-;Fri Apr 11 18:19:21 2014 +0200;1397233161
cc0ae3a881dde5910ecc340fa20c2365dd7474fa;cc0ae3a881;-;-;Fri Apr 11 17:44:27 2014 +0200;1397231067;-;-;Fri Apr 11 17:44:27 2014 +0200;1397231067
2a937a369ea62bf3ead0e40ca89b3cac3b035a66;2a937a369e;-;-;Fri Apr 11 15:57:21 2014 +0200;1397224641;-;-;Fri Apr 11 15:57:21 2014 +0200;1397224641
49916bb7eb67d9cb8f20d524b4d09e093aab6fa2;49916bb7eb;-;-;Thu Apr 10 23:06:25 2014 +0200;1397163985;-;-;Thu Apr 10 23:06:25 2014 +0200;1397163985
14f9dbf70c05d1ee49c246967390bd2981ea878d;14f9dbf70c;-;-;Thu Apr 10 22:52:22 2014 +0200;1397163142;-;-;Thu Apr 10 22:52:22 2014 +0200;1397163142
ba3c7e588fb86e66b95b20b736a551f940247905;ba3c7e588f;-;-;Thu Apr 10 18:28:36 2014 +0200;1397147316;-;-;Thu Apr 10 18:28:36 2014 +0200;1397147316
3fef35879dbc16ea1820a4239e8520eb15b88db0;3fef35879d;-;-;Thu Apr 10 15:52:26 2014 +0200;1397137946;-;-;Thu Apr 10 15:52:26 2014 +0200;1397137946
37679384e82554250c87918ad042e7cfb3825813;37679384e8;-;-;Thu Apr 10 15:51:44 2014 +0200;1397137904;-;-;Thu Apr 10 15:51:44 2014 +0200;1397137904
1bbc55d63c45d17fff0c939ecaf54ed7b73090bb;1bbc55d63c;-;-;Thu Apr 10 01:09:51 2014 +0200;1397084991;-;-;Thu Apr 10 01:09:51 2014 +0200;1397084991
5df60a2becc6cde0f7885097b4a09449e660197f;5df60a2bec;-;-;Thu Apr 10 00:56:23 2014 +0200;1397084183;-;-;Thu Apr 10 00:56:23 2014 +0200;1397084183
e1a1e1205f3fc7063da128e48cb7ecfcaf896524;e1a1e1205f;-;-;Thu Apr 10 00:44:14 2014 +0200;1397083454;-;-;Thu Apr 10 00:44:14 2014 +0200;1397083454
b308659cda79f39f117f59f2d083abdd83f654d5;b308659cda;-;-;Thu Apr 10 00:36:02 2014 +0200;1397082962;-;-;Thu Apr 10 00:36:02 2014 +0200;1397082962
196cdef182ed9a51fa5a77347eb1c931dab22625;196cdef182;-;-;Wed Apr 9 20:54:41 2014 +0200;1397069681;-;-;Wed Apr 9 20:58:07 2014 +0200;1397069887
a167a1b59101fef03bdd217588f9c78ff71ef218;a167a1b591;-;-;Wed Apr 9 20:51:23 2014 +0200;1397069483;-;-;Wed Apr 9 20:57:28 2014 +0200;1397069848
9e1631db0301842efb4a6f752a0f7ad1c039ac45;9e1631db03;-;-;Wed Apr 9 17:43:23 2014 +0200;1397058203;-;-;Wed Apr 9 17:43:23 2014 +0200;1397058203
0041e245a1f80affba828c79fd8db13b0319fb85;0041e245a1;-;-;Wed Apr 9 17:43:09 2014 +0200;1397058189;-;-;Wed Apr 9 17:43:09 2014 +0200;1397058189
d4b0ae978709f9c689c1ec7ecd7a6c365ed068c7;d4b0ae9787;-;-;Wed Apr 9 17:42:56 2014 +0200;1397058176;-;-;Wed Apr 9 17:42:56 2014 +0200;1397058176
8f28a9352e44a1cdb802058a893fc49154f6a64c;8f28a9352e;-;-;Wed Apr 9 17:42:45 2014 +0200;1397058165;-;-;Wed Apr 9 17:42:45 2014 +0200;1397058165
8d8766dda934a0e7e86ebd7a3836f901d011403b;8d8766dda9;-;-;Wed Apr 9 17:42:32 2014 +0200;1397058152;-;-;Wed Apr 9 17:42:32 2014 +0200;1397058152
1f2d5b5d89db101fec9b73fb35a6e99f29ee79aa;1f2d5b5d89;-;-;Wed Apr 9 17:35:45 2014 +0200;1397057745;-;-;Wed Apr 9 17:35:45 2014 +0200;1397057745
2b89c1a87e2469110f9a0d4282eeb348b76262ff;2b89c1a87e;-;-;Wed Mar 5 16:28:56 2014 +0100;1394033336;-;-;Wed Apr 9 11:28:18 2014 +0200;1397035698
3cda355e7f4dcdbfa613e93bde0b9f933e81de2d;3cda355e7f;-;-;Tue Apr 8 17:03:31 2014 +0200;1396969411;-;-;Tue Apr 8 17:04:25 2014 +0200;1396969465
0bdece700f04b037681c5f771bb5d39eb72629b7;0bdece700f;-;-;Tue Apr 8 15:17:54 2014 +0200;1396963074;-;-;Tue Apr 8 15:17:54 2014 +0200;1396963074
d53b4988399e6242725ebe51efd450a0091fe8dc;d53b498839;-;-;Tue Apr 8 15:01:54 2014 +0200;1396962114;-;-;Tue Apr 8 15:01:54 2014 +0200;1396962114
a1486e46c815a4bed2b9f1333318a00073d2034c;a1486e46c8;-;-;Tue Apr 8 14:36:49 2014 +0200;1396960609;-;-;Tue Apr 8 14:36:49 2014 +0200;1396960609
a1980264691917813037c7015d9a886b938893b0;a198026469;-;-;Thu Feb 27 15:21:07 2014 +0100;1393510867;-;-;Tue Apr 8 11:37:41 2014 +0200;1396949861
7b5e9e8c8e1f3722c9af28d3cd38e488f26a7976;7b5e9e8c8e;-;-;Thu Feb 27 15:21:07 2014 +0100;1393510867;-;-;Mon Apr 7 21:43:05 2014 +0200;1396899785
f3b8a4103e01a489ecf74a7e469bbe67c9605803;f3b8a4103e;-;-;Thu Feb 27 15:21:07 2014 +0100;1393510867;-;-;Mon Apr 7 15:41:09 2014 +0200;1396878069
47a432719348dd9773a1bec2c3500771168ab962;47a4327193;-;-;Fri Feb 21 12:14:32 2014 +0100;1392981272;-;-;Mon Apr 7 12:07:20 2014 +0200;1396865240
4cd075bb963d87bb03b6542403d6d0688e1a250d;4cd075bb96;-;-;Sun Apr 6 20:09:22 2014 +0200;1396807762;-;-;Sun Apr 6 20:09:22 2014 +0200;1396807762
711c95d7d23319caba84d72b5db69ac45398e59a;711c95d7d2;-;-;Sun Apr 6 16:28:28 2014 +0200;1396794508;-;-;Sun Apr 6 16:28:28 2014 +0200;1396794508
d9ee44cd7c6751528bb965daa75847dcddc0fead;d9ee44cd7c;-;-;Sun Apr 6 16:25:28 2014 +0200;1396794328;-;-;Sun Apr 6 16:25:28 2014 +0200;1396794328
0eba1f818f2553c4f55f3b18cc5b2ad1c2d62a92;0eba1f818f;-;-;Fri Apr 4 22:02:26 2014 +0200;1396641746;-;-;Fri Apr 4 22:02:26 2014 +0200;1396641746
2e674c24f8baab4361fd77b1e2d8e54eb8a3d089;2e674c24f8;-;-;Fri Apr 4 15:51:28 2014 -0400;1396641088;-;-;Fri Apr 4 15:51:28 2014 -0400;1396641088
5e925ac03c7fe6bebaf81d429fcb6839eab77035;5e925ac03c;-;-;Fri Apr 4 14:31:49 2014 -0400;1396636309;-;-;Fri Apr 4 14:31:49 2014 -0400;1396636309
ec0b672baa952e15cca442bfffc563bd7ec6ad7b;ec0b672baa;-;-;Wed Apr 2 17:39:58 2014 +0200;1396453198;-;-;Fri Apr 4 12:43:35 2014 +0200;1396608215
990f5bb720ac172fa659a59339df06065d31c0bf;990f5bb720;-;-;Thu Apr 3 22:31:10 2014 -0400;1396578670;-;-;Thu Apr 3 22:31:10 2014 -0400;1396578670
3e74d3b2fbea16c55805b9b73c182bdc02e70b83;3e74d3b2fb;-;-;Wed Feb 12 14:41:34 2014 +0100;1392212494;-;-;Thu Apr 3 11:37:22 2014 +0200;1396517842
8ed490c4d7f724a0105aa421d234d5d037d8a6ec;8ed490c4d7;-;-;Wed Apr 2 20:57:28 2014 +0200;1396465048;-;-;Wed Apr 2 20:57:28 2014 +0200;1396465048
80066966136093d629f2310aff7781c922968cb6;8006696613;-;-;Wed Apr 2 20:57:09 2014 +0200;1396465029;-;-;Wed Apr 2 20:57:09 2014 +0200;1396465029
3a96f16654d4af72d5d30efa4558d599e68e3800;3a96f16654;-;-;Wed Apr 2 20:54:12 2014 +0200;1396464852;-;-;Wed Apr 2 20:54:12 2014 +0200;1396464852
54f66e451d1566205cb89ad29369b295abfe2d7d;54f66e451d;-;-;Wed Apr 2 15:37:20 2014 +0200;1396445840;-;-;Wed Apr 2 15:37:20 2014 +0200;1396445840
db23ec733be832b0d86e7218aee9180f4263b16e;db23ec733b;-;-;Tue Jan 21 16:25:19 2014 +0100;1390317919;-;-;Wed Apr 2 15:04:40 2014 +0200;1396443880
59703981c4aa5f8c7f57c958256964370fa3257c;59703981c4;-;-;Tue Apr 1 15:45:19 2014 -0400;1396381519;-;-;Tue Apr 1 22:05:10 2014 -0400;1396404310
89a4c291c3feae04798d1fc234cdbd82bb7ad9a9;89a4c291c3;-;-;Tue Apr 1 20:22:25 2014 +0200;1396376545;-;-;Tue Apr 1 20:22:25 2014 +0200;1396376545
8e89aff48f0b83cdee779f83edddd8572fe4a3b7;8e89aff48f;-;-;Tue Apr 1 19:48:48 2014 +0200;1396374528;-;-;Tue Apr 1 19:48:48 2014 +0200;1396374528
8edbdf4ddb144cc4abd5e8cdf14d99c9732f6d4d;8edbdf4ddb;-;-;Tue Apr 1 13:33:09 2014 -0400;1396373589;-;-;Tue Apr 1 13:33:09 2014 -0400;1396373589
a6b167dd489b0b5e92c02ec0d0324a4f89182381;a6b167dd48;-;-;Tue Apr 1 13:18:15 2014 -0400;1396372695;-;-;Tue Apr 1 13:18:15 2014 -0400;1396372695
ea762b2c740a2af0110b7c1bfa77c80a8b5b60df;ea762b2c74;-;-;Tue Apr 1 11:20:25 2014 -0400;1396365625;-;-;Tue Apr 1 11:20:25 2014 -0400;1396365625
119dfd9cf9215b2800d2d178913917103761fefd;119dfd9cf9;-;-;Tue Feb 11 11:48:47 2014 +0100;1392115727;-;-;Tue Apr 1 14:48:35 2014 +0200;1396356515
dcf5f4a6a30ae694516cf304b49090ff3ffa233f;dcf5f4a6a3;-;-;Tue Apr 1 14:30:47 2014 +0200;1396355447;-;-;Tue Apr 1 14:30:47 2014 +0200;1396355447
5fe8f52c02e56f8704e5c00a8d17e4f32b5176c3;5fe8f52c02;-;-;Tue Jan 14 14:22:31 2014 +0100;1389705751;-;-;Mon Mar 31 15:49:10 2014 +0200;1396273750
48221798f53be38650908ff632356f86dad4d5d8;48221798f5;-;-;Tue Jan 14 10:48:25 2014 +0100;1389692905;-;-;Mon Mar 31 15:37:55 2014 +0200;1396273075
3c28301ded03b7163c8450cb3cc4787cb79a8595;3c28301ded;-;-;Wed Jan 29 01:45:10 2014 +0100;1390956310;-;-;Mon Mar 31 15:20:50 2014 +0200;1396272050
6a8cf2866523df822bfea38976e6cd8d2c4447a1;6a8cf28665;-;-;Mon Mar 31 14:26:05 2014 +0200;1396268765;-;-;Mon Mar 31 14:26:05 2014 +0200;1396268765
f06cad91c03c395177ee139539ac1dabfd4855da;f06cad91c0;-;-;Fri Feb 21 14:24:00 2014 +0100;1392989040;-;-;Mon Mar 31 14:17:54 2014 +0200;1396268274
81c208098fb5ffb82abb88597710663da67fd764;81c208098f;-;-;Fri Jan 10 16:24:51 2014 +0100;1389367491;-;-;Mon Mar 31 14:15:27 2014 +0200;1396268127
906321dcdd0939824cfc9b31fb769defc150756e;906321dcdd;-;-;Sun Mar 30 17:56:19 2014 +0200;1396194979;-;-;Sun Mar 30 18:05:38 2014 +0200;1396195538
5d049e0de898a12386282fa4f8df7ca1454923e9;5d049e0de8;-;-;Sun Mar 30 17:01:48 2014 +0200;1396191708;-;-;Sun Mar 30 17:01:48 2014 +0200;1396191708
b766686c40b5072449f62fbc9093fb427e0ad2a5;b766686c40;-;-;Sun Mar 30 16:08:44 2014 +0200;1396188524;-;-;Sun Mar 30 16:08:44 2014 +0200;1396188524
c38600762dd17c5b4f1dabeb42c2dff77b5a66d1;c38600762d;-;-;Sat Mar 29 21:14:49 2014 +0100;1396124089;-;-;Sat Mar 29 21:14:49 2014 +0100;1396124089
34eb4dba3a4e1915989c29713a2b3551d3d5520d;34eb4dba3a;-;-;Fri Mar 28 21:54:23 2014 +0100;1396040063;-;-;Fri Mar 28 21:54:23 2014 +0100;1396040063
6aaae7e2584da0359ee5d01229b51ee534fb6d4b;6aaae7e258;-;-;Fri Mar 28 14:06:00 2014 +0100;1396011960;-;-;Fri Mar 28 14:06:00 2014 +0100;1396011960
db66ef0f6f95237d3d79720f7b8f0d675e4a5e69;db66ef0f6f;-;-;Fri Mar 28 13:34:43 2014 +0100;1396010083;-;-;Fri Mar 28 13:34:43 2014 +0100;1396010083
75439c7836f745354425dfe167fe6997a21bda7b;75439c7836;-;-;Thu Mar 27 20:35:00 2014 -0400;1395966900;-;-;Thu Mar 27 20:35:00 2014 -0400;1395966900
e3ef3fffa5d937c293c9211d7db3da40c0631994;e3ef3fffa5;-;-;Thu Mar 27 20:14:24 2014 -0400;1395965664;-;-;Thu Mar 27 20:15:53 2014 -0400;1395965753
ace6bd2418cba892f793e9e3666ac02a541074c7;ace6bd2418;-;-;Thu Mar 27 11:47:48 2014 -0400;1395935268;-;-;Thu Mar 27 20:15:53 2014 -0400;1395965753
ea1e27efa29b27530a21362236137240006bc2f8;ea1e27efa2;-;-;Thu Mar 27 21:59:23 2014 +0100;1395953963;-;-;Thu Mar 27 21:59:23 2014 +0100;1395953963
5c577451f3018e9a0b356d3ab81246ec2334f20f;5c577451f3;-;-;Thu Mar 27 14:49:26 2014 +0100;1395928166;-;-;Thu Mar 27 14:49:26 2014 +0100;1395928166
d19e30e2f8cb2d7287a8f6418b322980b4cf3a8c;d19e30e2f8;-;-;Thu Mar 27 09:21:08 2014 -0400;1395926468;-;-;Thu Mar 27 09:21:08 2014 -0400;1395926468
c924d659ebbfe6dd89757ccfe285e72f4835cac7;c924d659eb;-;-;Thu Mar 27 11:20:53 2014 +0100;1395915653;-;-;Thu Mar 27 11:20:53 2014 +0100;1395915653
0b115d7a1e9d0dc8e16c4b21537a925825f7cc22;0b115d7a1e;-;-;Wed Mar 26 22:38:39 2014 -0700;1395898719;-;-;Wed Mar 26 22:38:39 2014 -0700;1395898719
fb7e1970a97e96fbbef14f7542553508d76883a0;fb7e1970a9;-;-;Wed Mar 26 21:25:05 2014 -0700;1395894305;-;-;Wed Mar 26 21:25:05 2014 -0700;1395894305
9859b970374620e9cdfa33adf29802eba36147ee;9859b97037;-;-;Wed Mar 26 23:48:29 2014 +0100;1395874109;-;-;Wed Mar 26 23:51:53 2014 +0100;1395874313
32852e0843d50615b370d3d379fd47e4b1cd60f3;32852e0843;-;-;Wed Mar 26 16:13:49 2014 -0400;1395864829;-;-;Wed Mar 26 17:12:30 2014 -0400;1395868350
b02bda95b25358792324d3b00922ed179cbb0863;b02bda95b2;-;-;Wed Mar 26 16:37:37 2014 -0400;1395866257;-;-;Wed Mar 26 17:12:10 2014 -0400;1395868330
b70148c12d6f0237892256cfad73c21f30cb46fa;b70148c12d;-;-;Wed Mar 26 21:47:56 2014 +0100;1395866876;-;-;Wed Mar 26 21:47:56 2014 +0100;1395866876
3af8a3260a64f46b10213924762a58058446fae1;3af8a3260a;-;-;Wed Mar 26 21:46:38 2014 +0100;1395866798;-;-;Wed Mar 26 21:46:38 2014 +0100;1395866798
e3035363a6893f76a0c2484f226c187cd120de28;e3035363a6;-;-;Wed Mar 26 18:15:23 2014 +0100;1395854123;-;-;Wed Mar 26 18:15:23 2014 +0100;1395854123
e92bbc801418901e2e5f394b6764860cb37f45d2;e92bbc8014;-;-;Wed Mar 26 11:37:11 2014 -0400;1395848231;-;-;Wed Mar 26 11:37:11 2014 -0400;1395848231
3347b45292f97febf44c736523e87c95fda5161f;3347b45292;-;-;Wed Mar 26 11:32:01 2014 -0400;1395847921;-;-;Wed Mar 26 11:32:34 2014 -0400;1395847954
e6e12be5ef12d5e6d8cb8702ba0e2354b72f83f0;e6e12be5ef;-;-;Wed Mar 26 11:26:41 2014 -0400;1395847601;-;-;Wed Mar 26 11:32:34 2014 -0400;1395847954
b9bac1d3b6cba90997b4c2564bcff3d8d51ab19b;b9bac1d3b6;-;-;Wed Mar 26 16:09:15 2014 +0100;1395846555;-;-;Wed Mar 26 16:09:15 2014 +0100;1395846555
338857364674de63d13596250fae8880dc965e0e;3388573646;-;-;Wed Mar 26 15:29:50 2014 +0100;1395844190;-;-;Wed Mar 26 15:29:50 2014 +0100;1395844190
2b5239543d9e06e171ee214e728a4d3c699d7d18;2b5239543d;-;-;Wed Mar 26 01:22:53 2014 -0700;1395822173;-;-;Wed Mar 26 01:22:53 2014 -0700;1395822173
4788875a4b627f615f7e496dd18ad222e981d34e;4788875a4b;-;-;Tue Mar 25 22:44:27 2014 -0700;1395812667;-;-;Tue Mar 25 22:44:27 2014 -0700;1395812667
5dbcd76a71f262510be7ac84b3b2679d716ff76a;5dbcd76a71;-;-;Wed Mar 26 00:20:35 2014 -0400;1395807635;-;-;Wed Mar 26 00:20:35 2014 -0400;1395807635
fd175180b99bfa914f3a8f56c18d5746a7bb8b88;fd175180b9;-;-;Tue Mar 25 22:12:40 2014 -0400;1395799960;-;-;Tue Mar 25 22:15:12 2014 -0400;1395800112
84133c86fec0145bf4cbdc6acb5664c9f10632e6;84133c86fe;-;-;Tue Mar 25 15:12:58 2014 -0400;1395774778;-;-;Tue Mar 25 22:15:12 2014 -0400;1395800112
90512f036b95d665af747b4bbaa5963b4b7ba1b6;90512f036b;-;-;Wed Mar 26 00:31:38 2014 +0100;1395790298;-;-;Wed Mar 26 00:31:38 2014 +0100;1395790298
9fc13e1d2355932e625f08226dcdb8f7866074c6;9fc13e1d23;-;-;Tue Mar 25 23:56:16 2014 +0100;1395788176;-;-;Tue Mar 25 23:56:16 2014 +0100;1395788176
f2f355e76c577285fa240f3382c55341e8d635e6;f2f355e76c;-;-;Thu Mar 13 15:55:20 2014 +0100;1394722520;-;-;Tue Mar 25 20:58:58 2014 +0100;1395777538
a2f1169e820c76df7f06f2b2b921b184b8775b45;a2f1169e82;-;-;Tue Mar 25 17:48:06 2014 +0100;1395766086;-;-;Tue Mar 25 17:48:06 2014 +0100;1395766086
d970015d4df6127428db1cc98be9b3d399789e6a;d970015d4d;-;-;Tue Mar 25 17:15:53 2014 +0100;1395764153;-;-;Tue Mar 25 17:15:53 2014 +0100;1395764153
c1eb50ef489534939dc63d3bc5968368002e30c2;c1eb50ef48;-;-;Tue Mar 25 16:49:54 2014 +0100;1395762594;-;-;Tue Mar 25 16:49:54 2014 +0100;1395762594
d67f0803c4bfb7b9c732ef366dbc1520bd8841fe;d67f0803c4;-;-;Tue Mar 25 13:53:39 2014 +0100;1395752019;-;-;Tue Mar 25 11:05:47 2014 -0400;1395759947
2c1d5efbb021d7eed196bad550bcd675d43035b9;2c1d5efbb0;-;-;Tue Mar 25 11:02:24 2014 -0400;1395759744;-;-;Tue Mar 25 11:02:24 2014 -0400;1395759744
2aee0d82507b8a7ca63df8cdd6d6502526886dd3;2aee0d8250;-;-;Thu Mar 20 07:47:42 2014 -0700;1395326862;-;-;Tue Mar 25 10:12:29 2014 -0400;1395756749
bbf101eef6b4692f2919ec0c2ed7249aa4c98564;bbf101eef6;-;-;Tue Mar 25 09:59:09 2014 -0400;1395755949;-;-;Tue Mar 25 09:59:09 2014 -0400;1395755949
a247d5f2e8812250677c4f32a576b8676a3b2968;a247d5f2e8;-;-;Tue Mar 25 09:05:42 2014 -0400;1395752742;-;-;Tue Mar 25 09:05:42 2014 -0400;1395752742
8780464c644f5f93e4d0258e0098874598beafd5;8780464c64;-;-;Tue Mar 25 08:23:40 2014 -0400;1395750220;-;-;Tue Mar 25 08:24:53 2014 -0400;1395750293
9280ca7749a10184d3f8f1878a9f36e405c3d740;9280ca7749;-;-;Tue Mar 25 11:51:31 2014 +0100;1395744691;-;-;Tue Mar 25 11:51:31 2014 +0100;1395744691
1c1e1145a2bb21d2f467594a3a7d8517a81e0c09;1c1e1145a2;-;-;Tue Mar 25 00:27:05 2014 -0400;1395721625;-;-;Tue Mar 25 00:27:05 2014 -0400;1395721625
5caf36ae9133c4f7ff852655d8aab7d6db2dbeb4;5caf36ae91;-;-;Mon Mar 24 21:44:03 2014 -0400;1395711843;-;-;Mon Mar 24 21:44:03 2014 -0400;1395711843
13da7057e6bed74ce9383c19c1c811a01d612c4e;13da7057e6;-;-;Mon Mar 24 20:29:23 2014 -0400;1395707363;-;-;Mon Mar 24 20:30:41 2014 -0400;1395707441
074590730bdcd32a49d525da1fccf0862cacad26;074590730b;-;-;Tue Mar 25 00:54:02 2014 +0100;1395705242;-;-;Tue Mar 25 00:54:02 2014 +0100;1395705242
c11484b2e723e2a6ec18e2439ab90c76019ef306;c11484b2e7;-;-;Mon Mar 24 18:05:37 2014 -0400;1395698737;-;-;Mon Mar 24 19:20:38 2014 -0400;1395703238
1e9960e1cecdfa4b68c01e6428b93eac8d619ac9;1e9960e1ce;-;-;Mon Mar 24 16:12:40 2014 -0400;1395691960;-;-;Mon Mar 24 19:20:38 2014 -0400;1395703238
545c4effb11d71aaf7ac07fe1433cd3ab7e0eb2a;545c4effb1;-;-;Mon Mar 24 13:52:37 2014 -0400;1395683557;-;-;Mon Mar 24 19:20:37 2014 -0400;1395703237
bbdb72d8087449ffb8758ac40dfaab60e4bb7f47;bbdb72d808;-;-;Mon Mar 24 09:28:33 2014 +0100;1395649713;-;-;Mon Mar 24 19:20:37 2014 -0400;1395703237
ebffd67b5e9522cb05158f9f9e1c32c1b560a485;ebffd67b5e;-;-;Fri Mar 21 11:32:39 2014 -0400;1395415959;-;-;Mon Mar 24 19:20:37 2014 -0400;1395703237
465ca24ab244a4ea437ea96d9f10a226679a6b05;465ca24ab2;-;-;Mon Mar 24 23:26:05 2014 +0100;1395699965;-;-;Mon Mar 24 23:26:05 2014 +0100;1395699965
53352882ca85cdd1062b0c4ae266d3d1070e2ecf;53352882ca;-;-;Mon Mar 24 22:58:33 2014 +0100;1395698313;-;-;Mon Mar 24 22:58:33 2014 +0100;1395698313
dd7f54c3c06ba4da673634d9dc3c456fb343cb67;dd7f54c3c0;-;-;Mon Mar 24 22:57:38 2014 +0100;1395698258;-;-;Mon Mar 24 22:57:38 2014 +0100;1395698258
05213c684c5684dba3ffe49d1f2e3db3c44e476e;05213c684c;-;-;Mon Mar 24 10:00:05 2014 -0400;1395669605;-;-;Mon Mar 24 10:01:35 2014 -0400;1395669695
9bda734e0a1bd571078bc2e7c7b41065a7d53fa3;9bda734e0a;-;-;Mon Mar 24 09:43:02 2014 -0400;1395668582;-;-;Mon Mar 24 10:01:35 2014 -0400;1395669695
0b69a0ba4be77b63a0f7b12d25dd0c611b3911fb;0b69a0ba4b;-;-;Sun Mar 23 16:41:52 2014 +0100;1395589312;-;-;Mon Mar 24 10:01:35 2014 -0400;1395669695
c10eeb414ca647803da9513721551f54f54f8ea3;c10eeb414c;-;-;Mon Mar 24 14:37:08 2014 +0100;1395668228;-;-;Mon Mar 24 14:37:08 2014 +0100;1395668228
ea5911f6283898738f6898b4f155cff6057f0fb1;ea5911f628;-;-;Mon Mar 24 14:36:25 2014 +0100;1395668185;-;-;Mon Mar 24 14:36:25 2014 +0100;1395668185
5ab04335439d436336e50756f0465c897d004970;5ab0433543;-;-;Mon Mar 24 13:33:48 2014 +0100;1395664428;-;-;Mon Mar 24 13:33:48 2014 +0100;1395664428
ae012ae6e2a9ce69b3ec3e79b98af3443b6e27ef;ae012ae6e2;-;-;Fri Mar 21 16:46:12 2014 +0100;1395416772;-;-;Mon Mar 24 12:11:59 2014 +0100;1395659519
4e24e079a8780df65b687b7c32663ba44869b33b;4e24e079a8;-;-;Mon Mar 24 11:52:42 2014 +0100;1395658362;-;-;Mon Mar 24 11:52:42 2014 +0100;1395658362
8b73c0affbeab0aaa76e8e1bfa4a50d68a2bb8fc;8b73c0affb;-;-;Mon Mar 24 11:51:21 2014 +0100;1395658281;-;-;Mon Mar 24 11:51:21 2014 +0100;1395658281
7399723165a3599018eec12edebf49e880f1816a;7399723165;-;-;Mon Mar 24 11:16:56 2014 +0100;1395656216;-;-;Mon Mar 24 11:16:56 2014 +0100;1395656216
0af6e1bb1b25ac32beb0a629a0e825c82850da21;0af6e1bb1b;-;-;Mon Mar 24 11:02:03 2014 +0100;1395655323;-;-;Mon Mar 24 11:02:03 2014 +0100;1395655323
2f24bd24a818022fae1e9bba0bce6d0dc0d177f5;2f24bd24a8;-;-;Sun Mar 23 23:15:03 2014 -0400;1395630903;-;-;Sun Mar 23 23:15:03 2014 -0400;1395630903
7af74b24753a2692cbfdde24999b94e13e7fcb1f;7af74b2475;-;-;Sun Mar 23 02:12:57 2014 -0400;1395555177;-;-;Sun Mar 23 02:12:57 2014 -0400;1395555177
2c6d6b524dc60e27511a242801563b7878d21f04;2c6d6b524d;-;-;Sun Mar 23 01:04:30 2014 -0400;1395551070;-;-;Sun Mar 23 01:04:30 2014 -0400;1395551070
7651f83b4c7333768368c034e22e93ba0c331e37;7651f83b4c;-;-;Sun Mar 23 01:01:39 2014 -0400;1395550899;-;-;Sun Mar 23 01:01:39 2014 -0400;1395550899
cbd5af3a0352e408bccac7763a9ea7f1e94fc516;cbd5af3a03;-;-;Sun Mar 23 00:51:33 2014 -0400;1395550293;-;-;Sun Mar 23 00:51:33 2014 -0400;1395550293
4028a3b0bce0f2dd40cdbcf3314304974993eea3;4028a3b0bc;-;-;Sat Mar 22 22:47:32 2014 -0400;1395542852;-;-;Sat Mar 22 22:59:48 2014 -0400;1395543588
ffac748f1c57c95d46acdb58f483a351906a694b;ffac748f1c;-;-;Sat Mar 22 17:06:45 2014 -0400;1395522405;-;-;Sat Mar 22 22:59:39 2014 -0400;1395543579
299be08268b8f93fd19c274b8937302fe86198ac;299be08268;-;-;Fri Mar 21 11:42:23 2014 -0400;1395416543;-;-;Fri Mar 21 11:42:23 2014 -0400;1395416543
796af90ba7a87198e01b8b15246db9ccfe30c20f;796af90ba7;-;-;Fri Mar 21 15:26:13 2014 +0100;1395411973;-;-;Fri Mar 21 15:26:13 2014 +0100;1395411973
90e3dbb0f5d3406e4b8136c50c3d2c9e9c96afc7;90e3dbb0f5;-;-;Fri Mar 21 14:43:03 2014 +0100;1395409383;-;-;Fri Mar 21 14:43:03 2014 +0100;1395409383
3aff973d13f9b82d3de511faae667424c637fa38;3aff973d13;-;-;Fri Mar 21 14:32:57 2014 +0100;1395408777;-;-;Fri Mar 21 14:32:57 2014 +0100;1395408777
929e9ca401e6d619cfbfc6aff38bf05a3f40848d;929e9ca401;-;-;Fri Mar 21 08:52:31 2014 -0400;1395406351;-;-;Fri Mar 21 08:59:12 2014 -0400;1395406752
26309838ba3727a7358c331325df4f3b325c4674;26309838ba;-;-;Fri Mar 21 10:00:11 2014 +0100;1395392411;-;-;Fri Mar 21 10:00:11 2014 +0100;1395392411
b7a974116e08b702de38753aca5e64bd02aba77c;b7a974116e;-;-;Thu Mar 20 16:37:59 2014 -0400;1395347879;-;-;Fri Mar 21 01:29:29 2014 -0400;1395379769
ac968e94ed1b9a1863a0345a030af506b25d9e0d;ac968e94ed;-;-;Thu Mar 20 16:35:58 2014 -0400;1395347758;-;-;Thu Mar 20 21:19:18 2014 -0400;1395364758
d4782647a4fda81484339433bff6ddee87c1764d;d4782647a4;-;-;Thu Mar 20 19:44:19 2014 -0400;1395359059;-;-;Thu Mar 20 19:44:19 2014 -0400;1395359059
52c3f713bf0f467a43fa55c9be425447d371531b;52c3f713bf;-;-;Wed Mar 19 17:09:41 2014 -0700;1395274181;-;-;Thu Mar 20 16:43:33 2014 -0400;1395348213
4cd818b9e45298237950e2e108e4629539cbcc4a;4cd818b9e4;-;-;Mon Jan 20 10:23:13 2014 +0100;1390209793;-;-;Thu Mar 20 09:43:29 2014 -0700;1395333809
10af128e9654d346a3f6ca6a2d3201e9b409e2a1;10af128e96;-;-;Thu Mar 20 00:41:31 2014 -0400;1395290491;-;-;Thu Mar 20 00:45:37 2014 -0400;1395290737
9cee70ff66c4762fd2ffc3ade71d322765bdeca0;9cee70ff66;-;-;Thu Mar 20 01:28:59 2014 +0100;1395275339;-;-;Thu Mar 20 01:28:59 2014 +0100;1395275339
ad09f1b5ecb2b7d5361d7caf194280ed66bc896c;ad09f1b5ec;-;-;Thu Mar 20 01:06:22 2014 +0100;1395273982;-;-;Thu Mar 20 01:06:22 2014 +0100;1395273982
99cd2f6098bff68d4acdaae1790d2e6396a6b865;99cd2f6098;-;-;Wed Mar 19 23:44:13 2014 +0100;1395269053;-;-;Wed Mar 19 23:44:13 2014 +0100;1395269053
1bab8a39164aa8b91bf423d9a105ce28c4d9763d;1bab8a3916;-;-;Wed Mar 19 13:45:40 2014 -0400;1395251140;-;-;Wed Mar 19 13:45:40 2014 -0400;1395251140
48b62e80d55b321e3025e92b20a725f7e665aa28;48b62e80d5;-;-;Wed Mar 19 12:25:08 2014 -0400;1395246308;-;-;Wed Mar 19 12:25:08 2014 -0400;1395246308
1fa4a7d34f56b85753fb38f54a4bc6d5f1c837db;1fa4a7d34f;-;-;Wed Mar 19 10:35:48 2014 -0400;1395239748;-;-;Wed Mar 19 10:35:48 2014 -0400;1395239748
9552c82e2d81bcb6c781793e1fe14708bd4db25b;9552c82e2d;-;-;Wed Mar 19 10:24:48 2014 -0400;1395239088;-;-;Wed Mar 19 10:24:48 2014 -0400;1395239088
8aefcb9a550886fe93b11d7e276f2236840944d3;8aefcb9a55;-;-;Wed Mar 19 01:22:46 2014 +0100;1395188566;-;-;Wed Mar 19 01:22:46 2014 +0100;1395188566
dc6d67510d65393eabf420cc6648e8f31acb6586;dc6d67510d;-;-;Tue Mar 18 23:53:43 2014 +0100;1395183223;-;-;Tue Mar 18 23:56:31 2014 +0100;1395183391
34fe252acdb5f938bf432316abad9943718451c3;34fe252acd;-;-;Tue Mar 18 20:38:37 2014 +0100;1395171517;-;-;Tue Mar 18 23:56:31 2014 +0100;1395183391
373f07b1ffa6e274d49d766467ae25ca10768c50;373f07b1ff;-;-;Tue Mar 18 22:30:32 2014 +0100;1395178232;-;-;Tue Mar 18 22:30:32 2014 +0100;1395178232
e0757e7ed69bcd2579d51d56582c16acc13a6e12;e0757e7ed6;-;-;Tue Mar 18 22:29:50 2014 +0100;1395178190;-;-;Tue Mar 18 22:29:50 2014 +0100;1395178190
b640b9fdfe2c1d554aa2bb8ea38401d20c2ed2dd;b640b9fdfe;-;-;Tue Mar 18 18:33:26 2014 +0100;1395164006;-;-;Tue Mar 18 18:33:26 2014 +0100;1395164006
9ce0df89ffedf5a75981f3699f32d10a6de6f9df;9ce0df89ff;-;-;Tue Mar 18 18:20:15 2014 +0100;1395163215;-;-;Tue Mar 18 18:20:15 2014 +0100;1395163215
42690a9a9e5a8a15b2baeaf349c37f0f90a052ad;42690a9a9e;-;-;Tue Mar 18 12:54:40 2014 +0100;1395143680;-;-;Tue Mar 18 12:54:40 2014 +0100;1395143680
c61d62ef4b42aa68fe5c95befaf0bd7664844c6d;c61d62ef4b;-;-;Tue Mar 18 12:54:02 2014 +0100;1395143642;-;-;Tue Mar 18 12:54:02 2014 +0100;1395143642
87e58a6d7b7209f5f932b0d34e509452c62405d6;87e58a6d7b;-;-;Tue Mar 18 12:52:59 2014 +0100;1395143579;-;-;Tue Mar 18 12:52:59 2014 +0100;1395143579
df98490f0dd55991f15439cc5110e3ceb6a13f7a;df98490f0d;-;-;Mon Mar 17 22:32:01 2014 -0400;1395109921;-;-;Mon Mar 17 22:32:01 2014 -0400;1395109921
fb600857df9a1fd4f44158c2537e3c2bee4322b5;fb600857df;-;-;Mon Mar 17 11:02:36 2014 +0100;1395050556;-;-;Mon Mar 17 21:37:37 2014 -0400;1395106657
aac409c6cf1c1415f8aff4f9755d30419529ab44;aac409c6cf;-;-;Mon Mar 17 22:06:22 2014 +0100;1395090382;-;-;Mon Mar 17 21:20:50 2014 -0400;1395105650
a372b683cde47651fcec6ef0cec9004d79c4975e;a372b683cd;-;-;Mon Mar 17 21:11:13 2014 -0400;1395105073;-;-;Mon Mar 17 21:13:14 2014 -0400;1395105194
38e7c4776b627ccce5d3ee81e535ce8876ca98e8;38e7c4776b;-;-;Tue Mar 18 00:50:59 2014 +0100;1395100259;-;-;Tue Mar 18 00:50:59 2014 +0100;1395100259
57af56aeeb880dd69b1bd5135cd3ef5e871214b9;57af56aeeb;-;-;Mon Mar 17 17:11:15 2014 -0400;1395090675;-;-;Mon Mar 17 17:11:15 2014 -0400;1395090675
918e21fd8f559bf97f93c547190167f416eb05be;918e21fd8f;-;-;Mon Mar 17 17:10:53 2014 -0400;1395090653;-;-;Mon Mar 17 17:10:53 2014 -0400;1395090653
92eb99a5abaaf43f4fddeaf00020dad2f3dd73eb;92eb99a5ab;-;-;Mon Mar 17 16:05:09 2014 +0100;1395068709;-;-;Mon Mar 17 16:05:09 2014 +0100;1395068709
cf290ab42a22e412eb55db34c5b43aadcb356d3f;cf290ab42a;-;-;Mon Mar 17 15:13:59 2014 +0100;1395065639;-;-;Mon Mar 17 15:13:59 2014 +0100;1395065639
a8577da30cec91272ef7f367ab5f393d232a1ee1;a8577da30c;-;-;Mon Mar 17 13:53:38 2014 +0100;1395060818;-;-;Mon Mar 17 13:53:38 2014 +0100;1395060818
fbd25467c47fcda1e4d500e1cc3ede3d8ca7f61e;fbd25467c4;-;-;Mon Mar 17 12:26:32 2014 +0100;1395055592;-;-;Mon Mar 17 12:26:32 2014 +0100;1395055592
f68bd5c8b27da47482373a773c18b851fb1cf0ac;f68bd5c8b2;-;-;Sun Mar 16 18:11:33 2014 -0400;1395007893;-;-;Sun Mar 16 18:12:45 2014 -0400;1395007965
2e13bf8b817d57b976178a5d8682fbb6597ec351;2e13bf8b81;-;-;Sun Mar 16 18:02:27 2014 -0400;1395007347;-;-;Sun Mar 16 18:12:45 2014 -0400;1395007965
6bcbb94abac229b70a8b0a89b12ce461d4321a8b;6bcbb94aba;-;-;Sun Mar 16 14:16:34 2014 -0400;1394993794;-;-;Sun Mar 16 18:12:45 2014 -0400;1395007965
14a8f19670d2df932b9e05b122390848944173e8;14a8f19670;-;-;Sun Mar 16 17:44:11 2014 +0100;1394988251;-;-;Sun Mar 16 17:44:11 2014 +0100;1394988251
cae50c3a2d70edf62ba3562936112f0421fd5b5b;cae50c3a2d;-;-;Sun Mar 16 17:34:01 2014 +0100;1394987641;-;-;Sun Mar 16 17:34:01 2014 +0100;1394987641
bb67cd4657ee288d9a0a80c8e81f24308a6b1c0a;bb67cd4657;-;-;Sun Mar 16 16:41:08 2014 +0100;1394984468;-;-;Sun Mar 16 16:41:08 2014 +0100;1394984468
e7b8a657b477ddf88e737ee8b7806f0338464365;e7b8a657b4;-;-;Sat Mar 15 15:28:17 2014 +0100;1394893697;-;-;Sat Mar 15 15:28:17 2014 +0100;1394893697
189cd663c5d2916a46ce2bcb52ab16d5ffc73560;189cd663c5;-;-;Sat Mar 15 00:46:06 2014 +0100;1394840766;-;-;Sat Mar 15 00:46:06 2014 +0100;1394840766
f1fbe85ff1943e2bd5a2c6916fd94fca8f92e265;f1fbe85ff1;-;-;Sat Mar 15 00:04:53 2014 +0100;1394838293;-;-;Sat Mar 15 00:04:53 2014 +0100;1394838293
3d506eb033d5092b70c78ad0b525a62e3c4a402d;3d506eb033;-;-;Fri Mar 14 22:34:11 2014 +0100;1394832851;-;-;Fri Mar 14 22:34:11 2014 +0100;1394832851
99ea429fd776701f9ca4d686c52029ac2a9c1afc;99ea429fd7;-;-;Fri Mar 14 20:40:24 2014 +0100;1394826024;-;-;Fri Mar 14 20:40:24 2014 +0100;1394826024
5308b3e358e3667eac3a8bb263d356d1b57efc5a;5308b3e358;-;-;Fri Mar 14 20:38:09 2014 +0100;1394825889;-;-;Fri Mar 14 20:38:09 2014 +0100;1394825889
9dcd03d86274f5b96d40a2e38926bb880af78a46;9dcd03d862;-;-;Fri Mar 14 17:34:21 2014 +0100;1394814861;-;-;Fri Mar 14 17:34:21 2014 +0100;1394814861
5ff1c696c851dbeebd8c2700f43e7ef31b8377fa;5ff1c696c8;-;-;Fri Mar 14 00:45:40 2014 +0100;1394754340;-;-;Fri Mar 14 00:45:40 2014 +0100;1394754340
791f58e6be1f442ed4b0ce5415560aff86f36244;791f58e6be;-;-;Thu Mar 13 17:31:39 2014 +0100;1394728299;-;-;Thu Mar 13 17:31:39 2014 +0100;1394728299
4744180d3d896d0af218febefc2aba5b01a21abb;4744180d3d;-;-;Thu Mar 13 17:03:55 2014 +0100;1394726635;-;-;Thu Mar 13 17:03:55 2014 +0100;1394726635
01b2f67f11207c5007164518a83fcfb546b36837;01b2f67f11;-;-;Thu Mar 13 13:45:05 2014 +0100;1394714705;-;-;Thu Mar 13 13:45:05 2014 +0100;1394714705
a006ca254272bebe7b8e3828dd6cd53a8b52542b;a006ca2542;-;-;Thu Mar 13 12:21:32 2014 +0100;1394709692;-;-;Thu Mar 13 12:21:32 2014 +0100;1394709692
7853e74e786efda8aea70a5a0e79385a0c5d5cc9;7853e74e78;-;-;Thu Mar 13 12:05:49 2014 +0100;1394708749;-;-;Thu Mar 13 12:05:49 2014 +0100;1394708749
6b31074e4a7b8e8b883d304e962af1c2b9b4c03d;6b31074e4a;-;-;Wed Mar 12 17:04:16 2014 -0400;1394658256;-;-;Wed Mar 12 17:04:16 2014 -0400;1394658256
6a4a2ec6a4e8067063209b8126fccf9eb3411e53;6a4a2ec6a4;-;-;Wed Mar 12 16:52:52 2014 -0400;1394657572;-;-;Wed Mar 12 16:52:52 2014 -0400;1394657572
3474afb165b6efa1a15db87c088e0fe79353000f;3474afb165;-;-;Wed Mar 12 16:38:58 2014 -0400;1394656738;-;-;Wed Mar 12 16:42:16 2014 -0400;1394656936
4d3ca4319e66e6a9e2470838b8b7627da757e3e5;4d3ca4319e;-;-;Tue Mar 11 22:09:46 2014 +0100;1394572186;-;-;Tue Mar 11 22:09:46 2014 +0100;1394572186
8b2b165777e9653db260628320d70c7f21160df1;8b2b165777;-;-;Tue Mar 11 20:33:13 2014 +0100;1394566393;-;-;Tue Mar 11 20:33:13 2014 +0100;1394566393
658a44a62065c082d92c2acc7369ac3cbf7582d7;658a44a620;-;-;Tue Mar 11 12:57:27 2014 +0100;1394539047;-;-;Tue Mar 11 12:57:27 2014 +0100;1394539047
27cacf067255101cb1c4243c6d9b8bec74fe5db6;27cacf0672;-;-;Tue Mar 11 10:47:53 2014 +0100;1394531273;-;-;Tue Mar 11 11:20:29 2014 +0100;1394533229
13af188bdc55aba99f0c02dbcbce59ee6ace5351;13af188bdc;-;-;Mon Mar 10 22:07:39 2014 -0400;1394503659;-;-;Mon Mar 10 22:07:39 2014 -0400;1394503659
cff23b84ae6bac45972c16a84e4dbaa382576acc;cff23b84ae;-;-;Mon Mar 10 16:58:02 2014 -0400;1394485082;-;-;Mon Mar 10 16:58:02 2014 -0400;1394485082
a473d46e1c472309807e7376255aef5d60ca174e;a473d46e1c;-;-;Mon Mar 10 16:19:13 2014 -0400;1394482753;-;-;Mon Mar 10 16:46:13 2014 -0400;1394484373
bbcb1837c54643fe1f133bad5e972acb9e54f3e7;bbcb1837c5;-;-;Mon Mar 10 18:31:03 2014 +0100;1394472663;-;-;Mon Mar 10 18:31:03 2014 +0100;1394472663
264d7b9c98018aee517b2c14bbfd0ff05e000706;264d7b9c98;-;-;Mon Mar 10 18:18:29 2014 +0100;1394471909;-;-;Mon Mar 10 18:18:29 2014 +0100;1394471909
7a6ec6952357d23b3f17694236a253f385b14e10;7a6ec69523;-;-;Tue Mar 4 16:53:04 2014 +0100;1393948384;-;-;Mon Mar 10 17:42:09 2014 +0100;1394469729
bea94d5302e16f72a64377c052595a1976629dde;bea94d5302;-;-;Mon Mar 10 15:59:19 2014 +0100;1394463559;-;-;Mon Mar 10 15:59:19 2014 +0100;1394463559
40b81fcc3e32aadfa41f6f69987b05005ea63cb3;40b81fcc3e;-;-;Fri Mar 7 15:07:15 2014 +0100;1394201235;-;-;Mon Mar 10 13:33:56 2014 +0100;1394454836
241682c11734fcba50500fe5f61291405efb7d91;241682c117;-;-;Mon Mar 10 12:31:00 2014 +0100;1394451060;-;-;Mon Mar 10 12:31:00 2014 +0100;1394451060
b364599278b4ef13348641d7cbb433d654bf4e5e;b364599278;-;-;Mon Mar 10 12:24:20 2014 +0100;1394450660;-;-;Mon Mar 10 12:26:29 2014 +0100;1394450789
220267b830dbb56e456ee04ba860fe964c5df0d9;220267b830;-;-;Mon Mar 10 12:22:40 2014 +0100;1394450560;-;-;Mon Mar 10 12:22:52 2014 +0100;1394450572
542db72ffd356a2a7d491910852e8d82c93f8fe0;542db72ffd;-;-;Mon Mar 10 11:43:19 2014 +0100;1394448199;-;-;Mon Mar 10 11:43:19 2014 +0100;1394448199
1d57a15e40d0e9aef3b5421dceb3209f1710b754;1d57a15e40;-;-;Fri Mar 7 18:27:34 2014 +0100;1394213254;-;-;Fri Mar 7 18:27:34 2014 +0100;1394213254
1ade9b54331d199534b729d10340bab211b3272c;1ade9b5433;-;-;Fri Mar 7 18:06:30 2014 +0100;1394211990;-;-;Fri Mar 7 18:06:30 2014 +0100;1394211990
e865d63c29695631b5f93ee46bbfb12cb8d093fd;e865d63c29;-;-;Fri Mar 7 17:31:44 2014 +0100;1394209904;-;-;Fri Mar 7 17:31:44 2014 +0100;1394209904
bcde955ec996510d41b83e05d06d1c007e152f94;bcde955ec9;-;-;Fri Mar 7 13:39:01 2014 +0100;1394195941;-;-;Fri Mar 7 13:39:01 2014 +0100;1394195941
3dfa7e9ac0ec070b52f580e11a279a7b7f64804f;3dfa7e9ac0;-;-;Fri Mar 7 00:08:15 2014 +0100;1394147295;-;-;Fri Mar 7 00:08:15 2014 +0100;1394147295
93c8b7ab04af281a26d05c968fdb0ed03cf0b1c4;93c8b7ab04;-;-;Thu Mar 6 22:41:38 2014 +0100;1394142098;-;-;Thu Mar 6 22:41:38 2014 +0100;1394142098
07959cb3f7f5b1c064406c0f00099066b97ad751;07959cb3f7;-;-;Thu Mar 6 12:29:22 2014 -0500;1394126962;-;-;Thu Mar 6 12:29:22 2014 -0500;1394126962
519799e1cf414615ef0a7a26d5dde0478a47b96d;519799e1cf;-;-;Thu Mar 6 14:44:13 2014 +0100;1394113453;-;-;Thu Mar 6 15:11:22 2014 +0100;1394115082
c8f2e0718231004021c78c65d5378036f943fdc4;c8f2e07182;-;-;Thu Mar 6 14:50:46 2014 +0100;1394113846;-;-;Thu Mar 6 14:50:46 2014 +0100;1394113846
cb59d43a5fea8e541f30bb40b39e2c01ec8fcbc7;cb59d43a5f;-;-;Thu Mar 6 14:40:41 2014 +0100;1394113241;-;-;Thu Mar 6 14:40:41 2014 +0100;1394113241
213d9c4a51e6601012c746f00651c3f24591e9e9;213d9c4a51;-;-;Thu Mar 6 14:19:48 2014 +0100;1394111988;-;-;Thu Mar 6 14:19:48 2014 +0100;1394111988
3080ff3890c14b457a0676733d5f05b6e33ab41e;3080ff3890;-;-;Thu Mar 6 14:18:26 2014 +0100;1394111906;-;-;Thu Mar 6 14:18:26 2014 +0100;1394111906
7972b31118231f2121625b014ba0abf9b3f4c91a;7972b31118;-;-;Thu Mar 6 14:17:54 2014 +0100;1394111874;-;-;Thu Mar 6 14:17:54 2014 +0100;1394111874
793cab4f8093186ff345f67ada4ca73990da28d7;793cab4f80;-;-;Thu Mar 6 14:13:33 2014 +0100;1394111613;-;-;Thu Mar 6 14:13:33 2014 +0100;1394111613
49d7bda72248b5a08fda3d42ed10d9e127396e6a;49d7bda722;-;-;Wed Mar 5 21:02:03 2014 -0500;1394071323;-;-;Wed Mar 5 21:06:46 2014 -0500;1394071606
cf3b2b1a4d06bfa97e3c4dba9ac486b83d252863;cf3b2b1a4d;-;-;Wed Mar 5 23:20:23 2014 +0100;1394058023;-;-;Thu Mar 6 00:06:50 2014 +0100;1394060810
d30128396e2c9a7bb1a59f0dd1183cff942c3805;d30128396e;-;-;Wed Mar 5 22:42:03 2014 +0100;1394055723;-;-;Wed Mar 5 22:42:03 2014 +0100;1394055723
2cdc066dafcdf876ad1fefc21f18a38838ecab5e;2cdc066daf;-;-;Wed Mar 5 22:41:26 2014 +0100;1394055686;-;-;Wed Mar 5 22:41:26 2014 +0100;1394055686
2a2816dfc39bf89fc71dcdc18dac66313fce3bd0;2a2816dfc3;-;-;Wed Mar 5 22:36:12 2014 +0100;1394055372;-;-;Wed Mar 5 22:36:12 2014 +0100;1394055372
34924810fe13911a56ab5961110155b4cc875ba0;34924810fe;-;-;Wed Mar 5 14:50:16 2014 -0500;1394049016;-;-;Wed Mar 5 14:50:16 2014 -0500;1394049016
74de35df1ecccd13e982d6a684bddfcd69183b09;74de35df1e;-;-;Wed Mar 5 12:48:33 2014 -0500;1394041713;-;-;Wed Mar 5 12:55:39 2014 -0500;1394042139
e50cff47c1a9a955f7814e12e64dce93eb43aed0;e50cff47c1;-;-;Wed Mar 5 17:37:09 2014 +0100;1394037429;-;-;Wed Mar 5 17:37:09 2014 +0100;1394037429
a434903a2a5483b4d0f7976cb37957e4771b1e88;a434903a2a;-;-;Wed Mar 5 11:12:59 2014 -0500;1394035979;-;-;Wed Mar 5 11:13:41 2014 -0500;1394036021
9325a99bf0e3d88840b4da44bb47da5b6492d4f2;9325a99bf0;-;-;Wed Mar 5 16:48:35 2014 +0100;1394034515;-;-;Wed Mar 5 16:48:35 2014 +0100;1394034515
ad317774fb8e0b1f70e0135e5786c94c2521fb73;ad317774fb;-;-;Wed Mar 5 16:16:29 2014 +0100;1394032589;-;-;Wed Mar 5 16:16:29 2014 +0100;1394032589
9891bdc7b43feb970951658a808d701aec13b10b;9891bdc7b4;-;-;Wed Mar 5 12:10:10 2014 +0100;1394017810;-;-;Wed Mar 5 12:41:26 2014 +0100;1394019686
b42f258c54c84fe268002394ce37d8a2b8aed83d;b42f258c54;-;-;Wed Mar 5 11:04:06 2014 +0100;1394013846;-;-;Wed Mar 5 11:04:06 2014 +0100;1394013846
705efc5bdf7971cde7a1de1b05b437cea557eee9;705efc5bdf;-;-;Tue Mar 4 21:38:42 2014 -0500;1393987122;-;-;Tue Mar 4 21:38:42 2014 -0500;1393987122
c146be2eb7720f978068d6937955a7ac3b285911;c146be2eb7;-;-;Tue Mar 4 14:24:03 2014 +0100;1393939443;-;-;Tue Mar 4 14:24:03 2014 +0100;1393939443
9b771573ec2e492d3f044e8570e8d76670ec0d74;9b771573ec;-;-;Tue Mar 4 13:31:59 2014 +0100;1393936319;-;-;Tue Mar 4 13:31:59 2014 +0100;1393936319
f3884084f27d9058d6a56cf27d695b373e203e7c;f3884084f2;-;-;Tue Mar 4 13:31:51 2014 +0100;1393936311;-;-;Tue Mar 4 13:31:51 2014 +0100;1393936311
cb41f42791acfa634d0bd3ccfa753eff50865563;cb41f42791;-;-;Tue Mar 4 13:31:40 2014 +0100;1393936300;-;-;Tue Mar 4 13:31:40 2014 +0100;1393936300
fa442244302188695f11b45589aa69c6785a7c57;fa44224430;-;-;Tue Mar 4 13:18:42 2014 +0100;1393935522;-;-;Tue Mar 4 13:18:42 2014 +0100;1393935522
a60b34fd9eed26c852bfed93d2d108a863cce011;a60b34fd9e;-;-;Mon Mar 3 22:46:11 2014 +0100;1393883171;-;-;Mon Mar 3 22:46:11 2014 +0100;1393883171
53017da0c369041f5a6c8de64c370f07840341c1;53017da0c3;-;-;Mon Mar 3 12:13:17 2014 +0100;1393845197;-;-;Mon Mar 3 12:13:17 2014 +0100;1393845197
035d9d5af091b9472d82cd831f6a8bfc917dd5ec;035d9d5af0;-;-;Mon Mar 3 10:02:39 2014 +0100;1393837359;-;-;Mon Mar 3 10:02:39 2014 +0100;1393837359
8f3a8975026b0982ad20d4915976631f496442bb;8f3a897502;-;-;Sun Mar 2 16:21:48 2014 +0100;1393773708;-;-;Sun Mar 2 16:21:48 2014 +0100;1393773708
42382996612825c96c745a593716f31446075a5c;4238299661;-;-;Sat Mar 1 14:42:39 2014 -0500;1393702959;-;-;Sat Mar 1 14:46:44 2014 -0500;1393703204
5d4ed4efe5598aa966b658bfbface0419d1f676c;5d4ed4efe5;-;-;Fri Feb 28 22:31:06 2014 +0100;1393623066;-;-;Fri Feb 28 22:31:06 2014 +0100;1393623066
1d47034736af06998e871f53ab7ce3fb082df991;1d47034736;-;-;Fri Feb 28 22:00:22 2014 +0100;1393621222;-;-;Fri Feb 28 22:00:22 2014 +0100;1393621222
9af7d2646bd44a51c45f63ce649b1990da48e7bb;9af7d2646b;-;-;Fri Feb 28 19:02:18 2014 +0100;1393610538;-;-;Fri Feb 28 19:02:18 2014 +0100;1393610538
473061ec1ebe7404fe8221cb8652b07a0f12dc66;473061ec1e;-;-;Fri Feb 28 19:00:31 2014 +0100;1393610431;-;-;Fri Feb 28 19:00:31 2014 +0100;1393610431
c553d681f14bb19fac3bc25d8ecec83ae7347071;c553d681f1;-;-;Fri Feb 28 12:28:17 2014 -0500;1393608497;-;-;Fri Feb 28 12:28:17 2014 -0500;1393608497
3786993eb03adeb98c4312b99f0328d0cf5586a3;3786993eb0;-;-;Fri Feb 28 11:55:57 2014 -0500;1393606557;-;-;Fri Feb 28 11:55:57 2014 -0500;1393606557
474142a8625b7e5c00cb4eaae0193c54a559e3a7;474142a862;-;-;Fri Feb 28 17:43:18 2014 +0100;1393605798;-;-;Fri Feb 28 17:43:18 2014 +0100;1393605798
3a758a8c60c8a6f77874adf94ec05c15f40b4039;3a758a8c60;-;-;Fri Feb 28 17:31:18 2014 +0100;1393605078;-;-;Fri Feb 28 17:31:18 2014 +0100;1393605078
b22ae598ca6e45b9f4787728d64b1280018897c1;b22ae598ca;-;-;Fri Feb 28 17:21:54 2014 +0100;1393604514;-;-;Fri Feb 28 17:21:54 2014 +0100;1393604514
5637890661bd2531a474f531823285030d621f44;5637890661;-;-;Fri Feb 28 17:18:38 2014 +0100;1393604318;-;-;Fri Feb 28 17:18:38 2014 +0100;1393604318
57ecb9f307a481621b986c1be556098b5802196c;57ecb9f307;-;-;Fri Feb 28 16:05:49 2014 +0100;1393599949;-;-;Fri Feb 28 16:05:49 2014 +0100;1393599949
035bac025a2e8062a1894ae9651930e528511e27;035bac025a;-;-;Fri Feb 28 09:39:32 2014 -0500;1393598372;-;-;Fri Feb 28 09:56:46 2014 -0500;1393599406
8b24f99487d22950389e5007b486142bbd43c19f;8b24f99487;-;-;Fri Feb 28 09:50:31 2014 -0500;1393599031;-;-;Fri Feb 28 09:50:31 2014 -0500;1393599031
fc05df0f14add7d53bbe8f2c0a1cdedc2b320e1a;fc05df0f14;-;-;Thu Feb 27 20:23:53 2014 +0100;1393529033;-;-;Fri Feb 28 15:50:01 2014 +0100;1393599001
1c90bf5e4f53f77a13eed269d7e0e0c32ab7f07c;1c90bf5e4f;-;-;Fri Feb 28 09:49:17 2014 -0500;1393598957;-;-;Fri Feb 28 09:49:17 2014 -0500;1393598957
d108db8a797cac08ab49da1ea7842d14016d8b2b;d108db8a79;-;-;Fri Feb 28 15:40:13 2014 +0100;1393598413;-;-;Fri Feb 28 15:40:13 2014 +0100;1393598413
2edff2135f7052ae33165a82de9ae7828283b930;2edff2135f;-;-;Fri Feb 28 15:19:35 2014 +0100;1393597175;-;-;Fri Feb 28 15:19:35 2014 +0100;1393597175
ac61b13a7c8284dea58ca4d2a046a44d317ced00;ac61b13a7c;-;-;Fri Feb 28 14:17:37 2014 +0100;1393593457;-;-;Fri Feb 28 14:17:37 2014 +0100;1393593457
1763bfbad04704f4a38290f371119a3544f7546b;1763bfbad0;-;-;Fri Feb 28 14:00:32 2014 +0100;1393592432;-;-;Fri Feb 28 14:00:32 2014 +0100;1393592432
bc5af2c6b651ce405db4b0de92f5fcf05243ddf5;bc5af2c6b6;-;-;Fri Feb 28 14:00:00 2014 +0100;1393592400;-;-;Fri Feb 28 14:00:00 2014 +0100;1393592400
60165360550f49f15d2e436370731ae278f52836;6016536055;-;-;Thu Feb 27 21:25:10 2014 -0500;1393554310;-;-;Thu Feb 27 21:41:35 2014 -0500;1393555295
0da1eefd74d868cf8728ab318641161595534002;0da1eefd74;-;-;Thu Feb 27 17:10:15 2014 -0500;1393539015;-;-;Thu Feb 27 21:40:53 2014 -0500;1393555253
801237aec1aba0a2fb8d666fa2d0313dac4aa3aa;801237aec1;-;-;Thu Feb 27 16:27:40 2014 -0500;1393536460;-;-;Thu Feb 27 16:27:40 2014 -0500;1393536460
56476cdd5f806831b1619de91d00354458de3857;56476cdd5f;-;-;Thu Feb 27 15:47:42 2014 +0100;1393512462;-;-;Thu Feb 27 15:43:54 2014 -0500;1393533834
2b69c1f15b2e596c03b226abf50282209d77c46d;2b69c1f15b;-;-;Thu Feb 27 10:48:14 2014 +0100;1393494494;-;-;Thu Feb 27 12:00:50 2014 -0500;1393520450
11c41993f1654631a4cc9162404107f76bc5a949;11c41993f1;-;-;Thu Feb 27 11:16:47 2014 +0100;1393496207;-;-;Thu Feb 27 11:16:47 2014 +0100;1393496207
0637864b3909ab13727cb228258b778a265da8d9;0637864b39;-;-;Wed Feb 26 17:51:26 2014 +0100;1393433486;-;-;Wed Feb 26 17:51:26 2014 +0100;1393433486
0f5a27c3545275bbd7c196124c51f6e66da6d164;0f5a27c354;-;-;Wed Feb 26 16:09:29 2014 +0100;1393427369;-;-;Wed Feb 26 16:09:29 2014 +0100;1393427369
0616cbccd6b1d0e4f3ff484e91fc00c596128ae4;0616cbccd6;-;-;Wed Feb 26 15:44:50 2014 +0100;1393425890;-;-;Wed Feb 26 15:44:50 2014 +0100;1393425890
fbdebc1bd6a8cdebbe599db580c6682ea9360e79;fbdebc1bd6;-;-;Wed Feb 26 14:05:26 2014 +0100;1393419926;-;-;Wed Feb 26 14:05:26 2014 +0100;1393419926
019d29c991b1fd6d83aa85da445c0f08b588745a;019d29c991;-;-;Wed Feb 26 13:58:04 2014 +0100;1393419484;-;-;Wed Feb 26 13:58:04 2014 +0100;1393419484
1ac08e4a1b8667f6b13c6d63ed7fed8ae2ac55fc;1ac08e4a1b;-;-;Wed Feb 26 02:22:32 2014 +0100;1393377752;-;-;Wed Feb 26 02:22:32 2014 +0100;1393377752
979c4833847400a73519e14a3a082e676a6e004d;979c483384;-;-;Tue Feb 25 21:41:59 2014 +0100;1393360919;-;-;Tue Feb 25 21:57:35 2014 +0100;1393361855
651e0a44fba387b2c86f7d59a19c2ce567323c10;651e0a44fb;-;-;Tue Feb 25 11:28:14 2014 -0500;1393345694;-;-;Tue Feb 25 11:31:13 2014 -0500;1393345873
ce0d916492eeb869b5614fba2af513a34a002429;ce0d916492;-;-;Tue Feb 25 15:56:39 2014 +0100;1393340199;-;-;Tue Feb 25 15:56:39 2014 +0100;1393340199
39eb7442fc0533dfc1429538e3a23f0ad4a5dd9b;39eb7442fc;-;-;Tue Feb 25 15:36:17 2014 +0100;1393338977;-;-;Tue Feb 25 15:36:17 2014 +0100;1393338977
76cc6db5fcdece2b9cb4d82cc706392e47a9d6fc;76cc6db5fc;-;-;Tue Feb 25 15:26:16 2014 +0100;1393338376;-;-;Tue Feb 25 15:26:16 2014 +0100;1393338376
b727cdb120dcf08e76b8fd505cb63b37a7220935;b727cdb120;-;-;Mon Feb 24 17:03:22 2014 -0500;1393279402;-;-;Mon Feb 24 17:07:34 2014 -0500;1393279654
2ec4c0006823d042c1122cf5ec45d51b82599329;2ec4c00068;-;-;Mon Feb 24 10:56:59 2014 -0800;1393268219;-;-;Mon Feb 24 10:56:59 2014 -0800;1393268219
cd6d234244709162e1e32e3bbd465ebcafa37f93;cd6d234244;-;-;Mon Feb 24 10:49:05 2014 -0800;1393267745;-;-;Mon Feb 24 10:49:05 2014 -0800;1393267745
90b938aa8faf68d433dea19b4688eeac9d8a1416;90b938aa8f;-;-;Mon Feb 24 00:13:47 2014 +0100;1393197227;-;-;Mon Feb 24 00:13:47 2014 +0100;1393197227
f8950960f2a610f65c485831c437ffa4eaff622d;f8950960f2;-;-;Sun Feb 23 01:05:15 2014 +0100;1393113915;-;-;Sun Feb 23 01:05:15 2014 +0100;1393113915
2c8f25a14ce756d34ed244f25ed4fd00260024df;2c8f25a14c;-;-;Sun Feb 23 00:28:00 2014 +0100;1393111680;-;-;Sun Feb 23 00:28:00 2014 +0100;1393111680
aa3e250ab6ec421cd0fbadadc0d76578ee73ca2a;aa3e250ab6;-;-;Sun Feb 23 00:24:24 2014 +0100;1393111464;-;-;Sun Feb 23 00:24:24 2014 +0100;1393111464
3c511f00cc998a1228ec48c7724e7b226014ca4b;3c511f00cc;-;-;Sat Feb 22 18:48:55 2014 +0100;1393091335;-;-;Sat Feb 22 18:48:55 2014 +0100;1393091335
d9a2b3c2bad9a7f1dce9be5dc76b22657c27e2df;d9a2b3c2ba;-;-;Sat Feb 22 18:09:59 2014 +0100;1393088999;-;-;Sat Feb 22 18:09:59 2014 +0100;1393088999
dc6eaad2e96fac35df9ef2595d5acf7379a59525;dc6eaad2e9;-;-;Sat Feb 22 18:06:37 2014 +0100;1393088797;-;-;Sat Feb 22 18:06:37 2014 +0100;1393088797
5f7d1758f8eaaa9fbfb36945ae21a2160422e079;5f7d1758f8;-;-;Sat Feb 22 17:15:11 2014 +0100;1393085711;-;-;Sat Feb 22 17:15:11 2014 +0100;1393085711
34e90ba7f7998eff7e091d15ee4ee0543521b862;34e90ba7f7;-;-;Sat Feb 22 16:55:13 2014 +0100;1393084513;-;-;Sat Feb 22 16:55:13 2014 +0100;1393084513
7e38f479e08623ca6283ed1d4a186938897cef72;7e38f479e0;-;-;Fri Feb 21 22:56:23 2014 +0100;1393019783;-;-;Fri Feb 21 22:56:23 2014 +0100;1393019783
42a36349e9aaa89699ab049e2ca305dce1f884cb;42a36349e9;-;-;Wed Feb 19 18:27:44 2014 +0100;1392830864;-;-;Wed Feb 19 18:27:44 2014 +0100;1392830864
8f0849f328ee5725af1c02d0aa02697a6ac93590;8f0849f328;-;-;Wed Feb 19 12:47:55 2014 +0100;1392810475;-;-;Wed Feb 19 12:47:55 2014 +0100;1392810475
461816735fe7414d5883ec1f013bc3339c69b021;461816735f;-;-;Tue Feb 18 19:37:06 2014 -0800;1392781026;-;-;Tue Feb 18 19:37:06 2014 -0800;1392781026
8018ee7ce67ba12cea4cd18b549e415d925ba85d;8018ee7ce6;-;-;Tue Feb 18 16:53:21 2014 -0800;1392771201;-;-;Tue Feb 18 16:53:21 2014 -0800;1392771201
edba32b3093703d5e9ed42b5b8ec23ecc1998398;edba32b309;-;-;Tue Feb 18 15:48:02 2014 -0800;1392767282;-;-;Tue Feb 18 15:54:30 2014 -0800;1392767670
7efd54e243ab0451eea3f1cded7cfd7b512aa563;7efd54e243;-;-;Fri Feb 14 16:11:08 2014 -0800;1392423068;-;-;Tue Feb 18 15:27:28 2014 -0800;1392766048
319724f0b44274eb2f84b2d537ecc2e39e3aa6a5;319724f0b4;-;-;Tue Feb 18 15:10:48 2014 -0800;1392765048;-;-;Tue Feb 18 15:16:03 2014 -0800;1392765363
2b4c81e64240527c34d9896a13746596eab6e846;2b4c81e642;-;-;Tue Feb 18 15:05:28 2014 -0800;1392764728;-;-;Tue Feb 18 15:10:30 2014 -0800;1392765030
fe6a9826c57705149610fd678f71f0f6e423ff9f;fe6a9826c5;-;-;Tue Feb 18 18:39:04 2014 +0100;1392745144;-;-;Tue Feb 18 18:42:44 2014 +0100;1392745364
268657b6cb5ba3153f2d35e37a7e21e8197db6cd;268657b6cb;-;-;Mon Feb 17 14:57:22 2014 -0500;1392667042;-;-;Mon Feb 17 14:57:22 2014 -0500;1392667042
1dedb67fbcb284b798ed9e1a691815283109c0bb;1dedb67fbc;-;-;Mon Feb 17 14:49:48 2014 +0100;1392644988;-;-;Mon Feb 17 14:51:05 2014 +0100;1392645065
bde4964af5d1e53b5c8ff9fc48d25b8f2a8436fc;bde4964af5;-;-;Fri Feb 14 23:48:13 2014 +0100;1392418093;-;-;Fri Feb 14 23:48:13 2014 +0100;1392418093
8a96d1a6eead57c672955d292a8c1bbf121fcae0;8a96d1a6ee;-;-;Fri Feb 14 23:40:03 2014 +0100;1392417603;-;-;Fri Feb 14 23:40:03 2014 +0100;1392417603
ef1748f69444053a9bece0df76859ee10cc1550c;ef1748f694;-;-;Fri Feb 14 21:58:48 2014 +0100;1392411528;-;-;Fri Feb 14 21:58:48 2014 +0100;1392411528
14e5a02870f9ef90df6171c63ee23d0db5c29809;14e5a02870;-;-;Fri Feb 14 21:39:40 2014 +0100;1392410380;-;-;Fri Feb 14 21:39:40 2014 +0100;1392410380
9c6df766cd7bc3f22975d1e66fd7bc3153e3f173;9c6df766cd;-;-;Fri Feb 14 21:38:44 2014 +0100;1392410324;-;-;Fri Feb 14 21:38:44 2014 +0100;1392410324
f913940402436950966358d781bb9ff04519f5a6;f913940402;-;-;Fri Feb 14 20:48:40 2014 +0100;1392407320;-;-;Fri Feb 14 20:48:40 2014 +0100;1392407320
72fe7ebc340151e44bb16274af0d6aa53880bd2b;72fe7ebc34;-;-;Fri Feb 14 20:46:34 2014 +0100;1392407194;-;-;Fri Feb 14 20:46:34 2014 +0100;1392407194
6fba8292f5fa28cb99ee567f039ab21fa340cedf;6fba8292f5;-;-;Thu Feb 13 22:08:44 2014 +0100;1392325724;-;-;Fri Feb 14 09:52:40 2014 +0100;1392367960
d550ffb37f27ae0e9b8abaf6d2b76ddc94c728fc;d550ffb37f;-;-;Fri Feb 14 01:41:53 2014 +0100;1392338513;-;-;Fri Feb 14 01:41:53 2014 +0100;1392338513
34d397efa9e6bbd9f22b529c6a0b4a9922fee29e;34d397efa9;-;-;Fri Feb 14 01:30:16 2014 +0100;1392337816;-;-;Fri Feb 14 01:30:16 2014 +0100;1392337816
32e5f57e647022d9ea82c03670936bf31f8467de;32e5f57e64;-;-;Thu Feb 13 14:03:57 2014 -0500;1392318237;-;-;Thu Feb 13 16:38:56 2014 -0500;1392327536
741b4b229ae032bd17175b46f98673ce0bd2d485;741b4b229a;-;-;Thu Feb 13 14:36:12 2014 -0500;1392320172;-;-;Thu Feb 13 14:36:12 2014 -0500;1392320172
0cb27f4bc50e4ce78c64176a0aec1291754cabfd;0cb27f4bc5;-;-;Thu Feb 13 12:16:24 2014 -0500;1392311784;-;-;Thu Feb 13 12:16:24 2014 -0500;1392311784
b1abe26b334fdcedff4084f5addf95b78917470e;b1abe26b33;-;-;Thu Feb 13 11:45:12 2014 -0500;1392309912;-;-;Thu Feb 13 11:45:12 2014 -0500;1392309912
206655c2b42cb740b04d905ce2e28d593bad7efc;206655c2b4;-;-;Thu Feb 13 02:25:21 2014 +0100;1392254721;-;-;Thu Feb 13 02:25:21 2014 +0100;1392254721
1ae3eba89a40bd762c1c212156be437dde42f64c;1ae3eba89a;-;-;Thu Feb 13 02:09:26 2014 +0100;1392253766;-;-;Thu Feb 13 02:09:26 2014 +0100;1392253766
bda8f2b4cf6a42d0e533c3651ab89a2bcad123df;bda8f2b4cf;-;-;Thu Feb 13 01:09:16 2014 +0100;1392250156;-;-;Thu Feb 13 01:09:16 2014 +0100;1392250156
ce39146be8889409898264b8a9389d3d1f0d4258;ce39146be8;-;-;Thu Feb 13 01:08:35 2014 +0100;1392250115;-;-;Thu Feb 13 01:08:35 2014 +0100;1392250115
f2a4537b6c07aeb0dc66a2a91c73e65752e4f016;f2a4537b6c;-;-;Thu Feb 13 00:22:31 2014 +0100;1392247351;-;-;Thu Feb 13 00:28:37 2014 +0100;1392247717
674169fe07328744825edcd6c256f22224a00405;674169fe07;-;-;Thu Feb 13 00:10:21 2014 +0100;1392246621;-;-;Thu Feb 13 00:10:21 2014 +0100;1392246621
520ef9ec23ad124b1fdb38a82428455affd3f21a;520ef9ec23;-;-;Wed Feb 12 23:48:37 2014 +0100;1392245317;-;-;Wed Feb 12 23:48:37 2014 +0100;1392245317
603cdea26e0880a46c697194bf5f1cbe60177f16;603cdea26e;-;-;Wed Feb 12 23:48:16 2014 +0100;1392245296;-;-;Wed Feb 12 23:48:16 2014 +0100;1392245296
0ec99fdef7718c7c2c88f02f1a4b60de935e9cbe;0ec99fdef7;-;-;Wed Feb 12 18:36:04 2014 +0100;1392226564;-;-;Wed Feb 12 18:36:04 2014 +0100;1392226564
6f58491b9c5f7cda19dfbfb24dea9531b8f44eb6;6f58491b9c;-;-;Wed Feb 12 18:35:36 2014 +0100;1392226536;-;-;Wed Feb 12 18:35:36 2014 +0100;1392226536
3716a8ef7d85db8358877e3299f61fa3e4bb1f31;3716a8ef7d;-;-;Wed Feb 12 18:29:14 2014 +0100;1392226154;-;-;Wed Feb 12 18:29:14 2014 +0100;1392226154
891ec56607a9124d2809d9ec7131108094475abd;891ec56607;-;-;Wed Feb 12 11:06:31 2014 -0500;1392221191;-;-;Wed Feb 12 11:06:51 2014 -0500;1392221211
dfe2234781c3785f9f810791fe86ac0bdedb9d7b;dfe2234781;-;-;Wed Feb 12 10:53:11 2014 -0500;1392220391;-;-;Wed Feb 12 11:06:51 2014 -0500;1392221211
9534245660f9a37d5b93886022c42caedf2096b1;9534245660;-;-;Wed Feb 12 16:56:03 2014 +0100;1392220563;-;-;Wed Feb 12 16:56:03 2014 +0100;1392220563
8ae3aa7f59bea714abd7da681f487b5cf1b13165;8ae3aa7f59;-;-;Wed Feb 12 00:13:16 2014 +0100;1392160396;-;-;Wed Feb 12 00:13:16 2014 +0100;1392160396
cead06a3d9870227f0dbd812056cb368e45fb087;cead06a3d9;-;-;Wed Feb 12 00:12:52 2014 +0100;1392160372;-;-;Wed Feb 12 00:12:52 2014 +0100;1392160372
4a45af00385a6cd38090258baac7758e41620ab7;4a45af0038;-;-;Wed Feb 12 00:11:36 2014 +0100;1392160296;-;-;Wed Feb 12 00:11:36 2014 +0100;1392160296
949338009bd38ccc3a42baa1b40adde70e3b96e8;949338009b;-;-;Wed Feb 12 00:01:20 2014 +0100;1392159680;-;-;Wed Feb 12 00:01:20 2014 +0100;1392159680
1a1c72ce4b866a22658c11d6d3b7031be6313d35;1a1c72ce4b;-;-;Tue Feb 11 23:48:10 2014 +0100;1392158890;-;-;Tue Feb 11 23:48:10 2014 +0100;1392158890
5f1592a61a80f584c03196cfcd8d86ded2065696;5f1592a61a;-;-;Tue Feb 11 23:42:37 2014 +0100;1392158557;-;-;Tue Feb 11 23:42:37 2014 +0100;1392158557
648245b2002f1ba2a51da2ed9817730e1224fac2;648245b200;-;-;Tue Feb 11 23:41:09 2014 +0100;1392158469;-;-;Tue Feb 11 23:41:09 2014 +0100;1392158469
7301b58ec951b943068eabc25bc318de490d2033;7301b58ec9;-;-;Tue Feb 11 12:25:54 2014 -0500;1392139554;-;-;Tue Feb 11 12:25:54 2014 -0500;1392139554
12598f85811c61dbe2a205826274ec4dd6a85961;12598f8581;-;-;Mon Feb 10 16:55:21 2014 -0500;1392069321;-;-;Mon Feb 10 21:08:57 2014 -0500;1392084537
14616a445a6e54a6ff18d037634bb1450db71719;14616a445a;-;-;Mon Feb 10 15:07:34 2014 -0600;1392066454;-;-;Mon Feb 10 15:07:34 2014 -0600;1392066454
b4f1a4c6dc244fb3b1598683b4de5ff30fd0020f;b4f1a4c6dc;-;-;Mon Feb 10 15:23:48 2014 +0100;1392042228;-;-;Mon Feb 10 15:23:48 2014 +0100;1392042228
ac22b786be71972f9da39836020516b92c021d5c;ac22b786be;-;-;Sun Feb 9 18:58:41 2014 +0100;1391968721;-;-;Sun Feb 9 18:58:41 2014 +0100;1391968721
57c4eca039f9c5c7f8b04f4223d480f65c0731bb;57c4eca039;-;-;Sun Feb 9 01:34:34 2014 +0100;1391906074;-;-;Sun Feb 9 01:34:34 2014 +0100;1391906074
53aab24690081b4433e8bbe720b51fc96a2c0393;53aab24690;-;-;Sun Feb 9 01:08:56 2014 +0100;1391904536;-;-;Sun Feb 9 01:08:56 2014 +0100;1391904536
74ad2081aa45986ff511e108c1537d6b109359e3;74ad2081aa;-;-;Sun Feb 9 01:08:45 2014 +0100;1391904525;-;-;Sun Feb 9 01:08:45 2014 +0100;1391904525
f77bf2422ec1fbdb9db764b265fff1ad39c44eb2;f77bf2422e;-;-;Sun Feb 9 00:30:44 2014 +0100;1391902244;-;-;Sun Feb 9 00:30:44 2014 +0100;1391902244
c335e99e3f720337dd2a01b4c8ea9d34718b9854;c335e99e3f;-;-;Sat Feb 8 17:30:39 2014 +0100;1391877039;-;-;Sat Feb 8 17:30:39 2014 +0100;1391877039
1f778530b51330689abfe3528ad9174be69e7e11;1f778530b5;-;-;Sat Feb 8 17:24:11 2014 +0100;1391876651;-;-;Sat Feb 8 17:24:11 2014 +0100;1391876651
f717b5503510b6d8e5811cff9820c59ff066b40f;f717b55035;-;-;Sat Feb 8 16:14:26 2014 +0100;1391872466;-;-;Sat Feb 8 16:14:26 2014 +0100;1391872466
08842f3fdf26b6918ff0d7c3a819bb60e65e303a;08842f3fdf;-;-;Sat Feb 8 15:50:04 2014 +0100;1391871004;-;-;Sat Feb 8 15:50:04 2014 +0100;1391871004
2d5c5fc18e4b3dbe3d308138bbb216f4fc9d6980;2d5c5fc18e;-;-;Sat Feb 8 15:49:07 2014 +0100;1391870947;-;-;Sat Feb 8 15:49:07 2014 +0100;1391870947
8c0e3040c2e6d779207a3decad3ed77bd842b760;8c0e3040c2;-;-;Fri Feb 7 18:06:13 2014 +0100;1391792773;-;-;Fri Feb 7 18:06:13 2014 +0100;1391792773
749b65b0b254e64cfd8b6fb5306129a660f78dfb;749b65b0b2;-;-;Fri Feb 7 17:42:37 2014 +0100;1391791357;-;-;Fri Feb 7 17:42:37 2014 +0100;1391791357
99f9dce14a2f162466f6ee06943f644539e36f53;99f9dce14a;-;-;Fri Feb 7 17:39:55 2014 +0100;1391791195;-;-;Fri Feb 7 17:39:55 2014 +0100;1391791195
919d6ccb3b1dfe78a06ab4eaf460529cbe61a13d;919d6ccb3b;-;-;Fri Feb 7 17:27:17 2014 +0100;1391790437;-;-;Fri Feb 7 17:27:17 2014 +0100;1391790437
9a8f860318eb78985ca30f60368439bd1e74184c;9a8f860318;-;-;Fri Feb 7 17:24:47 2014 +0100;1391790287;-;-;Fri Feb 7 17:24:47 2014 +0100;1391790287
631b07aef852c7396c685369e1c990e3f30498a6;631b07aef8;-;-;Fri Feb 7 17:23:31 2014 +0100;1391790211;-;-;Fri Feb 7 17:23:31 2014 +0100;1391790211
de5b7a378bd1c1aa315f25c294375d8f2ce4357d;de5b7a378b;-;-;Fri Feb 7 12:27:35 2014 +0100;1391772455;-;-;Fri Feb 7 12:27:35 2014 +0100;1391772455
f1d146f30599154d92b59e82ce7c5b7f192621c0;f1d146f305;-;-;Fri Feb 7 12:15:06 2014 +0100;1391771706;-;-;Fri Feb 7 12:15:06 2014 +0100;1391771706
42d0470d94362041c09fdafe68eb4d1737557e48;42d0470d94;-;-;Thu Feb 6 16:46:28 2014 -0500;1391723188;-;-;Thu Feb 6 16:55:19 2014 -0500;1391723719
bdb742b8db8ac389e64100f1b2b88de40428ba19;bdb742b8db;-;-;Thu Feb 6 14:48:16 2014 -0500;1391716096;-;-;Thu Feb 6 16:55:19 2014 -0500;1391723719
09e2e5897defbc33547d372b89236a0d820896de;09e2e5897d;-;-;Thu Feb 6 22:15:59 2014 +0100;1391721359;-;-;Thu Feb 6 22:15:59 2014 +0100;1391721359
2410e29dda75096443fe8661d1f2bd78414589ca;2410e29dda;-;-;Thu Feb 6 22:13:52 2014 +0100;1391721232;-;-;Thu Feb 6 22:13:52 2014 +0100;1391721232
7566ceb5f257f1a47548b1b9fec481aab2f53002;7566ceb5f2;-;-;Thu Feb 6 21:47:42 2014 +0100;1391719662;-;-;Thu Feb 6 21:47:42 2014 +0100;1391719662
9a6252d7156d2eb65d94bb91b4424ea5632246e0;9a6252d715;-;-;Thu Feb 6 21:12:00 2014 +0100;1391717520;-;-;Thu Feb 6 21:12:00 2014 +0100;1391717520
426f52b3931fe4f1d45fd0f3036bd660e18261cc;426f52b393;-;-;Thu Feb 6 20:35:59 2014 +0100;1391715359;-;-;Thu Feb 6 20:35:59 2014 +0100;1391715359
8c4e372558ac356458facca9cd9fe85e9e7b24eb;8c4e372558;-;-;Thu Feb 6 20:25:11 2014 +0100;1391714711;-;-;Thu Feb 6 20:25:11 2014 +0100;1391714711
522d136bbda5d4e8412f183b8bb0d25936e1c51a;522d136bbd;-;-;Thu Feb 6 14:12:03 2014 +0100;1391692323;-;-;Thu Feb 6 14:12:03 2014 +0100;1391692323
f636ccb5eb492765f36385f29e3fae28e2eb3cf1;f636ccb5eb;-;-;Wed Feb 5 22:02:59 2014 -0500;1391655779;-;-;Wed Feb 5 22:02:59 2014 -0500;1391655779
46c0e45130d804a81b8e78385e3386657f8f529c;46c0e45130;-;-;Wed Feb 5 21:25:35 2014 -0500;1391653535;-;-;Wed Feb 5 21:25:35 2014 -0500;1391653535
624170f178a9d8d1404889b396e32b42b5be3074;624170f178;-;-;Wed Feb 5 23:18:41 2014 +0100;1391638721;-;-;Wed Feb 5 23:18:41 2014 +0100;1391638721
edb0b0e84bd1cc25214f54326e0d895d498c539c;edb0b0e84b;-;-;Wed Feb 5 20:22:40 2014 +0100;1391628160;-;-;Wed Feb 5 20:22:40 2014 +0100;1391628160
81c259fe42bfed02fa2c50fba28ed7c27c933e64;81c259fe42;-;-;Wed Feb 5 20:17:34 2014 +0100;1391627854;-;-;Wed Feb 5 20:17:34 2014 +0100;1391627854
67142dcb0a0ea68ea4e0cea459fa7e11e38348f5;67142dcb0a;-;-;Wed Feb 5 20:15:50 2014 +0100;1391627750;-;-;Wed Feb 5 20:15:50 2014 +0100;1391627750
9fe9e27189840b2c1b0aff9f5be2b04e2be20c96;9fe9e27189;-;-;Wed Feb 5 15:52:53 2014 +0100;1391611973;-;-;Wed Feb 5 15:57:52 2014 +0100;1391612272
76f3d6e501722bd822cfde7ab17f051293fa2f2e;76f3d6e501;-;-;Wed Feb 5 15:41:47 2014 +0100;1391611307;-;-;Wed Feb 5 15:41:47 2014 +0100;1391611307
3a89bc4b266c9ab351a33727eaa8d0236b6f737b;3a89bc4b26;-;-;Tue Feb 4 23:27:35 2014 +0100;1391552855;-;-;Tue Feb 4 23:27:55 2014 +0100;1391552875
69a89b1bb0c37c2bf0871c0e40d442e7db4197c2;69a89b1bb0;-;-;Tue Feb 4 23:14:39 2014 +0100;1391552079;-;-;Tue Feb 4 23:14:39 2014 +0100;1391552079
1cd5071e6ac328cf7920b42b6f7eec6afa2c8035;1cd5071e6a;-;-;Tue Feb 4 17:45:03 2014 +0100;1391532303;-;-;Tue Feb 4 17:45:03 2014 +0100;1391532303
8a6b09520492d33dab1004090a3c25a3e1a57185;8a6b095204;-;-;Tue Feb 4 17:41:42 2014 +0100;1391532102;-;-;Tue Feb 4 17:41:42 2014 +0100;1391532102
6634c19e6a89648ed8e5c304902a0483910e0eab;6634c19e6a;-;-;Tue Feb 4 16:45:14 2014 +0100;1391528714;-;-;Tue Feb 4 16:45:14 2014 +0100;1391528714
60c1905cdd2a197814f0cdb74dc8c70ef2db79cd;60c1905cdd;-;-;Tue Feb 4 16:44:08 2014 +0100;1391528648;-;-;Tue Feb 4 16:44:08 2014 +0100;1391528648
1a8629d40825c073b6863ae2ab748b647b28506a;1a8629d408;-;-;Mon Feb 3 21:44:13 2014 -0500;1391481853;-;-;Mon Feb 3 21:44:13 2014 -0500;1391481853
d90a36170ac7ca87a76098e76da7f965b006235b;d90a36170a;-;-;Mon Feb 3 23:47:02 2014 +0100;1391467622;-;-;Mon Feb 3 23:47:02 2014 +0100;1391467622
b8ed2f49670dd80b83e6c7daa53843afce247459;b8ed2f4967;-;-;Mon Feb 3 23:16:47 2014 +0100;1391465807;-;-;Mon Feb 3 23:16:47 2014 +0100;1391465807
1c5cab2a4069ec3239c531d741aeb07a434f521b;1c5cab2a40;-;-;Mon Feb 3 16:56:24 2014 -0500;1391464584;-;-;Mon Feb 3 16:57:03 2014 -0500;1391464623
f053f60630b3251500bb7ad321853d8679947e29;f053f60630;-;-;Mon Feb 3 16:05:00 2014 +0100;1391439900;-;-;Mon Feb 3 16:05:00 2014 +0100;1391439900
d55c22ec8555dc029ca2093781e79d933e457ed9;d55c22ec85;-;-;Mon Feb 3 16:02:05 2014 +0100;1391439725;-;-;Mon Feb 3 16:02:05 2014 +0100;1391439725
f27304d785b47f5390230e7ccde028a37989d5ee;f27304d785;-;-;Sat Feb 1 19:28:40 2014 +0100;1391279320;-;-;Sat Feb 1 19:28:40 2014 +0100;1391279320
874a2a9ca2e2e658f2dcc968c0369c3b3018d61d;874a2a9ca2;-;-;Sat Feb 1 19:24:40 2014 +0100;1391279080;-;-;Sat Feb 1 19:24:40 2014 +0100;1391279080
e6f479677916adf7dce6c3f4e5a6faa6c9a1a0bd;e6f4796779;-;-;Sat Feb 1 10:46:51 2014 -0500;1391269611;-;-;Sat Feb 1 10:46:51 2014 -0500;1391269611
46b24dbd3335d80931aff7ff0164aea31fdd6453;46b24dbd33;-;-;Sat Feb 1 12:15:01 2014 +0100;1391253301;-;-;Sat Feb 1 12:15:01 2014 +0100;1391253301
5f2429429f906d38fdeb1d11ea893689c2411b04;5f2429429f;-;-;Sat Feb 1 11:04:36 2014 +0100;1391249076;-;-;Sat Feb 1 11:04:36 2014 +0100;1391249076
d52f5843221cf8c2417da888d895544cc54b78d8;d52f584322;-;-;Sat Feb 1 10:53:01 2014 +0100;1391248381;-;-;Sat Feb 1 10:53:01 2014 +0100;1391248381
da369aa8266c96d2fea635e39d5b5145b9e3d2ec;da369aa826;-;-;Fri Jan 31 21:34:18 2014 -0500;1391222058;-;-;Fri Jan 31 21:34:18 2014 -0500;1391222058
f0a53ae54ebf1799753f1408dc63d8f817a47c1a;f0a53ae54e;-;-;Fri Jan 31 20:51:06 2014 -0500;1391219466;-;-;Fri Jan 31 20:55:07 2014 -0500;1391219707
b6da7e27953caee4ac7e573758d7e96aed454ac7;b6da7e2795;-;-;Fri Jan 31 20:16:48 2014 -0500;1391217408;-;-;Fri Jan 31 20:17:44 2014 -0500;1391217464
a521ef5ceeef5f4eae76b2667fede1aa4464a392;a521ef5cee;-;-;Sat Feb 1 02:08:21 2014 +0100;1391216901;-;-;Sat Feb 1 02:08:21 2014 +0100;1391216901
4f60b98bca8f3e6a62e5e76c20b0bcfd97cc20e5;4f60b98bca;-;-;Fri Jan 31 22:39:20 2014 +0100;1391204360;-;-;Fri Jan 31 22:39:20 2014 +0100;1391204360
e680e3462082008a3d5ee8e22a3bfa16d310c8e8;e680e34620;-;-;Fri Jan 31 16:25:54 2014 -0500;1391203554;-;-;Fri Jan 31 16:26:28 2014 -0500;1391203588
474f1b03cd3cabefc367e01aec80238d97540c59;474f1b03cd;-;-;Fri Jan 31 17:02:40 2014 +0100;1391184160;-;-;Fri Jan 31 17:02:40 2014 +0100;1391184160
8c3868a8dd5863a29f5b8f7d405fe60f3539b98e;8c3868a8dd;-;-;Fri Jan 31 13:33:55 2014 +0100;1391171635;-;-;Fri Jan 31 13:33:55 2014 +0100;1391171635
c2303854d128aa69bfb64cda8e4f2482b196ba29;c2303854d1;-;-;Fri Jan 31 13:17:55 2014 +0100;1391170675;-;-;Fri Jan 31 13:17:55 2014 +0100;1391170675
5be8301128ea84087c4d9696e38d3d3953296cc3;5be8301128;-;-;Fri Jan 31 12:47:08 2014 +0100;1391168828;-;-;Fri Jan 31 12:47:08 2014 +0100;1391168828
a537eb3a6a763eb1812afaa1ccfc56a3dadd6cb0;a537eb3a6a;-;-;Thu Jan 30 12:26:41 2014 +0100;1391081201;-;-;Thu Jan 30 12:26:41 2014 +0100;1391081201
c1eac209c3ef9fbf4839d9e15ff2432fc963f81a;c1eac209c3;-;-;Thu Jan 30 12:26:22 2014 +0100;1391081182;-;-;Thu Jan 30 12:26:22 2014 +0100;1391081182
1af61ef1d5478ca872896235ab12f843492f1ab6;1af61ef1d5;-;-;Tue Jan 28 12:16:35 2014 -0800;1390940195;-;-;Tue Jan 28 12:16:35 2014 -0800;1390940195
47395f6b0a3e703805e09702ca832abf77b72c65;47395f6b0a;-;-;Tue Jan 28 17:32:08 2014 +0100;1390926728;-;-;Tue Jan 28 17:34:27 2014 +0100;1390926867
8570f607a7c92323173d65a185e1dfc61eec7ebd;8570f607a7;-;-;Tue Jan 28 17:16:50 2014 +0100;1390925810;-;-;Tue Jan 28 17:16:50 2014 +0100;1390925810
786e21799192834cdcb7a1c45b949e4d1ee7a527;786e217991;-;-;Tue Jan 28 17:16:01 2014 +0100;1390925761;-;-;Tue Jan 28 17:16:01 2014 +0100;1390925761
63e023173b2e3463c104f6c61730a7c20a0d72c5;63e023173b;-;-;Tue Jan 28 15:41:42 2014 +0100;1390920102;-;-;Tue Jan 28 15:41:42 2014 +0100;1390920102
5f8275a30527c4e9a08c2d97d508417c8cf453db;5f8275a305;-;-;Tue Jan 28 06:19:12 2014 -0800;1390918752;-;-;Tue Jan 28 06:19:12 2014 -0800;1390918752
1e303ac1af98a8897400bb4228302c3b6aa9e179;1e303ac1af;-;-;Tue Jan 28 14:44:44 2014 +0100;1390916684;-;-;Tue Jan 28 14:44:44 2014 +0100;1390916684
c5f908b1746dc2236bed6439f72ee1826d8bb3e5;c5f908b174;-;-;Tue Jan 28 12:56:53 2014 +0100;1390910213;-;-;Tue Jan 28 12:56:53 2014 +0100;1390910213
c719c70ea972552d45031cf3d281cc4d5dc1237d;c719c70ea9;-;-;Tue Jan 28 12:25:24 2014 +0100;1390908324;-;-;Tue Jan 28 12:25:24 2014 +0100;1390908324
425e5a066e3769cc304ce6cd34971a6c38b9a4bb;425e5a066e;-;-;Tue Jan 28 11:33:45 2014 +0100;1390905225;-;-;Tue Jan 28 11:33:45 2014 +0100;1390905225
fcbd3b121ba0d6fa8378fd0f0773ef2a652f1426;fcbd3b121b;-;-;Tue Jan 28 01:25:59 2014 +0100;1390868759;-;-;Tue Jan 28 01:25:59 2014 +0100;1390868759
d004b634a5215635d01234ca72ac1a60079f055d;d004b634a5;-;-;Tue Jan 28 00:46:15 2014 +0100;1390866375;-;-;Tue Jan 28 00:46:15 2014 +0100;1390866375
500d0da67d5f5f5310107e4ad64e4401cf98b9b8;500d0da67d;-;-;Mon Jan 27 22:41:35 2014 +0100;1390858895;-;-;Mon Jan 27 22:41:35 2014 +0100;1390858895
1b0ce200e0c6883482487ec8726d9e62ee610b17;1b0ce200e0;-;-;Mon Jan 27 21:41:31 2014 +0100;1390855291;-;-;Mon Jan 27 21:41:31 2014 +0100;1390855291
bf9702294de96b6efcb9ab857e38fb0f043764f2;bf9702294d;-;-;Mon Jan 27 21:38:20 2014 +0100;1390855100;-;-;Mon Jan 27 21:38:20 2014 +0100;1390855100
79e17dbfa0d8cd72c952e95726515c4d49cf69db;79e17dbfa0;-;-;Mon Jan 27 21:37:52 2014 +0100;1390855072;-;-;Mon Jan 27 21:37:52 2014 +0100;1390855072
cc0a845653779dd8c623354fd655ed5b12daf412;cc0a845653;-;-;Mon Jan 27 14:56:44 2014 +0100;1390831004;-;-;Mon Jan 27 18:09:29 2014 +0100;1390842569
78542777d6d85d641ed4b8de9756e4cb21a69004;78542777d6;-;-;Mon Jan 27 12:04:35 2014 +0100;1390820675;-;-;Mon Jan 27 12:07:23 2014 +0100;1390820843
bb28d198f53f02600f067de982126a75cc98bd18;bb28d198f5;-;-;Sun Jan 26 00:11:11 2014 +0100;1390691471;-;-;Sun Jan 26 01:04:21 2014 +0100;1390694661
e0fd54b8c2d61ba9ee69613b40a6f9998b272b04;e0fd54b8c2;-;-;Sun Jan 26 00:12:21 2014 +0100;1390691541;-;-;Sun Jan 26 00:12:21 2014 +0100;1390691541
56b7d7a94a888057aba276e3b4896fe9a93351ec;56b7d7a94a;-;-;Sun Jan 26 00:11:11 2014 +0100;1390691471;-;-;Sun Jan 26 00:11:11 2014 +0100;1390691471
67e76e9a8d0cb9d1ab6e911be817eeff0a74a0f3;67e76e9a8d;-;-;Sun Jan 26 00:05:51 2014 +0100;1390691151;-;-;Sun Jan 26 00:05:51 2014 +0100;1390691151
98e890aae325d8bee78d571b856379dd8b548c6c;98e890aae3;-;-;Sat Jan 25 17:20:54 2014 +0100;1390666854;-;-;Sat Jan 25 17:20:54 2014 +0100;1390666854
4b282a965ceb74286ae4cac1bb982aac3e06b6e7;4b282a965c;-;-;Sat Jan 25 17:13:34 2014 +0100;1390666414;-;-;Sat Jan 25 17:13:34 2014 +0100;1390666414
9154871a451e679c8fc68d454085ff79e43a45fa;9154871a45;-;-;Sat Jan 25 16:24:10 2014 +0100;1390663450;-;-;Sat Jan 25 16:24:10 2014 +0100;1390663450
61b6d398a594d857022f23866e55e7aa321575d0;61b6d398a5;-;-;Sat Jan 25 15:26:47 2014 +0100;1390660007;-;-;Sat Jan 25 15:26:47 2014 +0100;1390660007
c1ef5523595f60220311db6b9fe2fd7ddba5efc7;c1ef552359;-;-;Sat Jan 25 15:26:27 2014 +0100;1390659987;-;-;Sat Jan 25 15:26:27 2014 +0100;1390659987
eab69dbeec35f22f3a1ea10e6ffaddc90a243ec3;eab69dbeec;-;-;Sat Jan 25 15:14:07 2014 +0100;1390659247;-;-;Sat Jan 25 15:14:07 2014 +0100;1390659247
31a74b0ff610f97d434c3c2195a3ed07c20d8661;31a74b0ff6;-;-;Sat Jan 25 14:17:25 2014 +0100;1390655845;-;-;Sat Jan 25 14:17:25 2014 +0100;1390655845
5e7811a45d917d6a46f2e9bdabef3804ed6b2676;5e7811a45d;-;-;Sat Jan 25 14:03:18 2014 +0100;1390654998;-;-;Sat Jan 25 14:03:18 2014 +0100;1390654998
d404473bc5fdf8d8005e5a0e1b600a2f3cf8fa38;d404473bc5;-;-;Sat Jan 25 13:33:27 2014 +0100;1390653207;-;-;Sat Jan 25 13:33:27 2014 +0100;1390653207
5331da6aff95dc70df2da2195a965a6e40451b84;5331da6aff;-;-;Sat Jan 25 00:27:27 2014 +0100;1390606047;-;-;Sat Jan 25 00:27:27 2014 +0100;1390606047
21eb8db5bc52d3e1b69c53362ad07151a65aa2fb;21eb8db5bc;-;-;Fri Jan 24 18:30:31 2014 +0100;1390584631;-;-;Fri Jan 24 18:30:31 2014 +0100;1390584631
defc1d31574ea6b3faa5ed84c4aa23c808b0c7cf;defc1d3157;-;-;Fri Jan 24 18:22:11 2014 +0100;1390584131;-;-;Fri Jan 24 18:22:11 2014 +0100;1390584131
167329ce0c5244b976513a0ce8c0433fdac7f6cb;167329ce0c;-;-;Fri Jan 24 17:48:40 2014 +0100;1390582120;-;-;Fri Jan 24 18:18:41 2014 +0100;1390583921
2dcbf4d6187980403704f142a6c1469a8a013616;2dcbf4d618;-;-;Fri Jan 24 08:53:14 2014 -0800;1390582394;-;-;Fri Jan 24 08:53:14 2014 -0800;1390582394
ab5f1256bfc499dfcbca1f5468aaafb188d9f5dd;ab5f1256bf;-;-;Fri Jan 24 11:09:12 2014 -0500;1390579752;-;-;Fri Jan 24 11:09:12 2014 -0500;1390579752
b6073d9ac45a298a769b0caffa9181bf2ef7a8aa;b6073d9ac4;-;-;Fri Jan 24 16:22:29 2014 +0100;1390576949;-;-;Fri Jan 24 16:22:29 2014 +0100;1390576949
8543b91c508d0eaf86212d148e63041eb38eeb3b;8543b91c50;-;-;Fri Jan 24 16:22:02 2014 +0100;1390576922;-;-;Fri Jan 24 16:22:02 2014 +0100;1390576922
6151e6d12a1cc92fc88bdfc6d49a2291954c5c6f;6151e6d12a;-;-;Fri Jan 24 04:37:57 2014 -0800;1390567077;-;-;Fri Jan 24 04:37:57 2014 -0800;1390567077
eeae5fba957f46ecf0f83db526a30b0480a070db;eeae5fba95;-;-;Fri Jan 24 13:16:35 2014 +0100;1390565795;-;-;Fri Jan 24 13:16:35 2014 +0100;1390565795
42db41e007e515532864f2500153355a8fc01920;42db41e007;-;-;Thu Jan 23 20:59:53 2014 +0100;1390507193;-;-;Thu Jan 23 20:59:53 2014 +0100;1390507193
86fc2dd5563d4e9ee4fda2fbd5e513eec19c3a70;86fc2dd556;-;-;Thu Jan 23 20:52:21 2014 +0100;1390506741;-;-;Thu Jan 23 20:52:21 2014 +0100;1390506741
8faf01f56db7697198842f9481e1f7d4814e365d;8faf01f56d;-;-;Thu Jan 23 17:47:17 2014 +0100;1390495637;-;-;Thu Jan 23 17:47:35 2014 +0100;1390495655
9c3a972dac030dcca721ff40fd1b2aadc78d4af5;9c3a972dac;-;-;Wed Jan 22 23:57:48 2014 +0100;1390431468;-;-;Thu Jan 23 00:16:29 2014 +0100;1390432589
6793765b0a748115e2868bf7b008f0ab80aaf6c9;6793765b0a;-;-;Wed Jan 22 23:57:36 2014 +0100;1390431456;-;-;Thu Jan 23 00:12:09 2014 +0100;1390432329
8d304efad1abe99d3c1dedfff3a6b9d96ac65c01;8d304efad1;-;-;Wed Jan 22 22:40:10 2014 +0100;1390426810;-;-;Thu Jan 23 00:10:07 2014 +0100;1390432207
3310ab55e05747573b76b5214dd196c7e5e549ec;3310ab55e0;-;-;Wed Jan 22 18:23:59 2014 +0100;1390411439;-;-;Thu Jan 23 00:10:02 2014 +0100;1390432202
6a6a23f0a3cf7eb0289d724391d716cc616dd755;6a6a23f0a3;-;-;Wed Jan 22 18:23:09 2014 +0100;1390411389;-;-;Thu Jan 23 00:06:43 2014 +0100;1390432003
fb12e234fcee416c4ea6359a2242ce7e3977b0b6;fb12e234fc;-;-;Wed Jan 22 23:28:36 2014 +0100;1390429716;-;-;Wed Jan 22 23:28:36 2014 +0100;1390429716
09251dfad178376a6ca3012ac5e308f1143be9e4;09251dfad1;-;-;Wed Jan 22 16:49:00 2014 -0500;1390427340;-;-;Wed Jan 22 16:49:00 2014 -0500;1390427340
a106e06a895f6bc0f8e8315daa0524635d0311c9;a106e06a89;-;-;Wed Jan 22 16:43:21 2014 -0500;1390427001;-;-;Wed Jan 22 16:43:21 2014 -0500;1390427001
3ffc3d442d6fecd58a51cc784539612e6b133916;3ffc3d442d;-;-;Wed Jan 22 16:09:40 2014 -0500;1390424980;-;-;Wed Jan 22 16:23:22 2014 -0500;1390425802
3cb5828e21a1011ee2040452220453f3c178da31;3cb5828e21;-;-;Wed Jan 22 21:09:06 2014 +0100;1390421346;-;-;Wed Jan 22 21:09:06 2014 +0100;1390421346
227320dc8198aac746c55648d0f0d9d49c2f14be;227320dc81;-;-;Wed Jan 22 20:53:55 2014 +0100;1390420435;-;-;Wed Jan 22 20:53:55 2014 +0100;1390420435
1c4530f251d4fcef39e0d4a2bf8c47174eb5f6a3;1c4530f251;-;-;Wed Jan 22 14:50:25 2014 -0500;1390420225;-;-;Wed Jan 22 14:50:25 2014 -0500;1390420225
0e7b94f9e906b6944ef17c33eb4e4f0e04d403e6;0e7b94f9e9;-;-;Wed Jan 22 14:18:49 2014 -0500;1390418329;-;-;Wed Jan 22 14:43:35 2014 -0500;1390419815
74fe1aea310dd29a8dea154e3e92ee7d47180db4;74fe1aea31;-;-;Wed Jan 22 13:31:36 2014 -0500;1390415496;-;-;Wed Jan 22 13:31:36 2014 -0500;1390415496
8ee2a2d18c37b82d85e85dfc99e4c595d0d0215d;8ee2a2d18c;-;-;Wed Jan 22 11:54:45 2014 -0500;1390409685;-;-;Wed Jan 22 11:55:44 2014 -0500;1390409744
499c858cd4d3c96f19db4a55d8e204e419e95b24;499c858cd4;-;-;Wed Jan 22 17:45:45 2014 +0100;1390409145;-;-;Wed Jan 22 17:45:45 2014 +0100;1390409145
8105011368dedb45275db17b1d0c13523486ff12;8105011368;-;-;Wed Jan 22 17:44:13 2014 +0100;1390409053;-;-;Wed Jan 22 17:44:13 2014 +0100;1390409053
0db2f79bdb886b6fc9bc75c59b31df28696e6a22;0db2f79bdb;-;-;Wed Jan 22 11:29:38 2014 -0500;1390408178;-;-;Wed Jan 22 11:29:38 2014 -0500;1390408178
db9b6fa28e47fa94c0cb7aac1dd2eb6b26a3b91d;db9b6fa28e;-;-;Wed Jan 22 10:29:57 2014 +0100;1390382997;-;-;Wed Jan 22 10:42:24 2014 -0500;1390405344
175aa86d79621fec5a49d4b18a9919d19e8c6def;175aa86d79;-;-;Wed Jan 22 10:30:09 2014 -0500;1390404609;-;-;Wed Jan 22 10:30:09 2014 -0500;1390404609
a599b57a74d84d0959aac6019af5fe99de25b69b;a599b57a74;-;-;Wed Jan 22 14:20:33 2014 +0100;1390396833;-;-;Wed Jan 22 14:20:33 2014 +0100;1390396833
e20c927c5edcb58528a96c0e88ca50e22cb042ab;e20c927c5e;-;-;Wed Jan 22 04:02:37 2014 -0800;1390392157;-;-;Wed Jan 22 04:02:37 2014 -0800;1390392157
597ef099d098cec66515f63670d1b60761f97398;597ef099d0;-;-;Wed Jan 22 12:17:04 2014 +0100;1390389424;-;-;Wed Jan 22 12:23:32 2014 +0100;1390389812
845a6b0b7d628c8e08d3254fd7bee3974d2104b3;845a6b0b7d;-;-;Wed Jan 22 11:36:24 2014 +0100;1390386984;-;-;Wed Jan 22 11:37:04 2014 +0100;1390387024
12c393eb6d9ef0b67741eb3ef281922596f78811;12c393eb6d;-;-;Wed Jan 22 11:35:21 2014 +0100;1390386921;-;-;Wed Jan 22 11:35:21 2014 +0100;1390386921
3969467851f0d8ae4053b533950d8a57ebbc12a7;3969467851;-;-;Wed Jan 22 11:34:27 2014 +0100;1390386867;-;-;Wed Jan 22 11:34:27 2014 +0100;1390386867
59604b1cd5a392501aa9c43fdb63b7bcfae617ce;59604b1cd5;-;-;Tue Jan 21 16:04:13 2014 -0800;1390349053;-;-;Tue Jan 21 16:10:02 2014 -0800;1390349402
d03fb8954b9ab487df9df6727058f6733ed9d5db;d03fb8954b;-;-;Tue Jan 21 14:57:13 2014 -0500;1390334233;-;-;Tue Jan 21 14:57:51 2014 -0500;1390334271
d96b91a57bfab0ecb7543f687d297dc5db9414ee;d96b91a57b;-;-;Mon Jan 20 13:33:24 2014 -0800;1390253604;-;-;Tue Jan 21 10:59:25 2014 -0800;1390330765
ae06c3a6ab36785aa3fc69aa1672e3a7d621e4a0;ae06c3a6ab;-;-;Tue Jan 21 12:32:35 2014 -0500;1390325555;-;-;Tue Jan 21 12:32:35 2014 -0500;1390325555
e4ad2b352e35a0cdbc5d4834f9689a13162c8d19;e4ad2b352e;-;-;Tue Jan 21 11:50:04 2014 -0500;1390323004;-;-;Tue Jan 21 12:12:05 2014 -0500;1390324325
2cafe9d73afe81ff15152ce9185a50a14b9558c0;2cafe9d73a;-;-;Tue Jan 21 10:33:22 2014 -0500;1390318402;-;-;Tue Jan 21 12:12:05 2014 -0500;1390324325
35142424861cf26262abaed3d0aee63cf4a01ba4;3514242486;-;-;Tue Jan 21 16:35:47 2014 +0100;1390318547;-;-;Tue Jan 21 16:35:47 2014 +0100;1390318547
9cc86a3c809672e09c965e6d659867caa178a1bb;9cc86a3c80;-;-;Tue Jan 21 16:28:44 2014 +0100;1390318124;-;-;Tue Jan 21 16:28:44 2014 +0100;1390318124
4ae893e1106333d3ed33dfd571264d54bbe4486e;4ae893e110;-;-;Tue Jan 21 15:04:36 2014 +0100;1390313076;-;-;Tue Jan 21 15:04:36 2014 +0100;1390313076
3370f8b1b10ccdcd9c29e6d36560c07191112c31;3370f8b1b1;-;-;Tue Jan 21 15:01:29 2014 +0100;1390312889;-;-;Tue Jan 21 15:01:29 2014 +0100;1390312889
098d7c746532135e0edc241d91dfc1f27389949d;098d7c7465;-;-;Tue Jan 21 14:42:14 2014 +0100;1390311734;-;-;Tue Jan 21 14:47:37 2014 +0100;1390312057
4a569e6b1ad6217619ecde3b392006be01699c48;4a569e6b1a;-;-;Tue Jan 21 14:09:31 2014 +0100;1390309771;-;-;Tue Jan 21 14:09:31 2014 +0100;1390309771
84310c8a11d010abb5671692028891e4b61ef7b3;84310c8a11;-;-;Tue Jan 21 12:49:16 2014 +0100;1390304956;-;-;Tue Jan 21 12:49:16 2014 +0100;1390304956
eac48818098a9ee4ab20f0b37a1e79518c30308a;eac4881809;-;-;Mon Jan 20 20:44:55 2014 +0100;1390247095;-;-;Tue Jan 21 09:35:36 2014 +0100;1390293336
8edb7a18ccb8cd1d1b072f1cf2931c9e7e932bfc;8edb7a18cc;-;-;Fri Jan 17 20:07:30 2014 +0100;1389985650;-;-;Tue Jan 21 09:35:36 2014 +0100;1390293336
17e492e641b77d774b54130261e3d5874645affd;17e492e641;-;-;Mon Jan 20 21:45:09 2014 -0500;1390272309;-;-;Mon Jan 20 21:48:57 2014 -0500;1390272537
7df25764af07d172c210d7207dd4cce5a8a3e123;7df25764af;-;-;Sat Jan 18 11:23:32 2014 +0100;1390040612;-;-;Mon Jan 20 21:48:57 2014 -0500;1390272537
b92e4299b87eb2fc6ace96302f3612ea90425226;b92e4299b8;-;-;Mon Jan 20 15:41:38 2014 -0800;1390261298;-;-;Mon Jan 20 16:52:15 2014 -0800;1390265535
709ac28f29ea1b8a98c6a292f27d3079954fbcd4;709ac28f29;-;-;Tue Jan 21 01:26:30 2014 +0100;1390263990;-;-;Tue Jan 21 01:26:30 2014 +0100;1390263990
96d6963d61cfa00a02ea26655db5075300647d6a;96d6963d61;-;-;Tue Jan 21 01:22:43 2014 +0100;1390263763;-;-;Tue Jan 21 01:22:43 2014 +0100;1390263763
1aff833282289b6d02c97f95a6bc4c68fa21b546;1aff833282;-;-;Tue Jan 21 00:35:38 2014 +0100;1390260938;-;-;Tue Jan 21 00:35:38 2014 +0100;1390260938
8281b93596cf76cef0531b2c208f3579d84e2b34;8281b93596;-;-;Tue Jan 21 00:20:54 2014 +0100;1390260054;-;-;Tue Jan 21 00:20:54 2014 +0100;1390260054
a9ff1403c3cd92525a02bf0d2b7a30393e8fa30e;a9ff1403c3;-;-;Mon Jan 20 13:57:41 2014 -0800;1390255061;-;-;Mon Jan 20 14:00:05 2014 -0800;1390255205
6bb6b6e6b5620af0f82cd80fb8c65684097f22e5;6bb6b6e6b5;-;-;Mon Jan 20 13:53:17 2014 -0800;1390254797;-;-;Mon Jan 20 13:53:17 2014 -0800;1390254797
5053fdc8c9114a44df95fbfc38ca0d2e9be99776;5053fdc8c9;-;-;Mon Jan 20 16:24:43 2014 -0500;1390253083;-;-;Mon Jan 20 16:28:27 2014 -0500;1390253307
5e5add48625e19bf7080957b69f4a6554fad106d;5e5add4862;-;-;Mon Jan 20 21:49:36 2014 +0100;1390250976;-;-;Mon Jan 20 21:49:36 2014 +0100;1390250976
cc81aae8c1c0bb07de1829a09798d5693383bfcd;cc81aae8c1;-;-;Mon Jan 20 21:49:28 2014 +0100;1390250968;-;-;Mon Jan 20 21:49:28 2014 +0100;1390250968
88730bdaa547298a33c8d742b63456530403171a;88730bdaa5;-;-;Mon Jan 20 20:55:34 2014 +0100;1390247734;-;-;Mon Jan 20 21:48:20 2014 +0100;1390250900
b4e48d6749346d3272dcb4cee84317baae49dcd5;b4e48d6749;-;-;Mon Jan 20 15:41:22 2014 -0500;1390250482;-;-;Mon Jan 20 15:41:22 2014 -0500;1390250482
809a5f59b3531f4dc774e0f5620d274412e51b08;809a5f59b3;-;-;Mon Jan 20 15:03:09 2014 -0500;1390248189;-;-;Mon Jan 20 15:03:09 2014 -0500;1390248189
19859fdb35009008da95d57ecacff259faca732f;19859fdb35;-;-;Mon Jan 20 14:55:47 2014 -0500;1390247747;-;-;Mon Jan 20 14:55:47 2014 -0500;1390247747
c376ee92cd8eeeb6bb19b5d529fd2abdb0ebd8a0;c376ee92cd;-;-;Mon Jan 20 13:24:54 2014 -0500;1390242294;-;-;Mon Jan 20 13:25:57 2014 -0500;1390242357
d1b1770eba984ff9a9de45dbaa347dac9e1fe4cb;d1b1770eba;-;-;Mon Jan 20 17:41:12 2014 +0100;1390236072;-;-;Mon Jan 20 17:41:12 2014 +0100;1390236072
f15a5fef8e424abaab41400cfadcc498f2363834;f15a5fef8e;-;-;Mon Jan 20 16:19:09 2014 +0100;1390231149;-;-;Mon Jan 20 17:37:50 2014 +0100;1390235870
f0449c6caadc44f45f6ca6ff28a039d2be0574f8;f0449c6caa;-;-;Thu Jan 2 16:43:16 2014 +0100;1388677396;-;-;Mon Jan 20 17:02:40 2014 +0100;1390233760
e1cb96c484106f5c727cc60f030ea95ec092dc4b;e1cb96c484;-;-;Mon Jan 20 15:30:34 2014 +0100;1390228234;-;-;Mon Jan 20 15:30:34 2014 +0100;1390228234
9076c70d47fb86f0c4bcbf759269a1a571300c84;9076c70d47;-;-;Fri Jan 17 11:45:11 2014 -0800;1389987911;-;-;Fri Jan 17 11:49:44 2014 -0800;1389988184
7e6dbc24f6bd4bb0dde9022d245b2d909f851036;7e6dbc24f6;-;-;Fri Jan 17 11:03:25 2014 -0800;1389985405;-;-;Fri Jan 17 11:05:40 2014 -0800;1389985540
e2feed494b314a3291ae53ebd91922ac60e843b4;e2feed494b;-;-;Fri Jan 17 11:24:28 2014 -0500;1389975868;-;-;Fri Jan 17 11:24:28 2014 -0500;1389975868
4e933b476543990f967bb6f1314264b323775705;4e933b4765;-;-;Fri Jan 17 10:55:55 2014 -0500;1389974155;-;-;Fri Jan 17 11:03:02 2014 -0500;1389974582
6e30851328662ad81a65a83bcac72722d76fbb44;6e30851328;-;-;Fri Jan 17 14:54:36 2014 +0100;1389966876;-;-;Fri Jan 17 14:54:36 2014 +0100;1389966876
96b418cc8ae537e985cfe67b80cd866d03c8060f;96b418cc8a;-;-;Fri Jan 3 23:29:12 2014 +0100;1388788152;-;-;Fri Jan 17 11:21:25 2014 +0100;1389954085
c1f3da082c3b0fb470cee991d7ae96264d52f5bb;c1f3da082c;-;-;Thu Jan 16 12:15:04 2014 -0500;1389892504;-;-;Thu Jan 16 12:27:14 2014 -0500;1389893234
6f5a7f65ac39fe758904056d0fac5e625fc85a08;6f5a7f65ac;-;-;Thu Jan 16 18:18:00 2014 +0100;1389892680;-;-;Thu Jan 16 18:18:00 2014 +0100;1389892680
4f45ad549ea966a1a57fdc8150ac30f160d656c6;4f45ad549e;-;-;Thu Jan 16 17:09:23 2014 +0100;1389888563;-;-;Thu Jan 16 17:09:23 2014 +0100;1389888563
6051ea8ae3864d7842272bdfb0c2473fb6a4611e;6051ea8ae3;-;-;Thu Jan 16 16:54:49 2014 +0100;1389887689;-;-;Thu Jan 16 16:54:49 2014 +0100;1389887689
838855b1aae45669e40d8d9a9e332aaac98fb543;838855b1aa;-;-;Thu Jan 16 16:54:40 2014 +0100;1389887680;-;-;Thu Jan 16 16:54:40 2014 +0100;1389887680
11bc9d0aebe00546911d9243f3b80f8db47c52d6;11bc9d0aeb;-;-;Thu Jan 16 12:49:31 2014 +0100;1389872971;-;-;Thu Jan 16 12:49:31 2014 +0100;1389872971
05047d3a26e9ff1030776768d4f94e10eb2aeda5;05047d3a26;-;-;Thu Jan 16 12:48:41 2014 +0100;1389872921;-;-;Thu Jan 16 12:48:41 2014 +0100;1389872921
799c6a63ecd251ac66bff9a3fc784116421c507c;799c6a63ec;-;-;Thu Jan 16 11:19:14 2014 +0100;1389867554;-;-;Thu Jan 16 11:19:14 2014 +0100;1389867554
50dfa037d005639a871b804da2488b74b466db25;50dfa037d0;-;-;Thu Jan 16 11:18:53 2014 +0100;1389867533;-;-;Thu Jan 16 11:18:53 2014 +0100;1389867533
e2c6e637a4e8d884251cee24f1ee61a8e8bd6775;e2c6e637a4;-;-;Thu Jan 16 00:04:20 2014 +0100;1389827060;-;-;Thu Jan 16 00:04:20 2014 +0100;1389827060
444b3720bce8edd74092a15bd11140a26660e180;444b3720bc;-;-;Thu Jan 16 00:04:07 2014 +0100;1389827047;-;-;Thu Jan 16 00:04:07 2014 +0100;1389827047
17cc63ef6316e103b2268085a653bb18e18dc303;17cc63ef63;-;-;Wed Jan 15 23:06:47 2014 +0100;1389823607;-;-;Wed Jan 15 23:06:47 2014 +0100;1389823607
a5f9b2929225a32f0a48d80eee13b53c64f5fd9a;a5f9b29292;-;-;Wed Jan 15 22:53:46 2014 +0100;1389822826;-;-;Wed Jan 15 22:53:46 2014 +0100;1389822826
91881ff036aec38bf97d2a6159269bf2db4d0ac3;91881ff036;-;-;Wed Jan 15 22:21:27 2014 +0100;1389820887;-;-;Wed Jan 15 22:21:27 2014 +0100;1389820887
e670f4e5c6511eb1b378dee4a80678ff10a54a10;e670f4e5c6;-;-;Wed Jan 15 17:45:04 2014 +0100;1389804304;-;-;Wed Jan 15 17:45:04 2014 +0100;1389804304
961f42bd43f60acb38e611513a81111718edffce;961f42bd43;-;-;Wed Jan 15 17:44:17 2014 +0100;1389804257;-;-;Wed Jan 15 17:44:17 2014 +0100;1389804257
ab15ed2a05269d8d34bcbe215108aabed1eb182a;ab15ed2a05;-;-;Wed Jan 15 16:09:31 2014 +0100;1389798571;-;-;Wed Jan 15 16:09:31 2014 +0100;1389798571
feb9d261ac4bd3d178ecc8e0ab26369724d22f5b;feb9d261ac;-;-;Wed Jan 15 15:46:52 2014 +0100;1389797212;-;-;Wed Jan 15 15:46:52 2014 +0100;1389797212
76bb966b1ad32416f18959d65e1f9c8493d0bcbd;76bb966b1a;-;-;Wed Jan 15 15:35:08 2014 +0100;1389796508;-;-;Wed Jan 15 15:35:08 2014 +0100;1389796508
8da9e5466ad304bf4e851ccaa8696d4c2623f82f;8da9e5466a;-;-;Wed Jan 15 15:28:20 2014 +0100;1389796100;-;-;Wed Jan 15 15:28:20 2014 +0100;1389796100
abff789b0f0723b81465ea292a3ba16ce1ebdac9;abff789b0f;-;-;Wed Jan 15 13:39:09 2014 +0100;1389789549;-;-;Wed Jan 15 13:39:09 2014 +0100;1389789549
5d06bcec709e7ec490f2718e5087b0d34e581204;5d06bcec70;-;-;Wed Jan 15 13:36:50 2014 +0100;1389789410;-;-;Wed Jan 15 13:36:50 2014 +0100;1389789410
5f2106046ccded1df2dc92821a6d12a06e26f949;5f2106046c;-;-;Sat Jan 11 10:19:09 2014 -0500;1389453549;-;-;Tue Jan 14 16:45:18 2014 -0500;1389735918
5ee89a3021c103d9c5d1b81460fe5d72fedf6f1c;5ee89a3021;-;-;Tue Jan 14 21:05:40 2014 +0100;1389729940;-;-;Tue Jan 14 21:05:40 2014 +0100;1389729940
bac9f43b66626a3821d9ea34f2fac03444e21f09;bac9f43b66;-;-;Tue Jan 14 14:51:27 2014 -0500;1389729087;-;-;Tue Jan 14 14:51:27 2014 -0500;1389729087
c9044151f5eb63f4d2bcc5a552c66ebb286a603c;c9044151f5;-;-;Wed Jan 8 16:31:50 2014 +0100;1389195110;-;-;Tue Jan 14 14:32:50 2014 -0500;1389727970
070c5c3d335b09252ce471696ad890ebdae4b19c;070c5c3d33;-;-;Wed Nov 13 14:52:41 2013 +0100;1384350761;-;-;Tue Jan 14 14:28:19 2014 -0500;1389727699
ea0825c0a672b22a46794f87f7d7dc69e82422d9;ea0825c0a6;-;-;Tue Jan 14 12:44:46 2014 -0500;1389721486;-;-;Tue Jan 14 12:45:47 2014 -0500;1389721547
2dfd69bbb37d37768be3bf966332ac83f8a9cc8f;2dfd69bbb3;-;-;Tue Jan 14 18:17:38 2014 +0100;1389719858;-;-;Tue Jan 14 18:19:06 2014 +0100;1389719946
8b35c3ff74347f32194149ec91773c4eb2eb21ea;8b35c3ff74;-;-;Tue Jan 14 12:11:12 2014 -0500;1389719472;-;-;Tue Jan 14 12:11:12 2014 -0500;1389719472
26271fc30cc87d293ad1eab88ca70bf205b8f07f;26271fc30c;-;-;Mon Jan 13 23:18:31 2014 +0100;1389651511;-;-;Mon Jan 13 23:45:54 2014 +0100;1389653154
186536116348c2382f69d3ae02c1634742a5aea6;1865361163;-;-;Mon Jan 13 23:18:31 2014 +0100;1389651511;-;-;Mon Jan 13 23:44:45 2014 +0100;1389653085
a5c3143512d630911f55c4cff2822d54b4617dbc;a5c3143512;-;-;Mon Jan 13 16:36:41 2014 -0500;1389649001;-;-;Mon Jan 13 16:39:37 2014 -0500;1389649177
6265bc1df781cde3c4ceb104096dd61483cec7cd;6265bc1df7;-;-;Mon Jan 13 15:28:17 2014 -0500;1389644897;-;-;Mon Jan 13 16:39:37 2014 -0500;1389649177
547646de6d888ef4cb701c4c706102028fb4ec7f;547646de6d;-;-;Mon Jan 13 22:25:34 2014 +0100;1389648334;-;-;Mon Jan 13 22:25:34 2014 +0100;1389648334
f7fc2cbc3b27054ac9498849309cb8836c817a20;f7fc2cbc3b;-;-;Mon Jan 13 22:20:46 2014 +0100;1389648046;-;-;Mon Jan 13 22:20:46 2014 +0100;1389648046
cdd65a70af5aa705390905747de86617e8d59197;cdd65a70af;-;-;Mon Jan 13 22:14:51 2014 +0100;1389647691;-;-;Mon Jan 13 22:14:51 2014 +0100;1389647691
24d40fa3e03a234586aaf5045dcac36b6d8b4481;24d40fa3e0;-;-;Mon Jan 13 22:14:27 2014 +0100;1389647667;-;-;Mon Jan 13 22:14:27 2014 +0100;1389647667
bd87ff7f92ea88b5110938b76806471bee27e42b;bd87ff7f92;-;-;Mon Jan 13 22:13:42 2014 +0100;1389647622;-;-;Mon Jan 13 22:13:42 2014 +0100;1389647622
6b0d88721cbf87ee71c85d9609479bfd6b869cb6;6b0d88721c;-;-;Fri Jan 10 15:30:36 2014 -0600;1389389436;-;-;Mon Jan 13 14:17:16 2014 -0500;1389640636
5068eb2e01a5f534b6ceaefe9d1034446b674164;5068eb2e01;-;-;Mon Jan 13 14:05:25 2014 -0500;1389639925;-;-;Mon Jan 13 14:05:25 2014 -0500;1389639925
9d928db3a8675dfc4da9c52b3fe803dd48ce7629;9d928db3a8;-;-;Thu Jan 9 22:40:52 2014 -0800;1389336052;-;-;Thu Jan 9 22:40:52 2014 -0800;1389336052
9ed911075e60f0a542de1922679e65cb0fe6566a;9ed911075e;-;-;Thu Jan 9 16:35:55 2014 -0800;1389314155;-;-;Thu Jan 9 16:35:55 2014 -0800;1389314155
2983e3ca31f5dd2a1498675f37c948e1214948e7;2983e3ca31;-;-;Thu Jan 9 16:18:15 2014 -0800;1389313095;-;-;Thu Jan 9 16:18:15 2014 -0800;1389313095
cf6cf18f1acf19824a22357a84f820d0bc0f03ed;cf6cf18f1a;-;-;Wed Jan 8 14:27:58 2014 +0100;1389187678;-;-;Wed Jan 8 14:27:58 2014 +0100;1389187678
4342497305d54091ea327fc4368b96daade556a0;4342497305;-;-;Tue Jan 7 16:16:29 2014 -0500;1389129389;-;-;Tue Jan 7 16:16:29 2014 -0500;1389129389
1fa4d9169fb2273a8e1428061a4f8edb38cdce34;1fa4d9169f;-;-;Mon Jan 6 15:24:37 2014 -0500;1389039877;-;-;Mon Jan 6 15:24:37 2014 -0500;1389039877
f37d030860969e6532ebc78826eb6119576c862d;f37d030860;-;-;Mon Jan 6 11:15:43 2014 -0800;1389035743;-;-;Mon Jan 6 11:15:43 2014 -0800;1389035743
a30cf3058eee3737074a35f14408f9ec28feea1a;a30cf3058e;-;-;Mon Jan 6 12:16:24 2014 +0100;1389006984;-;-;Mon Jan 6 12:16:24 2014 +0100;1389006984
27ab9332c1a1f1ea791348a094bb70b79207681e;27ab9332c1;-;-;Mon Jan 6 12:15:52 2014 +0100;1389006952;-;-;Mon Jan 6 12:15:52 2014 +0100;1389006952
5d3484c74a252fa714e67cbf74790ea592293c33;5d3484c74a;-;-;Mon Jan 6 00:19:36 2014 +0100;1388963976;-;-;Mon Jan 6 00:19:36 2014 +0100;1388963976
24030a3f61c3c2bd36901dbe2b1b9ff781ed9ff4;24030a3f61;-;-;Sun Jan 5 21:39:05 2014 +0100;1388954345;-;-;Sun Jan 5 21:39:05 2014 +0100;1388954345
b228a06e07725f77b8b17249aaed4bf47926fc55;b228a06e07;-;-;Sun Jan 5 17:30:42 2014 +0100;1388939442;-;-;Sun Jan 5 17:30:42 2014 +0100;1388939442
38a8ace5bb32112706ec82cbd65e81307cc414c9;38a8ace5bb;-;-;Sun Jan 5 17:24:18 2014 +0100;1388939058;-;-;Sun Jan 5 17:24:18 2014 +0100;1388939058
ee2022e54c56a2dbe8df3cf263450f3fb04dc776;ee2022e54c;-;-;Sun Jan 5 03:01:44 2014 +0100;1388887304;-;-;Sun Jan 5 03:01:44 2014 +0100;1388887304
a0ccd65d518bdb4a6082fafcc71207cc501c63b7;a0ccd65d51;-;-;Sun Jan 5 03:00:12 2014 +0100;1388887212;-;-;Sun Jan 5 03:00:12 2014 +0100;1388887212
675b650290f25899929c68469632ac32e14943f1;675b650290;-;-;Sun Jan 5 00:16:01 2014 +0100;1388877361;-;-;Sun Jan 5 00:16:01 2014 +0100;1388877361
5661d3826c64e0066ab76ba0cf415197ebaa9fdb;5661d3826c;-;-;Sun Jan 5 00:15:33 2014 +0100;1388877333;-;-;Sun Jan 5 00:15:33 2014 +0100;1388877333
11b3fe22893eb2a5e1540d17a005996629e681aa;11b3fe2289;-;-;Sat Jan 4 23:29:05 2014 +0100;1388874545;-;-;Sat Jan 4 23:29:05 2014 +0100;1388874545
a2d40f3f1669c5472332bb04fb0941f5c104e264;a2d40f3f16;-;-;Sat Jan 4 22:48:06 2014 +0100;1388872086;-;-;Sat Jan 4 22:48:06 2014 +0100;1388872086
0de307bb65dd5e8d693ada99fbaf4cacc1a49ffe;0de307bb65;-;-;Sat Jan 4 22:47:33 2014 +0100;1388872053;-;-;Sat Jan 4 22:47:33 2014 +0100;1388872053
26f1e05ffc47e26586f232a990d1eb938012af4a;26f1e05ffc;-;-;Fri Jan 3 14:14:32 2014 -0800;1388787272;-;-;Fri Jan 3 14:15:19 2014 -0800;1388787319
3948727b13444ee3cba4d1b0004743f96f3d0fa4;3948727b13;-;-;Fri Jan 3 23:14:50 2014 +0100;1388787290;-;-;Fri Jan 3 23:14:50 2014 +0100;1388787290
de280b01fe752fc7a5c6eeb22a5028f91b73f50a;de280b01fe;-;-;Fri Jan 3 16:42:26 2014 -0500;1388785346;-;-;Fri Jan 3 16:44:01 2014 -0500;1388785441
abb8a93e2fa3e91286d72518dbb5f88c219834ef;abb8a93e2f;-;-;Fri Jan 3 15:50:24 2014 -0500;1388782224;-;-;Fri Jan 3 16:44:01 2014 -0500;1388785441
d0556e61f981210dc96a9b99f0cb6f8b32738b32;d0556e61f9;-;-;Fri Jan 3 15:32:48 2014 -0500;1388781168;-;-;Fri Jan 3 16:44:01 2014 -0500;1388785441
b9c8f47b01b0bb2833539643d429b79ef0adabf5;b9c8f47b01;-;-;Fri Jan 3 22:36:12 2014 +0100;1388784972;-;-;Fri Jan 3 22:36:56 2014 +0100;1388785016
3bed6cfc7c4b7db1b56b3bb1f7d38be8d96b4857;3bed6cfc7c;-;-;Fri Jan 3 22:11:12 2014 +0100;1388783472;-;-;Fri Jan 3 22:11:12 2014 +0100;1388783472
640d8cb67fea1fb2c76c7b74e6426d87e0e394fd;640d8cb67f;-;-;Fri Jan 3 21:57:07 2014 +0100;1388782627;-;-;Fri Jan 3 21:57:07 2014 +0100;1388782627
6a5a3c97edae048c2b54d549a6764713923c0bfa;6a5a3c97ed;-;-;Fri Jan 3 18:18:55 2014 +0100;1388769535;-;-;Fri Jan 3 18:18:55 2014 +0100;1388769535
ff26dfdd286a47e4dfac7ab0b9fa4690653da4af;ff26dfdd28;-;-;Fri Jan 3 17:33:46 2014 +0100;1388766826;-;-;Fri Jan 3 17:33:46 2014 +0100;1388766826
240819f955eed5624a1a0b2dcdd582b6ed829bbe;240819f955;-;-;Fri Jan 3 14:14:10 2014 +0100;1388754850;-;-;Fri Jan 3 16:39:34 2014 +0100;1388763574
8d1e55d1018d11b1d693a731ecfd0164a82784d1;8d1e55d101;-;-;Fri Jan 3 12:18:49 2014 +0100;1388747929;-;-;Fri Jan 3 16:38:22 2014 +0100;1388763502
6aabb5f17e93e20746f06d1005c8a6968b20103c;6aabb5f17e;-;-;Fri Jan 3 12:18:19 2014 +0100;1388747899;-;-;Fri Jan 3 16:18:48 2014 +0100;1388762328
15d7d6d7abd4c7ba8e96e7c56ea9ec7d72d9aec8;15d7d6d7ab;-;-;Fri Jan 3 16:02:57 2014 +0100;1388761377;-;-;Fri Jan 3 16:02:57 2014 +0100;1388761377
2c8f670d5fd129de470e1ddf415ad76305087996;2c8f670d5f;-;-;Thu Jan 2 15:33:07 2014 +0100;1388673187;-;-;Fri Jan 3 15:25:33 2014 +0100;1388759133
1c83e8653a8079381fd2579919b8fd16a90fdd44;1c83e8653a;-;-;Thu Jan 2 16:19:34 2014 +0100;1388675974;-;-;Fri Jan 3 09:50:43 2014 +0100;1388739043
ef13dbfcdd5daa3f5687de8c219005eb92295aab;ef13dbfcdd;-;-;Thu Jan 2 12:27:59 2014 -0500;1388683679;-;-;Thu Jan 2 12:27:59 2014 -0500;1388683679
1f49f994e69bcfcccbdd42d9823986d849afd8b0;1f49f994e6;-;-;Thu Jan 2 11:53:25 2014 -0500;1388681605;-;-;Thu Jan 2 12:06:37 2014 -0500;1388682397
3b14e974f84b453fd9456ea5d372906fa04dc5e2;3b14e974f8;-;-;Thu Jan 2 11:35:31 2014 -0500;1388680531;-;-;Thu Jan 2 11:35:31 2014 -0500;1388680531
12fe9174f0aeb88821ca5ad84d83e05e259fc56f;12fe9174f0;-;-;Thu Jan 2 11:27:18 2014 -0500;1388680038;-;-;Thu Jan 2 11:27:18 2014 -0500;1388680038
82ea9ece5c56309f98984778cd03970fbe479872;82ea9ece5c;-;-;Wed Jan 1 18:36:48 2014 +0100;1388597808;-;-;Wed Jan 1 18:36:48 2014 +0100;1388597808
f0d21510f56243f5c0b12649c059fe791b3decf1;f0d21510f5;-;-;Mon Dec 30 19:13:04 2013 +0100;1388427184;-;-;Mon Dec 30 19:13:04 2013 +0100;1388427184
5e00113c650f458412707193aecd95b3701b31d7;5e00113c65;-;-;Mon Dec 30 19:10:34 2013 +0100;1388427034;-;-;Mon Dec 30 19:10:34 2013 +0100;1388427034
48909886a214265e3f2b3765bf2bf4a1c26bc791;48909886a2;-;-;Mon Dec 30 19:08:36 2013 +0100;1388426916;-;-;Mon Dec 30 19:08:36 2013 +0100;1388426916
73d8f069fe660baac35b7ec437296998b5dcbfe8;73d8f069fe;-;-;Mon Dec 30 12:52:35 2013 +0100;1388404355;-;-;Mon Dec 30 12:52:35 2013 +0100;1388404355
065713660521bb080ede3aa51bb2f632afce24de;0657136605;-;-;Sun Dec 29 21:52:58 2013 +0100;1388350378;-;-;Sun Dec 29 21:52:58 2013 +0100;1388350378
85921808b3749d976579b09a4e461ec74a7e68ea;85921808b3;-;-;Sun Dec 29 21:49:53 2013 +0100;1388350193;-;-;Sun Dec 29 21:50:43 2013 +0100;1388350243
7f5d6ea3f9ac682b4c73d93bb148f2b906e1acb4;7f5d6ea3f9;-;-;Sat Dec 28 20:48:35 2013 +0100;1388260115;-;-;Sat Dec 28 20:48:35 2013 +0100;1388260115
4e5e700213149615c75bc3398549fc5472836908;4e5e700213;-;-;Mon Dec 23 21:39:34 2013 -0500;1387852774;-;-;Mon Dec 23 21:40:27 2013 -0500;1387852827
0a12f28b58c834fac8a873d2862d0cc94f7a5163;0a12f28b58;-;-;Mon Dec 23 14:51:08 2013 -0500;1387828268;-;-;Mon Dec 23 21:40:27 2013 -0500;1387852827
2e4f38f6af49637f2ff5f651944aef35a049c60a;2e4f38f6af;-;-;Mon Dec 23 14:02:48 2013 -0500;1387825368;-;-;Mon Dec 23 21:40:27 2013 -0500;1387852827
e3017c30bbb2d33b16db9352288f0e6d6318f04b;e3017c30bb;-;-;Mon Dec 23 22:00:30 2013 +0100;1387832430;-;-;Mon Dec 23 22:00:30 2013 +0100;1387832430
d032c20a54c3289ef26656f4e96321c39c1ad49b;d032c20a54;-;-;Mon Dec 23 21:59:21 2013 +0100;1387832361;-;-;Mon Dec 23 21:59:21 2013 +0100;1387832361
b4d6e27fb3f8db773cbfad1a6e53323de2c1470d;b4d6e27fb3;-;-;Mon Dec 23 21:58:42 2013 +0100;1387832322;-;-;Mon Dec 23 21:58:42 2013 +0100;1387832322
9a39f39b6fb286998a0fa846dc1d4da9baa43ce1;9a39f39b6f;-;-;Mon Dec 23 12:49:57 2013 +0100;1387799397;-;-;Mon Dec 23 12:49:57 2013 +0100;1387799397
ee5b7fdab8fc8c9db0de408ebdcbc94378cb4f7d;ee5b7fdab8;-;-;Mon Dec 23 12:49:47 2013 +0100;1387799387;-;-;Mon Dec 23 12:49:47 2013 +0100;1387799387
710fdc73f1d41696ee14e24cbd0725b95590566c;710fdc73f1;-;-;Sat Dec 21 14:00:47 2013 +0100;1387630847;-;-;Sat Dec 21 14:00:47 2013 +0100;1387630847
f9e8eb59e11ba0f6ff3ac3febded7fc48ad4e13c;f9e8eb59e1;-;-;Fri Dec 20 16:44:25 2013 +0100;1387554265;-;-;Fri Dec 20 16:44:25 2013 +0100;1387554265
bc3064cbb76d3fa8392622742348b87ce0fbfa10;bc3064cbb7;-;-;Fri Dec 20 01:28:40 2013 +0100;1387499320;-;-;Fri Dec 20 01:28:40 2013 +0100;1387499320
a884cde18c47a27f542cd9088a4d465aa199912c;a884cde18c;-;-;Fri Dec 20 01:28:16 2013 +0100;1387499296;-;-;Fri Dec 20 01:28:16 2013 +0100;1387499296
b1460742c37f0de3c606d3710798c9ff8af2fb80;b1460742c3;-;-;Thu Dec 19 23:49:31 2013 +0100;1387493371;-;-;Thu Dec 19 23:49:31 2013 +0100;1387493371
2faf008c2e1d83ba5aab95c5205bf3c69b82159e;2faf008c2e;-;-;Thu Dec 19 23:08:18 2013 +0100;1387490898;-;-;Thu Dec 19 23:08:18 2013 +0100;1387490898
11fb12b920c9b6d2c44df7665e66e8d7e3e65e2a;11fb12b920;-;-;Thu Dec 19 23:04:23 2013 +0100;1387490663;-;-;Thu Dec 19 23:04:23 2013 +0100;1387490663
bfba53f958640a5ffa3c2603188106c4a2505ea8;bfba53f958;-;-;Thu Dec 19 19:15:57 2013 +0100;1387476957;-;-;Thu Dec 19 19:15:57 2013 +0100;1387476957
cb682cd8b7e21f580b27481cf6b6c29a91a6de7f;cb682cd8b7;-;-;Thu Dec 19 15:10:27 2013 +0100;1387462227;-;-;Thu Dec 19 15:10:27 2013 +0100;1387462227
aa2fadd8da0bcb87db5bad42c0774b868fce70cd;aa2fadd8da;-;-;Thu Dec 19 14:55:16 2013 +0100;1387461316;-;-;Thu Dec 19 14:55:16 2013 +0100;1387461316
260bbe319dfbe362ade0180f9c50a35109d992c8;260bbe319d;-;-;Wed Dec 18 18:08:32 2013 +0100;1387386512;-;-;Wed Dec 18 18:08:32 2013 +0100;1387386512
234272eb8f6b37493643687c91b1f2ae75e65eef;234272eb8f;-;-;Tue Dec 17 21:39:40 2013 +0100;1387312780;-;-;Tue Dec 17 21:39:40 2013 +0100;1387312780
67abeb47223e00882a4e1f10331ca723da2a6b92;67abeb4722;-;-;Tue Dec 17 21:35:14 2013 +0100;1387312514;-;-;Tue Dec 17 21:35:14 2013 +0100;1387312514
63d300ac868de3bada09fbd2278cd76cfde182e5;63d300ac86;-;-;Tue Dec 17 20:14:33 2013 +0100;1387307673;-;-;Tue Dec 17 20:14:33 2013 +0100;1387307673
1d47fc6e2da59a56107607c927e35b0dc26cfa1f;1d47fc6e2d;-;-;Tue Dec 17 20:14:07 2013 +0100;1387307647;-;-;Tue Dec 17 20:14:07 2013 +0100;1387307647
994efe45fd66a0ce48c705fd16632aa27eecc1b7;994efe45fd;-;-;Tue Dec 17 20:12:03 2013 +0100;1387307523;-;-;Tue Dec 17 20:12:03 2013 +0100;1387307523
618368304176719006ac4053b5fe5e4884ac7c3e;6183683041;-;-;Tue Dec 17 18:26:23 2013 +0100;1387301183;-;-;Tue Dec 17 18:26:23 2013 +0100;1387301183
74c679eb2f038b2115aedc8cd5db4fa953a5691f;74c679eb2f;-;-;Tue Dec 17 18:21:04 2013 +0100;1387300864;-;-;Tue Dec 17 18:21:04 2013 +0100;1387300864
479d073f1b5203deed7a218fa5046eca50debcd7;479d073f1b;-;-;Tue Dec 17 16:46:58 2013 +0100;1387295218;-;-;Tue Dec 17 16:46:58 2013 +0100;1387295218
ff92f5af57f36436635352164cf8b96207fa463d;ff92f5af57;-;-;Tue Dec 17 08:26:50 2013 -0500;1387286810;-;-;Tue Dec 17 08:26:50 2013 -0500;1387286810
2a3ca619f979476aee8e0a0d298fb8ab847a4aa8;2a3ca619f9;-;-;Tue Dec 17 12:40:21 2013 +0100;1387280421;-;-;Tue Dec 17 12:40:21 2013 +0100;1387280421
23546b12347775c01d5195a778419134cab00140;23546b1234;-;-;Tue Dec 17 12:39:24 2013 +0100;1387280364;-;-;Tue Dec 17 12:39:24 2013 +0100;1387280364
078d2fe0e2de02544bca5261400afc5c07d49e85;078d2fe0e2;-;-;Mon Dec 16 22:50:25 2013 +0100;1387230625;-;-;Mon Dec 16 22:50:25 2013 +0100;1387230625
105e176a80d00ba9514b3acb4409a4eee99123cf;105e176a80;-;-;Mon Dec 16 22:47:43 2013 +0100;1387230463;-;-;Mon Dec 16 22:47:43 2013 +0100;1387230463
61a3d04e9146c94db28d9b974d7d07c6b645894f;61a3d04e91;-;-;Mon Dec 16 21:47:35 2013 +0100;1387226855;-;-;Mon Dec 16 21:47:35 2013 +0100;1387226855
e2f85fc1d07b64e816596acb3f12d105feea71a8;e2f85fc1d0;-;-;Mon Dec 16 21:45:40 2013 +0100;1387226740;-;-;Mon Dec 16 21:45:40 2013 +0100;1387226740
b6970d3504c433571ce43ac758256be77ae4af9f;b6970d3504;-;-;Mon Dec 16 20:21:34 2013 +0100;1387221694;-;-;Mon Dec 16 20:21:34 2013 +0100;1387221694
8a3b4c69c89d0bf56ef210f5166c79ee77be3935;8a3b4c69c8;-;-;Mon Dec 16 20:18:37 2013 +0100;1387221517;-;-;Mon Dec 16 20:18:37 2013 +0100;1387221517
9eb58b95962ad5b0c5e59f2e8cf56a148a55b12f;9eb58b9596;-;-;Fri Dec 13 18:45:34 2013 +0100;1386956734;-;-;Fri Dec 13 18:45:34 2013 +0100;1386956734
1c04dcbe172f1cf46d55457350b5555100bc615b;1c04dcbe17;-;-;Fri Dec 13 18:00:06 2013 +0100;1386954006;-;-;Fri Dec 13 18:00:06 2013 +0100;1386954006
0b6bd46863afc073aa4236eb09d88e8f8c91db1e;0b6bd46863;-;-;Fri Dec 13 15:58:45 2013 +0100;1386946725;-;-;Fri Dec 13 15:58:45 2013 +0100;1386946725
f199d5187b2b88654f8d2e072d4da128cbda13f0;f199d5187b;-;-;Fri Dec 13 15:35:38 2013 +0100;1386945338;-;-;Fri Dec 13 15:35:38 2013 +0100;1386945338
569fbc9f39c3ebd13e12dae5e548eddd6fa2f87c;569fbc9f39;-;-;Wed Dec 11 23:15:29 2013 -0800;1386832529;-;-;Wed Dec 11 23:15:29 2013 -0800;1386832529
421292acf4aa7e715d74107f5bf393b3af51f48e;421292acf4;-;-;Wed Dec 11 22:00:12 2013 -0800;1386828012;-;-;Wed Dec 11 22:31:29 2013 -0800;1386829889
e637418010e9e6a6ec763a2aaa8a3be8481f6da3;e637418010;-;-;Wed Dec 11 23:36:55 2013 -0500;1386823015;-;-;Wed Dec 11 23:36:55 2013 -0500;1386823015
f36863947de47b45d8c778dd8e71d50bd22f2e25;f36863947d;-;-;Wed Dec 11 21:17:58 2013 -0500;1386814678;-;-;Wed Dec 11 21:18:06 2013 -0500;1386814686
50b8a5341520bc38e28c8c3bbe051e0247c977e0;50b8a53415;-;-;Wed Dec 11 23:56:39 2013 +0100;1386802599;-;-;Thu Dec 12 03:09:40 2013 +0100;1386814180
ca194261a42a0a4f0c8bdc36f447e1029a7d2e3e;ca194261a4;-;-;Wed Dec 11 23:56:39 2013 +0100;1386802599;-;-;Thu Dec 12 02:57:34 2013 +0100;1386813454
21f680c861adf13a4c5f58626d458fec82ad009e;21f680c861;-;-;Wed Dec 11 23:56:39 2013 +0100;1386802599;-;-;Thu Dec 12 02:57:17 2013 +0100;1386813437
6ee725031c167411063db90b9a52b31ef392a1db;6ee725031c;-;-;Thu Dec 12 02:39:44 2013 +0100;1386812384;-;-;Thu Dec 12 02:39:44 2013 +0100;1386812384
341854fb56e2efb8c75c67a3715bc2381e5a24b0;341854fb56;-;-;Thu Dec 12 01:53:29 2013 +0100;1386809609;-;-;Thu Dec 12 01:53:29 2013 +0100;1386809609
48ecf0af570a9923b028b71e8b8d3aae9e9d08d3;48ecf0af57;-;-;Thu Dec 12 01:36:28 2013 +0100;1386808588;-;-;Thu Dec 12 01:39:05 2013 +0100;1386808745
a9a20e297b0a3b8afce16924b3ed22bec389097f;a9a20e297b;-;-;Thu Dec 12 01:32:52 2013 +0100;1386808372;-;-;Thu Dec 12 01:32:52 2013 +0100;1386808372
a83fb13fc4d008f1e94ca5e4f56e7f99d4f8e3d7;a83fb13fc4;-;-;Thu Dec 12 01:29:53 2013 +0100;1386808193;-;-;Thu Dec 12 01:29:53 2013 +0100;1386808193
a3a43448d102ef15fead5eeac91f4952350bc87c;a3a43448d1;-;-;Wed Dec 11 23:56:39 2013 +0100;1386802599;-;-;Wed Dec 11 23:56:39 2013 +0100;1386802599
b085ec90b20bb99303d2c5dd13d41a1ade5196af;b085ec90b2;-;-;Wed Dec 11 14:06:35 2013 -0800;1386799595;-;-;Wed Dec 11 14:08:55 2013 -0800;1386799735
aa6e6c13491af1c259fbd754f498b9b48e397aa2;aa6e6c1349;-;-;Wed Dec 11 22:58:23 2013 +0100;1386799103;-;-;Wed Dec 11 22:58:23 2013 +0100;1386799103
106a973a4d3e62884655db7eebc2b7cb03aa9ea2;106a973a4d;-;-;Wed Dec 11 22:57:22 2013 +0100;1386799042;-;-;Wed Dec 11 22:57:22 2013 +0100;1386799042
b124066d63b0cdc4385c848a2f8b2663f003c0a2;b124066d63;-;-;Wed Dec 11 12:03:18 2013 -0800;1386792198;-;-;Wed Dec 11 13:52:49 2013 -0800;1386798769
309fe9ceb100bd8f32e7dfaeea8e02df94ef10a6;309fe9ceb1;-;-;Wed Dec 11 11:28:03 2013 -0800;1386790083;-;-;Wed Dec 11 13:52:49 2013 -0800;1386798769
01a78bbbac05de06759f8f74b93f8fea59f4a114;01a78bbbac;-;-;Wed Dec 11 11:00:03 2013 -0800;1386788403;-;-;Wed Dec 11 13:52:48 2013 -0800;1386798768
0a52c86559e04aa25b5f19185c8042d81cb8bcb4;0a52c86559;-;-;Wed Dec 11 11:29:38 2013 -0800;1386790178;-;-;Wed Dec 11 13:52:48 2013 -0800;1386798768
d6b4d92eed13d5908114cec37c056481f89a7d0f;d6b4d92eed;-;-;Wed Dec 11 10:56:19 2013 -0800;1386788179;-;-;Wed Dec 11 13:52:48 2013 -0800;1386798768
8b48ba2af3ae33ad1988d1ade98dbe3843772367;8b48ba2af3;-;-;Wed Dec 11 12:09:50 2013 -0800;1386792590;-;-;Wed Dec 11 13:52:47 2013 -0800;1386798767
7e1e99d272111862079970c5cb18b3b9e3906861;7e1e99d272;-;-;Wed Dec 11 11:46:58 2013 -0800;1386791218;-;-;Wed Dec 11 13:52:47 2013 -0800;1386798767
bc5affa79a67b28c858730dd69156ebf6161164a;bc5affa79a;-;-;Wed Dec 11 20:49:18 2013 +0100;1386791358;-;-;Wed Dec 11 20:49:18 2013 +0100;1386791358
92dad1849fe42c7bf3ecce2ae4d89428bc3272eb;92dad1849f;-;-;Wed Dec 11 14:44:57 2013 -0500;1386791097;-;-;Wed Dec 11 14:44:57 2013 -0500;1386791097
a9605a11e98d2b1f225aca1b5989c41a6b231cf8;a9605a11e9;-;-;Wed Dec 11 17:25:02 2013 +0100;1386779102;-;-;Wed Dec 11 17:25:02 2013 +0100;1386779102
9c157ea073054ef613d72d2939dbd3802649636f;9c157ea073;-;-;Wed Dec 11 16:41:11 2013 +0100;1386776471;-;-;Wed Dec 11 16:41:11 2013 +0100;1386776471
8d6d6be39a9ae40c5d0b737bf820b102936c256a;8d6d6be39a;-;-;Wed Dec 11 16:31:26 2013 +0100;1386775886;-;-;Wed Dec 11 16:31:26 2013 +0100;1386775886
1b4e02b1781867d1a918211c7f1f7c3facaafe46;1b4e02b178;-;-;Wed Dec 11 16:11:16 2013 +0100;1386774676;-;-;Wed Dec 11 16:11:16 2013 +0100;1386774676
161819f1417579c915751a6ef1fa7699963574fb;161819f141;-;-;Wed Dec 11 15:29:55 2013 +0100;1386772195;-;-;Wed Dec 11 15:29:55 2013 +0100;1386772195
a223e247c2cbcd221a8d6b2dbb5aafd837ee07d7;a223e247c2;-;-;Wed Dec 11 14:43:10 2013 +0100;1386769390;-;-;Wed Dec 11 14:43:10 2013 +0100;1386769390
9fbb57c3ece4d5335bf7885f3b81996288c22f1e;9fbb57c3ec;-;-;Wed Dec 11 12:34:59 2013 +0100;1386761699;-;-;Wed Dec 11 12:34:59 2013 +0100;1386761699
3ff3805ed608cff870dd0699d996c45cb9c2a682;3ff3805ed6;-;-;Wed Dec 11 12:28:54 2013 +0100;1386761334;-;-;Wed Dec 11 12:28:54 2013 +0100;1386761334
ccafccbec86fcd9c2b6522fd4a5007aec59008bc;ccafccbec8;-;-;Wed Dec 11 12:05:00 2013 +0100;1386759900;-;-;Wed Dec 11 12:05:00 2013 +0100;1386759900
2d2226baf60f44ff730e09de5b25cd0da91074fc;2d2226baf6;-;-;Wed Dec 11 12:01:53 2013 +0100;1386759713;-;-;Wed Dec 11 12:01:53 2013 +0100;1386759713
62ea627965eb10eb3f3c2b2388ff6d1ac7ddb3a6;62ea627965;-;-;Wed Dec 11 11:58:46 2013 +0100;1386759526;-;-;Wed Dec 11 11:58:46 2013 +0100;1386759526
a1529d498e004b3e3b1aa123b57a07435e6d644d;a1529d498e;-;-;Wed Dec 11 00:08:34 2013 -0800;1386749314;-;-;Wed Dec 11 00:08:34 2013 -0800;1386749314
f57c4a09ee0e16680c3bf3327af5e226a689df8c;f57c4a09ee;-;-;Tue Dec 10 21:13:11 2013 -0800;1386738791;-;-;Tue Dec 10 21:13:11 2013 -0800;1386738791
da7ae4a63b151d93eb4b5695451f44c4eda89c07;da7ae4a63b;-;-;Wed Dec 11 02:14:50 2013 +0100;1386724490;-;-;Wed Dec 11 02:14:50 2013 +0100;1386724490
800018a817297314e58446d55c3a15aef6f756cb;800018a817;-;-;Wed Dec 11 01:00:04 2013 +0100;1386720004;-;-;Wed Dec 11 01:00:04 2013 +0100;1386720004
099b10d23bbf79efdb07fb40e23c63acfb1bfcf1;099b10d23b;-;-;Tue Dec 10 23:49:58 2013 +0100;1386715798;-;-;Tue Dec 10 23:49:58 2013 +0100;1386715798
c5d797736ba5fc098472d5cfeb24321a75316cc7;c5d797736b;-;-;Tue Dec 10 22:35:34 2013 +0100;1386711334;-;-;Tue Dec 10 22:35:34 2013 +0100;1386711334
cb624e25c56cfe48013a80a371bdb573072ea278;cb624e25c5;-;-;Tue Dec 10 22:34:17 2013 +0100;1386711257;-;-;Tue Dec 10 22:34:17 2013 +0100;1386711257
92816492edd50b9791cbbc4129fc79eaf71fac98;92816492ed;-;-;Tue Dec 10 16:47:17 2013 +0100;1386690437;-;-;Tue Dec 10 16:47:17 2013 +0100;1386690437
eb1b3c5a685aaa7204dd9078754df617db1fd324;eb1b3c5a68;-;-;Tue Dec 10 15:33:57 2013 +0100;1386686037;-;-;Tue Dec 10 15:33:57 2013 +0100;1386686037
be63c07b2e49b6439a43610a64c3cf456d9c9458;be63c07b2e;-;-;Tue Dec 10 13:26:52 2013 +0100;1386678412;-;-;Tue Dec 10 13:26:52 2013 +0100;1386678412
d6e84631f588bfd0a6cb7723b6e4e3a20bccf52e;d6e84631f5;-;-;Tue Dec 10 13:26:42 2013 +0100;1386678402;-;-;Tue Dec 10 13:26:42 2013 +0100;1386678402
4fe52d19534195717c742fd1e04fb096ba2eeb96;4fe52d1953;-;-;Tue Dec 10 12:00:32 2013 +0100;1386673232;-;-;Tue Dec 10 12:00:32 2013 +0100;1386673232
6d7ce439b162a3784d5182947682ba479a83b9a5;6d7ce439b1;-;-;Tue Dec 10 11:59:17 2013 +0100;1386673157;-;-;Tue Dec 10 11:59:35 2013 +0100;1386673175
4c8a7899f25a6773a6e70cf8cffad85e6147308a;4c8a7899f2;-;-;Tue Dec 10 01:38:57 2013 +0100;1386635937;-;-;Tue Dec 10 01:38:57 2013 +0100;1386635937
26d143868f912bcd8fe4b8cc66135928807526f8;26d143868f;-;-;Mon Dec 9 22:47:16 2013 +0100;1386625636;-;-;Mon Dec 9 22:47:16 2013 +0100;1386625636
242ecdc448ee705220d4e8befa00f274a1c7ff53;242ecdc448;-;-;Mon Dec 9 21:45:44 2013 +0100;1386621944;-;-;Mon Dec 9 21:45:44 2013 +0100;1386621944
5dcd28761c515d666855ca14ddf21dffef286e10;5dcd28761c;-;-;Mon Dec 9 18:53:27 2013 +0100;1386611607;-;-;Mon Dec 9 18:53:27 2013 +0100;1386611607
a3b022aa48c9d62e261c53304feaeb7732c3a7f2;a3b022aa48;-;-;Mon Dec 9 15:35:54 2013 +0100;1386599754;-;-;Mon Dec 9 15:35:54 2013 +0100;1386599754
5f38996cd6df9496774adb2fc64a3051d970b226;5f38996cd6;-;-;Mon Dec 9 08:19:17 2013 -0500;1386595157;-;-;Mon Dec 9 08:19:17 2013 -0500;1386595157
6078c27e6080de5b3132f581ca6d0f1f730f3c8b;6078c27e60;-;-;Mon Dec 9 13:29:21 2013 +0100;1386592161;-;-;Mon Dec 9 13:29:21 2013 +0100;1386592161
f70739430bd754fe8d068e76d415b2f035209345;f70739430b;-;-;Sun Dec 8 23:27:31 2013 +0100;1386541651;-;-;Sun Dec 8 23:27:31 2013 +0100;1386541651
8580d2d19edcd10d0e0f4f45e482cc366cef4517;8580d2d19e;-;-;Sun Dec 8 23:24:16 2013 +0100;1386541456;-;-;Sun Dec 8 23:24:16 2013 +0100;1386541456
1f9b833c4df1c065f9e7d886caacbdb4a216953f;1f9b833c4d;-;-;Sun Dec 8 01:25:52 2013 +0100;1386462352;-;-;Sun Dec 8 01:25:52 2013 +0100;1386462352
fcecd0328abd42a8ac717c0a2943e200bb7cd3b1;fcecd0328a;-;-;Fri Dec 6 17:23:31 2013 -0500;1386368611;-;-;Fri Dec 6 17:23:31 2013 -0500;1386368611
307bf4bede299bdc95a99f68ae51fd076d5cdca9;307bf4bede;-;-;Fri Dec 6 17:05:29 2013 -0500;1386367529;-;-;Fri Dec 6 17:05:29 2013 -0500;1386367529
89455c00f62775ead9b7cd76398b5be2012e432c;89455c00f6;-;-;Fri Dec 6 16:24:04 2013 -0500;1386365044;-;-;Fri Dec 6 16:24:04 2013 -0500;1386365044
ea8a2095ecc48068b64e25f0a7a1028db478c2fe;ea8a2095ec;-;-;Fri Dec 6 21:51:18 2013 +0100;1386363078;-;-;Fri Dec 6 21:51:18 2013 +0100;1386363078
7a154e8e98c30abb3d0a08718aeea6e77df1544a;7a154e8e98;-;-;Fri Dec 6 21:50:47 2013 +0100;1386363047;-;-;Fri Dec 6 21:50:47 2013 +0100;1386363047
c4163c7475c2798786c94a6510a6ab197b5e30d3;c4163c7475;-;-;Fri Dec 6 18:24:33 2013 +0100;1386350673;-;-;Fri Dec 6 18:24:38 2013 +0100;1386350678
947f3d4b2b18b9175bfb80cffbfdbf39a07c212b;947f3d4b2b;-;-;Wed Dec 4 08:34:35 2013 -0500;1386164075;-;-;Thu Dec 5 21:30:52 2013 -0500;1386297052
3e0b0f100c473359814ebc0450fca0e5dfc3a69d;3e0b0f100c;-;-;Thu Dec 5 21:48:49 2013 +0100;1386276529;-;-;Thu Dec 5 21:48:49 2013 +0100;1386276529
4957131a7bacbc192bfe0e0721564733e3e7c11a;4957131a7b;-;-;Thu Dec 5 20:40:09 2013 +0100;1386272409;-;-;Thu Dec 5 20:40:09 2013 +0100;1386272409
edeb11c556d1b13f358695f69052fbf42e0dd4c0;edeb11c556;-;-;Tue Dec 3 01:30:22 2013 +0100;1386030622;-;-;Wed Dec 4 23:58:05 2013 +0100;1386197885
efc5074395b9de24741b5e4bb3c983155d68540c;efc5074395;-;-;Wed Dec 4 17:14:55 2013 +0100;1386173695;-;-;Wed Dec 4 17:14:55 2013 +0100;1386173695
0912be105ab18ffd5e3104a20b4726ea53f4a9c0;0912be105a;-;-;Tue Dec 3 15:09:47 2013 -0800;1386112187;-;-;Tue Dec 3 15:09:47 2013 -0800;1386112187
8a4b36479aab604aa38951588063f1dc7588cdb0;8a4b36479a;-;-;Tue Dec 3 14:45:38 2013 -0800;1386110738;-;-;Tue Dec 3 14:45:38 2013 -0800;1386110738
85b0bfff585bc3390924bcfa1282616f3e476bf7;85b0bfff58;-;-;Tue Dec 3 12:01:24 2013 -0800;1386100884;-;-;Tue Dec 3 12:01:24 2013 -0800;1386100884
8f569264daf9abe977e4325393b767bfab731f5e;8f569264da;-;-;Tue Dec 3 14:38:55 2013 -0500;1386099535;-;-;Tue Dec 3 14:42:55 2013 -0500;1386099775
3ac14e7cd85cbb7793f91d38058a904f1abd609e;3ac14e7cd8;-;-;Tue Dec 3 18:08:41 2013 +0100;1386090521;-;-;Tue Dec 3 18:15:21 2013 +0100;1386090921
14468e80f36f25761a85c678789fefedf4c60f6f;14468e80f3;-;-;Tue Dec 3 12:02:41 2013 -0500;1386090161;-;-;Tue Dec 3 12:02:41 2013 -0500;1386090161
b1485420b689a74722ad93a78f93334b57d023f7;b1485420b6;-;-;Tue Dec 3 08:20:30 2013 -0800;1386087630;-;-;Tue Dec 3 08:22:25 2013 -0800;1386087745
1dff45c38a03ace8ebe4466f17331d7de1c77969;1dff45c38a;-;-;Tue Dec 3 01:30:22 2013 +0100;1386030622;-;-;Tue Dec 3 17:18:24 2013 +0100;1386087504
7713a55f6ba981010da9c847cea383820af21bb2;7713a55f6b;-;-;Tue Dec 3 09:24:40 2013 -0500;1386080680;-;-;Tue Dec 3 09:24:40 2013 -0500;1386080680
d4245610a2a5f0ad3af07c07510ab958adfaa2e2;d4245610a2;-;-;Mon Dec 2 23:59:32 2013 -0800;1386057572;-;-;Mon Dec 2 23:59:32 2013 -0800;1386057572
526555de8555f8980ffd567b29aa8c1450608e28;526555de85;-;-;Mon Dec 2 22:47:01 2013 -0800;1386053221;-;-;Mon Dec 2 22:47:01 2013 -0800;1386053221
c2b56c07e59aeb123fbe63b282c0ef98d7380f56;c2b56c07e5;-;-;Mon Dec 2 21:55:00 2013 -0800;1386050100;-;-;Mon Dec 2 21:55:00 2013 -0800;1386050100
fd1b48139fc81edf354279129f13e89211719d1b;fd1b48139f;-;-;Mon Dec 2 21:34:55 2013 -0800;1386048895;-;-;Mon Dec 2 21:35:13 2013 -0800;1386048913
bb5a53f7f75b6b963d077478d3ab783a7c6f1e4a;bb5a53f7f7;-;-;Mon Dec 2 21:55:44 2013 -0500;1386039344;-;-;Mon Dec 2 21:55:44 2013 -0500;1386039344
cea049b7912953f5b521e075d82918a989708167;cea049b791;-;-;Mon Dec 2 21:32:06 2013 -0500;1386037926;-;-;Mon Dec 2 21:32:06 2013 -0500;1386037926
cb46ef86c69a2f63349b0fd18a2a475a8ddae958;cb46ef86c6;-;-;Mon Dec 2 16:54:35 2013 -0800;1386032075;-;-;Mon Dec 2 16:55:24 2013 -0800;1386032124
6c1f62b19d8165a873b8ee410006fa14f589a1c0;6c1f62b19d;-;-;Tue Dec 3 01:30:22 2013 +0100;1386030622;-;-;Tue Dec 3 01:37:24 2013 +0100;1386031044
f5a310ad57fb45d79d77e414cab636dac435068e;f5a310ad57;-;-;Tue Dec 3 01:37:01 2013 +0100;1386031021;-;-;Tue Dec 3 01:37:01 2013 +0100;1386031021
2a52decbbc8391f97ae443bb63032048ce2ae6c3;2a52decbbc;-;-;Mon Dec 2 23:57:00 2013 +0100;1386025020;-;-;Mon Dec 2 23:57:00 2013 +0100;1386025020
41332728f904eb274322a140a461ea99c7240765;41332728f9;-;-;Mon Dec 2 23:55:41 2013 +0100;1386024941;-;-;Mon Dec 2 23:55:41 2013 +0100;1386024941
e62cd84ca23a176912562e175197167d62a08705;e62cd84ca2;-;-;Mon Dec 2 23:54:38 2013 +0100;1386024878;-;-;Mon Dec 2 23:54:38 2013 +0100;1386024878
ab2949f2b7149db155cdee661a4ce1baf3362ef0;ab2949f2b7;-;-;Mon Dec 2 14:47:44 2013 -0800;1386024464;-;-;Mon Dec 2 14:47:44 2013 -0800;1386024464
69238ba66f19279de7e1a0e2ddd69fbb9fd0de05;69238ba66f;-;-;Mon Dec 2 16:53:11 2013 -0500;1386021191;-;-;Mon Dec 2 16:53:11 2013 -0500;1386021191
e3e1c1bcec95aab3de99996decaae17eb2c03bc2;e3e1c1bcec;-;-;Mon Dec 2 22:31:57 2013 +0100;1386019917;-;-;Mon Dec 2 22:32:32 2013 +0100;1386019952
eb8b5c435c5a00df27e2836bdd228ba21902b2a6;eb8b5c435c;-;-;Mon Dec 2 17:38:59 2013 +0100;1386002339;-;-;Mon Dec 2 22:32:31 2013 +0100;1386019951
5e02a6dda37ba6ff3b2025a1b2a6200c49cdcdaf;5e02a6dda3;-;-;Mon Dec 2 12:25:03 2013 -0800;1386015903;-;-;Mon Dec 2 12:28:56 2013 -0800;1386016136
47ef45d15248d26331ed669b32136fec8bfd0cdb;47ef45d152;-;-;Mon Dec 2 15:25:09 2013 -0500;1386015909;-;-;Mon Dec 2 15:25:49 2013 -0500;1386015949
92e144a8a8471b024d32459f23f4151023d2f9b1;92e144a8a8;-;-;Wed Nov 27 15:32:04 2013 -0800;1385595124;-;-;Mon Dec 2 11:55:22 2013 -0800;1386014122
079fb2db737c830da62e57a02102bf0e9d70d6cb;079fb2db73;-;-;Mon Dec 2 13:59:17 2013 -0500;1386010757;-;-;Mon Dec 2 13:59:17 2013 -0500;1386010757
10f5d96a783f85fcdba2ce9b846c751a40bd7fe0;10f5d96a78;-;-;Tue Nov 26 20:04:57 2013 +0100;1385492697;-;-;Mon Dec 2 12:18:33 2013 -0500;1386004713
8f1fefc159abddb98429982d35b064758b90975e;8f1fefc159;-;-;Mon Dec 2 14:55:56 2013 +0100;1385992556;-;-;Mon Dec 2 14:55:56 2013 +0100;1385992556
3e4b3cad6ab632ae6af08f591194331d9669a1f3;3e4b3cad6a;-;-;Mon Dec 2 14:42:17 2013 +0100;1385991737;-;-;Mon Dec 2 14:42:17 2013 +0100;1385991737
8958912c946d68469983cbc56f404817abf27f65;8958912c94;-;-;Mon Dec 2 13:15:27 2013 +0100;1385986527;-;-;Mon Dec 2 13:15:27 2013 +0100;1385986527
676ad125a18d3729618ed9289cf2618d3797d1ce;676ad125a1;-;-;Mon Dec 2 13:10:41 2013 +0100;1385986241;-;-;Mon Dec 2 13:10:41 2013 +0100;1385986241
bd8469990d7a0631c18dd53af77730683cbf6b31;bd8469990d;-;-;Mon Dec 2 12:39:37 2013 +0100;1385984377;-;-;Mon Dec 2 12:39:37 2013 +0100;1385984377
de890fd10021aa69850280e2469f1081e2500d61;de890fd100;-;-;Mon Dec 2 11:02:07 2013 +0100;1385978527;-;-;Mon Dec 2 11:02:07 2013 +0100;1385978527
ce917d5cbbca984f46bad918b86f1a6b32483c23;ce917d5cbb;-;-;Mon Dec 2 11:00:26 2013 +0100;1385978426;-;-;Mon Dec 2 11:00:26 2013 +0100;1385978426
e8dead247c7d421074caf171456e0653d63780f7;e8dead247c;-;-;Mon Dec 2 10:59:30 2013 +0100;1385978370;-;-;Mon Dec 2 10:59:30 2013 +0100;1385978370
b0b40dade132577533bfbab34dbe8e03d9c613b6;b0b40dade1;-;-;Tue Nov 26 17:04:31 2013 -0800;1385514271;-;-;Tue Nov 26 17:13:15 2013 -0800;1385514795
043a41e3825773affc4af1fde5b08c147697260f;043a41e382;-;-;Tue Nov 26 14:55:51 2013 -0800;1385506551;-;-;Tue Nov 26 15:14:43 2013 -0800;1385507683
15698860e1daec92843511d3bae9bce503b22c30;15698860e1;-;-;Tue Nov 26 14:47:39 2013 -0800;1385506059;-;-;Tue Nov 26 15:11:18 2013 -0800;1385507478
690051f46cad97e4fcfb5073be63ea06e02ac01c;690051f46c;-;-;Tue Nov 26 16:47:48 2013 -0500;1385502468;-;-;Tue Nov 26 16:51:14 2013 -0500;1385502674
e764c8d897ef32b7c34c9b1f963e62d0eea217a8;e764c8d897;-;-;Tue Nov 26 11:55:53 2013 -0500;1385484953;-;-;Tue Nov 26 16:51:14 2013 -0500;1385502674
a31ac882c54b9a32345274b09647b7423ecf0839;a31ac882c5;-;-;Tue Nov 26 13:24:19 2013 -0800;1385501059;-;-;Tue Nov 26 13:25:37 2013 -0800;1385501137
c7c395d0d0754acccd5d60707fa862064aae02b9;c7c395d0d0;-;-;Tue Nov 26 15:59:00 2013 -0500;1385499540;-;-;Tue Nov 26 15:59:00 2013 -0500;1385499540
c5779e2ed6b2235dfac8de20aa9a2faf22dfc317;c5779e2ed6;-;-;Tue Nov 26 10:50:06 2013 -0800;1385491806;-;-;Tue Nov 26 10:51:13 2013 -0800;1385491873
ef3a3b03cec3a83eeae267e887d4185756c79e06;ef3a3b03ce;-;-;Tue Nov 26 14:43:10 2013 +0100;1385473390;-;-;Tue Nov 26 14:43:10 2013 +0100;1385473390
119e793994796bc4e7ebfd7d57fe3b219c07c68b;119e793994;-;-;Fri Nov 15 17:37:04 2013 +0000;1384537024;-;-;Mon Nov 25 21:51:08 2013 -0500;1385434268
ce3e55743f23100f0e4044320cdb1f168ca76ea3;ce3e55743f;-;-;Mon Nov 25 20:59:51 2013 -0500;1385431191;-;-;Mon Nov 25 21:50:47 2013 -0500;1385434247
a5d87fffd9a5da86e8e35bd1af5e03b73b6efb1e;a5d87fffd9;-;-;Mon Nov 25 21:22:54 2013 -0500;1385432574;-;-;Mon Nov 25 21:22:54 2013 -0500;1385432574
412f74f679862cd2acc2f1794adcfee2c08b0d3f;412f74f679;-;-;Mon Nov 25 20:17:14 2013 -0500;1385428634;-;-;Mon Nov 25 20:17:14 2013 -0500;1385428634
1e6f2e79b9e0162f8a111acbe7f2876d0d8eeebe;1e6f2e79b9;-;-;Tue Nov 26 01:41:54 2013 +0100;1385426514;-;-;Tue Nov 26 01:41:54 2013 +0100;1385426514
1ee816b473998b3cbdcd5b4c356b715f78e9adf2;1ee816b473;-;-;Tue Nov 26 01:40:34 2013 +0100;1385426434;-;-;Tue Nov 26 01:40:34 2013 +0100;1385426434
e6952f41b753020c7f6b2e4a131654a590922b39;e6952f41b7;-;-;Mon Nov 25 15:59:28 2013 -0800;1385423968;-;-;Mon Nov 25 15:59:28 2013 -0800;1385423968
4e82416ba97abc804bd805dc4e9e10f5b3c685e7;4e82416ba9;-;-;Mon Nov 25 18:02:35 2013 -0500;1385420555;-;-;Mon Nov 25 18:06:01 2013 -0500;1385420761
59002f245623d758765b72d598cd78c326c6f5fa;59002f2456;-;-;Thu Nov 21 18:15:09 2013 -0800;1385086509;-;-;Mon Nov 25 12:52:42 2013 -0800;1385412762
4de3291dc7bd6f425636b8d7ac7480d110349457;4de3291dc7;-;-;Fri Nov 22 13:49:38 2013 -0500;1385146178;-;-;Sat Nov 23 21:09:17 2013 -0500;1385258957
f888b8816f7ff84f4da22d3fe916e87bb1492899;f888b8816f;-;-;Sat Nov 23 00:43:29 2013 +0100;1385163809;-;-;Sat Nov 23 00:43:29 2013 +0100;1385163809
f39bb026282f0654ab5f25eec6b6fdf1f58dcdd1;f39bb02628;-;-;Fri Nov 22 23:29:54 2013 +0100;1385159394;-;-;Fri Nov 22 23:29:54 2013 +0100;1385159394
70164cb145a16a1a1c89fc3841f8426a76f6396e;70164cb145;-;-;Fri Nov 22 23:26:09 2013 +0100;1385159169;-;-;Fri Nov 22 23:26:09 2013 +0100;1385159169
519f78c3f52648d9ffa72ab150684762441bacb1;519f78c3f5;-;-;Fri Nov 22 23:22:20 2013 +0100;1385158940;-;-;Fri Nov 22 23:22:20 2013 +0100;1385158940
009e3627097ad2d781af9878e046a6357b71266b;009e362709;-;-;Fri Nov 22 23:18:47 2013 +0100;1385158727;-;-;Fri Nov 22 23:18:47 2013 +0100;1385158727
ad402dcb4a374628c980ca593203882a6c97c27d;ad402dcb4a;-;-;Fri Nov 22 16:37:48 2013 +0100;1385134668;-;-;Fri Nov 22 16:37:48 2013 +0100;1385134668
44c5eaeaa3f3bc2c45f4592a4551ec054bf4697b;44c5eaeaa3;-;-;Fri Nov 22 16:17:20 2013 +0100;1385133440;-;-;Fri Nov 22 16:17:20 2013 +0100;1385133440
a613126be0b6cb8d05efeaa9b3e4a4c56d7e6646;a613126be0;-;-;Fri Nov 22 14:39:51 2013 +0100;1385127591;-;-;Fri Nov 22 14:39:51 2013 +0100;1385127591
665251fa2f87945488fdcfea3365e59af44a08a8;665251fa2f;-;-;Fri Nov 22 12:55:12 2013 +0100;1385121312;-;-;Fri Nov 22 12:55:12 2013 +0100;1385121312
127bc07cdaa2434b6fa4c8227faaa5fdcb9a9647;127bc07cda;-;-;Fri Nov 22 12:49:25 2013 +0100;1385120965;-;-;Fri Nov 22 12:49:25 2013 +0100;1385120965
f3504b2fd5cf61a91cd9055d9401c87a9144c51b;f3504b2fd5;-;-;Thu Nov 21 15:53:22 2013 -0800;1385078002;-;-;Thu Nov 21 15:53:22 2013 -0800;1385078002
d9c447046182ce6a107f9d44f79090b11d42a68a;d9c4470461;-;-;Thu Nov 21 15:48:17 2013 -0800;1385077697;-;-;Thu Nov 21 15:48:17 2013 -0800;1385077697
87e443b429e8f94bab2018147b79aa68ea7a402b;87e443b429;-;-;Thu Nov 21 14:33:13 2013 -0800;1385073193;-;-;Thu Nov 21 14:33:13 2013 -0800;1385073193
a41958435af940ac9d7aefb27d461cda661f9daa;a41958435a;-;-;Thu Nov 21 12:08:40 2013 -0800;1385064520;-;-;Thu Nov 21 12:08:40 2013 -0800;1385064520
7c3cdf82cc3bff05a61595db3bcb0a6cf644e116;7c3cdf82cc;-;-;Thu Nov 21 11:49:43 2013 -0800;1385063383;-;-;Thu Nov 21 11:49:49 2013 -0800;1385063389
3200f3e9a7a92536666945ea437a90fdf6885d2c;3200f3e9a7;-;-;Thu Nov 21 10:53:13 2013 +0100;1385027593;-;-;Thu Nov 21 10:53:57 2013 +0100;1385027637
cfe7a525e276f75e9affa34d68a9a9d8aa79fdea;cfe7a525e2;-;-;Thu Nov 21 10:52:53 2013 +0100;1385027573;-;-;Thu Nov 21 10:52:53 2013 +0100;1385027573
639b2cb12ef7e7ed60ffca68075d9b8859e1c307;639b2cb12e;-;-;Wed Nov 20 22:05:34 2013 -0800;1385013934;-;-;Wed Nov 20 22:05:34 2013 -0800;1385013934
4385da7b84f5e0c39814d71c1c62dca3799437ec;4385da7b84;-;-;Wed Nov 20 21:26:17 2013 -0800;1385011577;-;-;Wed Nov 20 21:26:17 2013 -0800;1385011577
02f7803860ac2cdb3a67625d33b3ae8008a169bf;02f7803860;-;-;Wed Nov 20 13:14:57 2013 -0800;1384982097;-;-;Wed Nov 20 13:14:57 2013 -0800;1384982097
5c7eaaa9699ed4cc2ec5c1296ee5bb7d04a637ee;5c7eaaa969;-;-;Wed Nov 20 13:12:30 2013 -0800;1384981950;-;-;Wed Nov 20 13:13:27 2013 -0800;1384982007
b830d7362df24ed0953009b8172a7d67f7b73fe9;b830d7362d;-;-;Wed Nov 20 21:58:36 2013 +0100;1384981116;-;-;Wed Nov 20 21:58:36 2013 +0100;1384981116
45afd4fbe230bc114e5c41aa1a1ffee6e2000e5a;45afd4fbe2;-;-;Wed Nov 20 20:10:19 2013 +0100;1384974619;-;-;Wed Nov 20 20:10:19 2013 +0100;1384974619
63c143be619c9008b0f600d216dd04777d7629d8;63c143be61;-;-;Wed Nov 20 10:39:33 2013 -0800;1384972773;-;-;Wed Nov 20 10:39:33 2013 -0800;1384972773
41cdbd292a8ff75b7be524e5cc07073671827393;41cdbd292a;-;-;Wed Nov 20 14:52:25 2013 +0100;1384955545;-;-;Wed Nov 20 14:52:25 2013 +0100;1384955545
6a9e116d788f8077602f927d21befa9d7bfd7183;6a9e116d78;-;-;Wed Nov 20 14:50:59 2013 +0100;1384955459;-;-;Wed Nov 20 14:50:59 2013 +0100;1384955459
0de112198efb487d3517f3358323e586a2444af9;0de112198e;-;-;Wed Nov 20 14:50:32 2013 +0100;1384955432;-;-;Wed Nov 20 14:50:32 2013 +0100;1384955432
2ea5360b822c2618586370577cbd4a548c88efac;2ea5360b82;-;-;Tue Nov 19 20:55:12 2013 +0100;1384890912;-;-;Tue Nov 19 17:22:33 2013 -0800;1384910553
cc4faa59902a18e22c9e554b7576883b89c6b36e;cc4faa5990;-;-;Tue Nov 19 20:48:41 2013 +0100;1384890521;-;-;Tue Nov 19 17:13:31 2013 -0800;1384910011
6f2004f4f8fcaaa2b712901753d660af59d943fe;6f2004f4f8;-;-;Tue Nov 19 08:04:27 2013 -0800;1384877067;-;-;Tue Nov 19 16:50:56 2013 -0800;1384908656
e54fc7bbdcf8643071f0115ba4b16c72af165f74;e54fc7bbdc;-;-;Tue Nov 19 08:02:33 2013 -0800;1384876953;-;-;Tue Nov 19 16:50:46 2013 -0800;1384908646
5d8b008a8b62be9b0c9d442da878ebc8edf8f55c;5d8b008a8b;-;-;Tue Nov 19 07:16:09 2013 -0800;1384874169;-;-;Tue Nov 19 16:39:37 2013 -0800;1384907977
8d4d5af30a38053e0c3cd553a1db834ef02c53e2;8d4d5af30a;-;-;Tue Nov 19 16:27:24 2013 -0800;1384907244;-;-;Tue Nov 19 16:31:04 2013 -0800;1384907464
8dd5e6da469b5a5f7a8db2c9745482f13d0564f5;8dd5e6da46;-;-;Tue Nov 19 16:24:42 2013 -0800;1384907082;-;-;Tue Nov 19 16:24:42 2013 -0800;1384907082
a7251041f1a71f780ecc39ec9da27c49db90ffa2;a7251041f1;-;-;Mon Nov 18 20:20:23 2013 -0800;1384834823;-;-;Mon Nov 18 20:20:23 2013 -0800;1384834823
99cf06bfc93b4a0f4840bbcdbe62c9ba2e966d52;99cf06bfc9;-;-;Mon Nov 18 20:17:54 2013 -0800;1384834674;-;-;Mon Nov 18 20:17:54 2013 -0800;1384834674
13bef4fd2d3b0b307b6498a84302fdce8ecb9eb2;13bef4fd2d;-;-;Mon Nov 18 20:14:24 2013 -0800;1384834464;-;-;Mon Nov 18 20:14:24 2013 -0800;1384834464
8e60bbc3ee97b58532a5c984d825fec1817dfd13;8e60bbc3ee;-;-;Mon Nov 18 20:11:49 2013 -0800;1384834309;-;-;Mon Nov 18 20:11:49 2013 -0800;1384834309
7d7f0063f8dba97917b890ff3d8755192e5c69dd;7d7f0063f8;-;-;Mon Nov 18 20:02:31 2013 -0800;1384833751;-;-;Mon Nov 18 20:08:41 2013 -0800;1384834121
cb858a3b01ec071366a9fa40fa680f4712619a9b;cb858a3b01;-;-;Mon Nov 18 10:10:54 2013 -0800;1384798254;-;-;Mon Nov 18 10:12:19 2013 -0800;1384798339
ea08d4b49c06f0c5291f0779267be11255861938;ea08d4b49c;-;-;Mon Nov 18 10:10:07 2013 -0800;1384798207;-;-;Mon Nov 18 10:12:19 2013 -0800;1384798339
4b0de692466e4f2b7e9cc30faa9852f79b33263c;4b0de69246;-;-;Mon Nov 18 09:53:20 2013 -0800;1384797200;-;-;Mon Nov 18 10:11:49 2013 -0800;1384798309
dfa7483812df219440e3e7c8a58e0421e55924e6;dfa7483812;-;-;Thu Nov 7 20:29:45 2013 -0500;1383874185;-;-;Mon Nov 18 09:33:48 2013 -0800;1384796028
e910326bf72ce8dd1d3fcc4bdfab27147c81df54;e910326bf7;-;-;Sun Nov 17 14:59:47 2013 +0000;1384700387;-;-;Sun Nov 17 14:59:47 2013 +0000;1384700387
35b9b8400beb25d9f2de4225e5a40489427043a5;35b9b8400b;-;-;Fri Nov 15 16:32:52 2013 +0000;1384533172;-;-;Fri Nov 15 16:34:27 2013 +0000;1384533267
2597cd2339fbc12f3495451f37de0a06baede861;2597cd2339;-;-;Fri Nov 15 16:48:34 2013 +0100;1384530514;-;-;Fri Nov 15 16:48:34 2013 +0100;1384530514
54571bf0384cbcf5fb69715caaefd5730fce5d00;54571bf038;-;-;Fri Nov 15 16:04:11 2013 +0100;1384527851;-;-;Fri Nov 15 16:04:11 2013 +0100;1384527851
b43901ed860b6654531944393e351fce478cb310;b43901ed86;-;-;Fri Nov 15 12:07:42 2013 +0100;1384513662;-;-;Fri Nov 15 12:07:42 2013 +0100;1384513662
ddebda1121c37caf1bcebd76671754802ed2c331;ddebda1121;-;-;Fri Nov 15 11:50:01 2013 +0100;1384512601;-;-;Fri Nov 15 11:50:01 2013 +0100;1384512601
6802f813dea1759283e8bc4f0ea81961c342c929;6802f813de;-;-;Wed Nov 13 13:44:07 2013 -0500;1384368247;-;-;Wed Nov 13 13:45:56 2013 -0500;1384368356
e84885c65508a6182dd8ed204afebe45503898cf;e84885c655;-;-;Wed Nov 13 10:36:59 2013 +0000;1384339019;-;-;Wed Nov 13 13:45:12 2013 -0500;1384368312
9600bf07c79780c6eed03b6a61e0648fbc1a57b4;9600bf07c7;-;-;Tue Nov 12 16:44:11 2013 -0500;1384292651;-;-;Tue Nov 12 16:44:11 2013 -0500;1384292651
df5d22e1203eb342afd2668aead549a0c816515f;df5d22e120;-;-;Tue Nov 12 16:34:25 2013 -0500;1384292065;-;-;Tue Nov 12 16:34:25 2013 -0500;1384292065
72dec7d0fed80cf74139157690641096de23f41a;72dec7d0fe;-;-;Mon Nov 11 16:58:33 2013 -0500;1384207113;-;-;Mon Nov 11 16:59:36 2013 -0500;1384207176
d67fe1db8693eae899175caf2f936241c3cacf0f;d67fe1db86;-;-;Mon Nov 11 12:09:50 2013 +0100;1384168190;-;-;Mon Nov 11 12:09:50 2013 +0100;1384168190
5915b23e8a347de4488c1a2494cc3111f31431b4;5915b23e8a;-;-;Sun Nov 10 10:46:24 2013 -0500;1384098384;-;-;Sun Nov 10 10:47:35 2013 -0500;1384098455
930d187723c48eaca0a2ff608b8467e6732e56e6;930d187723;-;-;Fri Nov 8 15:53:24 2013 -0800;1383954804;-;-;Fri Nov 8 15:53:24 2013 -0800;1383954804
2a6c1f75e7f9601d736dfebe5823e7070edf1db5;2a6c1f75e7;-;-;Thu Nov 7 22:26:00 2013 -0500;1383881160;-;-;Thu Nov 7 22:28:15 2013 -0500;1383881295
6a18daea332b8695aa7939b6f9851af84afe5a52;6a18daea33;-;-;Thu Nov 7 20:47:03 2013 -0500;1383875223;-;-;Thu Nov 7 22:28:00 2013 -0500;1383881280
0340cc5f03c2d2ece2352d8f04bdc87344d27acc;0340cc5f03;-;-;Thu Nov 7 17:33:13 2013 -0500;1383863593;-;-;Thu Nov 7 17:37:41 2013 -0500;1383863861
c09f85172b5fe8f6b5c4a19fdb0ea2ca795987b2;c09f85172b;-;-;Thu Nov 7 13:18:31 2013 +0100;1383826711;-;-;Thu Nov 7 13:18:31 2013 +0100;1383826711
467c770b4de997b00508f1d8423615a251464e74;467c770b4d;-;-;Mon Nov 4 14:47:22 2013 -0500;1383594442;-;-;Wed Nov 6 08:36:28 2013 -0500;1383744988
b5bd4d8a8a27b014950bb106e2cdfcff7887676f;b5bd4d8a8a;-;-;Tue Nov 5 20:44:17 2013 -0500;1383702257;-;-;Tue Nov 5 20:45:50 2013 -0500;1383702350
e9a24da2253ea23a90f65d52f8dcf2ed3b15afc3;e9a24da225;-;-;Wed Nov 6 00:14:26 2013 +0100;1383693266;-;-;Wed Nov 6 00:14:26 2013 +0100;1383693266
0aedd81ccc3c278931b97faf731afbbdcdec7083;0aedd81ccc;-;-;Wed Nov 6 00:12:52 2013 +0100;1383693172;-;-;Wed Nov 6 00:12:52 2013 +0100;1383693172
dcc6ef262d153f3efdf5c6f27ee68dfcd791a228;dcc6ef262d;-;-;Tue Nov 5 16:49:53 2013 -0600;1383691793;-;-;Tue Nov 5 16:50:06 2013 -0600;1383691806
18b69903ca49bca82b545272589253c5a261d9fc;18b69903ca;-;-;Tue Nov 5 15:30:22 2013 -0500;1383683422;-;-;Tue Nov 5 15:38:55 2013 -0500;1383683935
7bf4324f0fbfd11b483ea7836b5081baf76712bf;7bf4324f0f;-;-;Tue Nov 5 13:52:25 2013 -0600;1383681145;-;-;Tue Nov 5 13:52:25 2013 -0600;1383681145
3476d11fb89588353106a8e9cafa5909093a0113;3476d11fb8;-;-;Tue Nov 5 11:01:30 2013 -0600;1383670890;-;-;Tue Nov 5 11:01:30 2013 -0600;1383670890
2e57cf8bfcdcd7915c9cfbaeed86b84d413cd8a8;2e57cf8bfc;-;-;Tue Nov 5 11:44:13 2013 -0500;1383669853;-;-;Tue Nov 5 11:44:13 2013 -0500;1383669853
0eeb6717e09a81e58ba206fce3176b9b22f23f44;0eeb6717e0;-;-;Tue Nov 5 10:59:05 2013 -0500;1383667145;-;-;Tue Nov 5 10:59:05 2013 -0500;1383667145
c6c55550342e47454468c5c26ae9777cd687fee4;c6c5555034;-;-;Tue Nov 5 10:06:35 2013 -0500;1383663995;-;-;Tue Nov 5 10:06:35 2013 -0500;1383663995
2ae6a6a3415eebc57babcb9d3e5505887eda6d8a;2ae6a6a341;-;-;Tue Nov 5 09:21:57 2013 -0500;1383661317;-;-;Tue Nov 5 09:23:20 2013 -0500;1383661400
c5fcf19535968ed059c404ee7d23c36fd1acd8d7;c5fcf19535;-;-;Tue Nov 5 13:48:21 2013 +0100;1383655701;-;-;Tue Nov 5 13:48:21 2013 +0100;1383655701
4ac680103bf42956763ac79a8b881ba6044aa3f9;4ac680103b;-;-;Tue Nov 5 13:38:10 2013 +0100;1383655090;-;-;Tue Nov 5 13:38:10 2013 +0100;1383655090
8f81a12236343a26200d9ba235512c720b306191;8f81a12236;-;-;Tue Nov 5 01:09:51 2013 +0100;1383610191;-;-;Tue Nov 5 01:09:51 2013 +0100;1383610191
eed1a323d10de122a08db26192dc602f9fb173f8;eed1a323d1;-;-;Mon Nov 4 23:44:47 2013 +0100;1383605087;-;-;Mon Nov 4 23:44:47 2013 +0100;1383605087
935bd25b09143f4987b7d9fb78cefc1df0e61f4b;935bd25b09;-;-;Mon Nov 4 23:34:00 2013 +0100;1383604440;-;-;Mon Nov 4 23:34:00 2013 +0100;1383604440
e146e53d9b0ef70e6b75b0a1a7818c2392a2d5d1;e146e53d9b;-;-;Mon Nov 4 23:14:57 2013 +0100;1383603297;-;-;Mon Nov 4 23:14:57 2013 +0100;1383603297
bedb8e965f4a42a7a1e1826ba408979c2412acce;bedb8e965f;-;-;Mon Nov 4 15:56:48 2013 -0500;1383598608;-;-;Mon Nov 4 15:56:48 2013 -0500;1383598608
6ef9cbe473f0a4b0a4ee057812eb8f314df10ace;6ef9cbe473;-;-;Mon Nov 4 15:56:26 2013 -0500;1383598586;-;-;Mon Nov 4 15:56:26 2013 -0500;1383598586
fd0b6caf9e55dd6eb75986fbd9b2efbd492e9baa;fd0b6caf9e;-;-;Mon Nov 4 11:21:53 2013 -0600;1383585713;-;-;Mon Nov 4 11:49:52 2013 -0600;1383587392
50d3f719232d5c75f5d645cfa5aeb6bf09bdf1a0;50d3f71923;-;-;Mon Nov 4 14:31:41 2013 +0100;1383571901;-;-;Mon Nov 4 14:31:41 2013 +0100;1383571901
b093b8495416cd3f05a32add1c671174341bd595;b093b84954;-;-;Mon Nov 4 00:19:55 2013 +0100;1383520795;-;-;Mon Nov 4 00:19:55 2013 +0100;1383520795
49758a2a96261d827c9f448af7de157116e547fb;49758a2a96;-;-;Sat Nov 2 20:14:02 2013 +0100;1383419642;-;-;Sat Nov 2 20:14:02 2013 +0100;1383419642
00474ceecdd78fedfae3cafe32a5da2e4853074b;00474ceecd;-;-;Fri Nov 1 23:50:09 2013 +0100;1383346209;-;-;Fri Nov 1 23:50:09 2013 +0100;1383346209
13ed4233876b9493a5148d9d767787d324821361;13ed423387;-;-;Fri Nov 1 23:07:50 2013 +0100;1383343670;-;-;Fri Nov 1 23:07:50 2013 +0100;1383343670
44dee37130db1068705ca4f73d283846e9314b1e;44dee37130;-;-;Fri Nov 1 22:43:02 2013 +0100;1383342182;-;-;Fri Nov 1 22:43:02 2013 +0100;1383342182
7ed108e974e0a097a617bff03a2b7aa0ed60d11b;7ed108e974;-;-;Fri Nov 1 22:42:17 2013 +0100;1383342137;-;-;Fri Nov 1 22:42:17 2013 +0100;1383342137
7b2ac6d19438c67024f64b76361b11577ed61cdb;7b2ac6d194;-;-;Fri Nov 1 22:41:31 2013 +0100;1383342091;-;-;Fri Nov 1 22:41:31 2013 +0100;1383342091
1dc7ff86045e051eb4059b25934f6b796287cb9f;1dc7ff8604;-;-;Fri Nov 1 22:38:55 2013 +0100;1383341935;-;-;Fri Nov 1 22:38:55 2013 +0100;1383341935
a32b94f85da6fd7240dc4e8f49e77eac84f10957;a32b94f85d;-;-;Thu Oct 31 12:18:53 2013 -0700;1383247133;-;-;Thu Oct 31 12:18:53 2013 -0700;1383247133
e5c254b081ae10021da6e2ab43ec25e195be7f53;e5c254b081;-;-;Thu Oct 31 11:56:36 2013 -0700;1383245796;-;-;Thu Oct 31 11:56:36 2013 -0700;1383245796
bfa6c2d5a27e4f8095f1047853ff3db5d07656af;bfa6c2d5a2;-;-;Thu Oct 31 11:10:35 2013 -0400;1383232235;-;-;Thu Oct 31 11:10:35 2013 -0400;1383232235
9f3b8a2430a94c3c4672c06f910e334bec58c935;9f3b8a2430;-;-;Thu Oct 31 15:28:20 2013 +0100;1383229700;-;-;Thu Oct 31 15:28:20 2013 +0100;1383229700
84bc4740167c295eb51337fba8b89edfdc0fe989;84bc474016;-;-;Thu Oct 31 14:36:40 2013 +0100;1383226600;-;-;Thu Oct 31 15:26:11 2013 +0100;1383229571
6e418fe43d91d8f8dec426fe9b2370ff6e4ca130;6e418fe43d;-;-;Thu Oct 31 13:40:05 2013 +0100;1383223205;-;-;Thu Oct 31 15:26:10 2013 +0100;1383229570
ec2429909261c7889bd4f447493d8076fe96766a;ec24299092;-;-;Thu Oct 31 13:58:26 2013 +0100;1383224306;-;-;Thu Oct 31 13:58:26 2013 +0100;1383224306
8bb29750bfc0a69aa60647e0cfdbc51f8329e621;8bb29750bf;-;-;Thu Oct 31 13:48:27 2013 +0100;1383223707;-;-;Thu Oct 31 13:48:27 2013 +0100;1383223707
c3afda3992789515c6f5aa38e66ffa86e988ec89;c3afda3992;-;-;Thu Oct 31 13:43:38 2013 +0100;1383223418;-;-;Thu Oct 31 13:43:38 2013 +0100;1383223418
2e6c998168e5537df3451fd3df0c09ae0e82a429;2e6c998168;-;-;Thu Oct 31 11:51:15 2013 +0100;1383216675;-;-;Thu Oct 31 11:51:15 2013 +0100;1383216675
d371886988a12331128ff645537e542f00dd7467;d371886988;-;-;Wed Oct 30 22:38:49 2013 -0700;1383197929;-;-;Wed Oct 30 22:43:29 2013 -0700;1383198209
5d8fac86d749c9ea98eb7eda58655fe5fa3616d0;5d8fac86d7;-;-;Wed Oct 30 22:50:01 2013 -0400;1383187801;-;-;Wed Oct 30 22:54:21 2013 -0400;1383188061
b69ebe70a6378603bbf5299f0f68d355be175a0a;b69ebe70a6;-;-;Thu Oct 31 01:13:58 2013 +0100;1383178438;-;-;Thu Oct 31 01:13:58 2013 +0100;1383178438
3402628a74125dd7f8b8b6ee893af1eb5021b6d1;3402628a74;-;-;Wed Oct 30 22:06:51 2013 +0100;1383167211;-;-;Wed Oct 30 22:06:51 2013 +0100;1383167211
148f8f011d59a969c294ad5f861da91889c88d84;148f8f011d;-;-;Wed Oct 30 22:05:33 2013 +0100;1383167133;-;-;Wed Oct 30 22:05:33 2013 +0100;1383167133
f9584184efedda73016743aa278ea3d1632de9e3;f9584184ef;-;-;Wed Oct 30 22:01:32 2013 +0100;1383166892;-;-;Wed Oct 30 22:02:04 2013 +0100;1383166924
ac7e27b78572ed3e3529d0cf32dc4a89afcf02e5;ac7e27b785;-;-;Wed Oct 30 19:30:18 2013 +0100;1383157818;-;-;Wed Oct 30 19:30:18 2013 +0100;1383157818
9cbac985fbe20df1b0cce399dd238183de9befbc;9cbac985fb;-;-;Wed Oct 30 19:28:08 2013 +0100;1383157688;-;-;Wed Oct 30 19:28:08 2013 +0100;1383157688
e5aef5ee9d10736344be2fd4fa6b07af074eb949;e5aef5ee9d;-;-;Wed Oct 30 10:48:32 2013 -0700;1383155312;-;-;Wed Oct 30 10:50:55 2013 -0700;1383155455
a7af9505dee01340ac225814f9f90252bb7d725e;a7af9505de;-;-;Wed Oct 30 12:39:31 2013 -0400;1383151171;-;-;Wed Oct 30 12:39:31 2013 -0400;1383151171
48b9e9a2034d9bcaa3b5c2bd62c827f1fae6be7b;48b9e9a203;-;-;Wed Oct 30 16:50:21 2013 +0100;1383148221;-;-;Wed Oct 30 16:50:21 2013 +0100;1383148221
4bcfbc3ba3eced91bd833eb2b4d4620c94c611ba;4bcfbc3ba3;-;-;Wed Oct 30 12:38:45 2013 +0100;1383133125;-;-;Wed Oct 30 12:38:45 2013 +0100;1383133125
0fe49629c0ab60cc2a12c767848fec84d1049a90;0fe49629c0;-;-;Wed Oct 30 12:30:13 2013 +0100;1383132613;-;-;Wed Oct 30 12:30:13 2013 +0100;1383132613
eddb12583634db1308a2724ea7c16fdf0d688fa4;eddb125836;-;-;Tue Oct 29 22:29:23 2013 -0400;1383100163;-;-;Tue Oct 29 22:29:23 2013 -0400;1383100163
a640d84961c87bc6bf49f2db3bd1c2ca84b56de5;a640d84961;-;-;Tue Oct 29 21:57:27 2013 -0400;1383098247;-;-;Tue Oct 29 21:57:27 2013 -0400;1383098247
164a9f938ccef29923476a4cf50565d4fa54d528;164a9f938c;-;-;Thu Aug 29 17:12:31 2013 -0400;1377810751;-;-;Tue Oct 29 21:37:49 2013 -0400;1383097069
7d5b34a7c5aefb212897ec943139632303adc254;7d5b34a7c5;-;-;Tue Oct 29 21:37:26 2013 -0400;1383097046;-;-;Tue Oct 29 21:37:26 2013 -0400;1383097046
f669a40bd6c017f3c352f00a4e19fe2f2e63c60b;f669a40bd6;-;-;Wed Oct 30 00:54:29 2013 +0100;1383090869;-;-;Wed Oct 30 00:54:29 2013 +0100;1383090869
bfa30913fbf76e66dee219314d99413da745c5be;bfa30913fb;-;-;Wed Oct 30 00:53:55 2013 +0100;1383090835;-;-;Wed Oct 30 00:53:55 2013 +0100;1383090835
326154270fa6338010a1c047044fc4a9f21e910b;326154270f;-;-;Wed Oct 30 00:53:18 2013 +0100;1383090798;-;-;Wed Oct 30 00:53:18 2013 +0100;1383090798
62157fe38ff23b931e64a883b95739b07dcaef26;62157fe38f;-;-;Wed Oct 30 00:29:21 2013 +0100;1383089361;-;-;Wed Oct 30 00:29:21 2013 +0100;1383089361
7ca09d7e3df0f16457d83a1a1577f9bb5b768605;7ca09d7e3d;-;-;Tue Oct 29 23:44:53 2013 +0100;1383086693;-;-;Tue Oct 29 23:44:53 2013 +0100;1383086693
397d52ad178f2e0ed7bb93ce306c2bde1ca22b05;397d52ad17;-;-;Tue Oct 29 19:26:14 2013 +0100;1383071174;-;-;Tue Oct 29 15:02:25 2013 -0400;1383073345
75e61cc98315949660ab10c0024a3a105992f8f8;75e61cc983;-;-;Tue Oct 29 19:39:41 2013 +0100;1383071981;-;-;Tue Oct 29 19:39:41 2013 +0100;1383071981
bf9ec78c5d19d141311c862d471f7769ad38aa12;bf9ec78c5d;-;-;Tue Oct 29 19:29:23 2013 +0100;1383071363;-;-;Tue Oct 29 19:29:23 2013 +0100;1383071363
4043b1d38140d531f5f97d4f87850f168283c240;4043b1d381;-;-;Tue Oct 29 09:53:25 2013 -0700;1383065605;-;-;Tue Oct 29 09:55:54 2013 -0700;1383065754
558aec294cd57071b61b0e4acf94b63d8e4c17fa;558aec294c;-;-;Tue Oct 29 11:39:59 2013 -0400;1383061199;-;-;Tue Oct 29 11:39:59 2013 -0400;1383061199
c81754fa519e6ce533b82a504929843f447b5f5e;c81754fa51;-;-;Mon Oct 28 22:41:31 2013 -0400;1383014491;-;-;Mon Oct 28 22:41:31 2013 -0400;1383014491
78c10cd242f44680d9536721d34fedd80359a218;78c10cd242;-;-;Mon Oct 28 16:51:20 2013 -0700;1383004280;-;-;Mon Oct 28 16:51:20 2013 -0700;1383004280
64869db9e79e7bc98a47ab16bb8f8a22ece1e726;64869db9e7;-;-;Mon Oct 28 12:05:31 2013 -0500;1382979931;-;-;Mon Oct 28 12:05:31 2013 -0500;1382979931
8c1767e223296fa273a5696bfe4632271ae725e1;8c1767e223;-;-;Mon Oct 28 13:25:45 2013 +0100;1382963145;-;-;Mon Oct 28 13:25:45 2013 +0100;1382963145
180f41c4c5740fe09a4cbf5eca36554d0c1636a6;180f41c4c5;-;-;Mon Oct 28 02:04:24 2013 +0100;1382922264;-;-;Mon Oct 28 02:04:24 2013 +0100;1382922264
f9cadfe6f9d208d5834f09cf480ba4aa3aa660ac;f9cadfe6f9;-;-;Mon Oct 28 01:56:21 2013 +0100;1382921781;-;-;Mon Oct 28 01:56:21 2013 +0100;1382921781
2bd5a535e1e6dbae83b016376ffe114dc5cb1384;2bd5a535e1;-;-;Mon Oct 28 01:41:04 2013 +0100;1382920864;-;-;Mon Oct 28 01:41:04 2013 +0100;1382920864
56dfcd153e1648f8ce023f0becc02cd2c5a8fbcc;56dfcd153e;-;-;Sun Oct 27 23:00:43 2013 +0100;1382911243;-;-;Sun Oct 27 23:17:47 2013 +0100;1382912267
24dfe8ec19e90b4fae1eb47de9cd0fa3b98687fc;24dfe8ec19;-;-;Sun Oct 27 18:00:04 2013 -0400;1382911204;-;-;Sun Oct 27 18:00:16 2013 -0400;1382911216
2c2ed7edd39cf46bdabe46e4d6bbfb8d35bc731d;2c2ed7edd3;-;-;Sun Oct 27 21:26:16 2013 +0100;1382905576;-;-;Sun Oct 27 21:26:16 2013 +0100;1382905576
960ba379ca77110ce2f8cdc3ef66bcd12235b14a;960ba379ca;-;-;Sun Oct 27 21:26:04 2013 +0100;1382905564;-;-;Sun Oct 27 21:26:04 2013 +0100;1382905564
671fad3cb51e764035773d0076cd82b59f03b193;671fad3cb5;-;-;Sun Oct 27 11:02:16 2013 +0100;1382868136;-;-;Sun Oct 27 11:02:16 2013 +0100;1382868136
4cb453bbdc9077b89e216e46b11173edaacd7958;4cb453bbdc;-;-;Sun Oct 27 01:21:55 2013 +0200;1382829715;-;-;Sun Oct 27 01:21:55 2013 +0200;1382829715
a6b0261000225d737a807e0931b18ce4e3cfd78f;a6b0261000;-;-;Sun Oct 27 00:35:36 2013 +0200;1382826936;-;-;Sun Oct 27 00:35:36 2013 +0200;1382826936
88fe2e9b00b68b05c35f2204dbc5783ff04d9bcc;88fe2e9b00;-;-;Sat Oct 26 21:20:12 2013 +0200;1382815212;-;-;Sat Oct 26 21:20:12 2013 +0200;1382815212
2e1c035d42b060b6204c970ffd4526dc4e932c8e;2e1c035d42;-;-;Sat Oct 26 09:19:35 2013 -0700;1382804375;-;-;Sat Oct 26 09:33:40 2013 -0700;1382805220
6cfbcf4f17eb43224cbb1613c0c800a955b40260;6cfbcf4f17;-;-;Sat Oct 26 17:59:51 2013 +0200;1382803191;-;-;Sat Oct 26 17:59:51 2013 +0200;1382803191
231433f5406453069aa125329be042d5e32ddff0;231433f540;-;-;Sat Oct 26 15:18:34 2013 +0200;1382793514;-;-;Sat Oct 26 17:37:11 2013 +0200;1382801831
2d91309fdf59080099d6c56e8ab6bbc2212512ca;2d91309fdf;-;-;Sat Oct 26 15:14:31 2013 +0200;1382793271;-;-;Sat Oct 26 17:36:50 2013 +0200;1382801810
b32451ac9f67f200d3f38666c8a9986aa5430086;b32451ac9f;-;-;Sat Oct 26 15:18:34 2013 +0200;1382793514;-;-;Sat Oct 26 15:18:34 2013 +0200;1382793514
614387fe0e45dfeeab735ee1e21aed0bdc46823e;614387fe0e;-;-;Sat Oct 26 15:14:31 2013 +0200;1382793271;-;-;Sat Oct 26 15:14:31 2013 +0200;1382793271
109faaced8f4a17635b3c465ddeeeb2409add155;109faaced8;-;-;Sat Oct 26 14:05:37 2013 +0200;1382789137;-;-;Sat Oct 26 14:05:37 2013 +0200;1382789137
4675bc4e0ca0176b9f1a774e6b030ffe6d861c2c;4675bc4e0c;-;-;Sat Oct 26 14:03:11 2013 +0200;1382788991;-;-;Sat Oct 26 14:03:11 2013 +0200;1382788991
14b9931ee30e309c32b0e5949611f1516e8bd6f4;14b9931ee3;-;-;Fri Oct 25 23:25:13 2013 -0400;1382757913;-;-;Fri Oct 25 23:25:13 2013 -0400;1382757913
cf5db8362b3b95e2555e4e1600e3c6919e952f01;cf5db8362b;-;-;Fri Oct 25 22:25:06 2013 -0400;1382754306;-;-;Fri Oct 25 22:29:38 2013 -0400;1382754578
e7f89f87c14bb65a83518508a791dc68e681ddd4;e7f89f87c1;-;-;Fri Oct 25 18:25:43 2013 -0700;1382750743;-;-;Fri Oct 25 18:25:43 2013 -0700;1382750743
e80b7d1e2206bfcca0592d6cf2e33c8fc608a0a8;e80b7d1e22;-;-;Wed Oct 23 14:25:24 2013 -0700;1382563524;-;-;Fri Oct 25 18:14:41 2013 -0700;1382750081
014d156f5b7e732ff393b7a21bc98d5ae33d322c;014d156f5b;-;-;Fri Oct 25 17:48:31 2013 -0700;1382748511;-;-;Fri Oct 25 17:55:02 2013 -0700;1382748902
1a3ba79071a4e0898ec8d8807ea584ef00bdc3d7;1a3ba79071;-;-;Fri Oct 25 17:23:36 2013 -0700;1382747016;-;-;Fri Oct 25 17:26:57 2013 -0700;1382747217
393cfcff40b499e35eece43682b8ec596d45b780;393cfcff40;-;-;Sat Oct 26 02:20:39 2013 +0200;1382746839;-;-;Sat Oct 26 02:21:38 2013 +0200;1382746898
166b7a906e23772215cdc24ba8d4fce4f45be0fe;166b7a906e;-;-;Sat Oct 26 02:07:27 2013 +0200;1382746047;-;-;Sat Oct 26 02:21:37 2013 +0200;1382746897
6d80da2e3129044df2294e5c3e7fb137b9286e6a;6d80da2e31;-;-;Sat Oct 26 01:27:49 2013 +0200;1382743669;-;-;Sat Oct 26 02:21:36 2013 +0200;1382746896
dfb29f4296cb77e6b09511547ced382f62c0c78f;dfb29f4296;-;-;Sat Oct 26 01:17:32 2013 +0200;1382743052;-;-;Sat Oct 26 02:21:35 2013 +0200;1382746895
12e896ed8b19b3e7c5423a4727ec347004aaa90b;12e896ed8b;-;-;Fri Oct 25 11:43:13 2013 -0700;1382726593;-;-;Fri Oct 25 16:42:47 2013 -0700;1382744567
8bd480441e25ad7cda5b424a7382746017c18543;8bd480441e;-;-;Sat Oct 26 00:02:55 2013 +0200;1382738575;-;-;Sat Oct 26 00:02:55 2013 +0200;1382738575
4aab31531b66b6dd3c7e4f1e859d0ee95d4d39e3;4aab31531b;-;-;Sat Oct 26 00:01:31 2013 +0200;1382738491;-;-;Sat Oct 26 00:01:31 2013 +0200;1382738491
085176673876afc9282af0a8f4f94ee6a36e9e4e;0851766738;-;-;Fri Oct 25 17:52:38 2013 +0200;1382716358;-;-;Fri Oct 25 17:52:38 2013 +0200;1382716358
02f9b713b08b5f6d645c4946c8bde44dcd4d11c6;02f9b713b0;-;-;Fri Oct 25 17:51:23 2013 +0200;1382716283;-;-;Fri Oct 25 17:51:23 2013 +0200;1382716283
401056b520a52d52550bfabf9d91235b28bba0c3;401056b520;-;-;Fri Oct 25 13:30:16 2013 +0200;1382700616;-;-;Fri Oct 25 13:30:16 2013 +0200;1382700616
833d76ba5e9637855343dd8ebfb87a44439ce7c4;833d76ba5e;-;-;Fri Oct 25 13:29:20 2013 +0200;1382700560;-;-;Fri Oct 25 13:29:20 2013 +0200;1382700560
b8809daf5fb6d0608334c2fcbfd3091d5122263a;b8809daf5f;-;-;Thu Oct 24 21:50:49 2013 -0400;1382665849;-;-;Thu Oct 24 21:50:49 2013 -0400;1382665849
4892a270165a6baaadc9ff96e569c824e3c3b856;4892a27016;-;-;Wed Oct 23 16:26:28 2013 -0400;1382559988;-;-;Wed Oct 23 16:26:28 2013 -0400;1382559988
bfa6645c7d8e401ae2d1ea2587dbdd0eaa943265;bfa6645c7d;-;-;Wed Oct 23 13:24:25 2013 -0400;1382549065;-;-;Wed Oct 23 13:24:25 2013 -0400;1382549065
2d78a066fb2d1172c301b109791d4027dbef8773;2d78a066fb;-;-;Wed Oct 23 11:55:43 2013 -0400;1382543743;-;-;Wed Oct 23 11:55:43 2013 -0400;1382543743
f3ca3c108ccd4d9cf680a5a4b886d603f1f5549d;f3ca3c108c;-;-;Tue Oct 22 22:32:49 2013 -0400;1382495569;-;-;Tue Oct 22 22:34:41 2013 -0400;1382495681
6b0a62569bfb5c8e20746eead6723a3ea23e443f;6b0a62569b;-;-;Tue Oct 22 22:38:32 2013 +0200;1382474312;-;-;Tue Oct 22 22:38:32 2013 +0200;1382474312
e95bd9e25086bf1dad37f8d08293c948621faf6b;e95bd9e250;-;-;Tue Oct 22 11:10:20 2013 -0700;1382465420;-;-;Tue Oct 22 11:15:50 2013 -0700;1382465750
8917821e9588682babc5bd4615e6f0c121ae464b;8917821e95;-;-;Mon Oct 21 16:29:01 2013 -0400;1382387341;-;-;Mon Oct 21 16:29:01 2013 -0400;1382387341
bafc73f1477330ef1bdb292608deea6e06ef2bed;bafc73f147;-;-;Sun Oct 20 10:01:54 2013 -0400;1382277714;-;-;Mon Oct 21 16:26:08 2013 -0400;1382387168
4fd27b12fceaadec5181a641439ac246fa7f7756;4fd27b12fc;-;-;Fri Aug 2 19:19:48 2013 +0200;1375463988;-;-;Mon Oct 21 16:26:07 2013 -0400;1382387167
92a48b72d77e4a377cfe31316fcbd5249ee4b34d;92a48b72d7;-;-;Fri Oct 18 15:53:25 2013 -0400;1382126005;-;-;Mon Oct 21 16:26:07 2013 -0400;1382387167
e3d3d8cd9569ceb5db3dd00d8104a979c7dfe82d;e3d3d8cd95;-;-;Mon Oct 21 12:59:00 2013 -0700;1382385540;-;-;Mon Oct 21 13:11:19 2013 -0700;1382386279
b0ff834ee365d054bc198bb67c87a39aa75c83ce;b0ff834ee3;-;-;Mon Oct 21 11:55:16 2013 -0700;1382381716;-;-;Mon Oct 21 11:59:46 2013 -0700;1382381986
6d882b149d0b32bab116a49ac5486abeb819f4f1;6d882b149d;-;-;Mon Oct 21 10:54:49 2013 -0700;1382378089;-;-;Mon Oct 21 11:02:09 2013 -0700;1382378529
7658d856cac027ae367f04833bee6c43c62b5534;7658d856ca;-;-;Mon Oct 21 19:33:04 2013 +0200;1382376784;-;-;Mon Oct 21 19:33:04 2013 +0200;1382376784
686cd79bdd9f18a7c88ad09719f120315456f01f;686cd79bdd;-;-;Fri Oct 18 17:52:31 2013 -0700;1382143951;-;-;Fri Oct 18 17:52:31 2013 -0700;1382143951
c9aace4da215330c1aa552fa1dcdd79748249774;c9aace4da2;-;-;Fri Oct 18 17:19:41 2013 -0700;1382141981;-;-;Fri Oct 18 17:19:41 2013 -0700;1382141981
b25e91a550beaf428a6e696959b717341a04f27d;b25e91a550;-;-;Fri Oct 18 16:20:57 2013 -0700;1382138457;-;-;Fri Oct 18 16:20:57 2013 -0700;1382138457
59fcf5014feac51687cad6222166356bda309147;59fcf5014f;-;-;Fri Oct 18 16:19:33 2013 -0700;1382138373;-;-;Fri Oct 18 16:19:33 2013 -0700;1382138373
d2eff4ead6f1420981e486b8223e96df6f61a425;d2eff4ead6;-;-;Fri Oct 18 15:28:59 2013 -0400;1382124539;-;-;Fri Oct 18 15:28:59 2013 -0400;1382124539
61d13547e13d141f2f12c17e9ffd0a6f742ad72a;61d13547e1;-;-;Fri Oct 18 15:15:24 2013 -0400;1382123724;-;-;Fri Oct 18 15:15:24 2013 -0400;1382123724
715a11ce8c46436efb73fbfa53132d1ffc4890de;715a11ce8c;-;-;Fri Oct 18 15:08:13 2013 -0400;1382123293;-;-;Fri Oct 18 15:10:34 2013 -0400;1382123434
fb586da67364529854971e2f876a5e877c450847;fb586da673;-;-;Wed Oct 16 16:13:01 2013 +0200;1381932781;-;-;Fri Oct 18 15:10:34 2013 -0400;1382123434
efa86e80d8be934519de189cecaaba9f05c6ebbc;efa86e80d8;-;-;Thu Oct 17 14:28:44 2013 +0200;1382012924;-;-;Fri Oct 18 15:10:15 2013 -0400;1382123415
79048e18be0570c2744bed2a0c31626b7cb267f0;79048e18be;-;-;Fri Oct 18 10:56:04 2013 -0700;1382118964;-;-;Fri Oct 18 10:58:05 2013 -0700;1382119085
cfb66252eb4e07d9873f0328b5e52aad3a85e20a;cfb66252eb;-;-;Fri Oct 18 12:26:34 2013 -0400;1382113594;-;-;Fri Oct 18 12:26:34 2013 -0400;1382113594
be4e5d2841606120f3bf708caa9b411b17ef0a0f;be4e5d2841;-;-;Fri Oct 18 11:33:42 2013 -0400;1382110422;-;-;Fri Oct 18 11:33:59 2013 -0400;1382110439
a53233b351ad4b7af0c0bea029c4976eff8a89da;a53233b351;-;-;Thu Oct 17 22:23:03 2013 -0400;1382062983;-;-;Thu Oct 17 22:23:03 2013 -0400;1382062983
29934d7c0249e54897cb06c1d779dcaec4d6f4ee;29934d7c02;-;-;Thu Oct 17 22:12:06 2013 -0400;1382062326;-;-;Thu Oct 17 22:16:15 2013 -0400;1382062575
a172b32d4cd46c56fc0aaaa6c7e5fa15d95e65ce;a172b32d4c;-;-;Tue Oct 15 16:56:30 2013 -0400;1381870590;-;-;Thu Oct 17 22:16:14 2013 -0400;1382062574
17aea892f0d5c0d256cd71f2282f55db1f4da0b7;17aea892f0;-;-;Tue Oct 15 10:55:01 2013 -0400;1381848901;-;-;Thu Oct 17 22:16:14 2013 -0400;1382062574
4e3390ae04f0e553fc03117ed20c813004006cb6;4e3390ae04;-;-;Tue Oct 15 10:41:54 2013 -0400;1381848114;-;-;Thu Oct 17 22:15:59 2013 -0400;1382062559
57a36f3f56852ac27ace62c1390ddc31bace17ac;57a36f3f56;-;-;Thu Oct 17 13:10:03 2013 -0700;1382040603;-;-;Thu Oct 17 13:48:02 2013 -0700;1382042882
f29092db23422d34fba067cf3cf9c72412b96b04;f29092db23;-;-;Thu Oct 17 13:06:54 2013 -0700;1382040414;-;-;Thu Oct 17 13:48:02 2013 -0700;1382042882
f4a66a43266bb758e830e5d59f63d730c2eeda5a;f4a66a4326;-;-;Thu Oct 17 13:46:32 2013 -0700;1382042792;-;-;Thu Oct 17 13:46:32 2013 -0700;1382042792
bb2802208b85553688b2c7f9244f9af6b7e0ab82;bb2802208b;-;-;Thu Oct 17 19:35:21 2013 +0200;1382031321;-;-;Thu Oct 17 19:35:21 2013 +0200;1382031321
8d6406bbae5acc83be5fd801ffe52072c4397bf7;8d6406bbae;-;-;Thu Oct 17 19:24:08 2013 +0200;1382030648;-;-;Thu Oct 17 19:24:08 2013 +0200;1382030648
bb8cf277fba332deddb65a6ef0dff1bf9d6ced75;bb8cf277fb;-;-;Thu Oct 17 19:23:51 2013 +0200;1382030631;-;-;Thu Oct 17 19:23:51 2013 +0200;1382030631
3337fd32cba66aee549e4dddae61b86fe80832e3;3337fd32cb;-;-;Wed Oct 16 23:17:22 2013 -0700;1381990642;-;-;Wed Oct 16 23:45:51 2013 -0700;1381992351
7ffd05a8e37ba9154fc37611505a725812d80d09;7ffd05a8e3;-;-;Wed Oct 16 18:10:47 2013 +0200;1381939847;-;-;Wed Oct 16 18:10:47 2013 +0200;1381939847
d87838fc6d0923659465ca5b75d8e0ba628afb77;d87838fc6d;-;-;Wed Oct 16 01:50:59 2013 +0200;1381881059;-;-;Wed Oct 16 01:51:49 2013 +0200;1381881109
187b681b9e06a3b1bc59299e7dd17996ab17f7a5;187b681b9e;-;-;Tue Oct 15 15:03:44 2013 +0200;1381842224;-;-;Wed Oct 16 01:51:48 2013 +0200;1381881108
c38bde259a3a19558e7b58cd55a877009e83545b;c38bde259a;-;-;Tue Oct 15 15:02:17 2013 +0200;1381842137;-;-;Wed Oct 16 01:51:48 2013 +0200;1381881108
9bfbe36b1c000f5ffa6c5c2941259e43ec38af01;9bfbe36b1c;-;-;Tue Oct 15 15:01:39 2013 +0200;1381842099;-;-;Wed Oct 16 01:51:47 2013 +0200;1381881107
190bf247a30a2f13ead89383e5e0476584652dd1;190bf247a3;-;-;Tue Oct 15 09:44:13 2013 -0400;1381844653;-;-;Tue Oct 15 09:49:54 2013 -0400;1381844994
079bebcfb519dabcd975ccc91a7bba6812ca5257;079bebcfb5;-;-;Tue Oct 15 15:24:25 2013 +0200;1381843465;-;-;Tue Oct 15 15:24:25 2013 +0200;1381843465
8fdc7d4e8f730b37544ab3560c0f43716ac7a379;8fdc7d4e8f;-;-;Tue Oct 15 15:21:47 2013 +0200;1381843307;-;-;Tue Oct 15 15:21:47 2013 +0200;1381843307
e86e182d5d9dd871533be82a6b19eb349aa60aa1;e86e182d5d;-;-;Tue Oct 15 15:09:05 2013 +0200;1381842545;-;-;Tue Oct 15 15:09:05 2013 +0200;1381842545
bcfbd862c73db17d7bd8dfe5b669d1a8fc17bcbf;bcfbd862c7;-;-;Mon Oct 14 22:16:13 2013 -0400;1381803373;-;-;Mon Oct 14 22:16:13 2013 -0400;1381803373
70dfec269b2ea249b2abf3cf252774a6fd578b39;70dfec269b;-;-;Mon Oct 14 21:55:13 2013 -0400;1381802113;-;-;Mon Oct 14 21:55:13 2013 -0400;1381802113
57d127b55aa682137bf6bc446334cb6d7545dbcc;57d127b55a;-;-;Mon Oct 14 21:37:44 2013 -0400;1381801064;-;-;Mon Oct 14 21:37:44 2013 -0400;1381801064
7c3749769a8d136eee5e3b01e156b9a5eac3ec49;7c3749769a;-;-;Mon Oct 14 16:35:16 2013 -0400;1381782916;-;-;Mon Oct 14 21:06:53 2013 -0400;1381799213
cf7889e226519bec62345affa7c401b0abbebecc;cf7889e226;-;-;Mon Oct 14 14:47:44 2013 -0400;1381776464;-;-;Mon Oct 14 21:06:53 2013 -0400;1381799213
3bd6dfe04764c5fc1756106f646cc5b2e5768edc;3bd6dfe047;-;-;Tue Oct 15 00:11:23 2013 +0200;1381788683;-;-;Tue Oct 15 00:11:23 2013 +0200;1381788683
74794190a53a096cc1eca99202e5e9f9a70f0503;74794190a5;-;-;Mon Oct 14 23:52:31 2013 +0200;1381787551;-;-;Mon Oct 14 23:52:31 2013 +0200;1381787551
8b1927f3ec0245130fe64719beae55c4e349c70d;8b1927f3ec;-;-;Mon Oct 14 23:34:52 2013 +0200;1381786492;-;-;Mon Oct 14 23:50:04 2013 +0200;1381787404
41f041e6aef8fb68e0df4b226adac58a3b542e24;41f041e6ae;-;-;Mon Oct 14 23:31:53 2013 +0200;1381786313;-;-;Mon Oct 14 23:31:53 2013 +0200;1381786313
7a9d58375ff3545c1212bc2325c6874e459c5310;7a9d58375f;-;-;Mon Oct 14 23:24:25 2013 +0200;1381785865;-;-;Mon Oct 14 23:24:25 2013 +0200;1381785865
977c8c71378ec176fd5723b2c5547b79ee462b3c;977c8c7137;-;-;Mon Oct 14 17:57:16 2013 +0200;1381766236;-;-;Mon Oct 14 17:57:16 2013 +0200;1381766236
5de51980053445a29f84e78897ceb454a56c9931;5de5198005;-;-;Wed Oct 9 14:46:46 2013 +0200;1381322806;-;-;Mon Oct 14 10:21:09 2013 +0200;1381738869
8ae88c20d1e8808d852e37908da2a5fc6b5e077a;8ae88c20d1;-;-;Sun Oct 13 11:04:22 2013 -0400;1381676662;-;-;Sun Oct 13 11:13:16 2013 -0400;1381677196
ca9df4d2ef47691953d128d556b978e1cbb334db;ca9df4d2ef;-;-;Fri Oct 11 14:47:58 2013 -0700;1381528078;-;-;Fri Oct 11 14:47:58 2013 -0700;1381528078
2c6282055c55a382ccee3c05068d7096541f278b;2c6282055c;-;-;Fri Oct 11 09:34:59 2013 -0700;1381509299;-;-;Fri Oct 11 09:34:59 2013 -0700;1381509299
823dbdf232dbd5d88391f88c6e390ce51a3852aa;823dbdf232;-;-;Fri Oct 11 09:29:59 2013 -0700;1381508999;-;-;Fri Oct 11 09:29:59 2013 -0700;1381508999
7d3b6497b5e95eaa212cf2dd985d6a7e686e2940;7d3b6497b5;-;-;Thu Oct 10 17:17:08 2013 -0400;1381439828;-;-;Thu Oct 10 17:25:18 2013 -0400;1381440318
ee8f1aa61a4c9aad2ea09ce24aa4f247b3c17dfc;ee8f1aa61a;-;-;Thu Oct 10 11:57:39 2013 -0700;1381431459;-;-;Thu Oct 10 11:58:21 2013 -0700;1381431501
5358cc0f5f412b541bdb7e8b89374d924eb12fa4;5358cc0f5f;-;-;Thu Oct 10 09:22:22 2013 -0700;1381422142;-;-;Thu Oct 10 09:22:22 2013 -0700;1381422142
501a1cbb5d35609dcd97a5ce44ac60739173e479;501a1cbb5d;-;-;Wed Oct 9 18:52:21 2013 -0700;1381369941;-;-;Thu Oct 10 00:19:51 2013 -0700;1381389591
fdf0ef40c0735e2b5b48330e29f4d8914c838e3b;fdf0ef40c0;-;-;Wed Oct 9 18:42:30 2013 -0700;1381369350;-;-;Thu Oct 10 00:19:51 2013 -0700;1381389591
595efe9aab884bab233c61278f00ef325446d268;595efe9aab;-;-;Wed Oct 9 18:49:35 2013 -0700;1381369775;-;-;Thu Oct 10 00:19:51 2013 -0700;1381389591
6a18b0048ddbe9e65f6270946c1c17c6fdc66539;6a18b0048d;-;-;Wed Oct 9 18:41:22 2013 -0700;1381369282;-;-;Thu Oct 10 00:19:50 2013 -0700;1381389590
449d91a06ceca6a85f3eb4f467274eee44a065d1;449d91a06c;-;-;Tue Oct 8 15:59:22 2013 -0400;1381262362;-;-;Tue Oct 8 15:59:22 2013 -0400;1381262362
4ca7d89a9222f4e8d0dd4bd32425b33da1358563;4ca7d89a92;-;-;Mon Oct 7 21:22:08 2013 -0400;1381195328;-;-;Mon Oct 7 21:29:48 2013 -0400;1381195788
4bf5a0234c6c5c5d6591eb0fa52db3bf09573d9f;4bf5a0234c;-;-;Fri Oct 4 17:12:39 2013 +0200;1380899559;-;-;Mon Oct 7 14:50:17 2013 -0400;1381171817
e4479c86692accdcf4455654485f11745718f168;e4479c8669;-;-;Fri Oct 4 15:18:48 2013 +0200;1380892728;-;-;Mon Oct 7 14:43:06 2013 -0400;1381171386
824cb9f8cdb9278daf48c1fa39d7a9a6d3fa8da7;824cb9f8cd;-;-;Mon Oct 7 09:26:26 2013 -0400;1381152386;-;-;Mon Oct 7 09:27:04 2013 -0400;1381152424
4574528a279c2689dec5992240a8968c8ddd806a;4574528a27;-;-;Fri Oct 4 23:14:08 2013 +0200;1380921248;-;-;Fri Oct 4 23:14:08 2013 +0200;1380921248
52cca48f40abcd187f81fae90b010d75cdce1654;52cca48f40;-;-;Fri Oct 4 22:53:49 2013 +0200;1380920029;-;-;Fri Oct 4 22:53:49 2013 +0200;1380920029
8b3afda6f4938b3c389f74d0d062d2b7a0bba059;8b3afda6f4;-;-;Fri Oct 4 22:52:47 2013 +0200;1380919967;-;-;Fri Oct 4 22:52:47 2013 +0200;1380919967
bd4c64af04935a41f883fb7c858450e650af2b8c;bd4c64af04;-;-;Fri Oct 4 22:52:14 2013 +0200;1380919934;-;-;Fri Oct 4 22:52:14 2013 +0200;1380919934
3fad0fa4320b29129326e3bb50519b4360471776;3fad0fa432;-;-;Fri Sep 27 15:56:11 2013 +0200;1380290171;-;-;Thu Oct 3 14:51:27 2013 +0200;1380804687
888e3c7e534d70a78a6ae9231aa5e1d3e2f1f637;888e3c7e53;-;-;Thu Sep 26 21:48:50 2013 +0200;1380224930;-;-;Thu Oct 3 14:51:26 2013 +0200;1380804686
52d663e596b7138949aedc3956438ce0bb36e6dd;52d663e596;-;-;Wed Oct 2 17:47:31 2013 -0400;1380750451;-;-;Wed Oct 2 17:47:31 2013 -0400;1380750451
a5e39167246c505c11ffd9958a758e49c85b41d6;a5e3916724;-;-;Wed Oct 2 15:43:42 2013 +0200;1380721422;-;-;Wed Oct 2 17:23:55 2013 -0400;1380749035
e91ce23cd04569321093d9a122be2c7460437ebf;e91ce23cd0;-;-;Wed Oct 2 11:27:56 2013 +0200;1380706076;-;-;Wed Oct 2 17:19:44 2013 -0400;1380748784
41e411a8a5570d1077f90a8e688e43e851bc11c2;41e411a8a5;-;-;Wed Oct 2 11:30:18 2013 +0100;1380709818;-;-;Wed Oct 2 16:30:53 2013 -0400;1380745853
a7f735b50a21a61fd6e71123620b0f77c3624ebb;a7f735b50a;-;-;Wed Oct 2 15:13:27 2013 +0100;1380723207;-;-;Wed Oct 2 16:29:43 2013 -0400;1380745783
ba11af7f117578617c199a6f1d489c3a21699728;ba11af7f11;-;-;Tue Oct 1 11:29:09 2013 +0100;1380623349;-;-;Tue Oct 1 21:04:26 2013 -0400;1380675866
c01f45fa59db126e928affccad596eca45c8c202;c01f45fa59;-;-;Tue Oct 1 14:56:21 2013 -0400;1380653781;-;-;Tue Oct 1 14:56:21 2013 -0400;1380653781
f8e1f06d08d0401eb44ef832122235300b1b8fac;f8e1f06d08;-;-;Tue Oct 1 14:43:38 2013 -0400;1380653018;-;-;Tue Oct 1 14:43:38 2013 -0400;1380653018
02cb86659d13d41c1f7d9b7e8866284f26616a02;02cb86659d;-;-;Mon Sep 30 21:46:19 2013 -0400;1380591979;-;-;Mon Sep 30 21:46:19 2013 -0400;1380591979
e60e8dc582b96f166bc2e81b8319674227b724cf;e60e8dc582;-;-;Mon Sep 30 21:19:29 2013 -0400;1380590369;-;-;Mon Sep 30 21:19:29 2013 -0400;1380590369
6ddacdc01d87c4bb3f641005ff740cca2068c2bc;6ddacdc01d;-;-;Mon Sep 30 21:02:51 2013 -0400;1380589371;-;-;Mon Sep 30 21:02:51 2013 -0400;1380589371
48caeef4de9e5ab52893f9ebefacb6f8313a33d8;48caeef4de;-;-;Mon Sep 30 16:37:18 2013 -0400;1380573438;-;-;Mon Sep 30 16:37:18 2013 -0400;1380573438
34dd8447169560ba2cac2434793232f9e54b5cf8;34dd844716;-;-;Mon Sep 30 13:07:20 2013 +0100;1380542840;-;-;Mon Sep 30 14:24:57 2013 -0400;1380565497
5025c304b81622f2e81882a46ea7150c07d6946b;5025c304b8;-;-;Fri Sep 27 15:41:46 2013 +0100;1380292906;-;-;Mon Sep 30 14:24:57 2013 -0400;1380565497
b2f31a3c741ddfaad94ffe5da7de762f8e3cc6cb;b2f31a3c74;-;-;Fri Sep 27 16:44:56 2013 +0100;1380296696;-;-;Mon Sep 30 14:21:42 2013 -0400;1380565302
9b2c041085190e9479a0e46946df4bf4bfbf77e1;9b2c041085;-;-;Sun Sep 29 21:09:39 2013 -0400;1380503379;-;-;Sun Sep 29 21:09:39 2013 -0400;1380503379
1ba806b1857e33a13d90f4a6d12eb27e01da4f3b;1ba806b185;-;-;Fri Sep 27 21:17:02 2013 -0400;1380331022;-;-;Fri Sep 27 21:17:02 2013 -0400;1380331022
d4a0e628d5c4c5e2a89181d1bb1d3f023673d816;d4a0e628d5;-;-;Fri Sep 27 21:08:50 2013 -0400;1380330530;-;-;Fri Sep 27 21:09:53 2013 -0400;1380330593
8abe949734414e91e204d14e381be7f922f2dfc3;8abe949734;-;-;Tue Sep 24 17:19:29 2013 -0700;1380068369;-;-;Fri Sep 27 11:25:57 2013 -0700;1380306357
f3611e767ec35529950585b163cfbfce686fd6a2;f3611e767e;-;-;Fri Sep 27 08:57:38 2013 -0400;1380286658;-;-;Fri Sep 27 08:57:38 2013 -0400;1380286658
c06ea3b4370d27973912410198d62f1df99c1e63;c06ea3b437;-;-;Thu Sep 26 21:26:06 2013 -0400;1380245166;-;-;Thu Sep 26 21:27:11 2013 -0400;1380245231
6ca8346ebdd8f9cd1aef01a85c0e729aff6a2c0b;6ca8346ebd;-;-;Thu Sep 26 15:44:30 2013 -0700;1380235470;-;-;Thu Sep 26 15:44:30 2013 -0700;1380235470
d5dfd1b4add875edb322d62fa684551d5559de76;d5dfd1b4ad;-;-;Thu Sep 26 16:09:01 2013 -0400;1380226141;-;-;Thu Sep 26 16:09:01 2013 -0400;1380226141
f705ec1a4602b0f20b8854918f3f965ac59e358a;f705ec1a46;-;-;Thu Sep 26 21:16:46 2013 +0200;1380223006;-;-;Thu Sep 26 21:16:46 2013 +0200;1380223006
11d20e337d0bbd799776893c737f9d546b736be1;11d20e337d;-;-;Thu Sep 26 15:49:23 2013 +0200;1380203363;-;-;Thu Sep 26 20:27:46 2013 +0200;1380220066
d3f063d0f9c52f928ee9b34f49fc5f2899b18912;d3f063d0f9;-;-;Wed Sep 25 14:47:01 2013 +0200;1380113221;-;-;Thu Sep 26 20:27:45 2013 +0200;1380220065
77fa8698b3687d20c2750562778f3a35b0048320;77fa8698b3;-;-;Thu Sep 26 12:39:09 2013 -0400;1380213549;-;-;Thu Sep 26 12:52:59 2013 -0400;1380214379
e756ef5923a1b7d9c9d04b523a38e3522e4d2993;e756ef5923;-;-;Thu Sep 26 03:48:41 2013 -0700;1380192521;-;-;Thu Sep 26 03:48:41 2013 -0700;1380192521
a64441e12931c8bde6fcc45717f80c6b4008d148;a64441e129;-;-;Wed Sep 25 14:12:48 2013 -0400;1380132768;-;-;Wed Sep 25 14:12:48 2013 -0400;1380132768
4ef490621fbf436d61d4f134c035ea9634a5c6e3;4ef490621f;-;-;Wed Sep 25 13:58:53 2013 -0400;1380131933;-;-;Wed Sep 25 13:58:53 2013 -0400;1380131933
b409ba007692f821f44dc1f8a0c911763d1749ca;b409ba0076;-;-;Wed Sep 25 10:43:23 2013 -0700;1380131003;-;-;Wed Sep 25 10:43:23 2013 -0700;1380131003
beaf6992b232023886e2fd54a0122bf3ad220a41;beaf6992b2;-;-;Wed Sep 25 13:47:15 2013 +0200;1380109635;-;-;Wed Sep 25 14:11:10 2013 +0200;1380111070
5e88fe58421fd122bf545575658a62d3ec31642f;5e88fe5842;-;-;Wed Sep 25 12:54:25 2013 +0200;1380106465;-;-;Wed Sep 25 12:54:25 2013 +0200;1380106465
7b63745e046761c97b6f9496f3c30aa899b14bc0;7b63745e04;-;-;Wed Sep 25 12:34:53 2013 +0200;1380105293;-;-;Wed Sep 25 12:34:53 2013 +0200;1380105293
d9b620381ec19cb7ffaf411bb7574e9754bc54f4;d9b620381e;-;-;Wed Sep 25 12:30:01 2013 +0200;1380105001;-;-;Wed Sep 25 12:30:01 2013 +0200;1380105001
7bc3e3b3f843fb50bb0f08a4dc5a0b432be24c8d;7bc3e3b3f8;-;-;Wed Sep 25 12:27:17 2013 +0200;1380104837;-;-;Wed Sep 25 12:27:17 2013 +0200;1380104837
783871a42a9136caf79cd95e9c76a3109dbee61b;783871a42a;-;-;Tue Sep 24 07:55:27 2013 -0700;1380034527;-;-;Wed Sep 25 11:21:55 2013 +0200;1380100915
dac6aaecc85aade67e2c06d32de4c50c2a649224;dac6aaecc8;-;-;Thu May 30 13:49:19 2013 +0400;1369907359;-;-;Tue Sep 24 16:18:09 2013 -0700;1380064689
b1b355289bd14ab4d78977ec1bae41140366bd95;b1b355289b;-;-;Tue Sep 24 07:55:27 2013 -0700;1380034527;-;-;Tue Sep 24 16:18:02 2013 -0700;1380064682
371d25558172311f3f8e8c46271917c9a5b96331;371d255581;-;-;Mon Sep 23 16:03:23 2013 -0700;1379977403;-;-;Mon Sep 23 16:05:00 2013 -0700;1379977500
4abe4e9999386484803f7e9ff176f260fe39badb;4abe4e9999;-;-;Mon Sep 23 15:59:28 2013 -0700;1379977168;-;-;Mon Sep 23 15:59:28 2013 -0700;1379977168
05072e17625e8fd256c1b29a45ef7248a6cecfa8;05072e1762;-;-;Mon Sep 23 15:14:58 2013 -0700;1379974498;-;-;Mon Sep 23 15:14:58 2013 -0700;1379974498
2337e763d04669a23bbc0448b03e75be8e0d7eb5;2337e763d0;-;-;Mon Sep 23 15:10:37 2013 -0700;1379974237;-;-;Mon Sep 23 15:10:37 2013 -0700;1379974237
a5c7018e8d7b14ab36b006f8d701664b4444d832;a5c7018e8d;-;-;Mon Sep 23 13:14:44 2013 -0400;1379956484;-;-;Mon Sep 23 13:14:44 2013 -0400;1379956484
17d59c5621872f6ff6fdf74a7c220cc2970d2bdd;17d59c5621;-;-;Fri Sep 20 11:39:38 2013 -0700;1379702378;-;-;Fri Sep 20 11:39:38 2013 -0700;1379702378
55f250afbcabb5894991c49be3751bf6dcd18837;55f250afbc;-;-;Sat Sep 14 07:09:53 2013 +0200;1379135393;-;-;Sat Sep 14 07:33:49 2013 +0200;1379136829
a3df311bb5f7ad7e18212f57192a70b9de8c158c;a3df311bb5;-;-;Sat Sep 14 07:05:24 2013 +0200;1379135124;-;-;Sat Sep 14 07:33:48 2013 +0200;1379136828
e213561dac6df29f9d2765e148683664194b066f;e213561dac;-;-;Sat Sep 14 06:55:19 2013 +0200;1379134519;-;-;Sat Sep 14 07:33:47 2013 +0200;1379136827
0ee910c61a75439346401736f1de4eae58926656;0ee910c61a;-;-;Fri Sep 13 21:23:44 2013 -0700;1379132624;-;-;Fri Sep 13 21:23:44 2013 -0700;1379132624
c9ce7aac373eef81ed27d56d159db0f8aac304c5;c9ce7aac37;-;-;Thu Sep 12 16:32:34 2013 -0700;1379028754;-;-;Thu Sep 12 16:32:34 2013 -0700;1379028754
41fffdcf7bf22464c41bc93ee80ad46e6b4cf17a;41fffdcf7b;-;-;Thu Sep 12 16:28:14 2013 +0200;1378996094;-;-;Thu Sep 12 16:28:14 2013 +0200;1378996094
ee5d6c8f839e2346f03afbf5049c42067bf04526;ee5d6c8f83;-;-;Wed Sep 11 23:08:05 2013 +0200;1378933685;-;-;Wed Sep 11 23:08:05 2013 +0200;1378933685
45eab23e15c0a7a46ecc16548533cad32882fe16;45eab23e15;-;-;Sun Sep 8 21:22:53 2013 -0400;1378689773;-;-;Sun Sep 8 21:22:53 2013 -0400;1378689773
41fa15a4844570b1907efd801ad4f1b95058b462;41fa15a484;-;-;Sat Sep 7 22:07:09 2013 +0200;1378584429;-;-;Sat Sep 7 22:07:09 2013 +0200;1378584429
e1c16f6292e42e7b589fe845463e31600dcc804f;e1c16f6292;-;-;Sat Sep 7 21:14:36 2013 +0200;1378581276;-;-;Sat Sep 7 21:14:36 2013 +0200;1378581276
62921683fd1b2994302c5c80c16eacd6dc419fe1;62921683fd;-;-;Fri Sep 6 12:28:21 2013 -0400;1378484901;-;-;Fri Sep 6 12:28:21 2013 -0400;1378484901
71e76196fe5b128f66ef6e3f0b2fa42d9efc7f70;71e76196fe;-;-;Thu Sep 5 10:25:30 2013 -0400;1378391130;-;-;Thu Sep 5 21:40:15 2013 -0400;1378431615
c54b6e9e82e0e1e0e704528b8e3598aecbe7079d;c54b6e9e82;-;-;Wed Sep 4 22:11:11 2013 +0200;1378325471;-;-;Wed Sep 4 22:33:31 2013 +0200;1378326811
df18e9173dfbf6aa97852a25db100294b72e6eb5;df18e9173d;-;-;Wed Sep 4 18:33:25 2013 +0200;1378312405;-;-;Wed Sep 4 18:33:25 2013 +0200;1378312405
baa698eddfa5d5cb842a52b9fe183bbde8eb3f29;baa698eddf;-;-;Wed Sep 4 16:44:07 2013 +0200;1378305847;-;-;Wed Sep 4 16:44:07 2013 +0200;1378305847
b7ff26aafb76ebf73f9330f64b7636336a99d814;b7ff26aafb;-;-;Wed Sep 4 16:43:51 2013 +0200;1378305831;-;-;Wed Sep 4 16:43:51 2013 +0200;1378305831
5e6044c45bbfc53be75d43a7a46300320607ea3c;5e6044c45b;-;-;Wed Sep 4 15:37:01 2013 +0200;1378301821;-;-;Wed Sep 4 15:37:01 2013 +0200;1378301821
476af2e962ed76a4aba598345032a8f4ee07d226;476af2e962;-;-;Wed Sep 4 14:39:22 2013 +0200;1378298362;-;-;Wed Sep 4 14:39:22 2013 +0200;1378298362
1c47c8f35c91b1c77b27ab5092ff01b5733ec116;1c47c8f35c;-;-;Tue Sep 3 23:28:21 2013 -0400;1378265301;-;-;Tue Sep 3 23:29:20 2013 -0400;1378265360
8a4c6eb60592166962eb91ecc9d5874b6c20cbc8;8a4c6eb605;-;-;Tue Sep 3 23:56:43 2013 +0200;1378245403;-;-;Tue Sep 3 23:56:43 2013 +0200;1378245403
30d2f783a7d11a74418685a7d097b1060de2bf73;30d2f783a7;-;-;Tue Sep 3 15:24:58 2013 -0400;1378236298;-;-;Tue Sep 3 15:26:47 2013 -0400;1378236407
542b5b202904782c4b5fa9f39137743b4de088cc;542b5b2029;-;-;Tue Sep 3 18:32:01 2013 +0200;1378225921;-;-;Tue Sep 3 18:32:01 2013 +0200;1378225921
a9e727cd885013e63de6bd8224a926bd63cc5cec;a9e727cd88;-;-;Tue Sep 3 17:58:18 2013 +0200;1378223898;-;-;Tue Sep 3 17:58:18 2013 +0200;1378223898
0b37cec28721a379b87dd8a67a0d8cdd629d13c0;0b37cec287;-;-;Tue Sep 3 17:57:31 2013 +0200;1378223851;-;-;Tue Sep 3 17:57:31 2013 +0200;1378223851
0ac6998e604341fdcc097e52c89d121007c0323a;0ac6998e60;-;-;Tue Sep 3 11:04:00 2013 -0400;1378220640;-;-;Tue Sep 3 11:04:00 2013 -0400;1378220640
e1a46bb57a88628305534ddab85591dbc8dcc8e9;e1a46bb57a;-;-;Mon Sep 2 20:35:18 2013 -0400;1378168518;-;-;Mon Sep 2 20:36:54 2013 -0400;1378168614
d202573e1a582cd1c3b48d0ee75110a458a4da89;d202573e1a;-;-;Mon Sep 2 22:02:11 2013 +0200;1378152131;-;-;Mon Sep 2 22:02:11 2013 +0200;1378152131
b25876fd0f868a3bd27df1c3247e9f06ad6ed8a9;b25876fd0f;-;-;Mon Sep 2 22:01:57 2013 +0200;1378152117;-;-;Mon Sep 2 22:01:57 2013 +0200;1378152117
facf31f01a5804e33c0520de7676713962a533ef;facf31f01a;-;-;Mon Sep 2 21:20:46 2013 +0200;1378149646;-;-;Mon Sep 2 21:20:46 2013 +0200;1378149646
e8c0ef8305cedc43e9cb5f08ba2d9aa9d991ff1d;e8c0ef8305;-;-;Mon Sep 2 21:18:41 2013 +0200;1378149521;-;-;Mon Sep 2 21:18:41 2013 +0200;1378149521
e5231526536f0ea904264dca80416c7f9f9f9c2c;e523152653;-;-;Mon Sep 2 16:42:06 2013 +0200;1378132926;-;-;Mon Sep 2 20:26:24 2013 +0200;1378146384
3ca0dcd9123981962d8dbf5a371d7d0bed99f298;3ca0dcd912;-;-;Mon Sep 2 17:09:29 2013 +0200;1378134569;-;-;Mon Sep 2 20:25:47 2013 +0200;1378146347
e33324b700ecf38d2e572bb0dcb45aa695adc9a8;e33324b700;-;-;Mon Sep 2 15:33:16 2013 +0200;1378128796;-;-;Mon Sep 2 15:33:30 2013 +0200;1378128810
79ddba5d01e1e3b4adb281ffe7443fdfdd50768e;79ddba5d01;-;-;Mon Sep 2 09:10:43 2013 -0400;1378127443;-;-;Mon Sep 2 09:11:26 2013 -0400;1378127486
fee3148b0fa5c5fbff15cfd4c062de60bcc49711;fee3148b0f;-;-;Sun Sep 1 16:01:15 2013 -0400;1378065675;-;-;Mon Sep 2 09:11:26 2013 -0400;1378127486
e21bbdd933050f829b55eb67ee8ae5a39a12b6e9;e21bbdd933;-;-;Fri Aug 30 23:23:56 2013 -0400;1377919436;-;-;Mon Sep 2 09:11:26 2013 -0400;1378127486
5d69700515d4ba03f6f03b507c1b6f226062e006;5d69700515;-;-;Fri Aug 30 17:09:03 2013 -0400;1377896943;-;-;Mon Sep 2 09:11:26 2013 -0400;1378127486
ed7c8b5a53f7603cbf1b95ca35e78f3f69b2588a;ed7c8b5a53;-;-;Mon Sep 2 14:55:14 2013 +0200;1378126514;-;-;Mon Sep 2 14:55:14 2013 +0200;1378126514
fcd32bc5f584332568f829a54cb1740e79e40b06;fcd32bc5f5;-;-;Thu Aug 29 16:10:02 2013 -0700;1377817802;-;-;Thu Aug 29 16:10:02 2013 -0700;1377817802
8db4089e54d84587a9f617eadf530e9872b05a41;8db4089e54;-;-;Thu Aug 29 15:38:27 2013 -0700;1377815907;-;-;Thu Aug 29 15:38:27 2013 -0700;1377815907
1f897329f9b8617a84fab10fee5f3ad9269160b3;1f897329f9;-;-;Thu Aug 29 15:11:03 2013 -0400;1377803463;-;-;Thu Aug 29 15:11:03 2013 -0400;1377803463
cbdb99c042896cac30734440844c2c5563790cc0;cbdb99c042;-;-;Thu Aug 29 14:09:52 2013 -0400;1377799792;-;-;Thu Aug 29 14:09:52 2013 -0400;1377799792
50178550eb6073eaf7d54f389a06a1d97281a3f5;50178550eb;-;-;Thu Aug 29 13:38:31 2013 -0400;1377797911;-;-;Thu Aug 29 13:39:26 2013 -0400;1377797966
caa1218d368f156a0d2592e0c78affe195ef6594;caa1218d36;-;-;Thu Aug 29 19:17:59 2013 +0200;1377796679;-;-;Thu Aug 29 19:17:59 2013 +0200;1377796679
c664010001c840532080ceb2b92fb93498d24780;c664010001;-;-;Thu Aug 29 19:15:22 2013 +0200;1377796522;-;-;Thu Aug 29 19:15:22 2013 +0200;1377796522
0c00b0d9027748259b2267d3501ccf6507c592c5;0c00b0d902;-;-;Thu Aug 29 18:44:01 2013 +0200;1377794641;-;-;Thu Aug 29 18:44:01 2013 +0200;1377794641
39ff1e2c5375868a92318251f3015114e8b49d0d;39ff1e2c53;-;-;Thu Aug 29 09:58:04 2013 -0400;1377784684;-;-;Thu Aug 29 09:58:41 2013 -0400;1377784721
364bc357095e34504b10bc138b8c59da578dd14f;364bc35709;-;-;Thu Aug 29 09:38:13 2013 +0100;1377765493;-;-;Thu Aug 29 09:58:41 2013 -0400;1377784721
20c4177466502a6d056d19ee6afbe539fc2a30ca;20c4177466;-;-;Thu Aug 29 15:24:16 2013 +0200;1377782656;-;-;Thu Aug 29 15:24:16 2013 +0200;1377782656
80812d30d4283c11ad74befa5879e4412e4e34be;80812d30d4;-;-;Wed Aug 28 23:51:08 2013 -0400;1377748268;-;-;Wed Aug 28 23:51:08 2013 -0400;1377748268
1472e9795f412042fdd2519f85b1ace6e617a26c;1472e9795f;-;-;Wed Aug 28 22:51:39 2013 -0400;1377744699;-;-;Wed Aug 28 22:51:39 2013 -0400;1377744699
f0dda0e38b73a9bbc4816f0cad2bd7ccdfa7911e;f0dda0e38b;-;-;Wed Aug 28 21:08:17 2013 -0400;1377738497;-;-;Wed Aug 28 21:11:05 2013 -0400;1377738665
744e1ed203676908de3b7495f61cba854c85d03d;744e1ed203;-;-;Wed Aug 28 17:21:25 2013 -0700;1377735685;-;-;Wed Aug 28 17:21:25 2013 -0700;1377735685
c1dafed886f9f136b788f1a23528d5173167a3e8;c1dafed886;-;-;Mon Aug 26 18:22:22 2013 -0700;1377566542;-;-;Wed Aug 28 14:30:08 2013 -0700;1377725408
57dfc13f307cb049b4eef1e0d3d0616ba229f8db;57dfc13f30;-;-;Wed Aug 28 14:26:36 2013 -0700;1377725196;-;-;Wed Aug 28 14:26:36 2013 -0700;1377725196
c93fbda56dbc28e580ee74f2559c4e58a5dde33d;c93fbda56d;-;-;Wed Aug 28 14:16:15 2013 -0700;1377724575;-;-;Wed Aug 28 14:16:15 2013 -0700;1377724575
365ce55a9384e112c9f5c053e034c565bd041549;365ce55a93;-;-;Wed Aug 28 22:16:20 2013 +0200;1377720980;-;-;Wed Aug 28 22:16:20 2013 +0200;1377720980
465e6292ebdd5a69f55b889a4ac3fb75d61723df;465e6292eb;-;-;Wed Aug 28 22:16:08 2013 +0200;1377720968;-;-;Wed Aug 28 22:16:08 2013 +0200;1377720968
fe8dec912d53db4819064b50d667c34300bb59b1;fe8dec912d;-;-;Wed Aug 28 22:14:34 2013 +0200;1377720874;-;-;Wed Aug 28 22:14:34 2013 +0200;1377720874
4b2847d9d12bad150e3a2e0730a331e07825b06c;4b2847d9d1;-;-;Wed Aug 28 14:41:20 2013 -0400;1377715280;-;-;Wed Aug 28 14:41:20 2013 -0400;1377715280
467a6b9fa762f7dd3e57be59292e2116e0ce2108;467a6b9fa7;-;-;Wed Aug 28 08:43:19 2013 -0400;1377693799;-;-;Wed Aug 28 08:43:53 2013 -0400;1377693833
3d645cf80854ebad53cd0ae85995f36a5a4d46ea;3d645cf808;-;-;Wed Aug 28 14:09:07 2013 +0200;1377691747;-;-;Wed Aug 28 14:09:07 2013 +0200;1377691747
38c8c6d0851f9bf2d9a8b7b6c46949345d5298c6;38c8c6d085;-;-;Wed Aug 28 12:56:18 2013 +0200;1377687378;-;-;Wed Aug 28 12:56:18 2013 +0200;1377687378
bb971cecf15e8c7983cbaf7767851236d132889c;bb971cecf1;-;-;Wed Aug 28 12:49:53 2013 +0200;1377686993;-;-;Wed Aug 28 12:49:53 2013 +0200;1377686993
bb18f81b504cb3276535106368fa5ff3a961e038;bb18f81b50;-;-;Wed Aug 28 09:36:23 2013 +0200;1377675383;-;-;Wed Aug 28 09:36:23 2013 +0200;1377675383
4c0da5867a54d3f81098970538b9795af732d837;4c0da5867a;-;-;Mon Aug 26 17:37:31 2013 -0400;1377553051;-;-;Tue Aug 27 22:20:07 2013 -0400;1377656407
4b6a9ac180df67640c81cb2b0c6488cb26898a38;4b6a9ac180;-;-;Sun Aug 25 13:47:16 2013 -0400;1377452836;-;-;Tue Aug 27 22:20:07 2013 -0400;1377656407
4447248a836ede1924ea6f862e06db30ec6f25d7;4447248a83;-;-;Wed Aug 28 00:14:39 2013 +0200;1377641679;-;-;Wed Aug 28 00:14:39 2013 +0200;1377641679
01b8d9327d7c24cc1219007f127626306539c5ac;01b8d9327d;-;-;Wed Aug 28 00:04:53 2013 +0200;1377641093;-;-;Wed Aug 28 00:04:53 2013 +0200;1377641093
091712df067294f14fd8a979d291ef67ca485501;091712df06;-;-;Wed Aug 28 00:03:58 2013 +0200;1377641038;-;-;Wed Aug 28 00:03:58 2013 +0200;1377641038
e812b6cea0fd064676074db6d85f08416fac4542;e812b6cea0;-;-;Wed Aug 28 00:03:40 2013 +0200;1377641020;-;-;Wed Aug 28 00:03:40 2013 +0200;1377641020
5efe894ee4969a7c3780a2fd4d2ceab695777c50;5efe894ee4;-;-;Wed Aug 28 00:00:54 2013 +0200;1377640854;-;-;Wed Aug 28 00:00:54 2013 +0200;1377640854
1e64eed6b29b0e997e14d398ac18b73195e9a2eb;1e64eed6b2;-;-;Tue Aug 27 23:29:41 2013 +0200;1377638981;-;-;Tue Aug 27 23:29:41 2013 +0200;1377638981
b75fa9d7a76e10892327a08f9ff72a1542fcb402;b75fa9d7a7;-;-;Tue Aug 27 23:27:35 2013 +0200;1377638855;-;-;Tue Aug 27 23:27:35 2013 +0200;1377638855
6969ae94a0a6ecd811bbbb0425fb2a3e13616105;6969ae94a0;-;-;Tue Aug 27 13:00:35 2013 -0700;1377633635;-;-;Tue Aug 27 13:00:35 2013 -0700;1377633635
750930fa25dde35fcab82f9a210e42ce02d65d7d;750930fa25;-;-;Tue Aug 27 15:05:34 2013 -0400;1377630334;-;-;Tue Aug 27 15:05:34 2013 -0400;1377630334
ebcee26d57a46de567d9b6d2b4665b17c302f2c6;ebcee26d57;-;-;Mon Jul 1 13:54:42 2013 +0200;1372679682;-;-;Tue Aug 27 14:22:37 2013 -0400;1377627757
89b53cfcd509bd5cf782ff65a82dc1ad1dae1e4a;89b53cfcd5;-;-;Tue Aug 27 10:48:38 2013 -0700;1377625718;-;-;Tue Aug 27 10:48:38 2013 -0700;1377625718
ced5ea2f93a474646e9554354ca09c0c12e967e8;ced5ea2f93;-;-;Tue Aug 27 10:39:51 2013 -0700;1377625191;-;-;Tue Aug 27 10:39:51 2013 -0700;1377625191
402a3b8473c976a07e40d2cf8a663267ca7e2dec;402a3b8473;-;-;Tue Aug 27 12:48:48 2013 -0400;1377622128;-;-;Tue Aug 27 12:48:48 2013 -0400;1377622128
3f130a1c086028aef7ce1debdcd18642801525b2;3f130a1c08;-;-;Mon Aug 26 12:09:33 2013 +0100;1377515373;-;-;Tue Aug 27 12:43:21 2013 -0400;1377621801
c48a41ea7a16e90eec520b6a3f311427e0e9ed18;c48a41ea7a;-;-;Tue Aug 27 16:33:44 2013 +0100;1377617624;-;-;Tue Aug 27 12:34:11 2013 -0400;1377621251
ed9b2966c079b73094f293e5d0c35abd9d59db09;ed9b2966c0;-;-;Tue Aug 27 11:45:46 2013 -0400;1377618346;-;-;Tue Aug 27 11:48:03 2013 -0400;1377618483
620c16f5c7bb543b18f71b2848f90461f8646237;620c16f5c7;-;-;Mon Aug 26 17:12:02 2013 -0700;1377562322;-;-;Mon Aug 26 17:12:02 2013 -0700;1377562322
8f90eacd924dd0a0d56a3fc35a52323f8a8df3d4;8f90eacd92;-;-;Mon Aug 26 20:04:40 2013 +0200;1377540280;-;-;Mon Aug 26 20:04:40 2013 +0200;1377540280
aecf60d21f6aaab898e58ff65458cc685813ed0e;aecf60d21f;-;-;Mon Aug 26 20:03:32 2013 +0200;1377540212;-;-;Mon Aug 26 20:03:32 2013 +0200;1377540212
c9771012e98afe1679cd1c3ebf5ab6c1a018fd65;c9771012e9;-;-;Fri Aug 23 16:49:25 2013 +0200;1377269365;-;-;Fri Aug 23 16:49:25 2013 +0200;1377269365
cf2e1ffc65a2684493cae60580fa76703fa006b7;cf2e1ffc65;-;-;Thu Aug 22 21:53:57 2013 -0400;1377222837;-;-;Thu Aug 22 21:53:57 2013 -0400;1377222837
64baef9f19cc8d797da6f8757c17771192288ffa;64baef9f19;-;-;Thu Aug 22 20:56:26 2013 -0400;1377219386;-;-;Thu Aug 22 20:56:50 2013 -0400;1377219410
a5143057ce93e9fd3b63b1b0fd2d5a9e055ee02d;a5143057ce;-;-;Thu Aug 22 20:35:03 2013 -0400;1377218103;-;-;Thu Aug 22 20:35:03 2013 -0400;1377218103
ccaa10125206a38c37e42cfeb79f6b3524584f93;ccaa101252;-;-;Thu Aug 22 16:09:32 2013 -0400;1377202172;-;-;Thu Aug 22 16:09:32 2013 -0400;1377202172
d66206704e70a50ef671efbf8a5406c56963f91b;d66206704e;-;-;Wed Aug 21 15:21:19 2013 +0300;1377087679;-;-;Thu Aug 22 16:05:44 2013 -0400;1377201944
a4552177436766129a458dd66403e77254239f8b;a455217743;-;-;Thu Aug 22 15:29:39 2013 -0400;1377199779;-;-;Thu Aug 22 16:05:44 2013 -0400;1377201944
c211c98b407aa5876ac1a2952d16761e9702cfb0;c211c98b40;-;-;Thu Aug 22 14:54:02 2013 -0400;1377197642;-;-;Thu Aug 22 16:05:44 2013 -0400;1377201944
47d40053a41466bb2728229bc4cf0c73968d0ced;47d40053a4;-;-;Tue Aug 6 17:44:47 2013 +0200;1375803887;-;-;Thu Aug 22 16:05:44 2013 -0400;1377201944
08d36cf2e49bd1cbd4558e05ec5f646d272926fd;08d36cf2e4;-;-;Wed Aug 21 17:05:13 2013 -0400;1377119113;-;-;Thu Aug 22 16:05:44 2013 -0400;1377201944
1fd7bc3ee52d5b8a5052850abe9b9a41390711da;1fd7bc3ee5;-;-;Wed Aug 21 16:59:27 2013 -0400;1377118767;-;-;Thu Aug 22 16:05:44 2013 -0400;1377201944
88115212ebf3a3ad4060f0cdf9bdafd74bc189f5;88115212eb;-;-;Thu Aug 22 19:37:42 2013 +0200;1377193062;-;-;Thu Aug 22 19:37:42 2013 +0200;1377193062
3d462b6dd9dc5a48252288720cc1364188670891;3d462b6dd9;-;-;Thu Aug 22 19:36:53 2013 +0200;1377193013;-;-;Thu Aug 22 19:36:53 2013 +0200;1377193013
eb98f1f084279a6b5f068768ce233795c8957e29;eb98f1f084;-;-;Thu Aug 22 19:33:01 2013 +0200;1377192781;-;-;Thu Aug 22 19:33:01 2013 +0200;1377192781
4a9af233aeba965fa1e9fe0601a34fd42a08c3dc;4a9af233ae;-;-;Thu Aug 22 16:43:10 2013 +0200;1377182590;-;-;Thu Aug 22 16:43:10 2013 +0200;1377182590
486a56dc1fff6586c3f574ec7856d4b396334469;486a56dc1f;-;-;Wed Aug 21 11:57:59 2013 -0400;1377100679;-;-;Wed Aug 21 12:00:11 2013 -0400;1377100811
0dcc5c048bb7b4da68d291ac5bcc26008d953b59;0dcc5c048b;-;-;Sat Aug 17 09:49:44 2013 -0400;1376747384;-;-;Wed Aug 21 12:00:11 2013 -0400;1377100811
13ce20b1ca14320dd3ddab516aff495753a2feae;13ce20b1ca;-;-;Sat Aug 17 09:37:20 2013 -0400;1376746640;-;-;Wed Aug 21 12:00:11 2013 -0400;1377100811
2397b21096ad1c184d9f22629f74a6c44a9ba923;2397b21096;-;-;Fri Aug 16 21:57:04 2013 -0400;1376704624;-;-;Wed Aug 21 12:00:11 2013 -0400;1377100811
e5406283c551a6402a1bbe82d16386ab6a008b2b;e5406283c5;-;-;Fri Aug 16 21:45:27 2013 -0400;1376703927;-;-;Wed Aug 21 12:00:11 2013 -0400;1377100811
48996cf572c3ef3dcd7ca6777e4adaafe05e5f9f;48996cf572;-;-;Fri Aug 16 15:44:30 2013 -0400;1376682270;-;-;Wed Aug 21 12:00:11 2013 -0400;1377100811
64d45fe0a5fee2fcb3457565fcc675b54ab13069;64d45fe0a5;-;-;Fri Aug 16 14:33:50 2013 -0400;1376678030;-;-;Wed Aug 21 12:00:11 2013 -0400;1377100811
f2fb0ec9e730f274420e0d5cfa1585aec2217f75;f2fb0ec9e7;-;-;Wed Aug 21 17:37:06 2013 +0200;1377099426;-;-;Wed Aug 21 17:37:06 2013 +0200;1377099426
6d3649858e8a9eb0645e889782df1787772967c1;6d3649858e;-;-;Wed Aug 21 17:35:56 2013 +0200;1377099356;-;-;Wed Aug 21 17:35:56 2013 +0200;1377099356
87c2d6fd12415ec191275e13d135a4f9567b92ee;87c2d6fd12;-;-;Tue Aug 20 22:44:05 2013 +0200;1377031445;-;-;Tue Aug 20 22:44:05 2013 +0200;1377031445
5d3d3c111b6e7094c37a5fe5529e945ece8997fb;5d3d3c111b;-;-;Tue Aug 20 22:38:17 2013 +0200;1377031097;-;-;Tue Aug 20 22:38:17 2013 +0200;1377031097
ea6525f15fa140c5f62afc7cd595a8bcb81c11d2;ea6525f15f;-;-;Tue Aug 20 19:36:57 2013 +0200;1377020217;-;-;Tue Aug 20 19:36:57 2013 +0200;1377020217
da0128f12099680d5f5abefd2e8f5fa792a9cde4;da0128f120;-;-;Tue Aug 20 19:16:44 2013 +0200;1377019004;-;-;Tue Aug 20 19:16:44 2013 +0200;1377019004
a65bc3851b46149b5eaadde899a838944fefe174;a65bc3851b;-;-;Tue Aug 20 19:10:39 2013 +0200;1377018639;-;-;Tue Aug 20 19:10:39 2013 +0200;1377018639
c762b83a76819bee3b7be368f253021dbbf4c26a;c762b83a76;-;-;Tue Aug 20 19:06:24 2013 +0200;1377018384;-;-;Tue Aug 20 19:06:24 2013 +0200;1377018384
3b211335c7e6c0277207dcdca9098599dbc40569;3b211335c7;-;-;Tue Aug 20 19:05:23 2013 +0200;1377018323;-;-;Tue Aug 20 19:05:23 2013 +0200;1377018323
f3b223034d535213c67ac846866a4cd75ef7a4aa;f3b223034d;-;-;Tue Aug 20 19:02:02 2013 +0200;1377018122;-;-;Tue Aug 20 19:02:02 2013 +0200;1377018122
68c0df8305aec20b6feb6459b3c46bbc9ed576e0;68c0df8305;-;-;Mon Aug 19 21:10:36 2013 -0400;1376961036;-;-;Mon Aug 19 21:16:00 2013 -0400;1376961360
94fefec0f943ab199ed3cd50986c4ea6868b3ece;94fefec0f9;-;-;Thu Aug 15 17:29:10 2013 -0400;1376602150;-;-;Mon Aug 19 21:16:00 2013 -0400;1376961360
3fb5ff2654085b83bb8294ff0cb4e0035ec33e63;3fb5ff2654;-;-;Wed Aug 14 15:09:02 2013 +0100;1376489342;-;-;Mon Aug 19 21:16:00 2013 -0400;1376961360
131b5de6f948e9dd32bdeab4bb900712854bb8f3;131b5de6f9;-;-;Wed Aug 14 11:46:09 2013 +0100;1376477169;-;-;Mon Aug 19 21:15:59 2013 -0400;1376961359
8b48d8f445449b06cbc1204d6734944f29b540d3;8b48d8f445;-;-;Thu Aug 8 16:07:01 2013 +0100;1375974421;-;-;Mon Aug 19 21:15:59 2013 -0400;1376961359
be6dbe54a358744ee896d8d295a5fc0992d9e2e4;be6dbe54a3;-;-;Thu Aug 1 14:17:55 2013 +0100;1375363075;-;-;Mon Aug 19 21:15:59 2013 -0400;1376961359
71dbd7bc1f4ac49dcdc1222174906d6db1ee378c;71dbd7bc1f;-;-;Wed Aug 14 11:43:37 2013 -0400;1376495017;-;-;Wed Aug 14 11:43:37 2013 -0400;1376495017
4c0490a070f1b70755384472a13a6bca9e210ca1;4c0490a070;-;-;Wed Aug 14 10:15:02 2013 -0400;1376489702;-;-;Wed Aug 14 10:15:02 2013 -0400;1376489702
b232dc9d2bc12e66c49587b22cb16f9c109bea3b;b232dc9d2b;-;-;Tue Aug 13 18:08:12 2013 +0200;1376410092;-;-;Tue Aug 13 18:48:20 2013 -0400;1376434100
37861c3f90863d688aad4b3a0fcf7778e9f593a0;37861c3f90;-;-;Tue Aug 13 10:55:44 2013 +0200;1376384144;-;-;Tue Aug 13 18:14:45 2013 -0400;1376432085
319f18dddf885ee10bd8a167a88e8d574e546e15;319f18dddf;-;-;Tue Aug 13 17:23:33 2013 -0400;1376429013;-;-;Tue Aug 13 17:28:01 2013 -0400;1376429281
9925d8385ff9e80bb3ec3bfbe2d4224538fed6a9;9925d8385f;-;-;Fri Aug 9 16:50:37 2013 -0400;1376081437;-;-;Tue Aug 13 17:28:00 2013 -0400;1376429280
01feae0ad58bff78e30bd374ca93edef45e765a9;01feae0ad5;-;-;Fri Aug 9 09:38:13 2013 -0400;1376055493;-;-;Tue Aug 13 17:28:00 2013 -0400;1376429280
14ac023e01226778b8481a54a657d3f7f6e5e36b;14ac023e01;-;-;Mon Aug 12 23:32:35 2013 +0200;1376343155;-;-;Mon Aug 12 23:32:35 2013 +0200;1376343155
171b35815eedac27aefdbbe014663643ea15197d;171b35815e;-;-;Mon Aug 12 14:25:24 2013 -0700;1376342724;-;-;Mon Aug 12 14:25:24 2013 -0700;1376342724
d9bfac393bc8f2df93a29cf685e7d81c222a59e7;d9bfac393b;-;-;Mon Aug 12 12:26:34 2013 +0200;1376303194;-;-;Mon Aug 12 12:26:34 2013 +0200;1376303194
c3dd9ff342b461c1194d50f8575e9582994fb07b;c3dd9ff342;-;-;Sun Aug 11 00:05:36 2013 +0200;1376172336;-;-;Sun Aug 11 00:05:36 2013 +0200;1376172336
5311e84c64cb453e3779a4f235c5030b7c569edd;5311e84c64;-;-;Fri Aug 9 13:02:27 2013 +0200;1376046147;-;-;Fri Aug 9 08:43:29 2013 -0400;1376052209
b27e240fdbf9ad91690ae596c21f511808377582;b27e240fdb;-;-;Fri Aug 9 11:43:20 2013 +0200;1376041400;-;-;Fri Aug 9 11:43:20 2013 +0200;1376041400
92e3c52a4819a9e1254b4f13f3a608d9d3143962;92e3c52a48;-;-;Fri Aug 9 11:41:52 2013 +0200;1376041312;-;-;Fri Aug 9 11:41:52 2013 +0200;1376041312
1420b970a7f033147ef9f27edab5fee4ee19996b;1420b970a7;-;-;Wed Aug 7 16:56:45 2013 +0200;1375887405;-;-;Thu Aug 8 15:52:43 2013 +0200;1375969963
f9325a83765ba959df72555e2a7418b1b2b0d89a;f9325a8376;-;-;Wed Aug 7 16:40:47 2013 +0200;1375886447;-;-;Thu Aug 8 15:52:41 2013 +0200;1375969961
ead0124b393fab17e71f6d879af54a7eefb28d56;ead0124b39;-;-;Thu Aug 8 09:38:01 2013 -0400;1375969081;-;-;Thu Aug 8 09:38:01 2013 -0400;1375969081
82a26024ae17b7d3c8ba5f805c853a6df0a072e1;82a26024ae;-;-;Wed Aug 7 18:43:13 2013 -0400;1375915393;-;-;Wed Aug 7 18:54:36 2013 -0400;1375916076
172a0b9f5d2b6caf5ed5e3d8cfe529c75ff145d5;172a0b9f5d;-;-;Wed Aug 7 17:07:43 2013 -0400;1375909663;-;-;Wed Aug 7 17:07:43 2013 -0400;1375909663
eb4579b4d48c0d71baf4c309740366aa04347197;eb4579b4d4;-;-;Mon Aug 5 15:45:52 2013 -0400;1375731952;-;-;Wed Aug 7 13:21:37 2013 -0400;1375896097
7576274874deeccb6da6b09a8d5bd62e8b5538b7;7576274874;-;-;Tue Aug 6 15:04:09 2013 -0700;1375826649;-;-;Tue Aug 6 15:08:53 2013 -0700;1375826933
28be8e9063ce0365a6a5efb3e69863a4e60c34fd;28be8e9063;-;-;Tue Aug 6 14:43:01 2013 -0700;1375825381;-;-;Tue Aug 6 14:43:01 2013 -0700;1375825381
ce06d1391f639ba52d8c9a1e444f08ba3feb7059;ce06d1391f;-;-;Tue Aug 6 02:05:49 2013 +0200;1375747549;-;-;Tue Aug 6 02:05:49 2013 +0200;1375747549
9645799264f1355e2384eb24cb127eed4c3deee1;9645799264;-;-;Tue Aug 6 01:45:08 2013 +0200;1375746308;-;-;Tue Aug 6 01:45:08 2013 +0200;1375746308
2626a35f2cfb251ad9559ba779c2c7a9a71fdc4f;2626a35f2c;-;-;Tue Aug 6 00:16:50 2013 +0200;1375741010;-;-;Tue Aug 6 00:16:50 2013 +0200;1375741010
c3032349b154b4a00c975c9765960da3caec0a4c;c3032349b1;-;-;Mon Aug 5 23:50:44 2013 +0200;1375739444;-;-;Mon Aug 5 23:50:44 2013 +0200;1375739444
3cd2eb83c5937de7d6636f9b410947ee9c8cde99;3cd2eb83c5;-;-;Mon Aug 5 22:13:04 2013 +0200;1375733584;-;-;Mon Aug 5 22:13:04 2013 +0200;1375733584
cc2e7bb3d75f989859316cff8f0f53ab502d8929;cc2e7bb3d7;-;-;Mon Aug 5 19:13:16 2013 +0200;1375722796;-;-;Mon Aug 5 19:13:16 2013 +0200;1375722796
cb774409361f1f18a61a2f73687f84308cb22040;cb77440936;-;-;Mon Aug 5 12:37:18 2013 -0400;1375720638;-;-;Mon Aug 5 12:37:18 2013 -0400;1375720638
9245fffcaf42d5ec8a2485c14440b72d71cdd2ec;9245fffcaf;-;-;Mon Aug 5 12:25:26 2013 -0400;1375719926;-;-;Mon Aug 5 12:25:26 2013 -0400;1375719926
58bfd1ae9ad9c5988ae650f175c3ee83b3b68009;58bfd1ae9a;-;-;Mon Aug 5 18:04:43 2013 +0200;1375718683;-;-;Mon Aug 5 18:04:43 2013 +0200;1375718683
123c01908ac8d730ee00a0ef01494a0ea57b3c41;123c01908a;-;-;Sat Aug 3 11:21:02 2013 -0400;1375543262;-;-;Sat Aug 3 11:21:02 2013 -0400;1375543262
15a2f034597e6b19972adf4d29591f64a21b7b1f;15a2f03459;-;-;Sat Aug 3 11:01:07 2013 -0400;1375542067;-;-;Sat Aug 3 11:03:27 2013 -0400;1375542207
a03517fa353a37ac28e13be9d1869bdaa87cb652;a03517fa35;-;-;Fri Aug 2 17:40:08 2013 -0400;1375479608;-;-;Fri Aug 2 17:40:08 2013 -0400;1375479608
9700f09fad1e900a6968a9fc1bcdefdf32bca365;9700f09fad;-;-;Fri Aug 2 15:12:20 2013 -0400;1375470740;-;-;Fri Aug 2 15:12:20 2013 -0400;1375470740
0d5901ffb652a4daf2dd6ce17a9eb1f5ff54c369;0d5901ffb6;-;-;Fri Aug 2 12:23:48 2013 -0400;1375460628;-;-;Fri Aug 2 12:30:43 2013 -0400;1375461043
c26272cef62b1e6f3bb982d7f71b2f47c685b014;c26272cef6;-;-;Fri Aug 2 18:17:13 2013 +0200;1375460233;-;-;Fri Aug 2 18:17:13 2013 +0200;1375460233
fdaf7eb78a04fc361001d6e6a0cf03882268d65b;fdaf7eb78a;-;-;Fri Aug 2 18:08:03 2013 +0200;1375459683;-;-;Fri Aug 2 18:08:03 2013 +0200;1375459683
219eeb2369a49af607197d4e464a6a4d772a7bce;219eeb2369;-;-;Fri Aug 2 17:43:34 2013 +0200;1375458214;-;-;Fri Aug 2 17:43:34 2013 +0200;1375458214
a841923f122c4cdc21be122140dc456d736c6142;a841923f12;-;-;Fri Aug 2 11:08:30 2013 +0200;1375434510;-;-;Fri Aug 2 11:08:30 2013 +0200;1375434510
f329140dd45ef56faf57706534d0bd45021cf0d3;f329140dd4;-;-;Fri Aug 2 10:34:28 2013 +0200;1375432468;-;-;Fri Aug 2 10:34:28 2013 +0200;1375432468
9e20a25607aeb54dc0d636727fb67b92e00dab1e;9e20a25607;-;-;Tue Jul 30 11:29:57 2013 +0100;1375180197;-;-;Thu Aug 1 17:31:27 2013 -0400;1375392687
e4d83bbefea248cdf24a6ead6017139a6676a066;e4d83bbefe;-;-;Thu Aug 1 17:24:24 2013 +0200;1375370664;-;-;Thu Aug 1 17:27:12 2013 +0200;1375370832
f88f5ed0116888dc1d786f16f27eea06df54bfe5;f88f5ed011;-;-;Thu Aug 1 15:49:58 2013 +0200;1375364998;-;-;Thu Aug 1 17:27:06 2013 +0200;1375370826
dcf7813de84267fb82aed351a8175e89ae7fedd8;dcf7813de8;-;-;Wed Jul 31 22:06:15 2013 -0400;1375322775;-;-;Wed Jul 31 22:06:15 2013 -0400;1375322775
ad40ecff4bc75238ad65928e8c067478755d2b2c;ad40ecff4b;-;-;Wed Jul 31 21:37:39 2013 -0400;1375321059;-;-;Wed Jul 31 21:42:56 2013 -0400;1375321376
dad7115c236b5da8e25beb61fbeb41ea025b082e;dad7115c23;-;-;Wed Jul 31 16:21:52 2013 -0400;1375302112;-;-;Wed Jul 31 21:42:56 2013 -0400;1375321376
2af891683eabd98d25d98a91a8cb2242a9203c8a;2af891683e;-;-;Wed Jul 31 22:42:27 2013 +0200;1375303347;-;-;Thu Aug 1 00:20:33 2013 +0200;1375309233
85c9ed005d93bb50f8cbedbf54dcd02193983582;85c9ed005d;-;-;Wed Jul 31 23:40:59 2013 +0200;1375306859;-;-;Thu Aug 1 00:20:21 2013 +0200;1375309221
5b4dcbfcb97b9003cb61ea136a20c3b973337fe3;5b4dcbfcb9;-;-;Wed Jul 31 18:08:10 2013 +0200;1375286890;-;-;Wed Jul 31 18:08:10 2013 +0200;1375286890
127b91fd4f148538562fc255ed1e22b5b74817dd;127b91fd4f;-;-;Wed Jul 31 17:50:44 2013 +0200;1375285844;-;-;Wed Jul 31 17:50:44 2013 +0200;1375285844
803779d160e37dfde18d3073257fe1a078df476e;803779d160;-;-;Tue Jul 30 22:00:37 2013 -0400;1375236037;-;-;Tue Jul 30 22:01:17 2013 -0400;1375236077
481aeeec984433f11781a1999328f9c85848d1b3;481aeeec98;-;-;Tue Jul 30 20:53:31 2013 +0200;1375210411;-;-;Tue Jul 30 22:36:42 2013 +0200;1375216602
3482c170e04546bc44f525f6301a8a1c11b9b014;3482c170e0;-;-;Tue Jul 30 15:40:49 2013 -0400;1375213249;-;-;Tue Jul 30 15:40:49 2013 -0400;1375213249
909577082d7e4a74780bf32bf0c54a1370c76b1f;909577082d;-;-;Sat Jun 1 16:11:56 2013 +1000;1370067116;-;-;Tue Jul 30 15:35:23 2013 -0400;1375212923
4c991ba4d031bc5662265697b6e5a115fd147421;4c991ba4d0;-;-;Tue Jul 30 12:30:21 2013 -0400;1375201821;-;-;Tue Jul 30 12:30:21 2013 -0400;1375201821
1e90d029735e809a8ddb1c60f35e76083b1fe084;1e90d02973;-;-;Tue Jul 30 11:40:54 2013 -0400;1375198854;-;-;Tue Jul 30 11:56:42 2013 -0400;1375199802
676f7f95714530c4d6c5d3a28469f15930938713;676f7f9571;-;-;Tue Jul 30 17:33:49 2013 +0200;1375198429;-;-;Tue Jul 30 17:33:49 2013 +0200;1375198429
f83518860194c7e08da4897c4679bddad0110fe4;f835188601;-;-;Tue Jul 30 17:22:43 2013 +0200;1375197763;-;-;Tue Jul 30 17:22:43 2013 +0200;1375197763
d504d69ae54ec59f17b8106167e416d133135519;d504d69ae5;-;-;Tue Jul 30 17:21:18 2013 +0200;1375197678;-;-;Tue Jul 30 17:21:18 2013 +0200;1375197678
ec527a41218469170a5b0499275c6dc2519b7af4;ec527a4121;-;-;Tue Jul 30 16:48:09 2013 +0200;1375195689;-;-;Tue Jul 30 16:48:09 2013 +0200;1375195689
5ccbc80522eba5a2f0b38a44aac16e7e9c7e7770;5ccbc80522;-;-;Tue Jul 30 15:42:23 2013 +0200;1375191743;-;-;Tue Jul 30 15:42:23 2013 +0200;1375191743
faf54f3966f0fc0a8a6d2b48b27d15346c71a223;faf54f3966;-;-;Thu Jul 25 11:53:44 2013 +0200;1374746024;-;-;Tue Jul 30 14:52:23 2013 +0200;1375188743
ed996ab4b34fc68fa1e544136338725260b60d1b;ed996ab4b3;-;-;Thu Jul 25 11:51:50 2013 +0200;1374745910;-;-;Tue Jul 30 14:52:22 2013 +0200;1375188742
eb6dccd8854a38e3e57e659085b36a4f55e2990a;eb6dccd885;-;-;Mon Jul 29 11:25:24 2013 -0700;1375122324;-;-;Mon Jul 29 11:25:24 2013 -0700;1375122324
5a0e42b76e22b557a4ef2ff7ae6ea5c460fc1470;5a0e42b76e;-;-;Sat Jul 27 15:13:06 2013 -0400;1374952386;-;-;Sat Jul 27 15:17:45 2013 -0400;1374952665
7bb9c6396321a2af04d5322612664672e8df2025;7bb9c63963;-;-;Thu Jul 25 13:20:24 2013 -0400;1374772824;-;-;Thu Jul 25 13:26:03 2013 -0400;1374773163
bc5246938d07820305167e581e7a8ece23ed265e;bc5246938d;-;-;Wed Jul 24 16:50:27 2013 -0700;1374709827;-;-;Wed Jul 24 16:52:01 2013 -0700;1374709921
1678eaaed04c3b9557e26089ca7dd5952976a4b6;1678eaaed0;-;-;Wed Jul 24 13:49:07 2013 -0700;1374698947;-;-;Wed Jul 24 13:49:07 2013 -0700;1374698947
4390591b68bcfb184a48610ec948a501fa3cc2b9;4390591b68;-;-;Wed Jul 24 15:36:30 2013 +0100;1374676590;-;-;Wed Jul 24 16:45:52 2013 -0400;1374698752
b8bfabdce652d994bc7d8714584485a6d4359f21;b8bfabdce6;-;-;Wed Jul 24 11:30:31 2013 -0500;1374683431;-;-;Wed Jul 24 11:31:26 2013 -0500;1374683486
eda60529375b1b4c420f682834e328473bb66bfe;eda6052937;-;-;Wed Jul 24 08:56:11 2013 -0700;1374681371;-;-;Wed Jul 24 08:56:11 2013 -0700;1374681371
b25504554117444d0f887c1eed6d1b3aa92d61c1;b255045541;-;-;Wed Jul 24 10:17:09 2013 -0500;1374679029;-;-;Wed Jul 24 10:17:09 2013 -0500;1374679029
f7c0795c1aa6c05403e0f14eb9798fe82c35d672;f7c0795c1a;-;-;Wed Jul 24 09:21:10 2013 -0500;1374675670;-;-;Wed Jul 24 09:29:17 2013 -0500;1374676157
4da7e304b86c9528d05b51b02459ee071b65e68a;4da7e304b8;-;-;Wed Jul 24 15:54:32 2013 +0200;1374674072;-;-;Wed Jul 24 10:24:13 2013 -0400;1374675853
b6c54c363780d83e5f164d625d236742a3e0a196;b6c54c3637;-;-;Wed Jul 24 15:30:18 2013 +0200;1374672618;-;-;Wed Jul 24 15:30:18 2013 +0200;1374672618
2e4eb9fc10f6037f648c76c80a6e08533f7b34e6;2e4eb9fc10;-;-;Wed Jul 24 14:39:15 2013 +0200;1374669555;-;-;Wed Jul 24 15:29:10 2013 +0200;1374672550
504d5da71fd63d8333c3a491e68a31436b15cd8b;504d5da71f;-;-;Wed Jul 24 14:36:42 2013 +1200;1374633402;-;-;Wed Jul 24 09:13:48 2013 -0400;1374671628
01a71ef5ef9893b74578d25597894b84e9bdcd8c;01a71ef5ef;-;-;Wed Jul 24 13:40:15 2013 +0200;1374666015;-;-;Wed Jul 24 13:40:15 2013 +0200;1374666015
bb95a63edaa5236dab5a5c5f047d8ed37f5abd41;bb95a63eda;-;-;Wed Jul 24 13:39:24 2013 +0200;1374665964;-;-;Wed Jul 24 13:39:24 2013 +0200;1374665964
b8f7a30790d537c3e781b2a6a1658b145701f9d6;b8f7a30790;-;-;Wed Jul 24 13:37:52 2013 +0200;1374665872;-;-;Wed Jul 24 13:37:52 2013 +0200;1374665872
2d1b44202b539e057f2de6cff6b6f92f67de08a4;2d1b44202b;-;-;Wed Jul 24 13:36:59 2013 +0200;1374665819;-;-;Wed Jul 24 13:36:59 2013 +0200;1374665819
f7b7649d790180047f154010dad74dddb127650e;f7b7649d79;-;-;Tue Jul 23 14:49:06 2013 -0700;1374616146;-;-;Tue Jul 23 14:49:06 2013 -0700;1374616146
9eb596a7e55b5f0ba5bbce8b7073cd93b59d9c01;9eb596a7e5;-;-;Tue Jul 23 14:17:19 2013 -0700;1374614239;-;-;Tue Jul 23 14:17:19 2013 -0700;1374614239
9939c4809b98988effa40f249096876de617886e;9939c4809b;-;-;Tue Jul 23 13:33:47 2013 -0700;1374611627;-;-;Tue Jul 23 13:33:47 2013 -0700;1374611627
50333ca68ede797bf40623f95591fe6a2348edca;50333ca68e;-;-;Tue Jul 23 13:32:18 2013 -0700;1374611538;-;-;Tue Jul 23 13:32:18 2013 -0700;1374611538
1204d2aef4afdefb4ba73c86565aab3f5b2a6931;1204d2aef4;-;-;Mon Jul 22 15:46:31 2013 -0700;1374533191;-;-;Mon Jul 22 15:46:31 2013 -0700;1374533191
4500bf7661493aa236510a4151cd58f7af66e9dd;4500bf7661;-;-;Mon Jul 22 13:30:38 2013 -0700;1374525038;-;-;Mon Jul 22 13:30:38 2013 -0700;1374525038
5b6ef120bc58b6e7672c570cd756cbaa4a366d13;5b6ef120bc;-;-;Mon Jul 22 12:37:17 2013 -0700;1374521837;-;-;Mon Jul 22 12:37:17 2013 -0700;1374521837
66cfe9f0e64aff1fe75b95d8445944f5284a0496;66cfe9f0e6;-;-;Mon Jul 22 10:52:49 2013 -0700;1374515569;-;-;Mon Jul 22 10:52:49 2013 -0700;1374515569
6580d6b15cd3ede8e65a60932c677eb5a7e7069f;6580d6b15c;-;-;Sun Jul 21 17:53:16 2013 -0700;1374454396;-;-;Sun Jul 21 17:54:18 2013 -0700;1374454458
d7e800abbce3402effe9cc9a6d16995029d86fc4;d7e800abbc;-;-;Sun Jul 21 16:10:35 2013 -0700;1374448235;-;-;Sun Jul 21 17:54:18 2013 -0700;1374454458
02949fc4a7248c0e329f688c3ae2a1a8eb048e6e;02949fc4a7;-;-;Sun Jul 21 20:39:07 2013 -0400;1374453547;-;-;Sun Jul 21 20:39:07 2013 -0400;1374453547
b3c7c18c1b800a800c1748a7b85d65eae40ff94f;b3c7c18c1b;-;-;Sun Jul 21 12:06:36 2013 -0400;1374422796;-;-;Sun Jul 21 12:07:50 2013 -0400;1374422870
2cdac267f7fa27e0e684c9c0f86bb3b0f3018f06;2cdac267f7;-;-;Sun Jul 21 12:06:18 2013 -0400;1374422778;-;-;Sun Jul 21 12:07:50 2013 -0400;1374422870
587877c6da90d963a05c71311769f9265dca27bc;587877c6da;-;-;Tue Jul 2 15:03:39 2013 -0700;1372802619;-;-;Fri Jul 19 14:36:19 2013 -0700;1374269779
d0d670cd7dab2c3e428910b6d0297df5425ca179;d0d670cd7d;-;-;Fri Jul 19 16:52:33 2013 -0400;1374267153;-;-;Fri Jul 19 17:22:58 2013 -0400;1374268978
a4c15d6678e63b6d70af79d4c97c40e75c2e9152;a4c15d6678;-;-;Fri Jul 19 15:23:54 2013 -0400;1374261834;-;-;Fri Jul 19 17:22:58 2013 -0400;1374268978
da1fafa93084f2fa175d2209b02b8bb697c8846e;da1fafa930;-;-;Fri Jul 19 14:24:07 2013 -0400;1374258247;-;-;Fri Jul 19 17:22:58 2013 -0400;1374268978
90c4712d0682dc3efea93e97f978b5f000bbf54f;90c4712d06;-;-;Fri Jul 19 13:46:27 2013 -0400;1374255987;-;-;Fri Jul 19 17:22:58 2013 -0400;1374268978
f86a3283be6ddd209786a81cd892b16154105799;f86a3283be;-;-;Fri Jul 19 14:11:32 2013 -0700;1374268292;-;-;Fri Jul 19 14:11:32 2013 -0700;1374268292
ab0d760d0a330cf0f94f59b323f73c98e69515dd;ab0d760d0a;-;-;Fri Jul 19 13:44:55 2013 -0700;1374266695;-;-;Fri Jul 19 13:44:55 2013 -0700;1374266695
b704d62aad99c54dde89ae2ba17c5cfd160d4593;b704d62aad;-;-;Fri Jul 19 13:17:17 2013 -0700;1374265037;-;-;Fri Jul 19 13:17:17 2013 -0700;1374265037
1a8f0d6a9e37d12b31a2fe7bc1fbc2c91700a08e;1a8f0d6a9e;-;-;Fri Jul 19 13:10:16 2013 -0700;1374264616;-;-;Fri Jul 19 13:10:16 2013 -0700;1374264616
2c030d4dcf4866bccc7a59d47398d6bc0de52ce2;2c030d4dcf;-;-;Fri Jul 19 14:19:23 2013 +0200;1374236363;-;-;Fri Jul 19 11:02:20 2013 -0400;1374246140
3272917cf276017df63a214e18d2914999b0baeb;3272917cf2;-;-;Fri Jul 19 10:57:23 2013 -0400;1374245843;-;-;Fri Jul 19 10:57:23 2013 -0400;1374245843
675ec4c3e2664d387c13a9bc1af58db2048b16a1;675ec4c3e2;-;-;Thu Jul 18 21:53:39 2013 -0400;1374198819;-;-;Thu Jul 18 21:53:39 2013 -0400;1374198819
7bab8796237a1104dd21413a3e96c311bab1889d;7bab879623;-;-;Thu Jul 18 21:20:01 2013 -0400;1374196801;-;-;Thu Jul 18 21:20:01 2013 -0400;1374196801
82ec06ad349426acf663f8edc22dd7716c4ff2cd;82ec06ad34;-;-;Thu Jul 18 17:53:48 2013 -0400;1374184428;-;-;Thu Jul 18 17:53:48 2013 -0400;1374184428
2a15b5a89585c24203e32537b0306cff45076638;2a15b5a895;-;-;Thu Jul 18 17:06:50 2013 -0400;1374181610;-;-;Thu Jul 18 17:06:50 2013 -0400;1374181610
9af1984b39791aabe7d8bd265b21b3157c5db64c;9af1984b39;-;-;Thu Jul 18 12:13:02 2013 -0400;1374163982;-;-;Thu Jul 18 12:13:02 2013 -0400;1374163982
860e56ea8447f30beb2edb7483485177e8c0c709;860e56ea84;-;-;Thu Jul 18 11:25:07 2013 -0400;1374161107;-;-;Thu Jul 18 11:25:07 2013 -0400;1374161107
aa6f30482f5dd9000e18910305e34fb6ca880b95;aa6f30482f;-;-;Wed Jul 17 23:00:17 2013 -0400;1374116417;-;-;Wed Jul 17 23:00:17 2013 -0400;1374116417
3e5372589649b46a61911bf867d6938cbdb1755a;3e53725896;-;-;Wed Jul 17 22:43:30 2013 -0400;1374115410;-;-;Wed Jul 17 22:43:30 2013 -0400;1374115410
a109d6adc701e981eede518fd4b707b888ea4623;a109d6adc7;-;-;Wed Jul 17 22:40:44 2013 -0400;1374115244;-;-;Wed Jul 17 22:40:44 2013 -0400;1374115244
6eea4ad68be1d049652911813ac62b0b92a2e72e;6eea4ad68b;-;-;Wed Jul 17 22:39:51 2013 -0400;1374115191;-;-;Wed Jul 17 22:39:51 2013 -0400;1374115191
7823c5d6ea6d0074f27f765066ba51daf990074d;7823c5d6ea;-;-;Wed Jul 17 18:40:32 2013 -0400;1374100832;-;-;Wed Jul 17 18:40:32 2013 -0400;1374100832
8a8501a9925a9f86b34681a11cd64ee87026f0d5;8a8501a992;-;-;Wed Jul 17 18:23:27 2013 -0400;1374099807;-;-;Wed Jul 17 18:23:27 2013 -0400;1374099807
329fbf31bcb7fdae93cf1e5bb32d86f4346855df;329fbf31bc;-;-;Wed Jul 17 18:16:39 2013 -0400;1374099399;-;-;Wed Jul 17 18:16:39 2013 -0400;1374099399
d73c2e26a5ec99ca87d40e68c9edb0db3422b48d;d73c2e26a5;-;-;Wed Jul 17 13:58:45 2013 -0400;1374083925;-;-;Wed Jul 17 13:58:45 2013 -0400;1374083925
ba7998d03b7bf21b30d12e073506f8a1e60fe147;ba7998d03b;-;-;Wed Jul 17 10:09:55 2013 -0400;1374070195;-;-;Wed Jul 17 10:09:55 2013 -0400;1374070195
078cfb3e78d957c51dc545b62c6fb9910ea84ddb;078cfb3e78;-;-;Tue Jul 16 22:07:46 2013 -0400;1374026866;-;-;Tue Jul 16 22:07:46 2013 -0400;1374026866
55dae74f156c1c8326e182e5f1eb7a162cba56a8;55dae74f15;-;-;Tue Jul 16 10:24:45 2013 -0400;1373984685;-;-;Tue Jul 16 10:24:45 2013 -0400;1373984685
e0d393eed3b2158a7027fe09383d21265f5edfd0;e0d393eed3;-;-;Mon Jul 15 17:45:54 2013 -0400;1373924754;-;-;Mon Jul 15 17:45:54 2013 -0400;1373924754
5d20b75dc215aa4d732d97f53266810c7d936be0;5d20b75dc2;-;-;Sun Jul 14 21:10:15 2013 -0400;1373850615;-;-;Sun Jul 14 21:10:15 2013 -0400;1373850615
2a48ad88fb1ea72f14477447b9515d0537ec93c8;2a48ad88fb;-;-;Sat Jul 13 19:05:32 2013 -0400;1373756732;-;-;Sat Jul 13 19:05:32 2013 -0400;1373756732
f5f3f66b130e4847a69c4f060175d28304808a58;f5f3f66b13;-;-;Fri Jul 12 19:42:31 2013 -0400;1373672551;-;-;Fri Jul 12 19:42:31 2013 -0400;1373672551
bd68fefc6f9b61b49bdadcad83f6eeb79d4ae96f;bd68fefc6f;-;-;Fri Jul 12 15:30:12 2013 -0400;1373657412;-;-;Fri Jul 12 15:30:12 2013 -0400;1373657412
210be9cde42efc2e958eb602fd93bbc71ac609c2;210be9cde4;-;-;Fri Jul 12 15:15:37 2013 -0400;1373656537;-;-;Fri Jul 12 15:15:37 2013 -0400;1373656537
d3cecfc6cc95e2ff01223e2e6b275013477810ab;d3cecfc6cc;-;-;Fri Jul 12 09:02:51 2013 -0400;1373634171;-;-;Fri Jul 12 13:44:41 2013 -0400;1373651081
280384515140ddd9099e890491be8bab28271062;2803845151;-;-;Wed Jul 10 16:00:40 2013 -0400;1373486440;-;-;Wed Jul 10 16:00:40 2013 -0400;1373486440
dbc904b647a265fb2d267d3957f34e9606886a2a;dbc904b647;-;-;Mon Jul 8 11:34:56 2013 -0400;1373297696;-;-;Mon Jul 8 11:34:56 2013 -0400;1373297696
3a2f5e71b7867328e325f773790ac2b2c10f78b9;3a2f5e71b7;-;-;Sun Jul 7 14:18:58 2013 -0400;1373221138;-;-;Sun Jul 7 14:18:58 2013 -0400;1373221138
f25ccac1a11767d2dab1a1ae53fbbe34bf6cde18;f25ccac1a1;-;-;Fri Jul 5 13:38:51 2013 -0400;1373045931;-;-;Fri Jul 5 13:38:51 2013 -0400;1373045931
96cb7c06166a08d0b606083a025d9065c167004f;96cb7c0616;-;-;Fri Jul 5 12:21:45 2013 -0400;1373041305;-;-;Fri Jul 5 12:21:45 2013 -0400;1373041305
0c92b85c3d1cdef1918d007d8ad91871b71641df;0c92b85c3d;-;-;Fri Jul 5 11:11:19 2013 -0400;1373037079;-;-;Fri Jul 5 11:11:19 2013 -0400;1373037079
9dd7f6e5fbd50e4e0e7581882f7afda2c2db7462;9dd7f6e5fb;-;-;Fri Jul 5 10:59:04 2013 -0400;1373036344;-;-;Fri Jul 5 10:59:04 2013 -0400;1373036344
ef823721e5a6f09830aa0482f06796576cceb8ae;ef823721e5;-;-;Thu Jul 4 11:38:21 2013 -0400;1372952301;-;-;Thu Jul 4 11:38:21 2013 -0400;1372952301
078c766b8063a4adb6b0b148488e44fcaf72a53e;078c766b80;-;-;Thu Jun 27 15:50:55 2013 -0400;1372362655;-;-;Thu Jul 4 11:23:40 2013 -0400;1372951420
e1080a076375a6de7cb8be83d70c9e571e471a24;e1080a0763;-;-;Thu Jul 4 09:55:00 2013 -0400;1372946100;-;-;Thu Jul 4 09:55:00 2013 -0400;1372946100
8560582c405e03c6fd7206b7c1f177218f7b6aa9;8560582c40;-;-;Wed Jul 3 20:59:17 2013 -0400;1372899557;-;-;Wed Jul 3 20:59:17 2013 -0400;1372899557
52d378d41f9499b3fb1ecad372be13bb0b3c7fb7;52d378d41f;-;-;Tue Jul 2 13:46:13 2013 -0700;1372797973;-;-;Wed Jul 3 20:44:53 2013 -0400;1372898693
7a85827c4856bfc65a5fd21e476c1424054b5925;7a85827c48;-;-;Tue Jul 2 13:39:04 2013 -0700;1372797544;-;-;Wed Jul 3 20:44:53 2013 -0400;1372898693
0a68c9930fcd5b94d85c35329603960e1a898a2e;0a68c9930f;-;-;Wed Jul 3 20:40:56 2013 -0400;1372898456;-;-;Wed Jul 3 20:40:56 2013 -0400;1372898456
e694cc16c72a5304e031ff144de340ebb72b93df;e694cc16c7;-;-;Mon Jul 1 12:00:35 2013 +0100;1372676435;-;-;Mon Jul 1 12:13:17 2013 -0400;1372695197
98d70733704fd96b999e1664a6609e5191affc2d;98d7073370;-;-;Mon Jul 1 10:49:44 2013 +0100;1372672184;-;-;Mon Jul 1 12:11:12 2013 -0400;1372695072
8ab5f23643fffc50e5e138300e3fe448498293ad;8ab5f23643;-;-;Sat Jun 29 12:54:31 2013 -0400;1372524871;-;-;Sat Jun 29 12:54:31 2013 -0400;1372524871
3e2746742001b9bc71d9717c6483ea22652aeb28;3e27467420;-;-;Fri Jun 28 10:41:04 2013 -0400;1372430464;-;-;Fri Jun 28 10:41:04 2013 -0400;1372430464
ea7622ed9af197cbd643112a60b6f2886c0c9a01;ea7622ed9a;-;-;Fri Jun 28 10:38:25 2013 -0400;1372430305;-;-;Fri Jun 28 10:38:25 2013 -0400;1372430305
e24b71e70035f9a9baf7ec19c279311eceec31a9;e24b71e700;-;-;Fri Jun 28 11:49:28 2013 +0100;1372416568;-;-;Fri Jun 28 11:49:28 2013 +0100;1372416568
d650e909b2e6905be208adca71e1fcf40d5c94c5;d650e909b2;-;-;Thu Jun 27 15:58:12 2013 -0400;1372363092;-;-;Thu Jun 27 15:58:12 2013 -0400;1372363092
9bdc825dedf6fef6902878a5e18f357970444b26;9bdc825ded;-;-;Thu Jun 27 15:47:46 2013 -0400;1372362466;-;-;Thu Jun 27 15:47:46 2013 -0400;1372362466
e7d9c26a7c45976205f8587a5e28792215b9075a;e7d9c26a7c;-;-;Thu Jun 27 12:43:56 2013 -0400;1372351436;-;-;Thu Jun 27 12:43:56 2013 -0400;1372351436
ee9c46ad2e73b9dbea6588b06bf2a00d1e0288ff;ee9c46ad2e;-;-;Wed Jun 26 11:09:37 2013 -0400;1372259377;-;-;Wed Jun 26 11:09:37 2013 -0400;1372259377
486b4101ec6675a53c1595350878a10857518331;486b4101ec;-;-;Tue Jun 25 16:31:52 2013 -0400;1372192312;-;-;Tue Jun 25 16:31:52 2013 -0400;1372192312
ac23832e4df5d5291c87ded4f56d198b3fa00c04;ac23832e4d;-;-;Mon Jun 24 11:47:59 2013 -0400;1372088879;-;-;Mon Jun 24 11:47:59 2013 -0400;1372088879
32cb2ca2e783da0af754e5a8cad4947d6a9d606a;32cb2ca2e7;-;-;Mon Jun 24 11:14:48 2013 -0400;1372086888;-;-;Mon Jun 24 11:14:48 2013 -0400;1372086888
f7f66f2e5c18a614a7d741b5ca3d6a07cb49fd8e;f7f66f2e5c;-;-;Mon Jun 24 09:59:27 2013 -0400;1372082367;-;-;Mon Jun 24 09:59:27 2013 -0400;1372082367
55a212d4a045848c3219a39f18a5fa17430a2546;55a212d4a0;-;-;Wed Jun 19 22:17:59 2013 -0400;1371694679;-;-;Wed Jun 19 22:17:59 2013 -0400;1371694679
01c4e458c75bbdcff3772dce2c0fada56c8993b9;01c4e458c7;-;-;Wed Jun 19 18:54:51 2013 -0400;1371682491;-;-;Wed Jun 19 18:54:51 2013 -0400;1371682491
44db0f815a99189edb806609e340087f2c847d95;44db0f815a;-;-;Wed Jun 19 15:30:23 2013 -0400;1371670223;-;-;Wed Jun 19 15:30:23 2013 -0400;1371670223
5cfc59d76deb1ece83f536ab8bac794f37a18606;5cfc59d76d;-;-;Wed Jun 19 11:30:01 2013 -0400;1371655801;-;-;Wed Jun 19 11:41:43 2013 -0400;1371656503
811bb1b0c9a7e66281155b507b41226b058cd8f9;811bb1b0c9;-;-;Wed Jun 19 08:28:58 2013 -0400;1371644938;-;-;Wed Jun 19 08:28:58 2013 -0400;1371644938
28174744a74e08cc974a54041e304dc4aafa5334;28174744a7;-;-;Wed Jun 19 11:02:10 2013 +0100;1371636130;-;-;Wed Jun 19 11:02:10 2013 +0100;1371636130
3c6c56fe0de9f31bf5f31e8f414f294fd03624dd;3c6c56fe0d;-;-;Tue Jun 18 20:55:22 2013 -0400;1371603322;-;-;Tue Jun 18 20:55:22 2013 -0400;1371603322
3f9da6f4809431a323a627c719cc28987fb6945e;3f9da6f480;-;-;Tue Jun 18 20:35:15 2013 -0400;1371602115;-;-;Tue Jun 18 20:35:15 2013 -0400;1371602115
f6398e14d0eb53c6469310e3a7d2e91de75e4baf;f6398e14d0;-;-;Mon Jun 17 15:27:32 2013 +0100;1371479252;-;-;Mon Jun 17 21:04:23 2013 -0400;1371517463
7bb3b824c36cb9ca038e81719e60392cf6496a35;7bb3b824c3;-;-;Mon Jun 17 17:05:39 2013 +0100;1371485139;-;-;Mon Jun 17 21:03:24 2013 -0400;1371517404
426875b4f65a8586ef3b9108e3d88585e9e298e3;426875b4f6;-;-;Mon Jun 17 15:14:26 2013 +0100;1371478466;-;-;Mon Jun 17 16:29:31 2013 -0400;1371500971
3dabe215634d470d9a2a74ba0ac9edbca51a6e15;3dabe21563;-;-;Mon Jun 17 10:22:58 2013 -0400;1371478978;-;-;Mon Jun 17 10:22:58 2013 -0400;1371478978
6f4cc4f1707bb5cdbd9cff93ada1a6699d7fc3ff;6f4cc4f170;-;-;Fri Jun 14 22:24:03 2013 -0400;1371263043;-;-;Fri Jun 14 22:24:03 2013 -0400;1371263043
4f7d77f63147d9cce4392208a61a2601702557b0;4f7d77f631;-;-;Fri Jun 14 22:07:47 2013 -0400;1371262067;-;-;Fri Jun 14 22:07:47 2013 -0400;1371262067
c5b1f02c3af9a70bcfd9088482378bd930bc043a;c5b1f02c3a;-;-;Fri Jun 14 16:30:02 2013 -0400;1371241802;-;-;Fri Jun 14 16:30:02 2013 -0400;1371241802
3022f5e34fed329998589b719f3fd545c271a9db;3022f5e34f;-;-;Fri Jun 14 12:34:12 2013 +0100;1371209652;-;-;Fri Jun 14 12:34:12 2013 +0100;1371209652
641aaf4b6ac3c810b2ed515293e9561bdd5609ab;641aaf4b6a;-;-;Thu Jun 13 21:48:51 2013 -0400;1371174531;-;-;Thu Jun 13 21:48:51 2013 -0400;1371174531
78d1063e37874b7ef0ed70d14f503aa3ab75ade6;78d1063e37;-;-;Thu Jun 13 15:24:49 2013 -0400;1371151489;-;-;Thu Jun 13 15:24:49 2013 -0400;1371151489
d136d06eda586ea7a80f8495397987959f0bb702;d136d06eda;-;-;Thu Jun 13 13:49:33 2013 -0400;1371145773;-;-;Thu Jun 13 13:51:21 2013 -0400;1371145881
bfba9115a6594b1f773bc97dcc682763a3926752;bfba9115a6;-;-;Thu Jun 13 09:15:29 2013 -0700;1371140129;-;-;Thu Jun 13 09:15:29 2013 -0700;1371140129
3712f73f387eedc54fc88c78a89de4d7916b9c69;3712f73f38;-;-;Thu Jun 13 01:36:55 2013 -0400;1371101815;-;-;Thu Jun 13 01:36:55 2013 -0400;1371101815
3e0aac08dc137748aa2ac2637aac029edaffab08;3e0aac08dc;-;-;Thu Jun 13 01:13:37 2013 -0400;1371100417;-;-;Thu Jun 13 01:13:37 2013 -0400;1371100417
a1cfa3832e8319e04f797db6a7d5c48d67b2e194;a1cfa3832e;-;-;Thu Jun 13 01:13:04 2013 -0400;1371100384;-;-;Thu Jun 13 01:13:04 2013 -0400;1371100384
c420f37137725e144c6aae9b1bd176ee3117890c;c420f37137;-;-;Wed Jun 12 13:39:35 2013 -0400;1371058775;-;-;Wed Jun 12 13:39:35 2013 -0400;1371058775
82dfd781d06469b9515deec44795213e85c44c6b;82dfd781d0;-;-;Wed Jun 12 09:43:40 2013 -0400;1371044620;-;-;Wed Jun 12 09:43:40 2013 -0400;1371044620
ad41f095a163fd262e9d6db36c02449662b14d70;ad41f095a1;-;-;Tue Jun 11 17:07:48 2013 -0400;1370984868;-;-;Tue Jun 11 17:07:48 2013 -0400;1370984868
e7dde941b7d9af04bb4a8dd5d68e9ccf4ad92b6e;e7dde941b7;-;-;Tue Jun 11 10:49:31 2013 -0400;1370962171;-;-;Tue Jun 11 10:49:31 2013 -0400;1370962171
d26b9d60e5b8fdae01936870b1b68d4e2039aa52;d26b9d60e5;-;-;Tue Jun 11 01:52:32 2013 -0400;1370929952;-;-;Tue Jun 11 01:52:32 2013 -0400;1370929952
547167e8b440feea5a71cd31df28224b171cf9d3;547167e8b4;-;-;Mon Jun 10 13:59:19 2013 -0400;1370887159;-;-;Mon Jun 10 13:59:19 2013 -0400;1370887159
84c55f90db9e43621e9e73d702b678d36c207480;84c55f90db;-;-;Mon Jun 10 10:09:24 2013 -0400;1370873364;-;-;Mon Jun 10 10:09:24 2013 -0400;1370873364
de899820c9a72741205e3a9e458e2620fa84e481;de899820c9;-;-;Sun Jun 9 19:36:46 2013 -0400;1370821006;-;-;Sun Jun 9 19:36:46 2013 -0400;1370821006
8913283ce03b9f784a336d549b3eb1e49662d449;8913283ce0;-;-;Mon Jun 3 19:35:28 2013 -0400;1370302528;-;-;Mon Jun 3 19:35:40 2013 -0400;1370302540
b194d4d6a06f32805e6208088621d371eab0c8f5;b194d4d6a0;-;-;Thu May 30 11:50:07 2013 -0400;1369929007;-;-;Thu May 30 15:29:46 2013 -0400;1369942186
4de40fad8ec30a66ab837336144d8261d041f9b1;4de40fad8e;-;-;Thu May 30 10:13:54 2013 -0400;1369923234;-;-;Thu May 30 15:29:20 2013 -0400;1369942160
2b5acbda997b8c235d415c14e9ac1987fbab492a;2b5acbda99;-;-;Tue May 28 12:20:56 2013 -0400;1369758056;-;-;Thu May 30 15:28:42 2013 -0400;1369942122
69ef364ef9b874db3c88f7a3f84f6ab5182d22c7;69ef364ef9;-;-;Tue May 28 12:03:04 2013 -0400;1369756984;-;-;Thu May 30 15:28:42 2013 -0400;1369942122
c67b69433907bfc7108d2a85e849b0cdd12468d0;c67b694339;-;-;Tue May 28 10:06:53 2013 -0400;1369750013;-;-;Thu May 30 15:28:42 2013 -0400;1369942122
3eac62925b40abecb92a3a520ec61132f08b0af1;3eac62925b;-;-;Fri May 24 15:27:03 2013 -0400;1369423623;-;-;Thu May 30 15:28:42 2013 -0400;1369942122
730d456e84c66a0d15e6ca8bbbe83002c36f2105;730d456e84;-;-;Wed Apr 17 11:34:58 2013 -0400;1366212898;-;-;Thu May 30 15:28:42 2013 -0400;1369942122
827e20e37f342878bde169f8876f962c5173723b;827e20e37f;-;-;Thu May 30 15:25:01 2013 -0400;1369941901;-;-;Thu May 30 15:25:01 2013 -0400;1369941901
e63ee1ee5a5f71f63dad66f370d7a3ef6cdf0f19;e63ee1ee5a;-;-;Tue May 28 14:25:57 2013 -0700;1369776357;-;-;Tue May 28 14:25:57 2013 -0700;1369776357
ba45f703427e70f49db805cb1b72dd3be9e15b14;ba45f70342;-;-;Tue May 28 13:52:01 2013 +0200;1369741921;-;-;Tue May 28 13:52:01 2013 +0200;1369741921
3c73a8fc4f2f4a5e6f1751d01c3ec6493f65eff1;3c73a8fc4f;-;-;Tue May 28 13:54:14 2013 +0300;1369738454;-;-;Tue May 28 13:54:14 2013 +0300;1369738454
00fea1f7155b9537b4a847cdae09274b6cf902ca;00fea1f715;-;-;Sun May 26 14:28:37 2013 +0200;1369571317;-;-;Sun May 26 14:28:37 2013 +0200;1369571317
07b7553355d98aa700cef0975893d0a308a9b342;07b7553355;-;-;Wed May 22 14:57:10 2013 -0500;1369252630;-;-;Wed May 22 14:57:22 2013 -0500;1369252642
bf205bfe79353956aed6c1d471a8604f53dd1559;bf205bfe79;-;-;Sun May 19 18:00:05 2013 +0200;1368979205;-;-;Wed May 22 14:57:21 2013 -0500;1369252641
3865a8706c332fbdb5ac735976a7d9249bcb684d;3865a8706c;-;-;Wed May 22 10:06:13 2013 +0200;1369209973;-;-;Wed May 22 10:06:13 2013 +0200;1369209973
eae0f8b53a1c9c69f09125b9b4f35cfae9a15f54;eae0f8b53a;-;-;Wed May 22 00:58:23 2013 -0700;1369209503;-;-;Wed May 22 00:58:23 2013 -0700;1369209503
08f255d7469c1f5fa770965b0aadaea09573e2fb;08f255d746;-;-;Wed May 22 09:55:18 2013 +0200;1369209318;-;-;Wed May 22 09:55:18 2013 +0200;1369209318
d97f6cf5b8d1e3e18ace9d4b5a3e112c1f986b7b;d97f6cf5b8;-;-;Wed May 22 09:48:14 2013 +0200;1369208894;-;-;Wed May 22 09:48:14 2013 +0200;1369208894
f9b5b1df53707b7031e38afc90443f55750ee707;f9b5b1df53;-;-;Fri May 17 09:55:02 2013 -0700;1368809702;-;-;Fri May 17 09:55:02 2013 -0700;1368809702
9ee292aaf79649a3ce86c184ec91cf0928fedac3;9ee292aaf7;-;-;Thu May 16 21:43:41 2013 -0700;1368765821;-;-;Thu May 16 21:43:41 2013 -0700;1368765821
6fe50b502fa2a564692be3419d7f21d96b6c5f64;6fe50b502f;-;-;Thu May 16 17:06:30 2013 -0700;1368749190;-;-;Thu May 16 17:06:30 2013 -0700;1368749190
87a9602f65c430f34ccc291676a890054ba3ddea;87a9602f65;-;-;Thu May 16 19:12:27 2013 -0400;1368745947;-;-;Thu May 16 19:12:27 2013 -0400;1368745947
fb4e34fce486315935a0292ac0dbe7e0b1497f7f;fb4e34fce4;-;-;Thu May 16 12:16:56 2013 -0400;1368721016;-;-;Thu May 16 12:17:40 2013 -0400;1368721060
814d24e64fb6d1d1233e2b3754c07e336c6775cc;814d24e64f;-;-;Thu May 16 18:05:56 2013 +0200;1368720356;-;-;Thu May 16 18:05:56 2013 +0200;1368720356
16548d23e9ef5d0abcef38d677241d5945c427c1;16548d23e9;-;-;Thu May 16 16:10:36 2013 +0200;1368713436;-;-;Thu May 16 16:10:36 2013 +0200;1368713436
a19c976f7f2ef9bb295552018e9c1e6f4ef3af65;a19c976f7f;-;-;Thu May 16 16:09:54 2013 +0200;1368713394;-;-;Thu May 16 16:09:54 2013 +0200;1368713394
c8b071c89e17bc7c2bb6454905f16a16dc0b50db;c8b071c89e;-;-;Thu May 16 14:25:40 2013 +0200;1368707140;-;-;Thu May 16 14:33:15 2013 +0200;1368707595
cd3d0c35c345baa64e0a85c3fda127d36150ee67;cd3d0c35c3;-;-;Thu May 16 13:50:58 2013 +0200;1368705058;-;-;Thu May 16 14:33:14 2013 +0200;1368707594
81bce424cb0abac468ea5c5e1cfa6f8d071e48ba;81bce424cb;-;-;Wed May 15 16:27:56 2013 -0400;1368649676;-;-;Wed May 15 21:31:51 2013 -0400;1368667911
28164b4b23125328873fc096035b9800bb1d4075;28164b4b23;-;-;Wed May 15 23:54:51 2013 +0200;1368654891;-;-;Wed May 15 23:54:51 2013 +0200;1368654891
7e0157851553f048443fcf48fa920b59970ca43c;7e01578515;-;-;Wed May 15 23:41:32 2013 +0200;1368654092;-;-;Wed May 15 23:41:32 2013 +0200;1368654092
7cddeb6db9c04dc318af838299a6e5c37d96f8f3;7cddeb6db9;-;-;Wed May 15 17:19:57 2013 +0200;1368631197;-;-;Wed May 15 17:19:57 2013 +0200;1368631197
070103b17ee403d7b6ddfd68599fa7a4771dfbdf;070103b17e;-;-;Wed May 15 16:41:32 2013 +0200;1368628892;-;-;Wed May 15 16:41:32 2013 +0200;1368628892
3f7007f73a3b8d660e9ff0224f1d87483650d2c2;3f7007f73a;-;-;Wed May 15 13:47:03 2013 +0200;1368618423;-;-;Wed May 15 14:30:32 2013 +0200;1368621032
d1859c8c861cce15aa14dbe512110569d936386e;d1859c8c86;-;-;Mon May 13 16:55:34 2013 +0200;1368456934;-;-;Wed May 15 14:24:25 2013 +0200;1368620665
a86283eb28f9bbe532d2d8128fcdc12e1207da8f;a86283eb28;-;-;Tue May 14 22:06:59 2013 -0400;1368583619;-;-;Tue May 14 22:06:59 2013 -0400;1368583619
d23de282a668bbfc271575cff091d7c8c971fbf2;d23de282a6;-;-;Tue May 14 21:16:32 2013 -0400;1368580592;-;-;Tue May 14 21:32:09 2013 -0400;1368581529
db596d23dea7a8f35b52581d92b00a18c3f45335;db596d23de;-;-;Tue May 14 17:01:46 2013 -0400;1368565306;-;-;Tue May 14 17:01:46 2013 -0400;1368565306
6825aaf41fbba3e2ba45b034e0bd61ef168c6f46;6825aaf41f;-;-;Tue May 14 16:41:03 2013 -0400;1368564063;-;-;Tue May 14 16:41:47 2013 -0400;1368564107
59ef34d769ecb1dd6d2e155af74b79a56d0cb9cc;59ef34d769;-;-;Tue May 14 21:20:24 2013 +0200;1368559224;-;-;Tue May 14 21:20:24 2013 +0200;1368559224
5dbbd8fe72bdd695878e6f0b8a101d1f858ab856;5dbbd8fe72;-;-;Tue May 14 21:16:04 2013 +0200;1368558964;-;-;Tue May 14 21:16:04 2013 +0200;1368558964
278a5924cb530f5b232e5af0f9ab04bd239600c8;278a5924cb;-;-;Tue May 14 14:32:25 2013 -0400;1368556345;-;-;Tue May 14 14:32:25 2013 -0400;1368556345
9ca03cf7724e74d20643299a79557d24ebaa6083;9ca03cf772;-;-;Tue May 14 14:30:55 2013 -0400;1368556255;-;-;Tue May 14 14:30:55 2013 -0400;1368556255
05084d504bca9351f39c949de45378ede28ff272;05084d504b;-;-;Tue May 14 12:00:51 2013 -0400;1368547251;-;-;Tue May 14 13:59:15 2013 -0400;1368554355
6a5acb937249549e8597b75eb763ee295d3d7732;6a5acb9372;-;-;Tue May 14 12:24:00 2013 -0500;1368552240;-;-;Tue May 14 12:24:00 2013 -0500;1368552240
14617447a6bf70a526a95a3c92b3284a57dc203d;14617447a6;-;-;Tue May 14 17:44:06 2013 +0200;1368546246;-;-;Tue May 14 17:44:06 2013 +0200;1368546246
bc3e5851b3212d5ac2599eeb30038a1eff3ffae5;bc3e5851b3;-;-;Tue May 14 17:43:13 2013 +0200;1368546193;-;-;Tue May 14 17:43:13 2013 +0200;1368546193
25e29b851dfbb66ff995adf2b12c50f5882b799d;25e29b851d;-;-;Tue May 14 15:08:52 2013 +0200;1368536932;-;-;Tue May 14 16:02:52 2013 +0200;1368540172
23737a4516a2e582b2010ea58cf10d25620035b1;23737a4516;-;-;Tue May 14 08:54:25 2013 -0500;1368539665;-;-;Tue May 14 08:54:25 2013 -0500;1368539665
94685481162a93666fc2f39b66223833a6bcb418;9468548116;-;-;Mon May 13 16:47:34 2013 -0500;1368481654;-;-;Mon May 13 17:04:56 2013 -0500;1368482696
30db112d37b382a3248f3b9db2c2634e94f2ca45;30db112d37;-;-;Fri May 10 17:26:35 2013 -0400;1368221195;-;-;Fri May 10 17:31:11 2013 -0400;1368221471
6fa493908bb4371ddc7218aa0216e984c011a7ca;6fa493908b;-;-;Fri May 10 22:12:28 2013 +0200;1368216748;-;-;Fri May 10 22:13:23 2013 +0200;1368216803
1f0f46fb06eca7f035f38098f1dfceff4c8618e1;1f0f46fb06;-;-;Fri May 10 22:11:40 2013 +0200;1368216700;-;-;Fri May 10 22:11:40 2013 +0200;1368216700
0634555424a8742bbe95333c49975437af6eacf8;0634555424;-;-;Fri May 10 12:47:44 2013 -0400;1368204464;-;-;Fri May 10 12:47:44 2013 -0400;1368204464
e39fe1822daf086ebacc9cdb284490c4c26f5be2;e39fe1822d;-;-;Fri May 10 12:31:00 2013 -0400;1368203460;-;-;Fri May 10 12:31:00 2013 -0400;1368203460
c0cacfcd68179fa947163ca59b90e50c8a7fcd6b;c0cacfcd68;-;-;Fri May 10 11:56:50 2013 -0400;1368201410;-;-;Fri May 10 11:56:50 2013 -0400;1368201410
aaded7e30b06cc70a354856a2288acd04045b673;aaded7e30b;-;-;Fri May 10 11:10:15 2013 -0400;1368198615;-;-;Fri May 10 11:10:15 2013 -0400;1368198615
78fcd28389aefc6a767121fd637d9df97562fbed;78fcd28389;-;-;Fri May 10 10:42:42 2013 -0400;1368196962;-;-;Fri May 10 10:42:42 2013 -0400;1368196962
640555194ba5945fdb03b6cd862e0bcc786d5d3d;640555194b;-;-;Fri May 10 01:31:15 2013 +0200;1368142275;-;-;Fri May 10 01:32:00 2013 +0200;1368142320
30b21a987e93f732e155e5282760489f893790e6;30b21a987e;-;-;Wed Mar 6 16:56:26 2013 -0800;1362617786;-;-;Thu May 9 15:05:40 2013 -0700;1368137140
8b904102ff230fc7339c4f3c65cbc4b481cc3106;8b904102ff;-;-;Thu May 9 14:57:16 2013 -0700;1368136636;-;-;Thu May 9 14:57:16 2013 -0700;1368136636
3126a4cf468e90148e8bc337abfd89c7d05d4cca;3126a4cf46;-;-;Wed May 8 19:56:43 2013 -0700;1368068203;-;-;Wed May 8 19:56:43 2013 -0700;1368068203
eb1776e79df3c1b7916bf11a61bdc33ba6889d38;eb1776e79d;-;-;Wed May 8 19:39:12 2013 -0700;1368067152;-;-;Wed May 8 19:40:57 2013 -0700;1368067257
0652febe34fab87f1180ffaf5c2de0351c2e9232;0652febe34;-;-;Wed May 8 15:12:40 2013 -0700;1368051160;-;-;Wed May 8 15:16:43 2013 -0700;1368051403
13e460827e69b29385b3c5837ed6f4171c15f248;13e460827e;-;-;Wed May 8 15:09:17 2013 -0700;1368050957;-;-;Wed May 8 15:16:18 2013 -0700;1368051378
e9a2e688cbc6321ed40b2b468501642877080681;e9a2e688cb;-;-;Wed May 8 15:05:06 2013 -0700;1368050706;-;-;Wed May 8 15:15:08 2013 -0700;1368051308
19187fd365daaede14f948a1c0ff19dd4ef4bac1;19187fd365;-;-;Wed May 8 14:57:37 2013 -0700;1368050257;-;-;Wed May 8 15:14:58 2013 -0700;1368051298
eaf8115d59cf5669a637d04bee608aea2616dee2;eaf8115d59;-;-;Wed May 8 10:27:13 2013 +0300;1367998033;-;-;Wed May 8 10:27:13 2013 +0300;1367998033
cd1c5842436623e271e9c949d0151e63049b5911;cd1c584243;-;-;Wed May 8 00:02:14 2013 +0200;1367964134;-;-;Wed May 8 00:02:14 2013 +0200;1367964134
ad886503f12d42f9524b9136fc4440a4faeed0d9;ad886503f1;-;-;Tue May 7 21:56:17 2013 +0200;1367956577;-;-;Tue May 7 21:56:17 2013 +0200;1367956577
35847ad0032381d8edcf1545ffabc7b3bfd397f2;35847ad003;-;-;Tue May 7 21:38:45 2013 +0200;1367955525;-;-;Tue May 7 21:38:45 2013 +0200;1367955525
2a44228b987f0e8b1ffd3e293d45ba084bfe4790;2a44228b98;-;-;Tue May 7 21:31:26 2013 +0200;1367955086;-;-;Tue May 7 21:31:26 2013 +0200;1367955086
1ca943c6810941d83a3f09b0e60a551f1371879c;1ca943c681;-;-;Tue May 7 21:26:01 2013 +0200;1367954761;-;-;Tue May 7 21:26:01 2013 +0200;1367954761
fcb0cf27d7eb40116f4fb435f2b5c66ee1e08054;fcb0cf27d7;-;-;Tue May 7 18:10:17 2013 +0200;1367943017;-;-;Tue May 7 18:11:55 2013 +0200;1367943115
a0c377b91bc44bc89b8a0a79c87341c8975d7647;a0c377b91b;-;-;Tue May 7 18:09:12 2013 +0200;1367942952;-;-;Tue May 7 18:11:54 2013 +0200;1367943114
527776cde4ef0349c478f89aa22a58e40691f6f7;527776cde4;-;-;Tue May 7 17:32:31 2013 +0200;1367940751;-;-;Tue May 7 18:11:53 2013 +0200;1367943113
2c3a8a5309dd066be30346582b5d8430ad8c3ddf;2c3a8a5309;-;-;Tue May 7 17:10:22 2013 +0200;1367939422;-;-;Tue May 7 18:11:52 2013 +0200;1367943112
0fc5a5d912a4548f9bbf6f14024dc489d94cb2c9;0fc5a5d912;-;-;Tue May 7 16:54:14 2013 +0200;1367938454;-;-;Tue May 7 18:11:51 2013 +0200;1367943111
e1c25ff1a3767a0bf14cb88f02ad9a7e8d695032;e1c25ff1a3;-;-;Tue May 7 08:21:17 2013 -0700;1367940077;-;-;Tue May 7 08:23:46 2013 -0700;1367940226
043aafed867068b307cfce401f6296444ff21958;043aafed86;-;-;Tue May 7 08:18:27 2013 -0400;1367929107;-;-;Tue May 7 08:19:03 2013 -0400;1367929143
71f6da673abec4c805eb8232a2c8e07837b7f0a7;71f6da673a;-;-;Thu May 2 09:41:20 2013 -0700;1367512880;-;-;Mon May 6 16:00:59 2013 -0700;1367881259
d91ffb6a592fd1c3521ad86206dae110004abaca;d91ffb6a59;-;-;Fri Feb 22 11:58:23 2013 -0800;1361563103;-;-;Mon May 6 15:53:20 2013 -0700;1367880800
db0d780d4339953276447e034a6143abc3d83db9;db0d780d43;-;-;Thu Feb 21 16:33:29 2013 -0800;1361493209;-;-;Mon May 6 15:43:52 2013 -0700;1367880232
f05d0885ef4076b6430f144ddb8e47627e5eee80;f05d0885ef;-;-;Thu Feb 21 16:26:10 2013 -0800;1361492770;-;-;Mon May 6 15:36:32 2013 -0700;1367879792
2c887248f0592cbb501741bc4e61f8861c7b7f87;2c887248f0;-;-;Wed Feb 20 10:15:14 2013 -0800;1361384114;-;-;Mon May 6 15:32:52 2013 -0700;1367879572
a22bb43c0c1cf5f90d935aef700dc3447b1bff50;a22bb43c0c;-;-;Thu Feb 28 10:24:09 2013 -0800;1362075849;-;-;Mon May 6 15:29:36 2013 -0700;1367879376
84e42447931a7204352b50ccfafe871a556a87c2;84e4244793;-;-;Mon May 6 15:21:24 2013 -0700;1367878884;-;-;Mon May 6 15:21:24 2013 -0700;1367878884
59e6298c82f4b7ae6500f554d98227763dbf11b3;59e6298c82;-;-;Mon May 6 16:44:35 2013 -0400;1367873075;-;-;Mon May 6 16:44:35 2013 -0400;1367873075
37c6a94905624f0a68e1987c170a3851f07b2a93;37c6a94905;-;-;Mon May 6 16:42:42 2013 -0400;1367872962;-;-;Mon May 6 16:42:42 2013 -0400;1367872962
e7f38e5b17de41f9b0cb6d24a1c5a2915bb8fb92;e7f38e5b17;-;-;Mon May 6 14:46:29 2013 -0400;1367865989;-;-;Mon May 6 14:46:29 2013 -0400;1367865989
72d5a32104ea37e19ee8b57dfed1f4873adf6a38;72d5a32104;-;-;Sun May 5 21:50:34 2013 +0200;1367783434;-;-;Sun May 5 21:50:34 2013 +0200;1367783434
95c12554521fc22bd00034d5a6dc43d7231ce7b7;95c1255452;-;-;Sun May 5 16:19:11 2013 +0200;1367763551;-;-;Sun May 5 16:19:11 2013 +0200;1367763551
b9ca0fb947b30ebbfec6e40732202c839936fe82;b9ca0fb947;-;-;Fri May 3 17:28:58 2013 +0200;1367594938;-;-;Fri May 3 17:28:58 2013 +0200;1367594938
255eab5bed57c8e8695e5b93a31397333a51483a;255eab5bed;-;-;Fri May 3 17:23:24 2013 +0200;1367594604;-;-;Fri May 3 17:23:24 2013 +0200;1367594604
2a53a2de0e601aba8395880a7d7a06b18c3f5cea;2a53a2de0e;-;-;Fri May 3 15:37:02 2013 +0200;1367588222;-;-;Fri May 3 15:37:02 2013 +0200;1367588222
cac76192e28ccf18faa8d19147011cbde040e3b4;cac76192e2;-;-;Fri May 3 15:04:18 2013 +0200;1367586258;-;-;Fri May 3 15:04:18 2013 +0200;1367586258
ddbcf62edd187944145480c73ed4c98d85dd3432;ddbcf62edd;-;-;Fri May 3 13:56:57 2013 +0200;1367582217;-;-;Fri May 3 13:56:57 2013 +0200;1367582217
532de1a259f3f45993cce48443a38b06a4745e6e;532de1a259;-;-;Fri May 3 13:45:56 2013 +0200;1367581556;-;-;Fri May 3 13:45:56 2013 +0200;1367581556
c3b624df294b0cda9e388be3f3a7ad94eb5d73dd;c3b624df29;-;-;Fri May 3 13:22:11 2013 +0200;1367580131;-;-;Fri May 3 13:22:11 2013 +0200;1367580131
f4b97c26dface247a3c30c8c05bf65db4de9f161;f4b97c26df;-;-;Fri May 3 13:02:19 2013 +0200;1367578939;-;-;Fri May 3 13:02:19 2013 +0200;1367578939
61c3f3d9fdf617097f121d26053f0d24ae621f08;61c3f3d9fd;-;-;Fri May 3 11:49:53 2013 +0200;1367574593;-;-;Fri May 3 11:49:53 2013 +0200;1367574593
0a8f5b2919ef7193d17b045b3a757800160d64e9;0a8f5b2919;-;-;Thu May 2 17:25:10 2013 +0200;1367508310;-;-;Thu May 2 17:25:10 2013 +0200;1367508310
17610c25233d3781c4c1715f6e5717ea2dc170d6;17610c2523;-;-;Thu May 2 16:09:30 2013 +0200;1367503770;-;-;Thu May 2 16:09:30 2013 +0200;1367503770
767bd3f3f880b26399fa71191a46209d9e88f4b8;767bd3f3f8;-;-;Thu May 2 15:51:59 2013 +0200;1367502719;-;-;Thu May 2 15:51:59 2013 +0200;1367502719
9f9b972f00afb8f851b0e12852d6c86432ca090f;9f9b972f00;-;-;Thu May 2 11:40:16 2013 +0200;1367487616;-;-;Thu May 2 11:40:16 2013 +0200;1367487616
47103ed1b315d9e62ad91202f33c8a1d0442926b;47103ed1b3;-;-;Thu May 2 11:37:26 2013 +0200;1367487446;-;-;Thu May 2 11:37:26 2013 +0200;1367487446
5ff2653d929f737d43e9891a51f5e0d874d5f352;5ff2653d92;-;-;Tue Apr 30 22:37:34 2013 +0200;1367354254;-;-;Tue Apr 30 22:37:34 2013 +0200;1367354254
f374b7ae2ba429ac91d6d0db17e5fe99177acb54;f374b7ae2b;-;-;Tue Apr 30 22:10:26 2013 +0200;1367352626;-;-;Tue Apr 30 22:10:26 2013 +0200;1367352626
6be954e4cd050b4dffbc7e4e690a4083f2ca68e8;6be954e4cd;-;-;Tue Apr 30 22:09:50 2013 +0200;1367352590;-;-;Tue Apr 30 22:09:50 2013 +0200;1367352590
657bd80bf9727299174ad20e6b79c66dfaa18a3c;657bd80bf9;-;-;Tue Apr 30 22:09:17 2013 +0200;1367352557;-;-;Tue Apr 30 22:09:17 2013 +0200;1367352557
0ea17c83823a9bb442a0f01f6f8480710ab10408;0ea17c8382;-;-;Tue Apr 30 21:31:22 2013 +0200;1367350282;-;-;Tue Apr 30 21:31:22 2013 +0200;1367350282
06fdfb0b0d299be492bb947238fe232f40386c3f;06fdfb0b0d;-;-;Tue Apr 30 21:30:27 2013 +0200;1367350227;-;-;Tue Apr 30 21:30:27 2013 +0200;1367350227
161530da215520d8170ad1865dcf31e0a2e8342d;161530da21;-;-;Tue Apr 30 17:07:01 2013 +0200;1367334421;-;-;Tue Apr 30 17:07:01 2013 +0200;1367334421
89de99e8713c069eb354ce2665e03cb26eda274c;89de99e871;-;-;Tue Apr 30 15:56:40 2013 +0200;1367330200;-;-;Tue Apr 30 15:56:40 2013 +0200;1367330200
1295c6f340466ead6b6fe2825bcf6c7e3119f086;1295c6f340;-;-;Tue Apr 30 15:13:23 2013 +0200;1367327603;-;-;Tue Apr 30 15:13:23 2013 +0200;1367327603
bee3263322fd59368ae062863e91d096b41154c1;bee3263322;-;-;Sun Apr 28 19:24:52 2013 +0200;1367169892;-;-;Sun Apr 28 19:24:52 2013 +0200;1367169892
88e514bd5625754e03f133d7d6b882bee7999689;88e514bd56;-;-;Sun Apr 28 19:10:53 2013 +0200;1367169053;-;-;Sun Apr 28 19:10:53 2013 +0200;1367169053
2685818e9130942684bba1afa37cab8b96df74f3;2685818e91;-;-;Sun Apr 28 17:25:46 2013 +0200;1367162746;-;-;Sun Apr 28 17:31:54 2013 +0200;1367163114
eb65b2b08344196a95a0c398058418f4fcf2c9e9;eb65b2b083;-;-;Sun Apr 28 16:05:49 2013 +0200;1367157949;-;-;Sun Apr 28 16:05:49 2013 +0200;1367157949
4525068f56314e8e322e412852feedc1486a0d02;4525068f56;-;-;Sun Apr 28 13:00:09 2013 +0200;1367146809;-;-;Sun Apr 28 13:00:09 2013 +0200;1367146809
cb2ffb79e4f58f99aca64b38eaa6c8cce89a27dc;cb2ffb79e4;-;-;Sun Apr 28 12:39:27 2013 +0200;1367145567;-;-;Sun Apr 28 12:39:27 2013 +0200;1367145567
f91be88f8ce6ebab603c578004495eeea3c11358;f91be88f8c;-;-;Tue Apr 23 14:03:03 2013 +0200;1366718583;-;-;Tue Apr 23 14:03:03 2013 +0200;1366718583
8ab16607d3476b3680c60b3a732ceaa3d045a057;8ab16607d3;-;-;Tue Apr 23 14:01:51 2013 +0200;1366718511;-;-;Tue Apr 23 14:01:51 2013 +0200;1366718511
506f6a7c5753e26e41c27b808db82981803bad38;506f6a7c57;-;-;Tue Apr 23 14:00:24 2013 +0200;1366718424;-;-;Tue Apr 23 14:00:24 2013 +0200;1366718424
173323757935bbc76afc21b915b8bc5093a56937;1733237579;-;-;Tue Apr 23 13:59:19 2013 +0200;1366718359;-;-;Tue Apr 23 13:59:19 2013 +0200;1366718359
cd996ba18f01a53ae83c1296d411ae19b250e365;cd996ba18f;-;-;Tue Apr 23 13:57:26 2013 +0200;1366718246;-;-;Tue Apr 23 13:57:26 2013 +0200;1366718246
19f783bdd7b3d316414cc4ae78e7e68c87dc6126;19f783bdd7;-;-;Tue Apr 23 13:54:19 2013 +0200;1366718059;-;-;Tue Apr 23 13:54:19 2013 +0200;1366718059
9c09a0a0375364a2bfe5f3e2c768d298c41e6719;9c09a0a037;-;-;Tue Apr 23 13:53:09 2013 +0200;1366717989;-;-;Tue Apr 23 13:53:09 2013 +0200;1366717989
b5d44e1d15dc657ba51697c8de46ec1cc46fc71b;b5d44e1d15;-;-;Tue Apr 23 13:50:25 2013 +0200;1366717825;-;-;Tue Apr 23 13:50:25 2013 +0200;1366717825
d3a406876834b91a4cf3b1e840855caeb0446d28;d3a4068768;-;-;Tue Apr 23 13:49:25 2013 +0200;1366717765;-;-;Tue Apr 23 13:49:25 2013 +0200;1366717765
34bcdcfe85ecae7fba641ffc74f6240a4579b0b5;34bcdcfe85;-;-;Sat Apr 13 13:01:45 2013 -0700;1365883305;-;-;Sat Apr 13 13:01:45 2013 -0700;1365883305
761bd9fd56a49662557dfa748ffa39121bb217cd;761bd9fd56;-;-;Sat Apr 13 09:39:09 2013 -0700;1365871149;-;-;Sat Apr 13 09:39:09 2013 -0700;1365871149
cf687fcc72a84ec090b170f39d5ec016c5017fdb;cf687fcc72;-;-;Fri Apr 12 14:21:24 2013 +0200;1365769284;-;-;Fri Apr 12 14:21:24 2013 +0200;1365769284
db3bbb5f8cb945b8f29fbd83aff9bbd2dbc70e1c;db3bbb5f8c;-;-;Thu Mar 28 10:01:04 2013 -0700;1364490064;-;-;Fri Mar 29 19:48:42 2013 -0700;1364611722
942cab4d876058a81c518fee736dc2277d2fdad8;942cab4d87;-;-;Sat Mar 30 01:39:10 2013 +0100;1364603950;-;-;Sat Mar 30 01:39:10 2013 +0100;1364603950
6e6446cc7ca420e4aad6d7ef6cdd809fc2210c99;6e6446cc7c;-;-;Sat Mar 30 01:36:29 2013 +0100;1364603789;-;-;Sat Mar 30 01:36:29 2013 +0100;1364603789
184455d6307ea30fc469029cde97d2a1a51d11db;184455d630;-;-;Sat Mar 30 01:34:18 2013 +0100;1364603658;-;-;Sat Mar 30 01:34:18 2013 +0100;1364603658
6d710563ccc1cd113749f489ee1d95c4922a8267;6d710563cc;-;-;Fri Mar 29 22:51:42 2013 +0100;1364593902;-;-;Fri Mar 29 22:51:42 2013 +0100;1364593902
15441da969148d5d1849646b0d76110c72192966;15441da969;-;-;Fri Mar 29 15:03:55 2013 +0100;1364565835;-;-;Fri Mar 29 15:03:55 2013 +0100;1364565835
8fab14dfebe9736c5b44ae23096be94b015309d0;8fab14dfeb;-;-;Fri Mar 29 14:52:30 2013 +0100;1364565150;-;-;Fri Mar 29 14:52:30 2013 +0100;1364565150
9caa514c69d1282e40daa065a779ea58f356e593;9caa514c69;-;-;Fri Mar 29 13:18:33 2013 +0100;1364559513;-;-;Fri Mar 29 13:18:33 2013 +0100;1364559513
7ceb02257e558585e12633db279a46fdd6737c71;7ceb02257e;-;-;Fri Mar 29 13:17:13 2013 +0100;1364559433;-;-;Fri Mar 29 13:17:13 2013 +0100;1364559433
cc0ea4a824e9929c6bc74f952e75bf6d282ef5c0;cc0ea4a824;-;-;Fri Mar 29 00:19:43 2013 +0100;1364512783;-;-;Fri Mar 29 00:19:43 2013 +0100;1364512783
541f3edd9e4de421b93da7674a855f9ae905a940;541f3edd9e;-;-;Fri Mar 29 00:19:02 2013 +0100;1364512742;-;-;Fri Mar 29 00:19:02 2013 +0100;1364512742
e11cf5f061ef4c568c04f72ae535b0f409dbbebb;e11cf5f061;-;-;Thu Mar 28 23:27:17 2013 +0100;1364509637;-;-;Thu Mar 28 23:27:17 2013 +0100;1364509637
cf93d38c5605b333e1a6ffc78b6f76a7c586b633;cf93d38c56;-;-;Thu Mar 28 22:22:42 2013 +0100;1364505762;-;-;Thu Mar 28 22:22:42 2013 +0100;1364505762
853826a774580566a187208849b23da8aeb7999e;853826a774;-;-;Thu Mar 28 22:14:26 2013 +0100;1364505266;-;-;Thu Mar 28 22:14:26 2013 +0100;1364505266
e0c56a124ab47b8b2aa0415c7b0ab32c20c76821;e0c56a124a;-;-;Thu Mar 28 21:55:47 2013 +0100;1364504147;-;-;Thu Mar 28 21:55:47 2013 +0100;1364504147
0d0122239d84ca27069350de19394273ea3aced3;0d0122239d;-;-;Thu Mar 28 21:54:25 2013 +0100;1364504065;-;-;Thu Mar 28 21:54:25 2013 +0100;1364504065
23bf5f563bd4757500aac0cf94e91be61c1e159a;23bf5f563b;-;-;Thu Mar 28 21:44:07 2013 +0100;1364503447;-;-;Thu Mar 28 21:44:07 2013 +0100;1364503447
9f9dc34b534ef501aa2e3e747f81ccd82be1acda;9f9dc34b53;-;-;Thu Mar 28 00:05:37 2013 +0100;1364425537;-;-;Thu Mar 28 00:05:37 2013 +0100;1364425537
4004e53d971ce65631bb55e533edbb95664a69a7;4004e53d97;-;-;Wed Mar 27 22:52:36 2013 +0100;1364421156;-;-;Wed Mar 27 22:52:36 2013 +0100;1364421156
52fd84bb577296f78881388ff72b383a4e4808a3;52fd84bb57;-;-;Wed Mar 27 22:33:17 2013 +0100;1364419997;-;-;Wed Mar 27 22:33:17 2013 +0100;1364419997
ff160f9aebf2d8cddbe8984aa50b1b48deca1d28;ff160f9aeb;-;-;Wed Mar 27 14:43:26 2013 +0100;1364391806;-;-;Wed Mar 27 14:46:23 2013 +0100;1364391983
a3d7dc09ef7af361705704ca9f457b4901815663;a3d7dc09ef;-;-;Tue Mar 26 19:54:40 2013 +0100;1364324080;-;-;Wed Mar 27 14:46:22 2013 +0100;1364391982
41737e827cf47c933f664b1256af67dd278e1620;41737e827c;-;-;Tue Mar 26 15:15:37 2013 +0100;1364307337;-;-;Tue Mar 26 15:15:37 2013 +0100;1364307337
b78fa2715a6a0ee7070dadd9647e4a112fd425cb;b78fa2715a;-;-;Thu Mar 21 11:12:30 2013 +0100;1363860750;-;-;Thu Mar 21 11:12:30 2013 +0100;1363860750
0d23a9d4a6d66cbd5fa93adc65daf532c6ec09f7;0d23a9d4a6;-;-;Wed Mar 20 17:39:15 2013 +0100;1363797555;-;-;Wed Mar 20 17:39:15 2013 +0100;1363797555
deba32cad9f9587c6e84af7661025b096f27e0de;deba32cad9;-;-;Wed Mar 20 17:19:34 2013 +0100;1363796374;-;-;Wed Mar 20 17:19:34 2013 +0100;1363796374
d03de21d62128357248353a41c12075bc6881f8c;d03de21d62;-;-;Wed Mar 20 12:26:07 2013 +0100;1363778767;-;-;Wed Mar 20 12:26:07 2013 +0100;1363778767
bb14c16938d3b885a032243ced30d461c62affa8;bb14c16938;-;-;Wed Mar 20 12:20:46 2013 +0100;1363778446;-;-;Wed Mar 20 12:20:46 2013 +0100;1363778446
bea990196dbec21b7ab70aecea8f776a3b10879e;bea990196d;-;-;Wed Mar 20 10:07:20 2013 +0100;1363770440;-;-;Wed Mar 20 10:07:20 2013 +0100;1363770440
af3c3ef15c5e79be78ae2cf3087658c408157a07;af3c3ef15c;-;-;Wed Mar 20 10:05:56 2013 +0100;1363770356;-;-;Wed Mar 20 10:05:56 2013 +0100;1363770356
5472e975f63df78d5cbb06dd5240552e60c968e5;5472e975f6;-;-;Tue Mar 19 23:31:50 2013 +0100;1363732310;-;-;Tue Mar 19 23:31:50 2013 +0100;1363732310
28aa34f7ff01bd972dd6225bf471ed114bae9b9f;28aa34f7ff;-;-;Tue Mar 19 23:16:22 2013 +0100;1363731382;-;-;Tue Mar 19 23:16:22 2013 +0100;1363731382
ebb3d32ea8086d1314c737046f308ddab5244a33;ebb3d32ea8;-;-;Tue Mar 19 23:14:55 2013 +0100;1363731295;-;-;Tue Mar 19 23:14:55 2013 +0100;1363731295
f2b79c80b03d18d2a7d5767cc3ac482ccfefedd8;f2b79c80b0;-;-;Tue Mar 19 23:08:05 2013 +0100;1363730885;-;-;Tue Mar 19 23:08:05 2013 +0100;1363730885
e3fe9b11716f7e650ef8bc5ad18c832fbbf11525;e3fe9b1171;-;-;Tue Mar 19 23:02:57 2013 +0100;1363730577;-;-;Tue Mar 19 23:02:57 2013 +0100;1363730577
a272fd790a8a7b86a20d81c2db1edce1df41993e;a272fd790a;-;-;Tue Mar 19 22:40:14 2013 +0100;1363729214;-;-;Tue Mar 19 22:40:14 2013 +0100;1363729214
8832d59b7b0d694ba833e85b5e8cf3d0a969594d;8832d59b7b;-;-;Tue Mar 19 19:25:49 2013 +0100;1363717549;-;-;Tue Mar 19 19:25:49 2013 +0100;1363717549
f0ffb1edc68cfeb750acf6cd62645e8e75d07638;f0ffb1edc6;-;-;Tue Mar 19 18:38:16 2013 +0100;1363714696;-;-;Tue Mar 19 18:38:16 2013 +0100;1363714696
ceb9a05ecb76bbfde66774232bdced86f074093a;ceb9a05ecb;-;-;Tue Mar 19 18:34:04 2013 +0100;1363714444;-;-;Tue Mar 19 18:34:04 2013 +0100;1363714444
90f79f3f4f0e65e848a1d2611be83a8a4c670c5e;90f79f3f4f;-;-;Tue Mar 19 16:46:14 2013 +0100;1363707974;-;-;Tue Mar 19 16:46:14 2013 +0100;1363707974
7ef5c5cc841e1cfa8aabb03490e3a694ab7384d4;7ef5c5cc84;-;-;Tue Mar 19 16:45:31 2013 +0100;1363707931;-;-;Tue Mar 19 16:45:31 2013 +0100;1363707931
20fb41878594e667985eb9c974a2ca77a3016b3e;20fb418785;-;-;Tue Mar 19 16:30:46 2013 +0100;1363707046;-;-;Tue Mar 19 16:30:46 2013 +0100;1363707046
f19f55a59bc11b893938c89d2958deddda2430d6;f19f55a59b;-;-;Tue Mar 19 16:06:37 2013 +0100;1363705597;-;-;Tue Mar 19 16:06:37 2013 +0100;1363705597
74021b9e4ab9f891e69b194e07443ed255eb64b2;74021b9e4a;-;-;Tue Mar 19 15:10:59 2013 +0100;1363702259;-;-;Tue Mar 19 15:10:59 2013 +0100;1363702259
55901e677f85b715cd35022d67b75c8d442091fd;55901e677f;-;-;Tue Mar 19 15:07:51 2013 +0100;1363702071;-;-;Tue Mar 19 15:07:51 2013 +0100;1363702071
30a9dad5fe88f8458f18427f3907a07e1248764e;30a9dad5fe;-;-;Tue Mar 19 15:03:38 2013 +0100;1363701818;-;-;Tue Mar 19 15:03:38 2013 +0100;1363701818
3f35bdc79ad6f5931788047eb724960228c874f6;3f35bdc79a;-;-;Tue Mar 19 15:01:11 2013 +0100;1363701671;-;-;Tue Mar 19 15:01:11 2013 +0100;1363701671
f1258a6a023279f3e1346445fb03d9033d923141;f1258a6a02;-;-;Tue Mar 19 14:57:49 2013 +0100;1363701469;-;-;Tue Mar 19 15:00:17 2013 +0100;1363701617
9c52ae95584178e76f40b8449f8ebb8811a2723f;9c52ae9558;-;-;Tue Mar 19 14:53:26 2013 +0100;1363701206;-;-;Tue Mar 19 14:53:26 2013 +0100;1363701206
a03d125b4eefd3f00f878f740be643ba8ab78b7c;a03d125b4e;-;-;Tue Mar 19 14:26:56 2013 +0100;1363699616;-;-;Tue Mar 19 14:33:21 2013 +0100;1363700001
0f0c93a559c7eb8ac29596c992d98f470beb90a1;0f0c93a559;-;-;Tue Mar 19 13:39:45 2013 +0100;1363696785;-;-;Tue Mar 19 13:39:45 2013 +0100;1363696785
36942f6018d96c06d51748dda3ef26ce22c84a9e;36942f6018;-;-;Tue Mar 19 13:27:00 2013 +0100;1363696020;-;-;Tue Mar 19 13:27:00 2013 +0100;1363696020
27693bbc83c023e8e4b9f2d4df4d97dd5f07f190;27693bbc83;-;-;Tue Mar 19 13:15:45 2013 +0100;1363695345;-;-;Tue Mar 19 13:15:45 2013 +0100;1363695345
7f0a78092535588fd3e11c98d21de25079592a05;7f0a780925;-;-;Tue Mar 19 13:15:05 2013 +0100;1363695305;-;-;Tue Mar 19 13:15:05 2013 +0100;1363695305
87e5f19c3fbe5a20f0d2a1964478563478466244;87e5f19c3f;-;-;Tue Mar 19 13:10:25 2013 +0100;1363695025;-;-;Tue Mar 19 13:10:25 2013 +0100;1363695025
733193751122ade58e877fcb0ee593b9fa529ded;7331937511;-;-;Tue Mar 19 12:28:28 2013 +0100;1363692508;-;-;Tue Mar 19 12:28:28 2013 +0100;1363692508
4e1cab28df8556fcb0b2fbab245da40aca5668b9;4e1cab28df;-;-;Wed Mar 13 14:01:46 2013 -0700;1363208506;-;-;Wed Mar 13 14:01:46 2013 -0700;1363208506
ce4be3b46bda8c6331ef6818bf8fd5166cf0a667;ce4be3b46b;-;-;Mon Mar 4 15:41:15 2013 +0100;1362408075;-;-;Mon Mar 4 15:41:15 2013 +0100;1362408075
dcf7d1864e218b0a966d722d16f630e256fe2d15;dcf7d1864e;-;-;Wed Jan 16 14:43:48 2013 +0100;1358343828;-;-;Wed Jan 16 14:43:48 2013 +0100;1358343828
d3fe57816bfb7bb62d06cb2627da62a800b5369c;d3fe57816b;-;-;Fri Jan 4 00:36:10 2013 +0100;1357256170;-;-;Fri Jan 4 00:36:22 2013 +0100;1357256182
7a737bebdd2998ee566830f0e170c0cbc14428a5;7a737bebdd;-;-;Thu Jan 3 22:31:52 2013 +0100;1357248712;-;-;Thu Jan 3 22:31:52 2013 +0100;1357248712
961dbdb68a49f43d37250dde77dda0e120d4e29b;961dbdb68a;-;-;Wed Jan 2 10:36:57 2013 +0100;1357119417;-;-;Wed Jan 2 10:36:57 2013 +0100;1357119417
70eaf02b7fab9d8a023ddb50cedcab859e93c245;70eaf02b7f;-;-;Wed Jan 2 10:33:59 2013 +0100;1357119239;-;-;Wed Jan 2 10:33:59 2013 +0100;1357119239
d5c6d797e565fe89afa0d829dd570cc079428c31;d5c6d797e5;-;-;Sat Dec 29 01:05:56 2012 +0100;1356739556;-;-;Sat Dec 29 01:05:56 2012 +0100;1356739556
f87b1936b1937c773414847324955e1e5dab75ab;f87b1936b1;-;-;Sat Dec 29 00:26:56 2012 +0100;1356737216;-;-;Sat Dec 29 00:26:56 2012 +0100;1356737216
30112369fdd6f9026f4f851f91fc6dda4891f95f;30112369fd;-;-;Fri Dec 28 23:58:46 2012 +0100;1356735526;-;-;Fri Dec 28 23:58:46 2012 +0100;1356735526
08c2d2b156345e596c2a38b55db9eef1cacab33e;08c2d2b156;-;-;Fri Dec 28 23:58:15 2012 +0100;1356735495;-;-;Fri Dec 28 23:58:15 2012 +0100;1356735495
aa914497dc312568cc541e53302038729364ce68;aa914497dc;-;-;Sat Dec 22 10:24:33 2012 -0800;1356200673;-;-;Sat Dec 22 10:52:15 2012 -0800;1356202335
1c306dffcd0b450b4f3d07d07934dd83b89193b3;1c306dffcd;-;-;Thu Dec 20 00:26:08 2012 +0100;1355959568;-;-;Thu Dec 20 02:17:42 2012 +0100;1355966262
bf8a33902f170ef7bcef73dbef0db7c66eb33153;bf8a33902f;-;-;Thu Dec 13 21:07:08 2012 -0600;1355454428;-;-;Fri Dec 14 10:06:11 2012 -0500;1355497571
62e9d6b105feffcd3b9d8b25e8661f993d703c26;62e9d6b105;-;-;Thu Dec 13 22:23:37 2012 +0100;1355433817;-;-;Thu Dec 13 22:23:37 2012 +0100;1355433817
3d3469c0152ae3d4ec859233b773a0ba9ff85b26;3d3469c015;-;-;Thu Dec 13 17:36:45 2012 +0100;1355416605;-;-;Thu Dec 13 17:36:45 2012 +0100;1355416605
abdcefb460fcbc1348ef04505a78381a2c69a643;abdcefb460;-;-;Thu Dec 13 07:58:01 2012 -0800;1355414281;-;-;Thu Dec 13 17:35:15 2012 +0100;1355416515
b472fe361da229b0aef0eac2d91dbcb5ea4dfa22;b472fe361d;-;-;Thu Dec 13 17:33:31 2012 +0100;1355416411;-;-;Thu Dec 13 17:35:15 2012 +0100;1355416515
f1550b67fad013aabfdcd49148170770bba9e632;f1550b67fa;-;-;Thu Dec 13 15:20:19 2012 +0100;1355408419;-;-;Thu Dec 13 15:43:02 2012 +0100;1355409782
57468aded9ce8edb721e0df0235e61d6c6036abd;57468aded9;-;-;Thu Dec 13 14:47:51 2012 +0100;1355406471;-;-;Thu Dec 13 15:21:57 2012 +0100;1355408517
c5c464c8850d3022afd18507989561a5980ddef5;c5c464c885;-;-;Thu Dec 13 11:33:56 2012 +0100;1355394836;-;-;Thu Dec 13 12:52:30 2012 +0100;1355399550
22e9e0bf03b2ec2f142c342ceb5669acca843860;22e9e0bf03;-;-;Thu Dec 13 12:20:25 2012 +0100;1355397625;-;-;Thu Dec 13 12:20:25 2012 +0100;1355397625
0019d68c75ed48bd109232858f1b37b823adc921;0019d68c75;-;-;Thu Dec 13 11:33:35 2012 +0100;1355394815;-;-;Thu Dec 13 11:33:35 2012 +0100;1355394815
6b3284f6b00b170c747a900033dbad6748cfd503;6b3284f6b0;-;-;Thu Dec 13 11:29:40 2012 +0100;1355394580;-;-;Thu Dec 13 11:29:40 2012 +0100;1355394580
431c7ff31f10577bb6ed831906ba40f74da82db2;431c7ff31f;-;-;Thu Dec 13 10:15:19 2012 +0100;1355390119;-;-;Thu Dec 13 10:15:19 2012 +0100;1355390119
bda07059d00a0b9c8b12c95ae8ee3330a3e1f440;bda07059d0;-;-;Thu Dec 13 01:38:13 2012 +0100;1355359093;-;-;Thu Dec 13 01:38:13 2012 +0100;1355359093
59a8da3eff57f51a6903ef934cf96c3ed4cf7d44;59a8da3eff;-;-;Thu Dec 13 01:14:08 2012 +0100;1355357648;-;-;Thu Dec 13 01:14:08 2012 +0100;1355357648
2775862c5083da345ea06ecaeed2875abc8e4c97;2775862c50;-;-;Thu Dec 13 01:05:15 2012 +0100;1355357115;-;-;Thu Dec 13 01:05:15 2012 +0100;1355357115
b3b1fe1566e2e15a3d1751d19c9a6a7163dac6dd;b3b1fe1566;-;-;Wed Dec 12 15:47:24 2012 -0800;1355356044;-;-;Wed Dec 12 15:49:00 2012 -0800;1355356140
8aed32228400ac5386cf7b98bf865ef3577d18ab;8aed322284;-;-;Thu Dec 13 00:39:55 2012 +0100;1355355595;-;-;Thu Dec 13 00:39:55 2012 +0100;1355355595
e080af8d859be43321ddccc16ad3dbb22952ed7e;e080af8d85;-;-;Thu Dec 13 00:36:20 2012 +0100;1355355380;-;-;Thu Dec 13 00:36:20 2012 +0100;1355355380
531318a4b220cc1a384c157e18e450b90ac8cbfd;531318a4b2;-;-;Thu Dec 13 00:03:26 2012 +0100;1355353406;-;-;Thu Dec 13 00:03:26 2012 +0100;1355353406
a35b9c94316a345476bf10ac5cc6916b70a01ffd;a35b9c9431;-;-;Wed Dec 12 23:57:50 2012 +0100;1355353070;-;-;Wed Dec 12 23:57:50 2012 +0100;1355353070
33471a1744d2f4af5ddf6f6b63279c7d55c18caf;33471a1744;-;-;Wed Dec 12 23:55:47 2012 +0100;1355352947;-;-;Wed Dec 12 23:55:47 2012 +0100;1355352947
b9df7d68d9bad103077f5bf84a016b403c6171fb;b9df7d68d9;-;-;Wed Dec 12 23:46:26 2012 +0100;1355352386;-;-;Wed Dec 12 23:46:26 2012 +0100;1355352386
a2f8902b3a8569a1ebb4b4c87fab5a412cf4d389;a2f8902b3a;-;-;Wed Dec 12 22:24:52 2012 +0100;1355347492;-;-;Wed Dec 12 23:39:25 2012 +0100;1355351965
710fe9349a9887d735067aa8a0586b78abf78213;710fe9349a;-;-;Wed Dec 12 22:21:43 2012 +0100;1355347303;-;-;Wed Dec 12 23:39:24 2012 +0100;1355351964
6e8117c62750561be2949ffa8030a04e0f4783da;6e8117c627;-;-;Wed Dec 12 12:38:34 2012 +0100;1355312314;-;-;Wed Dec 12 23:39:23 2012 +0100;1355351963
3458d4d94511e633daedc8cd594d4b87af51fd59;3458d4d945;-;-;Wed Dec 12 17:17:50 2012 +0100;1355329070;-;-;Wed Dec 12 22:45:30 2012 +0100;1355348730
a4f882fbf0afb025f3f2dac2bf5f72dc950401f2;a4f882fbf0;-;-;Wed Dec 12 17:14:28 2012 +0100;1355328868;-;-;Wed Dec 12 22:45:30 2012 +0100;1355348730
b16bf2d83e680aeda5dd91dd55e9f440313841fb;b16bf2d83e;-;-;Wed Dec 12 12:24:40 2012 -0600;1355336680;-;-;Wed Dec 12 12:24:40 2012 -0600;1355336680
26b1f44ce72705cf355ff7401620371dfa13de7c;26b1f44ce7;-;-;Wed Dec 12 12:58:47 2012 -0500;1355335127;-;-;Wed Dec 12 12:58:47 2012 -0500;1355335127
c209b6700a78dc8ed1a20919d012377acdb05e50;c209b6700a;-;-;Wed Dec 12 12:33:47 2012 -0500;1355333627;-;-;Wed Dec 12 12:33:47 2012 -0500;1355333627
4badf2503b61f2bf560302b242d862e6af5e4ec3;4badf2503b;-;-;Wed Dec 12 13:33:21 2012 +0100;1355315601;-;-;Wed Dec 12 13:33:21 2012 +0100;1355315601
f26534700a6646a6a6cf8debcffe8f108a7c9d9e;f26534700a;-;-;Tue Dec 11 11:56:38 2012 +0100;1355223398;-;-;Wed Dec 12 12:55:10 2012 +0100;1355313310
8f90b487e231347770f85df7d0f4bdc4b0043293;8f90b487e2;-;-;Wed Dec 12 12:50:07 2012 +0100;1355313007;-;-;Wed Dec 12 12:54:28 2012 +0100;1355313268
6a6b441ffdf88a4c8b837f19728f596a57baf296;6a6b441ffd;-;-;Tue Dec 11 21:38:54 2012 -0800;1355290734;-;-;Tue Dec 11 21:38:54 2012 -0800;1355290734
a263fd343d1ecd21ee1c1bb4cc74dd072ce59cf9;a263fd343d;-;-;Tue Dec 11 21:10:05 2012 -0800;1355289005;-;-;Tue Dec 11 21:10:05 2012 -0800;1355289005
e09bdb31cc4d8e77a3157a9ecff3d29750a8614a;e09bdb31cc;-;-;Tue Dec 11 23:06:26 2012 -0500;1355285186;-;-;Tue Dec 11 23:12:00 2012 -0500;1355285520
5b2cd763cfcf7dbde3d0b854e1a278e28b065f54;5b2cd763cf;-;-;Wed Dec 12 03:31:39 2012 +0100;1355279499;-;-;Wed Dec 12 03:31:39 2012 +0100;1355279499
c55446da9dfdfb93926d27ce1a3d6b5184d3df60;c55446da9d;-;-;Wed Dec 12 03:29:09 2012 +0100;1355279349;-;-;Wed Dec 12 03:29:47 2012 +0100;1355279387
9b6ec5bfab519d09a4a7994a37a7955b0302490e;9b6ec5bfab;-;-;Wed Dec 12 03:28:59 2012 +0100;1355279339;-;-;Wed Dec 12 03:29:46 2012 +0100;1355279386
9deaefe74d9b79d22328ae0f1ede0830ac30ce20;9deaefe74d;-;-;Wed Dec 12 03:12:49 2012 +0100;1355278369;-;-;Wed Dec 12 03:29:45 2012 +0100;1355279385
1cb6e3dbb6e5a5f15ec06f4abc297821606ab2a6;1cb6e3dbb6;-;-;Wed Dec 12 03:07:29 2012 +0100;1355278049;-;-;Wed Dec 12 03:29:44 2012 +0100;1355279384
e298658ef06d8fffb1cfac48e3e227da28dca591;e298658ef0;-;-;Tue Dec 11 20:41:05 2012 +0100;1355254865;-;-;Wed Dec 12 03:29:44 2012 +0100;1355279384
801d4714b132526a60357cd6d9f58413920d065f;801d4714b1;-;-;Tue Dec 11 20:36:59 2012 +0100;1355254619;-;-;Wed Dec 12 03:29:43 2012 +0100;1355279383
7af92b483a89bd7e7cea38f57176fff6c8fbd11c;7af92b483a;-;-;Tue Dec 11 15:50:24 2012 +0100;1355237424;-;-;Wed Dec 12 03:29:42 2012 +0100;1355279382
d4c55838ad2bdcc2bda2ef84b365064f980dbe8e;d4c55838ad;-;-;Wed Dec 12 01:38:23 2012 +0100;1355272703;-;-;Wed Dec 12 01:38:23 2012 +0100;1355272703
a1053d43644b9c0cd1a40f72a9437d16621b516f;a1053d4364;-;-;Wed Dec 12 00:56:26 2012 +0100;1355270186;-;-;Wed Dec 12 00:56:26 2012 +0100;1355270186
7f1b990ee99ef336438f7c3b7e785ce89246e499;7f1b990ee9;-;-;Tue Dec 11 22:47:44 2012 +0100;1355262464;-;-;Tue Dec 11 22:47:44 2012 +0100;1355262464
acf32726d75280a2ea7383aa96db9427cd5cc7f1;acf32726d7;-;-;Tue Dec 11 15:57:29 2012 -0500;1355259449;-;-;Tue Dec 11 16:11:47 2012 -0500;1355260307
4be2d15950a978979d2b2e10cd273d6e9b8c1a53;4be2d15950;-;-;Tue Dec 11 22:03:18 2012 +0100;1355259798;-;-;Tue Dec 11 22:03:18 2012 +0100;1355259798
6fed79cb10d38bd1281714f6927c4187d6046cd8;6fed79cb10;-;-;Mon Dec 10 20:54:56 2012 -0800;1355201696;-;-;Mon Dec 10 20:54:56 2012 -0800;1355201696
a6387dc725e9913d9ade35b2b56f136df0e8243c;a6387dc725;-;-;Tue Dec 11 01:58:10 2012 +0100;1355187490;-;-;Tue Dec 11 01:58:10 2012 +0100;1355187490
c8a3562933c3057a008f90771dc735fca9602bc8;c8a3562933;-;-;Mon Dec 10 15:39:47 2012 -0800;1355182787;-;-;Mon Dec 10 15:39:47 2012 -0800;1355182787
25a7136a96cc61969d9378b7c5a6617e100d0bf3;25a7136a96;-;-;Mon Dec 10 13:47:12 2012 -0800;1355176032;-;-;Mon Dec 10 13:47:12 2012 -0800;1355176032
455701d2ee6449abd8e5f640e718812d51c97fcd;455701d2ee;-;-;Mon Dec 10 13:29:10 2012 -0800;1355174950;-;-;Mon Dec 10 13:29:10 2012 -0800;1355174950
809d62e31860c5e0574814a873b76aa0519d0b3e;809d62e318;-;-;Mon Dec 10 13:09:23 2012 -0800;1355173763;-;-;Mon Dec 10 13:09:23 2012 -0800;1355173763
42bbcc322021e9d1a57cc34053f6f659fc90839e;42bbcc3220;-;-;Mon Dec 10 00:32:00 2012 -0800;1355128320;-;-;Mon Dec 10 00:32:00 2012 -0800;1355128320
b206e6891fddf8f1de9517cf41593cfffe3f36b0;b206e6891f;-;-;Sun Dec 9 23:13:23 2012 -0800;1355123603;-;-;Sun Dec 9 23:13:23 2012 -0800;1355123603
9e790829d9902736cf476fa9a19179f05309d316;9e790829d9;-;-;Sun Dec 9 21:29:43 2012 -0800;1355117383;-;-;Sun Dec 9 21:33:35 2012 -0800;1355117615
87f7ecf907042a576cca0ada37780eaee1c9427f;87f7ecf907;-;-;Sat Dec 8 18:46:24 2012 -0800;1355021184;-;-;Sun Dec 9 21:33:35 2012 -0800;1355117615
4551cfcdfcc0957e449ea0d9a02606012b6e742e;4551cfcdfc;-;-;Thu Dec 6 17:53:43 2012 -0800;1354845223;-;-;Sun Dec 9 21:33:34 2012 -0800;1355117614
0751b2cbeb96697bd377578771e9c7b29b94658a;0751b2cbeb;-;-;Thu Dec 6 16:57:16 2012 -0800;1354841836;-;-;Sun Dec 9 21:33:34 2012 -0800;1355117614
7cc406ffc7a1b5baf9222478c833fb3be5812978;7cc406ffc7;-;-;Thu Dec 6 12:06:34 2012 -0800;1354824394;-;-;Sun Dec 9 21:33:34 2012 -0800;1355117614
6103a7f1c1a1ff70e19f44355c811a82e249c0a1;6103a7f1c1;-;-;Thu Dec 6 11:33:59 2012 -0800;1354822439;-;-;Sun Dec 9 21:33:34 2012 -0800;1355117614
dc708c5baa853fd94419f70155ac0774ce9bb5cf;dc708c5baa;-;-;Thu Dec 6 14:03:24 2012 -0800;1354831404;-;-;Sun Dec 9 21:33:17 2012 -0800;1355117597
22741b1fdc4d5026bd9ea71b399ce51ee358f75a;22741b1fdc;-;-;Thu Dec 6 13:24:10 2012 -0800;1354829050;-;-;Sun Dec 9 21:32:28 2012 -0800;1355117548
90cfdbb040bba5c8df8a56db3dd2dc3f8e9e9967;90cfdbb040;-;-;Thu Dec 6 13:40:53 2012 -0800;1354830053;-;-;Sun Dec 9 21:32:27 2012 -0800;1355117547
a2685287261e3d521881eff04e31a3211ae2e400;a268528726;-;-;Thu Dec 6 12:56:24 2012 -0800;1354827384;-;-;Sun Dec 9 21:32:27 2012 -0800;1355117547
756bff8e0a58f64f1734c1e9471181f608f0343f;756bff8e0a;-;-;Sat Dec 8 17:30:50 2012 +0100;1354984250;-;-;Sat Dec 8 17:30:50 2012 +0100;1354984250
a436a57503a8bebc19cede5560e24ba37dba24e6;a436a57503;-;-;Sat Dec 8 14:26:47 2012 +0100;1354973207;-;-;Sat Dec 8 14:26:47 2012 +0100;1354973207
85a552daed9766ff9f9c5de05181dd5fa5ec7214;85a552daed;-;-;Fri Dec 7 18:12:11 2012 -0500;1354921931;-;-;Fri Dec 7 18:12:11 2012 -0500;1354921931
d309bb4bbbf41cac2c59808e0addebcaee5b9e29;d309bb4bbb;-;-;Fri Dec 7 17:06:07 2012 -0500;1354917967;-;-;Fri Dec 7 17:30:44 2012 -0500;1354919444
6e7df513f1b29fc42f7cc4ce1254714eba2ea6e8;6e7df513f1;-;-;Fri Dec 7 16:10:38 2012 -0500;1354914638;-;-;Fri Dec 7 16:10:38 2012 -0500;1354914638
3643d92cb8f8d7ba3bee8d19db300c557e2e85a8;3643d92cb8;-;-;Fri Dec 7 15:19:38 2012 -0500;1354911578;-;-;Fri Dec 7 15:19:38 2012 -0500;1354911578
69ace01640166bad7b8c9b8f8f1e792f8d1486f5;69ace01640;-;-;Fri Dec 7 12:26:27 2012 +0100;1354879587;-;-;Fri Dec 7 12:26:27 2012 +0100;1354879587
2233949a0f93d4484b7d3388c88dcd4ee4f8660a;2233949a0f;-;-;Fri Dec 7 12:06:21 2012 +0100;1354878381;-;-;Fri Dec 7 12:06:21 2012 +0100;1354878381
9cc4bd892a6bb3aca9fea4b2423369181cebea9a;9cc4bd892a;-;-;Thu Dec 6 18:22:43 2012 -0500;1354836163;-;-;Thu Dec 6 18:31:32 2012 -0500;1354836692
fb05c7b33c469d5a7826ff8efe3168329617b6b5;fb05c7b33c;-;-;Thu Dec 6 10:12:14 2012 -0800;1354817534;-;-;Thu Dec 6 10:12:14 2012 -0800;1354817534
31cb14e03a2802d1425504b00f97d83471bde7c7;31cb14e03a;-;-;Wed Dec 5 19:10:13 2012 -0500;1354752613;-;-;Wed Dec 5 19:10:13 2012 -0500;1354752613
d6b9c6a4755459f3302f42465f0958be500e1f6a;d6b9c6a475;-;-;Wed Dec 5 19:19:24 2012 +0100;1354731564;-;-;Wed Dec 5 19:19:24 2012 +0100;1354731564
a92f7dd474406a02844ec635fde6c22eb8ef8456;a92f7dd474;-;-;Wed Dec 5 19:12:05 2012 +0100;1354731125;-;-;Wed Dec 5 19:12:05 2012 +0100;1354731125
8a422f48c658b8574ed36a9232e8de53c576ea48;8a422f48c6;-;-;Wed Dec 5 17:49:47 2012 +0100;1354726187;-;-;Wed Dec 5 17:49:47 2012 +0100;1354726187
aa16caa2ac54b72b28c4149bd9dc992f1e09ee8b;aa16caa2ac;-;-;Wed Dec 5 17:41:24 2012 +0100;1354725684;-;-;Wed Dec 5 17:41:24 2012 +0100;1354725684
d0f687f028eef881cf034fa8741a96a5239ef193;d0f687f028;-;-;Wed Dec 5 16:58:26 2012 +0100;1354723106;-;-;Wed Dec 5 16:58:26 2012 +0100;1354723106
d1a6ceecc2b859c3967fdfec1ce470c11f2759fd;d1a6ceecc2;-;-;Wed Dec 5 09:39:14 2012 -0500;1354718354;-;-;Wed Dec 5 09:42:01 2012 -0500;1354718521
2b4ecfad12ad1be0c5ad28943696601956883ce6;2b4ecfad12;-;-;Wed Dec 5 11:29:50 2012 +0100;1354703390;-;-;Wed Dec 5 11:29:50 2012 +0100;1354703390
31dfffde52baaff5c9539c9d11653f3776d10de4;31dfffde52;-;-;Wed Dec 5 10:45:40 2012 +0100;1354700740;-;-;Wed Dec 5 10:45:40 2012 +0100;1354700740
025d111efc7975aadeb65a805c0d2ae4525b980a;025d111efc;-;-;Wed Dec 5 10:31:31 2012 +0100;1354699891;-;-;Wed Dec 5 10:31:31 2012 +0100;1354699891
d12fbcc7ce05171401c069b5852e468bb2dc6fb4;d12fbcc7ce;-;-;Tue Dec 4 14:51:45 2012 -0800;1354661505;-;-;Tue Dec 4 14:51:45 2012 -0800;1354661505
1352222ea6a1cc293157b6ce6a906b0c1b22a574;1352222ea6;-;-;Tue Dec 4 14:03:21 2012 -0800;1354658601;-;-;Tue Dec 4 14:08:21 2012 -0800;1354658901
19d7cedcf2e2a4c6ab837fe59d929a0a26c83f4c;19d7cedcf2;-;-;Tue Dec 4 19:52:37 2012 +0100;1354647157;-;-;Tue Dec 4 19:52:37 2012 +0100;1354647157
53726612ee25e193d663121ac3ec1a5dae4ca47b;53726612ee;-;-;Tue Dec 4 18:25:47 2012 +0100;1354641947;-;-;Tue Dec 4 18:25:47 2012 +0100;1354641947
4e442471e17a2e1ea63160f65cf2739474decfec;4e442471e1;-;-;Tue Dec 4 16:06:07 2012 +0100;1354633567;-;-;Tue Dec 4 16:06:07 2012 +0100;1354633567
0c51cd7fd36321205b9af242540708f4dc051fc5;0c51cd7fd3;-;-;Tue Dec 4 15:35:47 2012 +0100;1354631747;-;-;Tue Dec 4 15:38:06 2012 +0100;1354631886
738c643592ffdad7a3d7f52a454b88728dc77259;738c643592;-;-;Tue Dec 4 15:35:33 2012 +0100;1354631733;-;-;Tue Dec 4 15:38:05 2012 +0100;1354631885
184361a096f6712115b2c68dd96bbf235a21375f;184361a096;-;-;Tue Dec 4 15:34:09 2012 +0100;1354631649;-;-;Tue Dec 4 15:38:04 2012 +0100;1354631884
ffd040b8d240cd8415fab28f1b5908672b9580b8;ffd040b8d2;-;-;Tue Dec 4 14:58:22 2012 +0100;1354629502;-;-;Tue Dec 4 14:58:22 2012 +0100;1354629502
e16f3b95cb012cdbcf2a1310a86fe881ad8c0fb1;e16f3b95cb;-;-;Tue Dec 4 14:29:54 2012 +0100;1354627794;-;-;Tue Dec 4 14:29:54 2012 +0100;1354627794
57e6e0881deee32ac9ebe2a01ae85d9a8233c7f3;57e6e0881d;-;-;Tue Dec 4 01:03:20 2012 +0100;1354579400;-;-;Tue Dec 4 01:03:20 2012 +0100;1354579400
a3e4f6cad4d1b625a6364fcf3564bb89c41f340e;a3e4f6cad4;-;-;Tue Dec 4 00:01:06 2012 +0100;1354575666;-;-;Tue Dec 4 00:01:06 2012 +0100;1354575666
d0503ab733bb9d4987e51cb76a8b2ec58c5f8468;d0503ab733;-;-;Mon Dec 3 23:29:10 2012 +0100;1354573750;-;-;Mon Dec 3 23:29:10 2012 +0100;1354573750
e0e3143dd56b6a3693434eba8c036715d253bc8c;e0e3143dd5;-;-;Mon Dec 3 22:52:19 2012 +0100;1354571539;-;-;Mon Dec 3 22:52:19 2012 +0100;1354571539
7ff964afa88da9a8b6eb8cf93b5f042f4aea9195;7ff964afa8;-;-;Mon Dec 3 15:07:42 2012 -0500;1354565262;-;-;Mon Dec 3 15:11:13 2012 -0500;1354565473
42a928596fc3dcd2e1a5270d534da66bb9d1978f;42a928596f;-;-;Mon Dec 3 14:30:18 2012 -0500;1354563018;-;-;Mon Dec 3 15:11:13 2012 -0500;1354565473
d3c977b54b13c27bdf22747bbee8615d643c9559;d3c977b54b;-;-;Mon Dec 3 14:17:25 2012 -0500;1354562245;-;-;Mon Dec 3 15:11:12 2012 -0500;1354565472
9643ff3f1d3eb07d984996ea3a1417301081aa52;9643ff3f1d;-;-;Mon Dec 3 13:49:07 2012 -0500;1354560547;-;-;Mon Dec 3 15:11:12 2012 -0500;1354565472
ab886b82ea0d2ec2d7a8523e9c95244fa611770e;ab886b82ea;-;-;Mon Dec 3 19:59:09 2012 +0100;1354561149;-;-;Mon Dec 3 19:59:09 2012 +0100;1354561149
149e6f64256917ed5f7af78293cc56d140874714;149e6f6425;-;-;Tue Nov 20 13:47:46 2012 -0600;1353440866;-;-;Fri Nov 30 11:15:58 2012 -0500;1354292158
1e62ad8665bb0f4138e140974108d693a20ee287;1e62ad8665;-;-;Thu Nov 29 11:55:53 2012 -0600;1354211753;-;-;Fri Nov 30 11:10:07 2012 -0500;1354291807
0d73d199ec645f6d332d3283b72a531b26575cf6;0d73d199ec;-;-;Thu Nov 29 14:32:18 2012 -0800;1354228338;-;-;Thu Nov 29 14:47:24 2012 -0800;1354229244
ff945bdca9b733f7493e4ce49eba8cf29ccbb1a1;ff945bdca9;-;-;Thu Nov 29 23:45:33 2012 +0100;1354229133;-;-;Thu Nov 29 23:45:33 2012 +0100;1354229133
f1923f406e7598ea2bd6fb31c976d8875f2c5440;f1923f406e;-;-;Thu Nov 29 23:42:26 2012 +0100;1354228946;-;-;Thu Nov 29 23:42:26 2012 +0100;1354228946
1b6f3d0352c79250c667d64f53372e363375aa5e;1b6f3d0352;-;-;Thu Nov 29 23:28:57 2012 +0100;1354228137;-;-;Thu Nov 29 23:28:57 2012 +0100;1354228137
edd8d148bbcbe36d6fe87e929b4530e9806ad549;edd8d148bb;-;-;Thu Nov 29 23:28:25 2012 +0100;1354228105;-;-;Thu Nov 29 23:28:25 2012 +0100;1354228105
4e443da7ae7e08afbfd2a86c7eea3fe84bde174f;4e443da7ae;-;-;Thu Nov 29 23:21:50 2012 +0100;1354227710;-;-;Thu Nov 29 23:21:50 2012 +0100;1354227710
89fc6acba8972f319a356562a64b7d1abf3623dd;89fc6acba8;-;-;Thu Nov 29 23:20:22 2012 +0100;1354227622;-;-;Thu Nov 29 23:20:22 2012 +0100;1354227622
48f405e8fde38950a446ca45e51a4db6a3c9e9b7;48f405e8fd;-;-;Thu Nov 29 23:15:41 2012 +0100;1354227341;-;-;Thu Nov 29 23:15:41 2012 +0100;1354227341
230dec8e6fe6242b3f39867d106b8c5ff1ac792a;230dec8e6f;-;-;Thu Nov 29 23:14:08 2012 +0100;1354227248;-;-;Thu Nov 29 23:14:08 2012 +0100;1354227248
0614d312ed888102cef35e3bcf5f8e256ba61a3d;0614d312ed;-;-;Thu Nov 29 23:13:49 2012 +0100;1354227229;-;-;Thu Nov 29 23:13:49 2012 +0100;1354227229
786a20f9d009017a277f4fbdac8c6a254b5b9c73;786a20f9d0;-;-;Thu Nov 29 23:11:41 2012 +0100;1354227101;-;-;Thu Nov 29 23:11:41 2012 +0100;1354227101
d2207b2619ba4da0a822c5e2319df12590c7a295;d2207b2619;-;-;Thu Nov 29 23:10:55 2012 +0100;1354227055;-;-;Thu Nov 29 23:10:55 2012 +0100;1354227055
ad33dbca0b60cf30f5b7479b1a4091ddf3a16fde;ad33dbca0b;-;-;Thu Nov 29 23:09:12 2012 +0100;1354226952;-;-;Thu Nov 29 23:09:12 2012 +0100;1354226952
0933734fbb5dae4c523b3bc0fcfb30a927ddc209;0933734fbb;-;-;Thu Nov 29 23:08:34 2012 +0100;1354226914;-;-;Thu Nov 29 23:08:34 2012 +0100;1354226914
ad96f8511fe20fa47452e7716bbb00ff84e5fc72;ad96f8511f;-;-;Wed Nov 28 16:56:43 2012 -0500;1354139803;-;-;Wed Nov 28 16:56:43 2012 -0500;1354139803
ce7fa8a98e7830e03b18b8cae63de9fba9e257ef;ce7fa8a98e;-;-;Wed Nov 28 09:15:52 2012 -0800;1354122952;-;-;Wed Nov 28 09:15:52 2012 -0800;1354122952
dfdb31715fb4e972391dc477a0cf0ba3d440e8f7;dfdb31715f;-;-;Tue Nov 27 10:51:53 2012 -0800;1354042313;-;-;Tue Nov 27 10:51:53 2012 -0800;1354042313
511240fbb8662233bb255913216dd1b0cc0f48bf;511240fbb8;-;-;Tue Nov 27 11:01:32 2012 +0100;1354010492;-;-;Tue Nov 27 11:55:06 2012 +0100;1354013706
5cbc5b19019b1b78312d34a58ec7e170b28cc944;5cbc5b1901;-;-;Tue Nov 27 02:43:36 2012 -0800;1354013016;-;-;Tue Nov 27 02:43:36 2012 -0800;1354013016
7cc492de4f6cc8100f4abbbbaaceaca91fa7ca63;7cc492de4f;-;-;Tue Nov 27 10:02:51 2012 +0100;1354006971;-;-;Tue Nov 27 10:02:51 2012 +0100;1354006971
2deeb54a9b6974b5da03c519d596891393b954df;2deeb54a9b;-;-;Tue Nov 27 09:09:16 2012 +0100;1354003756;-;-;Tue Nov 27 09:09:16 2012 +0100;1354003756
2ef99cdda1342b54c11571c3931526948dfcf57e;2ef99cdda1;-;-;Mon Nov 26 16:59:26 2012 -0800;1353977966;-;-;Mon Nov 26 16:59:26 2012 -0800;1353977966
6ca71abf934ee689f227d5ff864e7a4c4d8ae9d5;6ca71abf93;-;-;Mon Nov 26 15:45:21 2012 -0800;1353973521;-;-;Mon Nov 26 15:45:21 2012 -0800;1353973521
d7bf56df497f282399fcfaaec614aa5ea1a28d57;d7bf56df49;-;-;Mon Nov 26 12:57:29 2012 -0600;1353956249;-;-;Mon Nov 26 22:47:10 2012 +0100;1353966430
cf681a809e7b8f6b062a6f165470dcb2cc67acbf;cf681a809e;-;-;Mon Nov 26 22:31:06 2012 +0100;1353965466;-;-;Mon Nov 26 22:47:09 2012 +0100;1353966429
9c6aa3e43bee04bf713cb0077e6de009bd642abb;9c6aa3e43b;-;-;Mon Nov 26 22:05:29 2012 +0100;1353963929;-;-;Mon Nov 26 22:47:08 2012 +0100;1353966428
5cb193055063181fd482726a670811fc867e9219;5cb1930550;-;-;Mon Nov 26 16:04:17 2012 -0500;1353963857;-;-;Mon Nov 26 16:04:17 2012 -0500;1353963857
79edf627dbfc4eff06ac3283d5c010885912feab;79edf627db;-;-;Mon Nov 26 15:30:50 2012 -0500;1353961850;-;-;Mon Nov 26 15:31:21 2012 -0500;1353961881
b1040af22e215eb3157dfe7513e13c713574c2aa;b1040af22e;-;-;Mon Nov 26 11:27:17 2012 -0800;1353958037;-;-;Mon Nov 26 11:29:12 2012 -0800;1353958152
3a50dafc909d3a4ada0823b1bef362e10259a94a;3a50dafc90;-;-;Mon Nov 26 14:23:12 2012 -0500;1353957792;-;-;Mon Nov 26 14:23:12 2012 -0500;1353957792
f30d33d32e087e63342d0a763862b3bfd9a590bf;f30d33d32e;-;-;Mon Nov 26 12:59:03 2012 -0500;1353952743;-;-;Mon Nov 26 13:00:00 2012 -0500;1353952800
6e3c3c58b5a8bf8053584129e1e0bfc3ea29c7e0;6e3c3c58b5;-;-;Mon Nov 26 09:34:22 2012 -0800;1353951262;-;-;Mon Nov 26 09:34:22 2012 -0800;1353951262
40e8d3f1a9de57db591d523eea70212d6fd283b8;40e8d3f1a9;-;-;Mon Nov 26 18:18:12 2012 +0100;1353950292;-;-;Mon Nov 26 18:18:12 2012 +0100;1353950292
1394050ed27e237d2b62e03b68a809ccac1024f9;1394050ed2;-;-;Mon Nov 26 13:37:17 2012 +0100;1353933437;-;-;Mon Nov 26 13:37:17 2012 +0100;1353933437
1e48c789da36f941d2001aef57c2a71437941a0f;1e48c789da;-;-;Sun Nov 25 23:04:00 2012 -0800;1353913440;-;-;Sun Nov 25 23:04:00 2012 -0800;1353913440
37b0277a8996d3f1154a40e307f529e45f25b02c;37b0277a89;-;-;Sun Nov 25 20:22:26 2012 -0800;1353903746;-;-;Sun Nov 25 20:22:26 2012 -0800;1353903746
5a2130ad1a4934b7817abb44887277c4c1afcbc4;5a2130ad1a;-;-;Sun Nov 25 20:13:41 2012 -0800;1353903221;-;-;Sun Nov 25 20:13:41 2012 -0800;1353903221
2b6d724faeb493da2d818c91edde66c141efd26c;2b6d724fae;-;-;Sun Nov 25 20:00:25 2012 -0800;1353902425;-;-;Sun Nov 25 20:00:25 2012 -0800;1353902425
3749313d2ff16446632cbf7201b937d323308214;3749313d2f;-;-;Sun Nov 25 19:31:01 2012 -0800;1353900661;-;-;Sun Nov 25 19:31:01 2012 -0800;1353900661
438c2d8fc26e83bb6c3fbc001bcef8bb6cfbf215;438c2d8fc2;-;-;Sun Nov 25 19:21:27 2012 -0800;1353900087;-;-;Sun Nov 25 19:21:27 2012 -0800;1353900087
e0b1c0e614b561aaa1788c0656ce5bdf1de9133b;e0b1c0e614;-;-;Sun Nov 25 19:16:16 2012 -0800;1353899776;-;-;Sun Nov 25 19:16:16 2012 -0800;1353899776
c37080d49d14a49bd6da2104946f5aaf20ab3969;c37080d49d;-;-;Sun Nov 25 18:04:46 2012 -0800;1353895486;-;-;Sun Nov 25 19:02:55 2012 -0800;1353898975
89b443c198af08e6c775b44517ae4dac2e5134d3;89b443c198;-;-;Mon Nov 26 00:54:07 2012 +0100;1353887647;-;-;Mon Nov 26 00:54:07 2012 +0100;1353887647
b8d86330d1fadc645630416c3aaebf131bf749fc;b8d86330d1;-;-;Mon Nov 26 00:35:47 2012 +0100;1353886547;-;-;Mon Nov 26 00:35:47 2012 +0100;1353886547
62ccc8dd7e645fb91705d44919abac838cb5ca3f;62ccc8dd7e;-;-;Mon Nov 26 00:15:10 2012 +0100;1353885310;-;-;Mon Nov 26 00:15:10 2012 +0100;1353885310
5af1c84b6dec2758df5ddb0401b245c2c347fb0d;5af1c84b6d;-;-;Sun Nov 25 23:41:32 2012 +0100;1353883292;-;-;Sun Nov 25 23:41:32 2012 +0100;1353883292
52124fa31b17fee7b6ffdfc92ec9fe14ad9a0561;52124fa31b;-;-;Sun Nov 25 23:32:52 2012 +0100;1353882772;-;-;Sun Nov 25 23:32:52 2012 +0100;1353882772
87b7e3d8cff3db9d225485c26437f1eacfb0651e;87b7e3d8cf;-;-;Sun Nov 25 22:28:23 2012 +0100;1353878903;-;-;Sun Nov 25 22:28:23 2012 +0100;1353878903
9e337d27054f73b6113072f5f3649513a55691b5;9e337d2705;-;-;Sun Nov 25 22:20:25 2012 +0100;1353878425;-;-;Sun Nov 25 22:20:25 2012 +0100;1353878425
e2f418ab4c31f02ec4fac7ca7b60aac0efc4c55c;e2f418ab4c;-;-;Sun Nov 25 21:58:35 2012 +0100;1353877115;-;-;Sun Nov 25 21:58:35 2012 +0100;1353877115
7d7758bfc979fa8df0233cb23520f33f036576ef;7d7758bfc9;-;-;Sun Nov 25 21:15:48 2012 +0100;1353874548;-;-;Sun Nov 25 21:15:48 2012 +0100;1353874548
0ec19dc95ed3440c0b58d2d5fa468176d6fd6c45;0ec19dc95e;-;-;Sun Nov 25 21:12:59 2012 +0100;1353874379;-;-;Sun Nov 25 21:12:59 2012 +0100;1353874379
b0c6a2497432bd1ab0a4e7213c990fe307af65be;b0c6a24974;-;-;Sun Nov 25 21:08:06 2012 +0100;1353874086;-;-;Sun Nov 25 21:08:06 2012 +0100;1353874086
4dc336920c9acc43e9d2450821f5895e9a643eef;4dc336920c;-;-;Sun Nov 25 21:06:25 2012 +0100;1353873985;-;-;Sun Nov 25 21:06:25 2012 +0100;1353873985
3d5bfc35b652afa67f1a006a64940c104658a62f;3d5bfc35b6;-;-;Sun Nov 25 21:00:56 2012 +0100;1353873656;-;-;Sun Nov 25 21:00:56 2012 +0100;1353873656
9772eb8410e37cd0bdec0d1b133218446c778beb;9772eb8410;-;-;Sun Nov 25 20:50:53 2012 +0100;1353873053;-;-;Sun Nov 25 20:50:53 2012 +0100;1353873053
c368068c0c17b77377ee2dc2314a10541c41daab;c368068c0c;-;-;Sun Nov 25 20:43:27 2012 +0100;1353872607;-;-;Sun Nov 25 20:43:27 2012 +0100;1353872607
df76f1497a18aca136942c9a5afa9d74efe1f485;df76f1497a;-;-;Sun Nov 25 20:18:59 2012 +0100;1353871139;-;-;Sun Nov 25 20:18:59 2012 +0100;1353871139
202b15e19b1d83a8962c8142bda4ef0c5b6f6098;202b15e19b;-;-;Sun Nov 25 15:57:15 2012 +0100;1353855435;-;-;Sun Nov 25 15:57:15 2012 +0100;1353855435
4a8be690998f43a9253305e09f96ad83058ef540;4a8be69099;-;-;Sat Nov 24 12:22:31 2012 +0100;1353756151;-;-;Sun Nov 25 12:28:20 2012 +0100;1353842900
2d8bacace71a30e33a1d582a83b981b8629b867b;2d8bacace7;-;-;Fri Nov 23 15:12:52 2012 -0500;1353701572;-;-;Fri Nov 23 15:12:52 2012 -0500;1353701572
e3681c107dab0e5a136241069bd833087d2df76e;e3681c107d;-;-;Thu Nov 22 15:37:17 2012 -0500;1353616637;-;-;Thu Nov 22 15:39:22 2012 -0500;1353616762
631f24bb3284883f79cfde3d14676e5706a3ccfa;631f24bb32;-;-;Wed Nov 21 14:36:46 2012 +0100;1353505006;-;-;Thu Nov 22 21:05:58 2012 +0100;1353614758
d4fb1c8d636bf396f0d6cc38fa61e08ab7516b86;d4fb1c8d63;-;-;Wed Nov 21 10:51:54 2012 +0100;1353491514;-;-;Thu Nov 22 20:48:26 2012 +0100;1353613706
819be1093148a31aec6d29950aaf97246cd1ba12;819be10931;-;-;Thu Nov 22 13:22:58 2012 -0500;1353608578;-;-;Thu Nov 22 13:22:58 2012 -0500;1353608578
b7f7fae78a8df52d9b6252c104fdb50ea9c0b854;b7f7fae78a;-;-;Wed Nov 21 10:40:28 2012 -0500;1353512428;-;-;Thu Nov 22 11:35:22 2012 -0500;1353602122
4181397c311576fad3bdfb1b6a20e0877e50bec0;4181397c31;-;-;Wed Nov 21 23:16:25 2012 -0800;1353568585;-;-;Wed Nov 21 23:16:25 2012 -0800;1353568585
c5f391550c453bb57625bbc01b864b1584502201;c5f391550c;-;-;Wed Nov 21 20:38:28 2012 -0800;1353559108;-;-;Wed Nov 21 20:42:41 2012 -0800;1353559361
fddb829b8b7225278585db9ea14549b5555c9421;fddb829b8b;-;-;Wed Nov 21 20:36:18 2012 -0800;1353558978;-;-;Wed Nov 21 20:42:40 2012 -0800;1353559360
b36ab83ab3700ffb3a4b4ac3eaae4d8480792368;b36ab83ab3;-;-;Wed Nov 21 13:23:02 2012 -0500;1353522182;-;-;Wed Nov 21 13:26:56 2012 -0500;1353522416
0e2904b71a96342d855109559ae0e67d454c5939;0e2904b71a;-;-;Tue Nov 20 18:12:00 2012 -0800;1353463920;-;-;Tue Nov 20 18:12:00 2012 -0800;1353463920
27210ff3cc4dc14c3d98d37458e9cb0601e0c388;27210ff3cc;-;-;Tue Nov 20 18:10:04 2012 -0800;1353463804;-;-;Tue Nov 20 18:10:04 2012 -0800;1353463804
c20b22a0111a336ed473313c14efa9b419e8fa8a;c20b22a011;-;-;Tue Nov 20 16:39:54 2012 -0800;1353458394;-;-;Tue Nov 20 16:39:54 2012 -0800;1353458394
d70762baafd77d0528c1deadf70ed59ae40a2f45;d70762baaf;-;-;Tue Nov 20 16:06:00 2012 -0800;1353456360;-;-;Tue Nov 20 16:06:00 2012 -0800;1353456360
59b27004dea31d0dd46465d1d254c5df4de3be0c;59b27004de;-;-;Tue Nov 20 12:09:44 2012 -0800;1353442184;-;-;Tue Nov 20 12:17:25 2012 -0800;1353442645
da50a0213bae755e527f9d19946dc844fec4d338;da50a0213b;-;-;Tue Nov 20 12:03:30 2012 -0800;1353441810;-;-;Tue Nov 20 12:17:25 2012 -0800;1353442645
838ba79f558c0d8fca84c2b8bd6d98c0e72dee0f;838ba79f55;-;-;Tue Nov 20 11:58:06 2012 -0800;1353441486;-;-;Tue Nov 20 12:17:25 2012 -0800;1353442645
11cf978394bda237203f223c933d726c4391a84e;11cf978394;-;-;Tue Nov 20 15:12:58 2012 -0500;1353442378;-;-;Tue Nov 20 15:12:58 2012 -0500;1353442378
77223d7ced49fffd4b9654d5045c5bba0865ef7c;77223d7ced;-;-;Tue Nov 20 14:59:01 2012 -0500;1353441541;-;-;Tue Nov 20 14:59:01 2012 -0500;1353441541
2a11007a04ab810b594f18517bb447a300b6074f;2a11007a04;-;-;Tue Nov 20 11:57:41 2012 -0500;1353430661;-;-;Tue Nov 20 12:24:08 2012 -0500;1353432248
63ca14c33ee746734fe27b37712a53d78afcce74;63ca14c33e;-;-;Mon Nov 19 10:39:19 2012 -0800;1353350359;-;-;Mon Nov 19 10:42:33 2012 -0800;1353350553
92ca8b32fb8ab5747378de2aa504b325d6d42a12;92ca8b32fb;-;-;Fri Nov 16 09:47:31 2012 -0500;1353077251;-;-;Fri Nov 16 09:48:12 2012 -0500;1353077292
107fafbcc5d93284e5098686cc287c41280ee263;107fafbcc5;-;-;Thu Nov 15 17:22:45 2012 -0800;1353028965;-;-;Thu Nov 15 17:22:45 2012 -0800;1353028965
f8bf577eff0252b227e5937d8e3a5cb28c2f3385;f8bf577eff;-;-;Thu Nov 15 11:26:14 2012 -0500;1352996774;-;-;Thu Nov 15 11:26:14 2012 -0500;1352996774
8afcf717e2873e57f62ec6367be4f656039e6cc4;8afcf717e2;-;-;Thu Nov 15 10:15:34 2012 -0500;1352992534;-;-;Thu Nov 15 10:15:34 2012 -0500;1352992534
1f2e89e3ed2e70e17586f8632f052a80702ceb64;1f2e89e3ed;-;-;Thu Nov 15 09:45:38 2012 -0500;1352990738;-;-;Thu Nov 15 09:45:38 2012 -0500;1352990738
f0f76e493dd58f4f51a05619402aa4ec5de8dc15;f0f76e493d;-;-;Wed Nov 14 13:18:59 2012 +0100;1352895539;-;-;Wed Nov 14 13:18:59 2012 +0100;1352895539
084486a6b68e2a7365d4d8023ce096c5f7262a78;084486a6b6;-;-;Wed Nov 14 12:41:11 2012 +0100;1352893271;-;-;Wed Nov 14 12:41:11 2012 +0100;1352893271
ecce7520fb2cb56494d78dcc6adadb446d51ace7;ecce7520fb;-;-;Tue Nov 13 21:47:59 2012 -0500;1352861279;-;-;Tue Nov 13 21:47:59 2012 -0500;1352861279
62f2858f7f6da9eb84366b3c5f4f693838d159f3;62f2858f7f;-;-;Tue Nov 13 21:06:49 2012 -0500;1352858809;-;-;Tue Nov 13 21:13:52 2012 -0500;1352859232
950f00a28005ad2860d72aa20e996c22076356d9;950f00a280;-;-;Mon Nov 12 13:12:22 2012 -0800;1352754742;-;-;Mon Nov 12 13:15:25 2012 -0800;1352754925
6407a347c1a3716acaf6a1b36a4dc82b9e462018;6407a347c1;-;-;Mon Nov 12 18:27:43 2012 +0100;1352741263;-;-;Mon Nov 12 18:27:43 2012 +0100;1352741263
f5080f7d70685422ea4a6d5cc276fa761ed9c4b2;f5080f7d70;-;-;Sat Nov 10 19:22:26 2012 +0100;1352571746;-;-;Sat Nov 10 19:22:26 2012 +0100;1352571746
f833366a7fc3a26d4bd37fbaa7a43c9ccd9b21a4;f833366a7f;-;-;Sat Nov 10 19:08:18 2012 +0100;1352570898;-;-;Sat Nov 10 19:08:18 2012 +0100;1352570898
f6209cd7af800a74151ce0377b9206246d38691b;f6209cd7af;-;-;Fri Nov 9 00:54:57 2012 +0100;1352418897;-;-;Fri Nov 9 00:54:57 2012 +0100;1352418897
de91d754d829aa1dd6a2fc33b95bc64c033d84b3;de91d754d8;-;-;Fri Nov 9 00:13:40 2012 +0100;1352416420;-;-;Fri Nov 9 00:13:40 2012 +0100;1352416420
f00559c4402bcae3a20d8942c5ca020be2ed0a0c;f00559c440;-;-;Thu Nov 8 23:48:08 2012 +0100;1352414888;-;-;Thu Nov 8 23:48:08 2012 +0100;1352414888
ea95da126af330863eb6b0431e86d3819bc97632;ea95da126a;-;-;Thu Nov 8 23:44:49 2012 +0100;1352414689;-;-;Thu Nov 8 23:44:49 2012 +0100;1352414689
d6e1a4a26a4bb583f2da3e20c5eda30ec995b5fb;d6e1a4a26a;-;-;Thu Nov 8 23:37:14 2012 +0100;1352414234;-;-;Thu Nov 8 23:37:14 2012 +0100;1352414234
4ed9ababdf98e760ca26acad959199ddf28235be;4ed9ababdf;-;-;Thu Nov 8 23:24:58 2012 +0100;1352413498;-;-;Thu Nov 8 23:24:58 2012 +0100;1352413498
0a3ea42fe137c9843c2a4111590d3c741a3e3eb5;0a3ea42fe1;-;-;Thu Nov 8 23:21:18 2012 +0100;1352413278;-;-;Thu Nov 8 23:21:18 2012 +0100;1352413278
c24825ca195a4d4eeb642d603b1db62639cf0024;c24825ca19;-;-;Thu Nov 8 23:15:38 2012 +0100;1352412938;-;-;Thu Nov 8 23:15:38 2012 +0100;1352412938
e1d11ec99d40051ecdb60191c49bc587373a031d;e1d11ec99d;-;-;Thu Nov 8 23:11:15 2012 +0100;1352412675;-;-;Thu Nov 8 23:11:15 2012 +0100;1352412675
9e22ac496d684d922bda21acea800e4f0ef88cb1;9e22ac496d;-;-;Wed Nov 7 17:13:20 2012 -0500;1352326400;-;-;Wed Nov 7 17:13:20 2012 -0500;1352326400
4812fcccc45094e838087451f3fee227f1023a6d;4812fcccc4;-;-;Wed Nov 7 17:01:11 2012 -0500;1352325671;-;-;Wed Nov 7 17:06:56 2012 -0500;1352326016
9a6ec1b4b5a2e39841b44b466b1e9986700d4325;9a6ec1b4b5;-;-;Tue Nov 6 18:33:21 2012 +0100;1352223201;-;-;Tue Nov 6 18:33:21 2012 +0100;1352223201
85ab789f2f52f2b3d159f91076a8bcd1a77c9f27;85ab789f2f;-;-;Tue Nov 6 18:07:32 2012 +0100;1352221652;-;-;Tue Nov 6 18:07:32 2012 +0100;1352221652
c348be25116dfdf560763f4efbf3b07077e9de4f;c348be2511;-;-;Mon Nov 5 21:16:13 2012 -0500;1352168173;-;-;Mon Nov 5 21:18:06 2012 -0500;1352168286
6b8234851104b5a2bd1221053dfa5b9a279842e7;6b82348511;-;-;Mon Nov 5 15:41:38 2012 -0800;1352158898;-;-;Mon Nov 5 15:41:38 2012 -0800;1352158898
073b627f4ec96e4d8d99ca52d5a12daf46ac7806;073b627f4e;-;-;Mon Nov 5 15:22:11 2012 -0800;1352157731;-;-;Mon Nov 5 15:22:11 2012 -0800;1352157731
583819ca5f8771507fae70f2ce9a2417fac0c5b1;583819ca5f;-;-;Mon Nov 5 14:48:15 2012 -0800;1352155695;-;-;Mon Nov 5 14:48:15 2012 -0800;1352155695
c92ef1397982a2df4e47ba3335b2c11085a028df;c92ef13979;-;-;Mon Nov 5 13:11:29 2012 -0800;1352149889;-;-;Mon Nov 5 13:11:29 2012 -0800;1352149889
432c6ebdaec4629c19679b3d8fc1d377bc19181c;432c6ebdae;-;-;Mon Nov 5 11:30:25 2012 -0800;1352143825;-;-;Mon Nov 5 11:30:25 2012 -0800;1352143825
38cf91922c0423fa8ffd541e9cc7f1d2cae87529;38cf91922c;-;-;Mon Nov 5 11:50:09 2012 -0500;1352134209;-;-;Mon Nov 5 11:51:02 2012 -0500;1352134262
a64b04afa49d0610672aef39ee8a05fdb15d9294;a64b04afa4;-;-;Mon Nov 5 10:21:01 2012 +0100;1352107261;-;-;Mon Nov 5 10:21:01 2012 +0100;1352107261
85411be31ff9133e30ec8b2651a20f0bd397b975;85411be31f;-;-;Mon Nov 5 00:43:30 2012 +0100;1352072610;-;-;Mon Nov 5 00:43:30 2012 +0100;1352072610
93c01e071098bb2e07e127c3b091d89ce73de983;93c01e0710;-;-;Sun Nov 4 18:59:01 2012 +0100;1352051941;-;-;Sun Nov 4 18:59:01 2012 +0100;1352051941
cef5f0222ea3035ddf379dbdeae99cc6bcab11f6;cef5f0222e;-;-;Sun Nov 4 15:04:23 2012 +0100;1352037863;-;-;Sun Nov 4 15:37:26 2012 +0100;1352039846
dc0a0df8d6d577ea43d34b068c2a679f864a42f8;dc0a0df8d6;-;-;Sun Nov 4 14:45:33 2012 +0100;1352036733;-;-;Sun Nov 4 15:37:26 2012 +0100;1352039846
d087e7fe0b395d6c3542a687c5e962b610cee40c;d087e7fe0b;-;-;Sun Nov 4 15:29:35 2012 +0100;1352039375;-;-;Sun Nov 4 15:29:35 2012 +0100;1352039375
b3e3a37441473dab2121694afd38d2fb7fe9b681;b3e3a37441;-;-;Sun Nov 4 05:19:58 2012 -0800;1352035198;-;-;Sun Nov 4 05:19:58 2012 -0800;1352035198
08514e25db883aabcfc160cac345857982c9e837;08514e25db;-;-;Sun Nov 4 13:32:42 2012 +0100;1352032362;-;-;Sun Nov 4 13:32:42 2012 +0100;1352032362
e02c309b770de84f65281d3f75bce9d366c811e9;e02c309b77;-;-;Sat Nov 3 17:25:56 2012 -0700;1351988756;-;-;Sat Nov 3 17:25:56 2012 -0700;1351988756
4e976435c730e9a53dee04554317ddb629f8139e;4e976435c7;-;-;Sat Nov 3 17:12:14 2012 -0700;1351987934;-;-;Sat Nov 3 17:12:14 2012 -0700;1351987934
409b533281aa568e1b097804871492acd2bb6bdd;409b533281;-;-;Sat Nov 3 15:46:30 2012 -0700;1351982790;-;-;Sat Nov 3 15:46:30 2012 -0700;1351982790
5a0c4a98410d0cc37e0d0f4ffbf2fb8fb613dde6;5a0c4a9841;-;-;Fri Nov 2 11:43:16 2012 -0700;1351881796;-;-;Fri Nov 2 11:43:16 2012 -0700;1351881796
f528c394567373166f36153035072e77d6df748c;f528c39456;-;-;Fri Nov 2 13:47:24 2012 -0400;1351878444;-;-;Fri Nov 2 13:47:24 2012 -0400;1351878444
de38c033e4f2196a481f88329703e32730bf1ab7;de38c033e4;-;-;Fri Nov 2 12:18:16 2012 -0400;1351873096;-;-;Fri Nov 2 12:20:13 2012 -0400;1351873213
c94bc2e709ab00b154fdedc613b92b093dc0d029;c94bc2e709;-;-;Fri Nov 2 15:02:13 2012 +0100;1351864933;-;-;Fri Nov 2 15:02:13 2012 +0100;1351864933
74e86fe52fbb831d0512819c205817edcd5ffc77;74e86fe52f;-;-;Fri Nov 2 14:18:37 2012 +0100;1351862317;-;-;Fri Nov 2 14:18:37 2012 +0100;1351862317
1070e4d5c1daec820f12ea39a4d665106d1e9539;1070e4d5c1;-;-;Fri Nov 2 12:56:14 2012 +0100;1351857374;-;-;Fri Nov 2 13:05:48 2012 +0100;1351857948
242bf7c4e303ce6d51ba7c0a3943b0b815d685c8;242bf7c4e3;-;-;Thu Nov 1 13:49:00 2012 -0400;1351792140;-;-;Thu Nov 1 23:58:50 2012 -0400;1351828730
468f9c7814c275e735d2d3703476216db549498a;468f9c7814;-;-;Thu Nov 1 11:10:25 2012 -0700;1351793425;-;-;Thu Nov 1 11:10:25 2012 -0700;1351793425
15b64ba6015fcfbb4ef73975c1ed597de96a7981;15b64ba601;-;-;Thu Nov 1 10:29:07 2012 -0700;1351790947;-;-;Thu Nov 1 10:29:07 2012 -0700;1351790947
bbe1301d6379453988ccc65773484ec9c3a009f3;bbe1301d63;-;-;Thu Nov 1 11:04:58 2012 +0100;1351764298;-;-;Thu Nov 1 11:04:58 2012 +0100;1351764298
c0baea58c0a14ea34d53f3823704892154b7803e;c0baea58c0;-;-;Wed Oct 31 21:08:02 2012 -0400;1351732082;-;-;Wed Oct 31 21:15:16 2012 -0400;1351732516
0e3aa0eec4b604957d5206257396616a93d1c7c3;0e3aa0eec4;-;-;Wed Oct 31 18:18:17 2012 -0400;1351721897;-;-;Wed Oct 31 21:15:15 2012 -0400;1351732515
742d5f6f3830f8a021ef7f1da3e6bf6e92036633;742d5f6f38;-;-;Wed Oct 31 17:30:52 2012 -0700;1351729852;-;-;Wed Oct 31 17:30:52 2012 -0700;1351729852
23b091b786f18ceb477e1113fefe503c89471737;23b091b786;-;-;Wed Oct 31 17:29:00 2012 -0700;1351729740;-;-;Wed Oct 31 17:29:00 2012 -0700;1351729740
00220ebab0593fc9a4e4f0cbbf5632947a77799a;00220ebab0;-;-;Wed Oct 31 20:35:11 2012 +0100;1351712111;-;-;Wed Oct 31 20:35:11 2012 +0100;1351712111
6c63271f558f820d35eebd8c29c01c5feed79f70;6c63271f55;-;-;Wed Oct 31 12:08:44 2012 -0700;1351710524;-;-;Wed Oct 31 12:08:44 2012 -0700;1351710524
5b59a25a5962e90ccb3162a22fc533617c0a9b60;5b59a25a59;-;-;Wed Oct 31 18:45:31 2012 +0100;1351705531;-;-;Wed Oct 31 18:45:31 2012 +0100;1351705531
462605987d0b64f6816959b9f4098d3aa395e646;462605987d;-;-;Wed Oct 31 17:46:24 2012 +0100;1351701984;-;-;Wed Oct 31 17:46:24 2012 +0100;1351701984
0b45daf5e9b4587ce9817e7872ab274572dd9ce5;0b45daf5e9;-;-;Wed Oct 31 17:41:25 2012 +0100;1351701685;-;-;Wed Oct 31 17:41:25 2012 +0100;1351701685
4cdf46f83c775c5101bc664c819fd5c0bb0682f7;4cdf46f83c;-;-;Wed Oct 31 09:30:17 2012 -0700;1351701017;-;-;Wed Oct 31 09:30:17 2012 -0700;1351701017
8bb19f05ea99a12ee63e03f28412d8929ed4f581;8bb19f05ea;-;-;Wed Oct 31 16:22:16 2012 +0100;1351696936;-;-;Wed Oct 31 16:22:16 2012 +0100;1351696936
3416e058a01d80d22c52c8c6fb720454be4c4290;3416e058a0;-;-;Wed Oct 31 13:38:34 2012 +0100;1351687114;-;-;Wed Oct 31 13:40:06 2012 +0100;1351687206
af56b3b7e3d0a2a9bd1ee00ad837d211d73c5135;af56b3b7e3;-;-;Wed Oct 31 12:11:12 2012 +0100;1351681872;-;-;Wed Oct 31 12:11:12 2012 +0100;1351681872
914a1b208869102da76832fb7f99e1bbfc2c5f6e;914a1b2088;-;-;Wed Oct 31 12:10:17 2012 +0100;1351681817;-;-;Wed Oct 31 12:10:17 2012 +0100;1351681817
985cb9df11ab56106d953d451ab07489d4d1bf09;985cb9df11;-;-;Wed Oct 31 09:59:10 2012 +0100;1351673950;-;-;Wed Oct 31 09:59:10 2012 +0100;1351673950
208152169567a6f13d4a04d29e3e968e406ed26e;2081521695;-;-;Wed Oct 31 09:37:27 2012 +0100;1351672647;-;-;Wed Oct 31 09:38:13 2012 +0100;1351672693
7fdb637df0e00fe7b8a59c75d55889f1c50d3188;7fdb637df0;-;-;Wed Oct 31 09:03:17 2012 +0100;1351670597;-;-;Wed Oct 31 09:38:12 2012 +0100;1351672692
54d083a6f836a80342143b8c4b8855bca0af7f21;54d083a6f8;-;-;Wed Oct 31 08:53:50 2012 +0100;1351670030;-;-;Wed Oct 31 09:38:11 2012 +0100;1351672691
1acd5cff8f1fd984388918f9f4b420f3f6360ceb;1acd5cff8f;-;-;Tue Oct 30 22:29:01 2012 -0400;1351650541;-;-;Tue Oct 30 22:38:39 2012 -0400;1351651119
d701464517d66b095485671413e4150d9b5f14e3;d701464517;-;-;Tue Oct 30 21:55:38 2012 -0400;1351648538;-;-;Tue Oct 30 21:58:44 2012 -0400;1351648724
3a096448431bc7b8d1c15e870ffe0e5fa232806d;3a09644843;-;-;Wed Oct 31 02:45:07 2012 +0100;1351647907;-;-;Wed Oct 31 02:53:24 2012 +0100;1351648404
5b93b143928941ce155ad0fc471dbab04106c1bc;5b93b14392;-;-;Wed Oct 31 02:22:09 2012 +0100;1351646529;-;-;Wed Oct 31 02:53:23 2012 +0100;1351648403
ee50d849a195a52328444e88769bdb481c03f541;ee50d849a1;-;-;Wed Oct 31 02:19:23 2012 +0100;1351646363;-;-;Wed Oct 31 02:53:22 2012 +0100;1351648402
69763fe249bc6b5d3185edafda30d384af4abf9e;69763fe249;-;-;Wed Oct 31 02:09:40 2012 +0100;1351645780;-;-;Wed Oct 31 02:53:22 2012 +0100;1351648402
0e0200769d892932561f721a1a015d176e95337f;0e0200769d;-;-;Wed Oct 31 02:07:09 2012 +0100;1351645629;-;-;Wed Oct 31 02:53:21 2012 +0100;1351648401
8f8e517c0d81dfdfdc53aa053353ce5b4a9cee7e;8f8e517c0d;-;-;Wed Oct 31 01:42:59 2012 +0100;1351644179;-;-;Wed Oct 31 02:53:20 2012 +0100;1351648400
4ff765446e6951ee57efd7d99ec81fa976b4ee09;4ff765446e;-;-;Wed Oct 31 01:08:52 2012 +0100;1351642132;-;-;Wed Oct 31 02:53:19 2012 +0100;1351648399
88ef3ce51f027c39337e0c85b1716b4399e01fa8;88ef3ce51f;-;-;Sat Oct 13 00:13:01 2012 +0200;1350079981;-;-;Wed Oct 31 02:53:18 2012 +0100;1351648398
1c7e8cfbf641878d3e4f223d7cc7e6db79d98740;1c7e8cfbf6;-;-;Tue Oct 30 16:11:00 2012 -0700;1351638660;-;-;Tue Oct 30 16:11:00 2012 -0700;1351638660
22dfe93f2fabfcfaf60a957dc8b2e308b2dc020b;22dfe93f2f;-;-;Tue Oct 30 14:00:12 2012 -0700;1351630812;-;-;Tue Oct 30 14:00:12 2012 -0700;1351630812
e9cdb3d24e3eb440a9adbc96a83e7f5ac600863f;e9cdb3d24e;-;-;Tue Oct 30 12:07:31 2012 -0700;1351624051;-;-;Tue Oct 30 12:07:31 2012 -0700;1351624051
31331e6ad31fb51e26ce926dfa8f1e06a15af608;31331e6ad3;-;-;Tue Oct 30 11:25:10 2012 -0700;1351621510;-;-;Tue Oct 30 11:25:10 2012 -0700;1351621510
9055a7f810fd2e57b39cec50e73025afa6d85211;9055a7f810;-;-;Tue Oct 30 14:01:16 2012 +0100;1351602076;-;-;Tue Oct 30 14:01:16 2012 +0100;1351602076
99b2f6a0812cce78a803258a3682809386fbf655;99b2f6a081;-;-;Tue Oct 30 13:39:20 2012 +0100;1351600760;-;-;Tue Oct 30 13:39:20 2012 +0100;1351600760
7c399d795e7521f8b178ca72a798da92b6b7e9c1;7c399d795e;-;-;Tue Oct 30 12:21:37 2012 +0100;1351596097;-;-;Tue Oct 30 12:21:37 2012 +0100;1351596097
a57ff506f27f233ec80a12cf6b701ae4cbf69a39;a57ff506f2;-;-;Tue Oct 30 09:15:57 2012 +0100;1351584957;-;-;Tue Oct 30 09:15:57 2012 +0100;1351584957
d8469d118b41fd18b70a11f0c0dcd12b60a8f6c6;d8469d118b;-;-;Mon Oct 29 19:09:00 2012 -0400;1351552140;-;-;Mon Oct 29 19:09:00 2012 -0400;1351552140
826057bcdea8bfe5984c7c4df2b3faff35dcae52;826057bcde;-;-;Mon Oct 29 05:53:54 2012 -0400;1351504434;-;-;Mon Oct 29 05:56:30 2012 -0400;1351504590
3a1dd20de9c416eac858792d6f75acf43cf5b09f;3a1dd20de9;-;-;Sun Oct 28 12:11:43 2012 -0700;1351451503;-;-;Sun Oct 28 12:11:43 2012 -0700;1351451503
7fd18298d1608eb042d073fbae7dda28e881849f;7fd18298d1;-;-;Sun Oct 28 12:01:39 2012 -0700;1351450899;-;-;Sun Oct 28 12:01:39 2012 -0700;1351450899
404ea7adcf8fa06d5ee7c69c7a6ac717e07674cd;404ea7adcf;-;-;Sun Oct 28 19:15:10 2012 +0100;1351448110;-;-;Sun Oct 28 19:15:10 2012 +0100;1351448110
5d04ef4c4acbd3ce35161ce3c500163ee8729abe;5d04ef4c4a;-;-;Sun Oct 28 07:40:50 2012 -0400;1351424450;-;-;Sun Oct 28 12:47:00 2012 -0400;1351442820
d952da23382c29a07c422a97ba254dd982b8b3ad;d952da2338;-;-;Sat Oct 27 07:20:41 2012 -0400;1351336841;-;-;Sun Oct 28 12:10:38 2012 -0400;1351440638
f7ec7388572433b34dc48c9a4a7d1ee3519e773a;f7ec738857;-;-;Sat Oct 27 05:46:07 2012 -0400;1351331167;-;-;Sun Oct 28 12:10:38 2012 -0400;1351440638
d4e7d192375bbfcdab3f51a28d98db260804018d;d4e7d19237;-;-;Sun Oct 28 16:23:49 2012 +0100;1351437829;-;-;Sun Oct 28 16:23:49 2012 +0100;1351437829
c79c4c6e253d97399e118c3f08b2e032df94f3f4;c79c4c6e25;-;-;Sun Oct 28 15:43:16 2012 +0100;1351435396;-;-;Sun Oct 28 15:43:16 2012 +0100;1351435396
e4158f91a4885f22f627f9265156ca3d673e451c;e4158f91a4;-;-;Sat Oct 27 19:50:12 2012 -0700;1351392612;-;-;Sat Oct 27 19:50:12 2012 -0700;1351392612
461d99af29e8c358ff80ff9ff58a8ea63fe7b670;461d99af29;-;-;Sun Oct 28 00:13:01 2012 +0200;1351375981;-;-;Sun Oct 28 00:13:01 2012 +0200;1351375981
33d5b011d3e6e85767e910896f5dacf5930eb08a;33d5b011d3;-;-;Sat Oct 27 22:29:55 2012 +0200;1351369795;-;-;Sat Oct 27 22:29:55 2012 +0200;1351369795
397d20b55a623fb3eb3655047334c957e66504c2;397d20b55a;-;-;Sat Oct 27 21:10:15 2012 +0200;1351365015;-;-;Sat Oct 27 21:10:15 2012 +0200;1351365015
90c5f226b62503b492167bcd87361842f73d18b1;90c5f226b6;-;-;Sat Oct 27 20:42:06 2012 +0200;1351363326;-;-;Sat Oct 27 20:42:06 2012 +0200;1351363326
acc8364539035884512e9d232b6e18eac85056a8;acc8364539;-;-;Sat Oct 27 18:29:52 2012 +0200;1351355392;-;-;Sat Oct 27 18:29:52 2012 +0200;1351355392
591aa017412470f20d6e663ec6416857003c5edf;591aa01741;-;-;Wed Oct 24 09:07:47 2012 -0400;1351084067;-;-;Sat Oct 27 18:13:13 2012 +0200;1351354393
7d9c823a1550d0fe0050bd4184f3bb47dd4b7c51;7d9c823a15;-;-;Sat Oct 27 17:32:18 2012 +0200;1351351938;-;-;Sat Oct 27 17:32:51 2012 +0200;1351351971
fe77c3d5fe3b498ecba7f3e1dce31f0aec43d8d6;fe77c3d5fe;-;-;Fri Oct 26 22:01:35 2012 -0400;1351303295;-;-;Fri Oct 26 22:01:35 2012 -0400;1351303295
e14ba9dec329b0f2f3ea414e8119957abd8a2a4c;e14ba9dec3;-;-;Fri Oct 26 21:29:54 2012 -0400;1351301394;-;-;Fri Oct 26 21:29:54 2012 -0400;1351301394
e4a13cd4ad9b28a59f0be3c7c9b46bd1f77c08ee;e4a13cd4ad;-;-;Fri Oct 26 18:24:22 2012 -0400;1351290262;-;-;Fri Oct 26 18:24:22 2012 -0400;1351290262
f036ed639f95b64842aa0abe742cad26f37cc50b;f036ed639f;-;-;Fri Oct 26 17:55:28 2012 -0400;1351288528;-;-;Fri Oct 26 18:04:27 2012 -0400;1351289067
06e34f05a65f93a4bc235ea67ebb9535edc1ee1c;06e34f05a6;-;-;Fri Oct 26 19:23:47 2012 +0200;1351272227;-;-;Fri Oct 26 23:47:00 2012 +0200;1351288020
01272fb0e60b781a8f47ea849b25d144151ac4fb;01272fb0e6;-;-;Fri Oct 26 14:09:26 2012 -0700;1351285766;-;-;Fri Oct 26 14:09:26 2012 -0700;1351285766
61186b0b566b81b85623adaf411fcb27e0068a18;61186b0b56;-;-;Fri Oct 26 11:17:11 2012 +0200;1351243031;-;-;Fri Oct 26 17:56:00 2012 +0200;1351266960
0bd4dab4e3326be511d5a9e9cecdfa8279935993;0bd4dab4e3;-;-;Fri Oct 26 15:47:11 2012 +0200;1351259231;-;-;Fri Oct 26 15:47:11 2012 +0200;1351259231
5d4d1eaca4fa8af29f07e23b89bee8fd028820bd;5d4d1eaca4;-;-;Fri Oct 26 15:07:48 2012 +0200;1351256868;-;-;Fri Oct 26 15:08:14 2012 +0200;1351256894
54db7387de861273a1faa4ed2f3c30052999ddea;54db7387de;-;-;Fri Oct 26 13:54:14 2012 +0200;1351252454;-;-;Fri Oct 26 14:01:29 2012 +0200;1351252889
cb867121870b064df622274a0afc13d6198ba2c6;cb86712187;-;-;Thu Oct 25 12:35:23 2012 -0400;1351182923;-;-;Thu Oct 25 12:35:23 2012 -0400;1351182923
b093b30315d860bd45ad19c441c302d0f72ac845;b093b30315;-;-;Wed Oct 24 23:06:03 2012 -0400;1351134363;-;-;Thu Oct 25 11:29:05 2012 -0400;1351178945
788f298a35fae9b63af55f2df475263d3bde0506;788f298a35;-;-;Thu Oct 25 15:05:12 2012 +0200;1351170312;-;-;Thu Oct 25 15:05:12 2012 +0200;1351170312
d52e86853026fa66cf9e7a8cfdc38791c80d93c4;d52e868530;-;-;Thu Oct 25 14:26:30 2012 +0200;1351167990;-;-;Thu Oct 25 14:26:30 2012 +0200;1351167990
8a38891e155e5754ad11a36b1bb22da6656d8ea9;8a38891e15;-;-;Thu Oct 25 09:21:27 2012 +0200;1351149687;-;-;Thu Oct 25 09:21:27 2012 +0200;1351149687
91f6123167ff888feb8fd61d94ca5a3a453a4efd;91f6123167;-;-;Wed Oct 24 10:39:11 2012 -0700;1351100351;-;-;Wed Oct 24 10:39:11 2012 -0700;1351100351
ba5a148d8dd096a8e3c7f93d61f9f726cb48d138;ba5a148d8d;-;-;Wed Oct 24 10:37:02 2012 -0700;1351100222;-;-;Wed Oct 24 10:37:02 2012 -0700;1351100222
59fb67e38dc8781db52a4ac1bc5e96b77e9ddc58;59fb67e38d;-;-;Wed Oct 24 14:27:42 2012 +0200;1351081662;-;-;Wed Oct 24 14:27:42 2012 +0200;1351081662
37babc5c822e12c5e6b7cd15561ef0a105239be1;37babc5c82;-;-;Wed Oct 24 14:09:03 2012 +0200;1351080543;-;-;Wed Oct 24 14:09:03 2012 +0200;1351080543
2ab2c2e9ce90921978b78ceee8b04cff31878cb7;2ab2c2e9ce;-;-;Wed Oct 24 03:22:14 2012 +0200;1351041734;-;-;Wed Oct 24 03:23:04 2012 +0200;1351041784
33d37e86800ea4500957eb82d4be87e81c3b940f;33d37e8680;-;-;Tue Oct 23 07:07:59 2012 -0700;1351001279;-;-;Tue Oct 23 07:07:59 2012 -0700;1351001279
3bb515bec72b1984ae422f7a9da12e412978f61c;3bb515bec7;-;-;Mon Oct 22 21:20:47 2012 -0400;1350955247;-;-;Mon Oct 22 21:28:43 2012 -0400;1350955723
8270d82bda85f227780f03e6cdcac9ae721118ad;8270d82bda;-;-;Mon Oct 22 20:09:38 2012 -0400;1350950978;-;-;Mon Oct 22 20:09:38 2012 -0400;1350950978
c7e7e80a3ae9f6b4ed7f2d99fe321c2e12550d7b;c7e7e80a3a;-;-;Mon Oct 22 17:18:14 2012 -0400;1350940694;-;-;Mon Oct 22 17:23:57 2012 -0400;1350941037
4f114a657f71fd71b34509c686c5e8adce763c2d;4f114a657f;-;-;Mon Oct 22 16:41:47 2012 -0400;1350938507;-;-;Mon Oct 22 16:41:47 2012 -0400;1350938507
2e1a68893dc6d28a3fc6169eed075ce837c153b4;2e1a68893d;-;-;Mon Oct 22 16:09:33 2012 -0400;1350936573;-;-;Mon Oct 22 16:09:33 2012 -0400;1350936573
ae2d24808caa3d99a37299d3ec3a50d5485ed873;ae2d24808c;-;-;Mon Oct 22 09:56:07 2012 -0700;1350924967;-;-;Mon Oct 22 09:56:07 2012 -0700;1350924967
e329698df533ef3baa84026cf498293d8333b613;e329698df5;-;-;Mon Oct 22 12:29:44 2012 -0400;1350923384;-;-;Mon Oct 22 12:29:44 2012 -0400;1350923384
0721146b14e3df3bde3e6e8f2a871bb0b995ef4f;0721146b14;-;-;Mon Oct 22 10:37:40 2012 -0400;1350916660;-;-;Mon Oct 22 11:04:48 2012 -0400;1350918288
2f504dda3a8fe682f2ca789955818c9a5609f19e;2f504dda3a;-;-;Fri Oct 19 19:34:36 2012 -0400;1350689676;-;-;Mon Oct 22 11:04:48 2012 -0400;1350918288
4aaf014cc6bed8bdeea375556b1022066359e79d;4aaf014cc6;-;-;Mon Oct 22 00:52:01 2012 -0400;1350881521;-;-;Mon Oct 22 00:52:01 2012 -0400;1350881521
7c538bd588967f6ba9261f1df5c33686b8b81db1;7c538bd588;-;-;Fri Oct 19 20:29:20 2012 -0400;1350692960;-;-;Fri Oct 19 20:29:20 2012 -0400;1350692960
ff8a6e8fdb147e1b988c1ca5b4c8b3008b67534d;ff8a6e8fdb;-;-;Fri Oct 19 20:19:03 2012 -0400;1350692343;-;-;Fri Oct 19 20:19:03 2012 -0400;1350692343
0a10f95e18d2225117673a05108a459523cb320f;0a10f95e18;-;-;Thu Oct 18 14:20:45 2012 -0400;1350584445;-;-;Thu Oct 18 14:20:45 2012 -0400;1350584445
caf2af077a3a6454cef39678564391c4abaf8eeb;caf2af077a;-;-;Wed Oct 17 11:21:30 2012 -0400;1350487290;-;-;Wed Oct 17 11:22:06 2012 -0400;1350487326
c579cd1ce9bbe0d8af13f6fbf63b7b261a90da52;c579cd1ce9;-;-;Tue Oct 16 16:07:16 2012 -0400;1350418036;-;-;Tue Oct 16 16:07:16 2012 -0400;1350418036
dbcbdace9e83a020e35ed95f203fbbdb632f2a85;dbcbdace9e;-;-;Mon Oct 15 10:30:49 2012 -0400;1350311449;-;-;Mon Oct 15 12:17:39 2012 -0400;1350317859
e98dc50f994708beb3bab2065336a6ec23fa1332;e98dc50f99;-;-;Mon Oct 15 09:41:23 2012 -0400;1350308483;-;-;Mon Oct 15 12:17:39 2012 -0400;1350317859
300ab4537bd6fdd4188057a699564759edd5da78;300ab4537b;-;-;Mon Oct 15 09:25:09 2012 -0400;1350307509;-;-;Mon Oct 15 12:17:39 2012 -0400;1350317859
9582085950bfa970e9a10a843f75241ddd57dbd0;9582085950;-;-;Mon Oct 15 10:06:34 2012 -0400;1350309994;-;-;Mon Oct 15 10:06:34 2012 -0400;1350309994
300d41840b09dba9a0e1bba32d9060916f80bcf9;300d41840b;-;-;Sat Oct 13 20:29:59 2012 +0200;1350152999;-;-;Sat Oct 13 20:29:59 2012 +0200;1350152999
21ebbb9c028c5ac05f9d541d87b53b08bb021818;21ebbb9c02;-;-;Sat Oct 13 19:50:31 2012 +0200;1350150631;-;-;Sat Oct 13 19:50:31 2012 +0200;1350150631
0bb24f2922c57e6ba8869a2a443044c3670e1fba;0bb24f2922;-;-;Sat Oct 13 18:43:50 2012 +0200;1350146630;-;-;Sat Oct 13 18:43:50 2012 +0200;1350146630
6adb49b7a928b9f611693ddcde601215583381cf;6adb49b7a9;-;-;Fri Oct 12 14:24:07 2012 -0700;1350077047;-;-;Fri Oct 12 14:47:19 2012 -0700;1350078439
c8c0e827b4638ad8f2076ae17ae9f29a277e5762;c8c0e827b4;-;-;Fri Oct 12 14:16:42 2012 -0700;1350076602;-;-;Fri Oct 12 14:47:19 2012 -0700;1350078439
29d60448cd19bce99bfa2c73ca760d05dea47263;29d60448cd;-;-;Fri Oct 12 23:33:18 2012 +0200;1350077598;-;-;Fri Oct 12 23:34:23 2012 +0200;1350077663
a6ce821ad8a0f1f5c766d21508b464842bce4f8e;a6ce821ad8;-;-;Fri Oct 12 23:32:52 2012 +0200;1350077572;-;-;Fri Oct 12 23:34:22 2012 +0200;1350077662
3cf5572ee83034aa31241f0011cd60163ea97b4e;3cf5572ee8;-;-;Fri Oct 12 23:31:12 2012 +0200;1350077472;-;-;Fri Oct 12 23:34:22 2012 +0200;1350077662
0af9244571041d5bc4d77040fddf86661d32c47a;0af9244571;-;-;Fri Oct 12 17:13:41 2012 +0200;1350054821;-;-;Fri Oct 12 23:34:21 2012 +0200;1350077661
0f119200074a9aef18c97bdbba653cb5413a03ad;0f11920007;-;-;Fri Oct 12 16:44:30 2012 +0200;1350053070;-;-;Fri Oct 12 23:34:20 2012 +0200;1350077660
d7e2de019f049ff9bc747f36954a2110d5bcf9c6;d7e2de019f;-;-;Fri Oct 12 16:26:43 2012 +0200;1350052003;-;-;Fri Oct 12 23:34:19 2012 +0200;1350077659
538ce4747db8f4c27befa5393e9f4706eda99e67;538ce4747d;-;-;Fri Oct 12 16:25:11 2012 +0200;1350051911;-;-;Fri Oct 12 23:34:18 2012 +0200;1350077658
3c59725b94faef83bbc3ca5d48f955aabe6ff9d0;3c59725b94;-;-;Fri Oct 12 16:23:31 2012 +0200;1350051811;-;-;Fri Oct 12 23:34:18 2012 +0200;1350077658
cfdcb54711ba073a4a0396d4a9ba397b39671940;cfdcb54711;-;-;Thu Oct 11 22:32:42 2012 +0200;1349987562;-;-;Fri Oct 12 23:34:17 2012 +0200;1350077657
138fa8af0ef3df3df5dbb2a6db4643cff36043d1;138fa8af0e;-;-;Thu Oct 11 21:39:39 2012 +0200;1349984379;-;-;Fri Oct 12 23:34:16 2012 +0200;1350077656
ff7dcec5f7d2b54324476bd617af74de9cbd56ec;ff7dcec5f7;-;-;Thu Oct 11 19:43:41 2012 +0200;1349977421;-;-;Fri Oct 12 23:34:15 2012 +0200;1350077655
65743936ffd87d0e621722c414692c3fe9652717;65743936ff;-;-;Thu Oct 11 19:40:13 2012 +0200;1349977213;-;-;Fri Oct 12 23:34:14 2012 +0200;1350077654
3f1fb4eeead221ec51c5ef80fac297cb38891580;3f1fb4eeea;-;-;Fri Oct 12 13:11:02 2012 -0700;1350072662;-;-;Fri Oct 12 13:11:02 2012 -0700;1350072662
ea8b1327b49ece4ff47af8fb715fa17b588eb1a4;ea8b1327b4;-;-;Fri Oct 12 12:57:45 2012 -0700;1350071865;-;-;Fri Oct 12 13:00:56 2012 -0700;1350072056
27c83710b013e4ffb8758b8c1f9ae4d204558391;27c83710b0;-;-;Fri Oct 12 12:56:25 2012 -0700;1350071785;-;-;Fri Oct 12 12:56:25 2012 -0700;1350071785
365a42da648eefe18b0384a106656d435f2f7600;365a42da64;-;-;Fri Oct 12 09:17:27 2012 -0400;1350047847;-;-;Fri Oct 12 09:17:27 2012 -0400;1350047847
dc01f088f7cb9a6257503ebce0f0e581eb52eec6;dc01f088f7;-;-;Fri Oct 12 08:49:30 2012 -0400;1350046170;-;-;Fri Oct 12 08:49:30 2012 -0400;1350046170
f7943786deb06605274a7b9e68f2b0e3a2ad9e17;f7943786de;-;-;Thu Oct 11 22:11:00 2012 -0400;1350007860;-;-;Thu Oct 11 22:18:22 2012 -0400;1350008302
1858ef10ff99d2098b033c434ee77f9d1ab11acd;1858ef10ff;-;-;Fri Sep 7 13:24:53 2012 -0700;1347049493;-;-;Wed Oct 10 15:49:03 2012 -0700;1349909343
1a6940dd055c31846919b1f5ce434be475184f8a;1a6940dd05;-;-;Thu Oct 11 00:33:09 2012 +0200;1349908389;-;-;Thu Oct 11 00:35:04 2012 +0200;1349908504
15bf31a09e3ac65ed623702fe5784afd9615a4ad;15bf31a09e;-;-;Thu Oct 11 00:31:14 2012 +0200;1349908274;-;-;Thu Oct 11 00:35:03 2012 +0200;1349908503
84b3f7106d85ea0e7517e37b5923a66c1c6cf1c4;84b3f7106d;-;-;Thu Oct 11 00:30:40 2012 +0200;1349908240;-;-;Thu Oct 11 00:35:02 2012 +0200;1349908502
69b380583ae748bdaae12cf0bd372e76f6f2ab5e;69b380583a;-;-;Wed Oct 10 15:17:02 2012 -0700;1349907422;-;-;Wed Oct 10 15:17:02 2012 -0700;1349907422
efd872e35a9dccaadede4d4058efaa584da73b3f;efd872e35a;-;-;Wed Oct 10 23:32:40 2012 +0200;1349904760;-;-;Wed Oct 10 23:34:24 2012 +0200;1349904864
92a92b79371dbe85cfea9c6b4a923997893ade6d;92a92b7937;-;-;Wed Oct 10 20:16:55 2012 +0200;1349893015;-;-;Wed Oct 10 23:34:23 2012 +0200;1349904863
014f7f02428615b500acbe24f2044f2af3a62f73;014f7f0242;-;-;Wed Oct 10 17:44:45 2012 +0200;1349883885;-;-;Wed Oct 10 23:34:22 2012 +0200;1349904862
9eeb6f15e5e187469d266b733e037b53f405704b;9eeb6f15e5;-;-;Wed Oct 10 17:04:11 2012 +0200;1349881451;-;-;Wed Oct 10 23:34:21 2012 +0200;1349904861
e5cfe8a2c5c3a48200b56c0e97062f40e8ed9339;e5cfe8a2c5;-;-;Wed Oct 10 14:05:56 2012 -0700;1349903156;-;-;Wed Oct 10 14:05:56 2012 -0700;1349903156
2748f2b8eba22264408f2a05725810b58e80649d;2748f2b8eb;-;-;Wed Oct 10 16:10:49 2012 -0400;1349899849;-;-;Wed Oct 10 16:10:49 2012 -0400;1349899849
e7a7f751b6161cbbb4579d79de7348d9e080b4c2;e7a7f751b6;-;-;Wed Oct 10 15:44:51 2012 -0400;1349898291;-;-;Wed Oct 10 15:44:51 2012 -0400;1349898291
d4fa5c0331e5a8008dae2f6f0ba157bdddaf122d;d4fa5c0331;-;-;Wed Oct 10 09:00:43 2012 -0400;1349874043;-;-;Wed Oct 10 09:00:43 2012 -0400;1349874043
c020096bbd637d4f6dc00a9ce619522f96576668;c020096bbd;-;-;Wed Oct 10 14:26:46 2012 +0200;1349872006;-;-;Wed Oct 10 14:28:56 2012 +0200;1349872136
d15ca6277a6390c09e256ae34cf1e6cff16d6262;d15ca6277a;-;-;Wed Oct 10 14:25:15 2012 +0200;1349871915;-;-;Wed Oct 10 14:28:55 2012 +0200;1349872135
fe16334dd49d9ed9402142d2287ac3b72265d07e;fe16334dd4;-;-;Wed Oct 10 14:24:14 2012 +0200;1349871854;-;-;Wed Oct 10 14:28:54 2012 +0200;1349872134
6445f09c36f3e5effe29ac676608bd0e4155cafe;6445f09c36;-;-;Thu Oct 4 16:14:51 2012 +0200;1349360091;-;-;Wed Oct 10 14:28:53 2012 +0200;1349872133
8bdc6be0749c97f347010ad9f5a5560cf8bac75c;8bdc6be074;-;-;Thu Oct 4 13:26:39 2012 +0200;1349349999;-;-;Wed Oct 10 14:28:52 2012 +0200;1349872132
9ff640a95db22d2bba2c25595a94cc18cc330fcf;9ff640a95d;-;-;Thu Oct 4 13:22:05 2012 +0200;1349349725;-;-;Wed Oct 10 14:28:52 2012 +0200;1349872132
93aa411886dd8f9d1b48b782b4a8e90e31b85419;93aa411886;-;-;Wed Sep 26 22:06:18 2012 +0200;1348689978;-;-;Wed Oct 10 14:28:51 2012 +0200;1349872131
0c0a563a241466813ccc8233195e35bfee369920;0c0a563a24;-;-;Tue Oct 9 20:04:55 2012 -0700;1349838295;-;-;Tue Oct 9 20:10:50 2012 -0700;1349838650
7b4bc08b14ed7e98c275b939549444e892c49ed3;7b4bc08b14;-;-;Mon Oct 8 12:41:09 2012 -0400;1349714469;-;-;Mon Oct 8 12:41:09 2012 -0400;1349714469
9937f840d5dbd2be819f45f5101dd6486aa382f6;9937f840d5;-;-;Sun Oct 7 15:29:18 2012 -0700;1349648958;-;-;Sun Oct 7 15:29:18 2012 -0700;1349648958
3552173b81f8e67640300156ed1659b2d2810e37;3552173b81;-;-;Sat Oct 6 21:52:21 2012 -0400;1349574741;-;-;Sat Oct 6 21:58:34 2012 -0400;1349575114
3eda02d1b4ec96e54ad8417a94132287fbe5ed41;3eda02d1b4;-;-;Sat Oct 6 10:56:32 2012 -0400;1349535392;-;-;Sat Oct 6 10:56:32 2012 -0400;1349535392
7718936158434e0f658233f74c33ab72bea5d440;7718936158;-;-;Sat Oct 6 10:01:56 2012 -0400;1349532116;-;-;Sat Oct 6 10:01:56 2012 -0400;1349532116
2638dd5a05644988be193f9cbbb18b8be3b55506;2638dd5a05;-;-;Fri Oct 5 11:40:42 2012 -0500;1349455242;-;-;Fri Oct 5 11:40:42 2012 -0500;1349455242
22bcb54ab66c952d1c122526729b64d77a77280b;22bcb54ab6;-;-;Fri Sep 28 17:15:01 2012 -0500;1348870501;-;-;Fri Oct 5 12:02:25 2012 -0400;1349452945
4812c181d4af1c3091f68135f93faa459314e551;4812c181d4;-;-;Thu Oct 4 14:10:52 2012 +0200;1349352652;-;-;Thu Oct 4 14:10:52 2012 +0200;1349352652
7513e2124a9ca3ba889e4ddf87fbfea67ddcf663;7513e2124a;-;-;Tue Oct 2 15:57:22 2012 -0400;1349207842;-;-;Tue Oct 2 15:57:22 2012 -0400;1349207842
5c13739afafcd45471e1954c5e05c3cfa2e723da;5c13739afa;-;-;Thu Sep 27 17:07:14 2012 -0400;1348780034;-;-;Thu Sep 27 17:07:14 2012 -0400;1348780034
4566db82f585c6d2571e68792c1fbf05689d5729;4566db82f5;-;-;Thu Sep 27 12:06:35 2012 -0400;1348761995;-;-;Thu Sep 27 12:06:35 2012 -0400;1348761995
49294c9d008ab63d3b33d708fc48b3f4321785db;49294c9d00;-;-;Wed Sep 26 20:03:30 2012 +0200;1348682610;-;-;Wed Sep 26 20:03:30 2012 +0200;1348682610
89b365120ad577bd5ad8007044991a2b6742304b;89b365120a;-;-;Wed Sep 26 19:30:42 2012 +0200;1348680642;-;-;Wed Sep 26 19:30:42 2012 +0200;1348680642
abf341c33a4241af73c00991307af92a3220a71b;abf341c33a;-;-;Wed Sep 26 16:45:13 2012 +0200;1348670713;-;-;Wed Sep 26 16:55:14 2012 +0200;1348671314
3c557bfbc36564af11805970c07a6d35b6d229f6;3c557bfbc3;-;-;Wed Sep 26 10:30:15 2012 +0200;1348648215;-;-;Wed Sep 26 16:55:13 2012 +0200;1348671313
7b30ffd5222e41f703b9b48b30f562cca7a8f5cd;7b30ffd522;-;-;Wed Sep 26 09:16:08 2012 -0400;1348665368;-;-;Wed Sep 26 09:28:43 2012 -0400;1348666123
2bb0104556c271f552947c3e492979d2d6f5a90a;2bb0104556;-;-;Tue Sep 25 19:32:26 2012 -0400;1348615946;-;-;Tue Sep 25 19:32:26 2012 -0400;1348615946
8a082e6e3b2fc7494d6ab4f6e6cd921d797d3267;8a082e6e3b;-;-;Tue Sep 25 10:20:10 2012 -0400;1348582810;-;-;Tue Sep 25 10:20:10 2012 -0400;1348582810
b2037c8316fb7d2f49ce4efc213347464137ff23;b2037c8316;-;-;Wed Aug 29 18:22:03 2012 +0200;1346257323;-;-;Tue Sep 25 09:02:27 2012 -0400;1348578147
0d88c73523ad8f40bd9af5154e40cb914fb15c1f;0d88c73523;-;-;Tue Sep 25 13:53:07 2012 +0200;1348573987;-;-;Tue Sep 25 13:53:07 2012 +0200;1348573987
7fc16298e68c58ab918cb331462658e99216ad2b;7fc16298e6;-;-;Tue Sep 25 12:49:38 2012 +0200;1348570178;-;-;Tue Sep 25 12:49:38 2012 +0200;1348570178
e0bec678da174ec9a0c67df779c00ab1c323840a;e0bec678da;-;-;Tue Sep 25 12:06:43 2012 +0200;1348567603;-;-;Tue Sep 25 12:06:43 2012 +0200;1348567603
ef9d35c473f046c66b6a7780ea3d38430bc0c58c;ef9d35c473;-;-;Mon Sep 24 19:57:04 2012 -0400;1348531024;-;-;Mon Sep 24 19:57:04 2012 -0400;1348531024
ce0ae84d95c4a1469176cdf55c8351dc197928a7;ce0ae84d95;-;-;Mon Sep 24 19:38:09 2012 -0400;1348529889;-;-;Mon Sep 24 19:38:09 2012 -0400;1348529889
e54fb60180f628c61f6d8ab5b5022ebb9c7e3380;e54fb60180;-;-;Mon Sep 24 19:23:49 2012 -0400;1348529029;-;-;Mon Sep 24 19:23:49 2012 -0400;1348529029
76e28cb08bfe20926064db08262124581d675b0e;76e28cb08b;-;-;Mon Sep 24 23:16:49 2012 +0200;1348521409;-;-;Mon Sep 24 23:16:49 2012 +0200;1348521409
e5f3669804248a22f860a9580058d41d80a86932;e5f3669804;-;-;Mon Sep 24 23:15:58 2012 +0200;1348521358;-;-;Mon Sep 24 23:15:58 2012 +0200;1348521358
53ae345a88b193d10ecd918d5a8b9f5fb0fa61fd;53ae345a88;-;-;Mon Sep 24 11:39:09 2012 +0200;1348479549;-;-;Mon Sep 24 11:39:09 2012 +0200;1348479549
dc4e0683aeccdabfa212d20a5335e81af13cd6d4;dc4e0683ae;-;-;Mon Sep 24 11:26:47 2012 +0200;1348478807;-;-;Mon Sep 24 11:26:47 2012 +0200;1348478807
aa4d9c48ab656d8a31c375d449892f9955f7e57b;aa4d9c48ab;-;-;Mon Sep 17 11:25:41 2012 +0200;1347873941;-;-;Sun Sep 23 19:50:04 2012 +0200;1348422604
e26da7c2ab961a446c4141840767d4d655896ef4;e26da7c2ab;-;-;Fri Sep 21 11:10:05 2012 -0400;1348240205;-;-;Fri Sep 21 11:10:05 2012 -0400;1348240205
d1d9e118b7dd52c376c326a40965c47844443a83;d1d9e118b7;-;-;Fri Sep 21 07:52:48 2012 -0700;1348239168;-;-;Fri Sep 21 07:52:48 2012 -0700;1348239168
57c36dd39500654caeea124519257696d98f9f14;57c36dd395;-;-;Wed Sep 19 09:25:50 2012 -0400;1348061150;-;-;Wed Sep 19 09:25:50 2012 -0400;1348061150
30bce7fa169df320bbff8e56efe9610449a9d60b;30bce7fa16;-;-;Tue Sep 18 12:53:40 2012 +0100;1347969220;-;-;Tue Sep 18 13:28:00 2012 +0100;1347971280
97f97c4e9fbe8e1fc4bb935155bc4cc153e6a36e;97f97c4e9f;-;-;Mon Sep 17 14:58:56 2012 -0400;1347908336;-;-;Mon Sep 17 14:58:56 2012 -0400;1347908336
ccd7b102374b78a37af281f84bfb82d6a254e1ce;ccd7b10237;-;-;Mon Sep 17 14:11:22 2012 +0100;1347887482;-;-;Mon Sep 17 14:11:22 2012 +0100;1347887482
17c6515c0a3c4e8d182e354d61279aa0ca7ed7bd;17c6515c0a;-;-;Wed Sep 12 04:08:39 2012 +0200;1347415719;-;-;Wed Sep 12 04:08:39 2012 +0200;1347415719
323ac6ad01328d1ac400d001c65ea89c7be98191;323ac6ad01;-;-;Tue Sep 11 18:41:07 2012 -0700;1347414067;-;-;Tue Sep 11 18:41:07 2012 -0700;1347414067
c4aa14f34330a3bcb09e3d25fb5960be18263995;c4aa14f343;-;-;Tue Sep 11 22:39:59 2012 +0200;1347395999;-;-;Tue Sep 11 23:54:35 2012 +0200;1347400475
6c8f7951226e6ad9a13a56341aac77913ec16ebd;6c8f795122;-;-;Tue Sep 11 22:20:20 2012 +0200;1347394820;-;-;Tue Sep 11 22:20:20 2012 +0200;1347394820
0af04910f958835bba3ed5b087451bd64ad11b66;0af04910f9;-;-;Tue Sep 11 17:32:30 2012 +0200;1347377550;-;-;Tue Sep 11 17:32:30 2012 +0200;1347377550
3bebb23f648fc178b6c7d22a368350f572947761;3bebb23f64;-;-;Tue Sep 11 16:56:49 2012 +0200;1347375409;-;-;Tue Sep 11 16:56:49 2012 +0200;1347375409
73832f8c6e51eb305b88dfc11815801d18b4d567;73832f8c6e;-;-;Thu Sep 6 19:56:38 2012 -0700;1346986598;-;-;Tue Sep 11 16:50:01 2012 +0200;1347375001
512ffbb2730f2e58da6ca6cb069a6801ff3bc9e0;512ffbb273;-;-;Tue Sep 11 15:54:54 2012 +0200;1347371694;-;-;Tue Sep 11 16:00:18 2012 +0200;1347372018
ec2df7d2299acee46ff93f510ffe455df266d9c3;ec2df7d229;-;-;Tue Sep 11 15:06:48 2012 +0200;1347368808;-;-;Tue Sep 11 15:06:48 2012 +0200;1347368808
dfe05305e2de1c68add84ef66b615958744b520a;dfe05305e2;-;-;Sun Sep 9 21:41:39 2012 +0200;1347219699;-;-;Tue Sep 11 15:04:56 2012 +0200;1347368696
a9a90cabadfe8059bbae595645108c739362bc80;a9a90cabad;-;-;Sun Sep 9 09:51:41 2012 -0700;1347209501;-;-;Tue Sep 11 15:04:55 2012 +0200;1347368695
8e7622bb8a6a078d92531b657f105cec953c4166;8e7622bb8a;-;-;Fri Sep 7 11:49:06 2012 -0700;1347043746;-;-;Tue Sep 11 15:04:55 2012 +0200;1347368695
94bb03626973c69211cbed83972fe3632c753ef5;94bb036269;-;-;Tue Sep 11 14:41:50 2012 +0200;1347367310;-;-;Tue Sep 11 15:04:55 2012 +0200;1347368695
2ff3d53962c1249dccfb493eb46f12e30612de05;2ff3d53962;-;-;Mon Sep 10 20:06:10 2012 -0400;1347321970;-;-;Mon Sep 10 20:06:10 2012 -0400;1347321970
48b963aaa5e122d8e21967c363233df245755d7e;48b963aaa5;-;-;Mon Sep 10 18:22:28 2012 -0400;1347315748;-;-;Mon Sep 10 18:26:43 2012 -0400;1347316003
787d8f5916652dc8c746a50c89f0be3caac1d158;787d8f5916;-;-;Mon Sep 10 22:35:27 2012 +0200;1347309327;-;-;Mon Sep 10 23:16:21 2012 +0200;1347311781
0a42c80c1151380f7f492ec75de5648cfe62d250;0a42c80c11;-;-;Mon Sep 10 22:16:48 2012 +0200;1347308208;-;-;Mon Sep 10 23:16:20 2012 +0200;1347311780
34c3e821ddb25e90f1e8ad90aac55f68a6f2f195;34c3e821dd;-;-;Mon Sep 10 16:57:10 2012 -0400;1347310630;-;-;Mon Sep 10 16:57:10 2012 -0400;1347310630
0a877afa061aacc67b238be6015bf82a3eecf0eb;0a877afa06;-;-;Mon Sep 10 13:46:49 2012 -0400;1347299209;-;-;Mon Sep 10 14:01:01 2012 -0400;1347300061
228a77552db58fdacd662f64455a96d7edbf1f09;228a77552d;-;-;Mon Sep 10 15:44:12 2012 +0200;1347284652;-;-;Mon Sep 10 15:44:12 2012 +0200;1347284652
430db261e79a534dde40ed6e864e18cb301f5e67;430db261e7;-;-;Mon Sep 10 15:26:43 2012 +0200;1347283603;-;-;Mon Sep 10 15:26:43 2012 +0200;1347283603
7d8843d0691435cf809fa095cca1846348384149;7d8843d069;-;-;Mon Sep 10 11:10:24 2012 +0200;1347268224;-;-;Mon Sep 10 15:14:14 2012 +0200;1347282854
f29b791c85b4920e096285e8e265f84b32fb4f1e;f29b791c85;-;-;Mon Sep 10 11:05:53 2012 +0200;1347267953;-;-;Mon Sep 10 15:14:13 2012 +0200;1347282853
a90f25668be5a25775284931c18ae1f50083a84c;a90f25668b;-;-;Mon Sep 10 10:41:36 2012 +0200;1347266496;-;-;Mon Sep 10 15:14:12 2012 +0200;1347282852
f32e4077fae1ce986ca565c73b1703f74dd6ba31;f32e4077fa;-;-;Thu Sep 6 19:22:20 2012 +0200;1346952140;-;-;Mon Sep 10 15:14:11 2012 +0200;1347282851
10a4e88e0a10ba5f2e6a9ba86d39b65417781797;10a4e88e0a;-;-;Thu Sep 6 19:00:08 2012 +0200;1346950808;-;-;Mon Sep 10 15:14:10 2012 +0200;1347282850
282d961b2e2d385ba8f5394de6de288432a322cc;282d961b2e;-;-;Thu Sep 6 18:59:26 2012 +0200;1346950766;-;-;Mon Sep 10 15:14:10 2012 +0200;1347282850
8f12d98a991bd8e33d694febc5c0c4f03f38f346;8f12d98a99;-;-;Wed Sep 5 13:44:16 2012 +0200;1346845456;-;-;Mon Sep 10 15:14:09 2012 +0200;1347282849
82739dd4ac40b9a4e8daf9ca85c335747a6adb25;82739dd4ac;-;-;Mon Sep 10 14:28:53 2012 +0200;1347280133;-;-;Mon Sep 10 14:28:53 2012 +0200;1347280133
aeff91c1da0c3c1f655ce5ef132d07ea07d1cf11;aeff91c1da;-;-;Mon Sep 10 11:28:45 2012 +0200;1347269325;-;-;Mon Sep 10 11:28:45 2012 +0200;1347269325
fc859ffd6e0d5ca8e69b736bc93baf8081b89932;fc859ffd6e;-;-;Sun Sep 9 21:55:59 2012 +0200;1347220559;-;-;Sun Sep 9 21:57:51 2012 +0200;1347220671
3925f6a428401c5acf6c6c2e39d9731412d91e7e;3925f6a428;-;-;Sun Sep 9 21:47:02 2012 +0200;1347220022;-;-;Sun Sep 9 21:47:02 2012 +0200;1347220022
5bcf68e25a0c5a4e33772cbbd5c8885b7dcfabaf;5bcf68e25a;-;-;Sun Sep 9 16:04:40 2012 +0200;1347199480;-;-;Sun Sep 9 16:45:28 2012 +0200;1347201928
b50bb5071ac353e77e9d38c72f888de3add923b2;b50bb5071a;-;-;Fri Sep 7 13:42:02 2012 +0200;1347018122;-;-;Sun Sep 9 16:44:54 2012 +0200;1347201894
c795c1b3622a78e4d2062fd00767d0a4431f3077;c795c1b362;-;-;Sat Sep 8 18:16:33 2012 +0200;1347120993;-;-;Sat Sep 8 18:16:33 2012 +0200;1347120993
70b0b97b54d545118696b6fe279b57044f739e92;70b0b97b54;-;-;Fri Sep 7 22:14:49 2012 -0400;1347070489;-;-;Fri Sep 7 22:14:49 2012 -0400;1347070489
6e85dd8917beaf33df46764ec6e5b34645e9296f;6e85dd8917;-;-;Fri Sep 7 21:30:11 2012 -0400;1347067811;-;-;Fri Sep 7 21:30:11 2012 -0400;1347067811
988f3767525daab7913e403e0d18dd6cf5fe3c81;988f376752;-;-;Fri Sep 7 17:00:22 2012 +0200;1347030022;-;-;Fri Sep 7 17:00:22 2012 +0200;1347030022
77c93219670a789c7b380c85e5b2514c47fb920a;77c9321967;-;-;Mon Aug 27 13:24:58 2012 -0700;1346099098;-;-;Thu Sep 6 16:06:16 2012 +0200;1346940376
719a9e120d781a23bc81f79a59d0377f8cbc241e;719a9e120d;-;-;Mon Aug 27 13:20:24 2012 -0700;1346098824;-;-;Thu Sep 6 16:06:16 2012 +0200;1346940376
98218687070fc47eb6f91e81d3d714bf96068cc5;9821868707;-;-;Mon Aug 27 13:20:24 2012 -0700;1346098824;-;-;Thu Sep 6 16:06:16 2012 +0200;1346940376
bd018fc9d7f872d1dde46ee528cc2742216ae428;bd018fc9d7;-;-;Thu Sep 6 13:12:03 2012 +0200;1346929923;-;-;Thu Sep 6 13:12:03 2012 +0200;1346929923
6517517ca9867be846112edd17b7da907a2d04de;6517517ca9;-;-;Wed Sep 5 21:55:41 2012 +0200;1346874941;-;-;Wed Sep 5 22:33:55 2012 +0200;1346877235
9f8d219146a789698a60bf5e98df35ddf6374fb2;9f8d219146;-;-;Wed Sep 5 21:46:24 2012 +0200;1346874384;-;-;Wed Sep 5 22:33:14 2012 +0200;1346877194
f963d0f190b60d56653a1dd4fd5119fb3ba70969;f963d0f190;-;-;Wed Sep 5 21:10:06 2012 +0200;1346872206;-;-;Wed Sep 5 22:22:05 2012 +0200;1346876525
c92a06f003c2fac8785b4e3c1382c07e34d5e462;c92a06f003;-;-;Fri Aug 31 12:59:26 2012 -0500;1346435966;-;-;Wed Sep 5 01:30:46 2012 -0400;1346823046
6bce09831060430b00e6ed93785c7d40ac8529a8;6bce098310;-;-;Wed Sep 5 00:59:46 2012 +0200;1346799586;-;-;Wed Sep 5 00:59:46 2012 +0200;1346799586
15e384dfd3659c923be7ff6af53813e731b7fad1;15e384dfd3;-;-;Tue Sep 4 22:40:00 2012 +0200;1346791200;-;-;Tue Sep 4 22:40:00 2012 +0200;1346791200
e904589bd1f910b095acdd1fb760a76ab84e8e54;e904589bd1;-;-;Tue Sep 4 22:36:12 2012 +0200;1346790972;-;-;Tue Sep 4 22:36:12 2012 +0200;1346790972
780a259c70f9009445634760e038ae550bde5998;780a259c70;-;-;Tue Sep 4 22:10:00 2012 +0200;1346789400;-;-;Tue Sep 4 22:10:00 2012 +0200;1346789400
931ea5cdf4769b59bf0280eed95599925d0400cd;931ea5cdf4;-;-;Tue Sep 4 18:05:11 2012 +0200;1346774711;-;-;Tue Sep 4 18:05:11 2012 +0200;1346774711
db4cc9562f065935e25412011f2cf07e11e912dc;db4cc9562f;-;-;Tue Sep 4 08:54:01 2012 -0700;1346774041;-;-;Tue Sep 4 08:54:01 2012 -0700;1346774041
50df4d08c2e5180eab2eda916a1502f7566cb45f;50df4d08c2;-;-;Fri Aug 31 16:52:28 2012 +0200;1346424748;-;-;Fri Aug 31 16:52:28 2012 +0200;1346424748
1bd775f828ddb1f2919c2a57b1151dc3cca9f14c;1bd775f828;-;-;Fri Aug 31 15:59:09 2012 +0200;1346421549;-;-;Fri Aug 31 15:59:09 2012 +0200;1346421549
68c5f20bc7891ef9435ffc096e97f626277d27a7;68c5f20bc7;-;-;Fri Aug 31 11:51:25 2012 +0200;1346406685;-;-;Fri Aug 31 11:52:24 2012 +0200;1346406744
04af54ad4cd7ac335d275487b19e96ed3335f221;04af54ad4c;-;-;Fri Aug 31 11:49:52 2012 +0200;1346406592;-;-;Fri Aug 31 11:49:52 2012 +0200;1346406592
cec30a7a2d1f4da2df2b6a3fc9fbef104ecabee8;cec30a7a2d;-;-;Thu Aug 30 16:30:18 2012 +0200;1346337018;-;-;Thu Aug 30 16:30:18 2012 +0200;1346337018
95adf1dbeeb3172cc6fe21d542b27a288a3f0c0c;95adf1dbee;-;-;Wed Aug 29 22:02:45 2012 +0200;1346270565;-;-;Wed Aug 29 22:02:45 2012 +0200;1346270565
049b9444348bb54b064bd0ce818b3fdb64a72d68;049b944434;-;-;Tue Aug 28 19:42:17 2012 +0200;1346175737;-;-;Wed Aug 29 22:00:27 2012 +0200;1346270427
30de87a51e5977545846225b9c64072f50103477;30de87a51e;-;-;Tue Aug 28 19:22:49 2012 +0200;1346174569;-;-;Wed Aug 29 22:00:26 2012 +0200;1346270426
7ff30d00433de098e03fbc194bbac2bd1af4895f;7ff30d0043;-;-;Tue Aug 28 18:53:50 2012 +0200;1346172830;-;-;Wed Aug 29 22:00:25 2012 +0200;1346270425
769753dac429f0448ecb56ee810e4f4a86f9fc9d;769753dac4;-;-;Tue Aug 28 18:35:35 2012 +0200;1346171735;-;-;Wed Aug 29 22:00:25 2012 +0200;1346270425
bd7a6f658ab5ddd468f05b2ed9d9080a78953980;bd7a6f658a;-;-;Tue Aug 28 18:25:44 2012 +0200;1346171144;-;-;Wed Aug 29 22:00:24 2012 +0200;1346270424
cb564b287fe36bf5d6840a674d4486f2d0fc91fd;cb564b287f;-;-;Tue Aug 28 22:29:23 2012 -0400;1346207363;-;-;Tue Aug 28 22:29:23 2012 -0400;1346207363
a49851d5ebcb5d3c65e324f279f3a8c33f4db16f;a49851d5eb;-;-;Tue Aug 28 17:24:31 2012 -0400;1346189071;-;-;Tue Aug 28 17:24:31 2012 -0400;1346189071
473de081b8afe2caf8b0a6b533feebc97afa0667;473de081b8;-;-;Tue Aug 28 15:56:02 2012 -0400;1346183762;-;-;Tue Aug 28 15:56:02 2012 -0400;1346183762
2201dd8c45051230ad1a5a0e895cb5951edbfb74;2201dd8c45;-;-;Sun Aug 26 16:22:37 2012 -0400;1346012557;-;-;Tue Aug 28 13:21:12 2012 -0400;1346174472
da05b094f5b3847e156a658dffe414129658677c;da05b094f5;-;-;Mon Aug 27 14:06:06 2012 -0400;1346090766;-;-;Mon Aug 27 14:06:06 2012 -0400;1346090766
0a6b1167a7d79e9b52c55f271ee4d265b3f5dba1;0a6b1167a7;-;-;Mon Aug 27 15:04:11 2012 +0200;1346072651;-;-;Mon Aug 27 15:04:11 2012 +0200;1346072651
d37e7878e6a51cd88b3dd34b191178f32b555878;d37e7878e6;-;-;Mon Aug 27 12:40:08 2012 +0200;1346064008;-;-;Mon Aug 27 12:40:08 2012 +0200;1346064008
3794f995ba2d943de10b044960051c956a62756f;3794f995ba;-;-;Sat Aug 25 15:34:26 2012 +0200;1345901666;-;-;Sat Aug 25 15:34:26 2012 +0200;1345901666
5ce20fdd73bf2cc95c6e53e17e5836d66e6052c1;5ce20fdd73;-;-;Fri Aug 24 16:26:20 2012 +0200;1345818380;-;-;Fri Aug 24 16:26:20 2012 +0200;1345818380
29613f1c21fa102790a7e4094feb7cfcea2c7514;29613f1c21;-;-;Fri Aug 24 11:29:45 2012 +0200;1345800585;-;-;Fri Aug 24 11:31:00 2012 +0200;1345800660
b95550489b1d0e3dba2e52b9e1862bbd1cf60ba3;b95550489b;-;-;Thu Aug 23 13:31:32 2012 -0400;1345743092;-;-;Thu Aug 23 13:31:32 2012 -0400;1345743092
c9b7b132fb0370f51169929b704862b71183b49a;c9b7b132fb;-;-;Thu Aug 23 09:46:54 2012 -0400;1345729614;-;-;Thu Aug 23 09:58:45 2012 -0400;1345730325
ed3823b045fd19cdb801609eb034c93dd4d75c3f;ed3823b045;-;-;Fri Jun 8 14:47:22 2012 +0200;1339159642;-;-;Wed Aug 22 16:20:36 2012 -0400;1345666836
789e12a0c72c37a3f3796fd14bc2f61c8f6b909a;789e12a0c7;-;-;Wed Aug 22 14:24:53 2012 -0400;1345659893;-;-;Wed Aug 22 14:24:53 2012 -0400;1345659893
2965df6bee12638e3e1a1208c382679fe3d46751;2965df6bee;-;-;Wed Aug 22 12:23:23 2012 -0400;1345652603;-;-;Wed Aug 22 12:23:23 2012 -0400;1345652603
de6f74fa4071935c6651eb22d5f1819655af6c21;de6f74fa40;-;-;Wed Aug 22 11:38:55 2012 -0400;1345649935;-;-;Wed Aug 22 11:43:48 2012 -0400;1345650228
b3f0b6e2d664bf232e3468acac2eba0e39dab4ab;b3f0b6e2d6;-;-;Wed Aug 22 11:25:29 2012 -0400;1345649129;-;-;Wed Aug 22 11:25:29 2012 -0400;1345649129
888835445c4f0bfb49055167d19b2c6cb25d7b45;888835445c;-;-;Tue Aug 21 15:33:58 2012 -0400;1345577638;-;-;Tue Aug 21 15:35:06 2012 -0400;1345577706
364bb696e0d45644919f418a9d7bad1522147820;364bb696e0;-;-;Tue Aug 21 15:27:21 2012 -0400;1345577241;-;-;Tue Aug 21 15:27:21 2012 -0400;1345577241
af1561634c0b039c7dd16d526e831e09b8b11045;af1561634c;-;-;Tue Aug 21 14:23:51 2012 -0400;1345573431;-;-;Tue Aug 21 14:34:05 2012 -0400;1345574045
06d95915a01ec0944347fabd86f6dd2cd4c2e2da;06d95915a0;-;-;Tue Aug 21 12:35:17 2012 -0400;1345566917;-;-;Tue Aug 21 12:35:17 2012 -0400;1345566917
1cf4a2facd4fa0784fd10a767114011a79164abd;1cf4a2facd;-;-;Tue Aug 21 11:18:01 2012 -0400;1345562281;-;-;Tue Aug 21 11:32:11 2012 -0400;1345563131
58daeea1e2d7f3688057e0131cba5291a6f70fc2;58daeea1e2;-;-;Mon Aug 20 15:33:17 2012 +0200;1345469597;-;-;Mon Aug 20 15:33:17 2012 +0200;1345469597
9c8c967caa4062670ac0660db97feee43bf54500;9c8c967caa;-;-;Fri Aug 17 17:05:16 2012 -0400;1345237516;-;-;Fri Aug 17 17:05:16 2012 -0400;1345237516
4f55518290885a4a20ba892b23c4fe00e582f0a8;4f55518290;-;-;Fri Aug 17 13:04:38 2012 -0400;1345223078;-;-;Fri Aug 17 13:09:52 2012 -0400;1345223392
cdab04a032f2807d18d5156cf0068caf2b52bedb;cdab04a032;-;-;Thu Aug 16 18:45:36 2012 -0400;1345157136;-;-;Fri Aug 17 13:09:51 2012 -0400;1345223391
4407f6a4c097e0fecf3d7df079d2307f7d5d48ce;4407f6a4c0;-;-;Thu Aug 16 00:12:23 2012 -0400;1345090343;-;-;Fri Aug 17 13:09:51 2012 -0400;1345223391
3b9833c538be64cda4285f8e6b62aec7dd16ec8e;3b9833c538;-;-;Thu Aug 16 13:38:51 2012 +0200;1345117131;-;-;Thu Aug 16 13:38:51 2012 +0200;1345117131
8059625670aedbdb1f5b9689ef1a9cbc41b050ec;8059625670;-;-;Thu Aug 16 13:14:35 2012 +0200;1345115675;-;-;Thu Aug 16 13:14:35 2012 +0200;1345115675
e65b930e7ad63b909bd2977bff806322477f8a91;e65b930e7a;-;-;Thu Jul 26 13:37:49 2012 -0400;1343324269;-;-;Tue Aug 14 16:35:37 2012 -0400;1344976537
f1105812afe1f3785d58c7a353abe76d02219c31;f1105812af;-;-;Tue Aug 14 00:36:59 2012 +0200;1344897419;-;-;Tue Aug 14 00:36:59 2012 +0200;1344897419
81128871be4b9055fc562893c3a7ecd37184fd3b;81128871be;-;-;Mon Aug 13 15:24:52 2012 +0200;1344864292;-;-;Mon Aug 13 15:24:52 2012 +0200;1344864292
d986585be8c0b02f64a8952c8d6811bd704330d0;d986585be8;-;-;Mon Aug 13 13:54:59 2012 +0200;1344858899;-;-;Mon Aug 13 13:58:41 2012 +0200;1344859121
7187a2435e66d11298048eba63a15cc5ddf5a505;7187a2435e;-;-;Mon Aug 13 13:48:16 2012 +0200;1344858496;-;-;Mon Aug 13 13:48:16 2012 +0200;1344858496
4e0977ccddb23ecf94e69f380d6d10c5719605d7;4e0977ccdd;-;-;Sat Aug 11 12:40:39 2012 +0200;1344681639;-;-;Sat Aug 11 12:48:45 2012 +0200;1344682125
df961a938e1f0811ac1cbd679f35de9e4d0eb8c6;df961a938e;-;-;Fri Aug 10 16:44:55 2012 +0200;1344609895;-;-;Fri Aug 10 16:44:55 2012 +0200;1344609895
5710cf5ed29139e94853f3d14124eb100a924b82;5710cf5ed2;-;-;Fri Aug 10 15:16:27 2012 +0200;1344604587;-;-;Fri Aug 10 15:16:27 2012 +0200;1344604587
ff3dbac4b99bbb508aaec8bcaca4b49fa5875493;ff3dbac4b9;-;-;Fri Aug 10 01:21:57 2012 +0200;1344554517;-;-;Fri Aug 10 01:21:57 2012 +0200;1344554517
4691243fb0051b88528bbaa1badb3b376c60255e;4691243fb0;-;-;Fri Aug 10 00:53:23 2012 +0200;1344552803;-;-;Fri Aug 10 00:53:23 2012 +0200;1344552803
3e8b5575c10942e1eb20a18a6a605a2ceda35498;3e8b5575c1;-;-;Thu Aug 9 23:05:50 2012 +0200;1344546350;-;-;Thu Aug 9 23:05:50 2012 +0200;1344546350
51bac37d9b67991bdfcbd53e0ed30a1574475bbf;51bac37d9b;-;-;Thu Aug 9 22:13:21 2012 +0200;1344543201;-;-;Thu Aug 9 22:13:21 2012 +0200;1344543201
0d963a690b71e31412a921b9c67c04d8a6bce194;0d963a690b;-;-;Thu Aug 9 21:05:37 2012 +0200;1344539137;-;-;Thu Aug 9 21:05:37 2012 +0200;1344539137
6249539426e8cc99930279f71482f441068a8851;6249539426;-;-;Wed Aug 8 08:44:51 2012 +0200;1344408291;-;-;Wed Aug 8 08:46:04 2012 +0200;1344408364
826e565b7cfba8de05f9f652c1541df8e8e7efe2;826e565b7c;-;-;Sun Aug 5 19:09:38 2012 +0200;1344186578;-;-;Sun Aug 5 19:09:38 2012 +0200;1344186578
3fbcebb82e232ee080860a84b43e08bf4b27d5fd;3fbcebb82e;-;-;Sat Aug 4 01:50:36 2012 +0200;1344037836;-;-;Sat Aug 4 01:50:36 2012 +0200;1344037836
529e62921d3aca4499689fcf7c7e2bbeb7ad221e;529e62921d;-;-;Tue Jul 24 16:00:05 2012 -0400;1343160005;-;-;Fri Aug 3 19:15:53 2012 -0400;1344035753
026ee846c7d14474be7bfe45deb0deff90a4ed1a;026ee846c7;-;-;Sat Aug 4 01:06:50 2012 +0200;1344035210;-;-;Sat Aug 4 01:06:50 2012 +0200;1344035210
015086cb9c50fa4eabd47fab064bc1bbdde8caa6;015086cb9c;-;-;Fri Aug 3 22:50:39 2012 +0200;1344027039;-;-;Fri Aug 3 22:50:39 2012 +0200;1344027039
8d9637ada65b3b7211a37f853221493c963b1799;8d9637ada6;-;-;Fri Aug 3 21:55:06 2012 +0200;1344023706;-;-;Fri Aug 3 21:59:05 2012 +0200;1344023945
a7d43773e870fc7bf4106d34f42e8f3c0337b7b7;a7d43773e8;-;-;Fri Aug 3 20:56:17 2012 +0200;1344020177;-;-;Fri Aug 3 20:56:17 2012 +0200;1344020177
04bfc802dbb6809cccb6d0d1cbd7aa85938a0a0a;04bfc802db;-;-;Thu Aug 2 18:30:08 2012 +0200;1343925008;-;-;Thu Aug 2 18:30:08 2012 +0200;1343925008
d2178552c3fb8a70d7ef4a878c837a2e201550df;d2178552c3;-;-;Sat Jul 28 11:23:34 2012 -0700;1343499814;-;-;Sat Jul 28 11:23:34 2012 -0700;1343499814
0329df218ed19b8843e4bf2b891d234dd64357a7;0329df218e;-;-;Sat Jul 28 18:37:22 2012 +0200;1343493442;-;-;Sat Jul 28 18:37:22 2012 +0200;1343493442
1fd9975e2121ffa73aa07b5c0b515056790ba5db;1fd9975e21;-;-;Sat Jul 28 18:36:15 2012 +0200;1343493375;-;-;Sat Jul 28 18:36:15 2012 +0200;1343493375
2b7a62906891b7a936412894f9ab78cdb69dc378;2b7a629068;-;-;Sat Jul 28 01:24:32 2012 +0200;1343431472;-;-;Sat Jul 28 01:24:32 2012 +0200;1343431472
f21fe33e74ac3844a5690f71266e07c78ec219dd;f21fe33e74;-;-;Sat Jul 28 00:06:46 2012 +0200;1343426806;-;-;Sat Jul 28 00:06:46 2012 +0200;1343426806
c0b4e368dc2b4a6cfb514211c7720223bf1e7ca3;c0b4e368dc;-;-;Fri Jul 27 00:04:55 2012 +0200;1343340295;-;-;Fri Jul 27 00:04:55 2012 +0200;1343340295
37dc211f588eeb296a60c8d9f234c8341506ad49;37dc211f58;-;-;Thu Jul 26 03:06:07 2012 +0200;1343264767;-;-;Thu Jul 26 03:06:07 2012 +0200;1343264767
914557b9753d2822f79b7be9d33a1258895a69e9;914557b975;-;-;Wed Jul 25 19:22:15 2012 -0400;1343258535;-;-;Wed Jul 25 19:22:15 2012 -0400;1343258535
7c6a1a1bf0db6b428344ec6797a9152c5f4f6d30;7c6a1a1bf0;-;-;Wed Jul 25 19:10:46 2012 -0400;1343257846;-;-;Wed Jul 25 19:10:46 2012 -0400;1343257846
060b37ca8db5a3b822029800348a3fe0f0b1b15f;060b37ca8d;-;-;Wed Jul 25 01:03:33 2012 +0200;1343171013;-;-;Wed Jul 25 01:03:33 2012 +0200;1343171013
64d939bb16099fcb647850a5f3e04990f5562099;64d939bb16;-;-;Sat Jul 21 06:16:42 2012 -0400;1342865802;-;-;Sat Jul 21 06:16:42 2012 -0400;1342865802
028e15faa33888673bfc7b55eaa65eb93f7bca0c;028e15faa3;-;-;Fri Jul 20 21:12:13 2012 -0400;1342833133;-;-;Fri Jul 20 21:32:02 2012 -0400;1342834322
92759ed1f881fcb1a92aa661d80c53a2827e67db;92759ed1f8;-;-;Fri Jul 20 14:28:17 2012 -0400;1342808897;-;-;Fri Jul 20 14:47:46 2012 -0400;1342810066
5a365074c2bddb3e4517ec5eceb39d4e6ca85b56;5a365074c2;-;-;Fri Jul 20 14:46:52 2012 -0400;1342810012;-;-;Fri Jul 20 14:46:52 2012 -0400;1342810012
6cc512b51cfd0652fec982c5352905d5cd060e83;6cc512b51c;-;-;Fri Jul 20 10:54:58 2012 -0400;1342796098;-;-;Fri Jul 20 12:50:01 2012 -0400;1342803001
33a3681975751692ef2937f058fb5eed4fb343e3;33a3681975;-;-;Wed Jul 18 13:08:59 2012 -0400;1342631339;-;-;Wed Jul 18 13:08:59 2012 -0400;1342631339
d3d00696a4607606fec254a84faf13566421c2fd;d3d00696a4;-;-;Wed Jul 18 10:02:15 2012 -0400;1342620135;-;-;Wed Jul 18 10:02:15 2012 -0400;1342620135
eab6e1d1348f0f3984fb387adde7d875540f0071;eab6e1d134;-;-;Wed Jul 18 09:43:03 2012 -0400;1342618983;-;-;Wed Jul 18 09:43:03 2012 -0400;1342618983
55bd99fa161624ec7bf69ab51d7a9e3a5f657a64;55bd99fa16;-;-;Thu Jul 12 18:27:38 2012 -0400;1342132058;-;-;Tue Jul 17 16:46:50 2012 -0400;1342558010
35a423a858c8578500858815cfe35b23fcdf5bb5;35a423a858;-;-;Mon Jul 16 12:26:25 2012 -0400;1342455985;-;-;Mon Jul 16 12:26:25 2012 -0400;1342455985
67a05e41859d1c9ba5df89e041923ab15018239d;67a05e4185;-;-;Tue Jul 10 19:13:10 2012 -0400;1341961990;-;-;Tue Jul 10 19:13:10 2012 -0400;1341961990
a1b7a314c1645018c5c2088775fd1a9bd282ee14;a1b7a314c1;-;-;Tue Jul 10 17:27:51 2012 -0400;1341955671;-;-;Tue Jul 10 17:32:13 2012 -0400;1341955933
e860fa9a8b56459998911768a3fc791fa4d53b0f;e860fa9a8b;-;-;Fri Jul 6 16:00:22 2012 -0400;1341604822;-;-;Tue Jul 10 17:12:06 2012 -0400;1341954726
2b4a51698069be44afd3bbaa85cef0e901fa84c9;2b4a516980;-;-;Tue Jul 10 13:22:20 2012 +0200;1341919340;-;-;Tue Jul 10 13:22:32 2012 +0200;1341919352
cf147a82ef0c5592041ddfdde3d1340fd47e89aa;cf147a82ef;-;-;Mon Jul 9 20:34:05 2012 -0400;1341880445;-;-;Mon Jul 9 20:34:05 2012 -0400;1341880445
c846198e4697f2ac5d79f0f4f62d25fa7d62fa26;c846198e46;-;-;Mon Jun 11 14:34:44 2012 -0400;1339439684;-;-;Mon Jul 9 17:27:03 2012 -0400;1341869223
ccd2da37ce9416b984abfb001c0c3ee4f9860349;ccd2da37ce;-;-;Fri Jul 6 22:42:52 2012 +0200;1341607372;-;-;Fri Jul 6 22:47:46 2012 +0200;1341607666
dda3197c77a0b66576ebccd629c5076c0403eaf5;dda3197c77;-;-;Fri Jul 6 22:39:43 2012 +0200;1341607183;-;-;Fri Jul 6 22:43:36 2012 +0200;1341607416
9aa43fcef6e4cc20104b89cc974f553bb6d77b67;9aa43fcef6;-;-;Fri Jul 6 18:30:16 2012 +0200;1341592216;-;-;Fri Jul 6 22:43:35 2012 +0200;1341607415
2ec7834124dfa32d7b90afbb23805433a4567bf5;2ec7834124;-;-;Thu Jul 5 15:45:35 2012 +0200;1341495935;-;-;Fri Jul 6 15:45:40 2012 +0200;1341582340
b9786ccacac2cf90e7fa10a9a74a42c603376f4c;b9786ccaca;-;-;Thu Jul 5 16:02:36 2012 -0400;1341518556;-;-;Thu Jul 5 16:02:36 2012 -0400;1341518556
a4240d28643f5d6f7b435ce4512d240efc6db7b9;a4240d2864;-;-;Thu Jul 5 15:53:49 2012 -0400;1341518029;-;-;Thu Jul 5 15:53:49 2012 -0400;1341518029
4d297b475c18eeaa314e24ae4589987e1df1db7c;4d297b475c;-;-;Thu Jul 5 00:50:35 2012 +0200;1341442235;-;-;Thu Jul 5 00:50:35 2012 +0200;1341442235
d97a4b5b3c0edc8c52f1049d67339165437ec461;d97a4b5b3c;-;-;Thu Jul 5 00:31:51 2012 +0200;1341441111;-;-;Thu Jul 5 00:31:51 2012 +0200;1341441111
596571059e389b0e7728e0c4a3b9aae2d727a57b;596571059e;-;-;Thu Jul 5 00:19:01 2012 +0200;1341440341;-;-;Thu Jul 5 00:19:01 2012 +0200;1341440341
8bd1fd3715c3693e4445f40360d41125ea8a4431;8bd1fd3715;-;-;Wed Jul 4 23:32:49 2012 +0200;1341437569;-;-;Wed Jul 4 23:32:49 2012 +0200;1341437569
5a7b3f65ec244088583cf822d5478cf1d1632d38;5a7b3f65ec;-;-;Wed Jul 4 23:22:01 2012 +0200;1341436921;-;-;Wed Jul 4 23:22:01 2012 +0200;1341436921
fdb9de1445c92e3b80f64c57215713ef9ccb689b;fdb9de1445;-;-;Mon Jul 2 22:10:04 2012 +0200;1341259804;-;-;Wed Jul 4 22:58:58 2012 +0200;1341435538
309e51ba5b638f3c859dbb6625ce2f3c05278be0;309e51ba5b;-;-;Thu Jun 28 17:41:54 2012 +0200;1340898114;-;-;Wed Jul 4 22:58:57 2012 +0200;1341435537
e870c9a39251898f0747f9a591595134bbd16278;e870c9a392;-;-;Mon Jul 2 17:56:39 2012 -0400;1341266199;-;-;Mon Jul 2 17:56:39 2012 -0400;1341266199
8fbfe9b502928605524b47f661813a6d4ef677c8;8fbfe9b502;-;-;Mon Jul 2 17:05:44 2012 -0400;1341263144;-;-;Mon Jul 2 17:05:44 2012 -0400;1341263144
dc822cdca0b8d62eee848b1a7201bef83a51dbcd;dc822cdca0;-;-;Wed Jun 27 22:58:46 2012 +0200;1340830726;-;-;Wed Jun 27 23:07:48 2012 +0200;1340831268
f6de5d4360a55c1b6a50051e411c3040e4767bb8;f6de5d4360;-;-;Wed Jun 27 21:09:17 2012 +0200;1340824157;-;-;Wed Jun 27 23:04:25 2012 +0200;1340831065
7dff02b2c145a94ff47da3e8931d34d05f05f331;7dff02b2c1;-;-;Tue Jun 26 18:07:12 2012 -0400;1340748432;-;-;Tue Jun 26 18:07:12 2012 -0400;1340748432
3f5fa44d321dbcc154b51a766f49d49ed6a72b18;3f5fa44d32;-;-;Tue Jun 26 10:23:01 2012 -0400;1340720581;-;-;Tue Jun 26 10:23:01 2012 -0400;1340720581
4fd7645efd2daf8d23960706180837a61bf9f321;4fd7645efd;-;-;Mon Jun 25 21:30:10 2012 -0400;1340674210;-;-;Mon Jun 25 21:30:10 2012 -0400;1340674210
f94aed83860ee46b8fbe5b1f48d19470f54b843b;f94aed8386;-;-;Mon Jun 25 15:24:05 2012 -0400;1340652245;-;-;Mon Jun 25 15:24:05 2012 -0400;1340652245
4623568bce4b95f4016204cb23a9f9e723c2f6dc;4623568bce;-;-;Mon Jun 25 14:11:48 2012 -0400;1340647908;-;-;Mon Jun 25 14:13:35 2012 -0400;1340648015
8e568466dc63c6b76cdec24003afb46d9eb9747c;8e568466dc;-;-;Mon Jun 25 20:33:56 2012 +0300;1340645636;-;-;Mon Jun 25 19:42:22 2012 +0200;1340646142
c85b6116009ba41202ce6100aa23efc336be1120;c85b611600;-;-;Mon Jun 25 14:27:05 2012 +0200;1340627225;-;-;Mon Jun 25 14:27:05 2012 +0200;1340627225
4c29ad76e012c5157b5dfcc9bf63715e1c019086;4c29ad76e0;-;-;Mon Jun 25 11:34:51 2012 +0200;1340616891;-;-;Mon Jun 25 11:34:51 2012 +0200;1340616891
a0747458e7e23bf53620caf26f5bb3e2b17bf963;a0747458e7;-;-;Fri Jun 22 16:47:33 2012 -0400;1340398053;-;-;Fri Jun 22 16:57:22 2012 -0400;1340398642
f05e2bc56f8e03466977d73a5e99c37651248803;f05e2bc56f;-;-;Fri Jun 8 08:56:57 2012 -0400;1339160217;-;-;Fri Jun 22 11:55:46 2012 -0400;1340380546
35055fd866baadefeec2e2f47d1d94454763b452;35055fd866;-;-;Thu Jun 21 12:28:12 2012 +0200;1340274492;-;-;Thu Jun 21 12:53:51 2012 +0200;1340276031
027e49c58ae47274eb14c0591663f6d8ad82095a;027e49c58a;-;-;Tue Jun 19 20:48:07 2012 +0200;1340131687;-;-;Tue Jun 19 20:48:07 2012 +0200;1340131687
5eae22abb8316801ffec82b6383cb63e79ddf5a8;5eae22abb8;-;-;Tue Jun 19 20:13:46 2012 +0200;1340129626;-;-;Tue Jun 19 20:13:46 2012 +0200;1340129626
e3d8ab20883f127c0b73ab95c8794ce503a4ee42;e3d8ab2088;-;-;Tue Jun 19 19:34:38 2012 +0200;1340127278;-;-;Tue Jun 19 19:34:38 2012 +0200;1340127278
08498d57dd05203d81a1f05bd6f6b123a820e661;08498d57dd;-;-;Tue Jun 19 18:01:25 2012 +0200;1340121685;-;-;Tue Jun 19 18:14:56 2012 +0200;1340122496
64d6605974de1f3df8ddb508eab047116d980c35;64d6605974;-;-;Tue Jun 19 18:07:28 2012 +0200;1340122048;-;-;Tue Jun 19 18:07:28 2012 +0200;1340122048
9fc05a80d08fadb43f6fb8cfcee88ab5be8db2c4;9fc05a80d0;-;-;Tue Jun 19 17:16:26 2012 +0200;1340118986;-;-;Tue Jun 19 17:56:18 2012 +0200;1340121378
e5bbec7e2b322f280cffc540d3419baefd29d187;e5bbec7e2b;-;-;Tue Jun 19 16:00:22 2012 +0200;1340114422;-;-;Tue Jun 19 16:49:31 2012 +0200;1340117371
726655af50b6747b8c87ed023aa7911c2b4fe2ed;726655af50;-;-;Tue Jun 19 12:52:24 2012 +0200;1340103144;-;-;Tue Jun 19 12:52:24 2012 +0200;1340103144
de04d9c654c4c44649cc238019d461a60d75fad9;de04d9c654;-;-;Tue Jun 19 11:56:05 2012 +0200;1340099765;-;-;Tue Jun 19 11:56:05 2012 +0200;1340099765
7dcca4bcfbddf5e13d765afba28d22fbc149712c;7dcca4bcfb;-;-;Mon Jun 18 17:13:35 2012 -0400;1340054015;-;-;Mon Jun 18 17:13:35 2012 -0400;1340054015
5959de5d9e6a25e78047d5008f74811a247a1beb;5959de5d9e;-;-;Mon Jun 18 07:22:45 2012 -0400;1340018565;-;-;Mon Jun 18 07:22:45 2012 -0400;1340018565
277a115f8bbb2e6c9a4da19b9acd8f40743cbf84;277a115f8b;-;-;Mon Jun 18 06:30:34 2012 -0400;1340015434;-;-;Mon Jun 18 06:30:34 2012 -0400;1340015434
e8bf25ba9dd8a8fcfaa8f76d249cb76b6c9a4a82;e8bf25ba9d;-;-;Fri Jun 15 11:01:18 2012 +0200;1339750878;-;-;Fri Jun 15 11:01:18 2012 +0200;1339750878
2abcdaab1e4fbf28a0f915372b62194aaae8e9da;2abcdaab1e;-;-;Thu Jun 14 08:55:18 2012 -0400;1339678518;-;-;Thu Jun 14 08:55:18 2012 -0400;1339678518
ab4952a959174c496a194967eb873cf119dfeab9;ab4952a959;-;-;Tue Jun 12 14:54:16 2012 -0400;1339527256;-;-;Wed Jun 13 08:27:16 2012 -0400;1339590436
0e3a1d81764f17a9f8612d35d3971aa8f6b85134;0e3a1d8176;-;-;Wed Jun 13 13:47:47 2012 +0200;1339588067;-;-;Wed Jun 13 13:47:47 2012 +0200;1339588067
49fd20319de3e29941085fa740a2d813465e60e2;49fd20319d;-;-;Tue Jun 12 11:15:30 2012 +0200;1339492530;-;-;Tue Jun 12 11:16:08 2012 +0200;1339492568
369d77bdf0992d95480a0250d553fadb4c186c7a;369d77bdf0;-;-;Sun Jun 10 02:33:46 2012 +0200;1339288426;-;-;Sun Jun 10 02:39:27 2012 +0200;1339288767
04a682729020af09c70ebbf6a210f42b8cc1c36b;04a6827290;-;-;Sun Jun 10 00:31:05 2012 +0200;1339281065;-;-;Sun Jun 10 00:31:05 2012 +0200;1339281065
67d5a1238fea63f6f8f4eceebd25861b0dd7c50d;67d5a1238f;-;-;Mon Jun 4 16:37:44 2012 +0200;1338820664;-;-;Mon Jun 4 16:37:44 2012 +0200;1338820664
c471bdde850171041788b013b9ff21cd0f12403e;c471bdde85;-;-;Fri Jun 1 16:40:06 2012 +0200;1338561606;-;-;Fri Jun 1 16:40:06 2012 +0200;1338561606
b8ff6c1f86216a6fbe095d027845a3640350e4c4;b8ff6c1f86;-;-;Fri Jun 1 15:35:29 2012 +0200;1338557729;-;-;Fri Jun 1 15:35:29 2012 +0200;1338557729
706da4f7c2b93648f91981cbd7cacbf81cc9c362;706da4f7c2;-;-;Fri Jun 1 09:58:02 2012 +0200;1338537482;-;-;Fri Jun 1 09:58:02 2012 +0200;1338537482
94f839329eef62d72d3017c2a886d69d40a015b9;94f839329e;-;-;Mon May 28 23:48:55 2012 +0300;1338238135;-;-;Mon May 28 23:52:17 2012 +0300;1338238337
eec2be05afd6a19c587407545657c9849839b200;eec2be05af;-;-;Mon May 28 13:22:36 2012 -0700;1338236556;-;-;Mon May 28 13:22:36 2012 -0700;1338236556
da2aa3d35c27c4ba3489393788352452ab3e7c6f;da2aa3d35c;-;-;Mon May 28 15:19:09 2012 +0300;1338207549;-;-;Mon May 28 18:16:27 2012 +0300;1338218187
b5b46156b1488dacbd49c1e0fd51afacf2b01683;b5b46156b1;-;-;Mon May 28 15:04:47 2012 +0300;1338206687;-;-;Mon May 28 15:04:47 2012 +0300;1338206687
f582974b0cdc62b39a1617d9d31c30072cc673ea;f582974b0c;-;-;Sun May 27 19:17:42 2012 +0300;1338135462;-;-;Mon May 28 11:08:41 2012 +0300;1338192521
155b88ffcee5c85898cc6cc70c0527250a9e5772;155b88ffce;-;-;Mon May 28 02:33:56 2012 +0200;1338165236;-;-;Mon May 28 11:08:41 2012 +0300;1338192521
9b10d38e41150fdbd4120e1058a34c5b986dd849;9b10d38e41;-;-;Mon May 28 00:12:47 2012 +0200;1338156767;-;-;Mon May 28 11:08:41 2012 +0300;1338192521
08784f3ba932bb5dc754efd2e3e586a3b615fa3e;08784f3ba9;-;-;Mon May 28 00:00:37 2012 +0200;1338156037;-;-;Mon May 28 11:08:41 2012 +0300;1338192521
83fa8e12f0ea1aa3f5564de48a801b4d5d171898;83fa8e12f0;-;-;Mon May 28 00:21:33 2012 +0200;1338157293;-;-;Mon May 28 11:08:40 2012 +0300;1338192520
86fabb266a3e827f24346b9aaa5eeb0007755fba;86fabb266a;-;-;Mon May 28 01:07:31 2012 +0200;1338160051;-;-;Mon May 28 11:08:40 2012 +0300;1338192520
54f82cd5400568764e78a31788232cad4900ff03;54f82cd540;-;-;Mon May 28 00:09:46 2012 +0200;1338156586;-;-;Mon May 28 11:08:40 2012 +0300;1338192520
7ea85a959c810c1689fc04b8d0c2bd17e5fe6e08;7ea85a959c;-;-;Sun May 27 23:57:47 2012 +0200;1338155867;-;-;Mon May 28 11:08:40 2012 +0300;1338192520
2c7d2f70636691bdbaadcf1eccb87a29fe171b78;2c7d2f7063;-;-;Sun May 27 23:52:40 2012 +0200;1338155560;-;-;Mon May 28 11:08:40 2012 +0300;1338192520
c8e693b878a47cd2831e9b4bb1b7dcb7a8986d33;c8e693b878;-;-;Mon May 28 10:24:34 2012 +0300;1338189874;-;-;Mon May 28 11:08:25 2012 +0300;1338192505
f75c01d191e0b08334d067d7eae58e1faa7afdc9;f75c01d191;-;-;Sun May 27 18:34:27 2012 +0300;1338132867;-;-;Sun May 27 18:34:27 2012 +0300;1338132867
f55a4a1ac5a202f00dc427ba0f94d5123ec7b2de;f55a4a1ac5;-;-;Sun May 27 13:27:39 2012 +0300;1338114459;-;-;Sun May 27 15:04:42 2012 +0300;1338120282
bcd44f3798ed06c0704d2a3564b8a9735e747e87;bcd44f3798;-;-;Sun May 27 08:10:40 2012 +0300;1338095440;-;-;Sun May 27 10:18:11 2012 +0300;1338103091
e72c49f4cf87c103113e86be55b17200d6321d26;e72c49f4cf;-;-;Sat May 26 14:39:53 2012 +0300;1338032393;-;-;Sat May 26 14:39:53 2012 +0300;1338032393
5327a7a37d25b67ee2ae7d1ead2a3db6847767c0;5327a7a37d;-;-;Fri May 25 17:30:45 2012 +0300;1337956245;-;-;Sat May 26 14:23:11 2012 +0300;1338031391
a4b00c732b13aa1628161cb35d49463c5c39d38c;a4b00c732b;-;-;Fri May 25 17:23:01 2012 +0300;1337955781;-;-;Sat May 26 14:22:57 2012 +0300;1338031377
4027b389031273955ffe343732eac50b8b5c0d25;4027b38903;-;-;Wed May 23 18:42:10 2012 -0400;1337812930;-;-;Wed May 23 18:50:43 2012 -0400;1337813443
5330c52ebfca1ab2fffca4bcc844d2d9f56a296b;5330c52ebf;-;-;Tue May 22 17:48:17 2012 +0300;1337698097;-;-;Tue May 22 17:48:17 2012 +0300;1337698097
e2fbaa8470b647ffd9c0c8be5aa93f7dc3bf6c56;e2fbaa8470;-;-;Tue May 22 17:44:25 2012 +0300;1337697865;-;-;Tue May 22 17:44:25 2012 +0300;1337697865
37e024c6ebfdc57874e5024b3e9efa69de05fa44;37e024c6eb;-;-;Sun May 20 19:44:06 2012 +0300;1337532246;-;-;Sun May 20 19:44:06 2012 +0300;1337532246
1d06001359c8acacb2c535d3f85be43777a673b3;1d06001359;-;-;Sun May 20 15:20:54 2012 +0300;1337516454;-;-;Sun May 20 15:20:54 2012 +0300;1337516454
e71cd06a465228d54d373431f4b51a417013bea0;e71cd06a46;-;-;Sat May 19 04:03:40 2012 +0200;1337393020;-;-;Sat May 19 04:03:40 2012 +0200;1337393020
03d6350e4b3c7e23e3cc84bf3f261f2c53b5b1e9;03d6350e4b;-;-;Fri May 18 11:17:29 2012 -0400;1337354249;-;-;Fri May 18 18:35:49 2012 -0400;1337380549
5cd6543d8360489f9ecfcd0de63ee4e06d6e6728;5cd6543d83;-;-;Sat May 19 00:05:29 2012 +0200;1337378729;-;-;Sat May 19 00:05:29 2012 +0200;1337378729
dc6b2abe46bc3edfaaf7020d2c95427412bed74c;dc6b2abe46;-;-;Fri May 18 21:54:17 2012 +0200;1337370857;-;-;Fri May 18 21:54:17 2012 +0200;1337370857
49966258f1230950e31f717750b67787742826aa;49966258f1;-;-;Fri May 18 17:15:38 2012 +0200;1337354138;-;-;Fri May 18 17:15:38 2012 +0200;1337354138
6a01ca6d353ef29b46deac89f9c248d978406f2d;6a01ca6d35;-;-;Fri May 18 14:48:39 2012 +0300;1337341719;-;-;Fri May 18 14:48:39 2012 +0300;1337341719
f3bcb6e2e413d48355771de7164730beeed80dad;f3bcb6e2e4;-;-;Fri May 18 14:31:33 2012 +0300;1337340693;-;-;Fri May 18 14:31:33 2012 +0300;1337340693
504cdf498ea27f307c1ab7f9e520b700dfdb612f;504cdf498e;-;-;Fri May 18 04:33:40 2012 +0200;1337308420;-;-;Fri May 18 04:33:40 2012 +0200;1337308420
09d98fd3ae88eaf878bda27f5a1277c171378c72;09d98fd3ae;-;-;Fri May 18 03:10:13 2012 +0200;1337303413;-;-;Fri May 18 03:10:13 2012 +0200;1337303413
77ae101402d07b4a59bc9e52b3fe045f1a0e2e7d;77ae101402;-;-;Thu May 17 17:48:48 2012 -0400;1337291328;-;-;Thu May 17 17:48:48 2012 -0400;1337291328
0105c5ebb9896641bdc601ff164a2404e817e505;0105c5ebb9;-;-;Thu May 17 16:35:55 2012 -0400;1337286955;-;-;Thu May 17 16:35:55 2012 -0400;1337286955
57307a0b2e5bce8f70d5deddf8df11d034dc8c5a;57307a0b2e;-;-;Thu May 17 15:54:16 2012 -0400;1337284456;-;-;Thu May 17 16:01:20 2012 -0400;1337284880
36e7cb2d3142466d0f169331352f9c2abf185574;36e7cb2d31;-;-;Thu May 17 20:17:48 2012 +0200;1337278668;-;-;Thu May 17 20:17:48 2012 +0200;1337278668
59e3223c849fd04c1415f5ddd9bfb9acb9a17b60;59e3223c84;-;-;Thu May 17 18:05:38 2012 +0200;1337270738;-;-;Thu May 17 18:05:38 2012 +0200;1337270738
98bf01adfbe8a10c12607d3c2f018b0a8b5d6353;98bf01adfb;-;-;Thu May 17 14:50:41 2012 +0300;1337255441;-;-;Thu May 17 14:50:41 2012 +0300;1337255441
f667db56b145a8d1b9e0d39df4fed44341b50ab6;f667db56b1;-;-;Thu May 17 14:38:49 2012 +0300;1337254729;-;-;Thu May 17 14:38:49 2012 +0300;1337254729
e68b563626147120e84e164704969b83df7ad35d;e68b563626;-;-;Thu May 17 13:46:16 2012 +0300;1337251576;-;-;Thu May 17 13:46:16 2012 +0300;1337251576
0e8f5d877a3e0e98772030c9d565a9d133581d01;0e8f5d877a;-;-;Thu May 17 13:00:26 2012 +0300;1337248826;-;-;Thu May 17 13:00:26 2012 +0300;1337248826
95e99fe2a3eb1739d785f029e7fe9637fe3e26f8;95e99fe2a3;-;-;Thu May 17 10:54:56 2012 +0300;1337241296;-;-;Thu May 17 10:54:56 2012 +0300;1337241296
0ca11d2296d289c0b42dc8c371723632d8a3e5ef;0ca11d2296;-;-;Thu May 17 10:28:39 2012 +0300;1337239719;-;-;Thu May 17 10:28:39 2012 +0300;1337239719
2503b7eb891824da01ccde3b5035f0030ea757a4;2503b7eb89;-;-;Thu May 17 10:11:46 2012 +0300;1337238706;-;-;Thu May 17 10:11:46 2012 +0300;1337238706
f1246a43175dc040584140c9792beb5dce521e9b;f1246a4317;-;-;Thu May 17 09:36:38 2012 +0300;1337236598;-;-;Thu May 17 09:42:42 2012 +0300;1337236962
e8f8559a2e1c5fa5c559f887756cdc085c90f26b;e8f8559a2e;-;-;Thu May 17 00:47:07 2012 +0200;1337208427;-;-;Thu May 17 00:47:07 2012 +0200;1337208427
94c9f96449960a94e49edd7709d49b243de4a5f1;94c9f96449;-;-;Thu May 17 00:32:36 2012 +0200;1337207556;-;-;Thu May 17 00:32:36 2012 +0200;1337207556
dfd2b77b8a0789f2052f79802b2d7085fc5d186e;dfd2b77b8a;-;-;Thu May 17 00:46:55 2012 +0300;1337204815;-;-;Thu May 17 00:46:55 2012 +0300;1337204815
6023b2060b8b5c074c2a349aaecdb894045e48de;6023b2060b;-;-;Wed May 16 23:09:49 2012 +0200;1337202589;-;-;Wed May 16 23:09:49 2012 +0200;1337202589
98050268c529597279a50ee39382a2327c1d85e4;98050268c5;-;-;Wed May 16 23:08:06 2012 +0200;1337202486;-;-;Wed May 16 23:08:06 2012 +0200;1337202486
cf5d55173bd73adf9c3a93204288013b1ceab246;cf5d55173b;-;-;Wed May 16 12:13:03 2012 -0400;1337184783;-;-;Wed May 16 13:22:50 2012 -0400;1337188970
ae216fbbb548295005aba05d7f3e011cc9fd10c7;ae216fbbb5;-;-;Wed May 16 16:39:10 2012 +0300;1337175550;-;-;Wed May 16 16:39:10 2012 +0300;1337175550
39f74b23748b2a7d83e783d64d641b209728d5c6;39f74b2374;-;-;Wed May 16 13:06:03 2012 +0300;1337162763;-;-;Wed May 16 13:06:03 2012 +0300;1337162763
46bdb2de077063663f0daae85431ebe5c430edc8;46bdb2de07;-;-;Wed May 16 11:48:07 2012 +0300;1337158087;-;-;Wed May 16 11:48:07 2012 +0300;1337158087
b50f6e19a6820a8e735a89dfee1a85077e804ec5;b50f6e19a6;-;-;Wed May 16 04:24:53 2012 +0200;1337135093;-;-;Wed May 16 04:24:53 2012 +0200;1337135093
500a4dd99579b00027918abda7d4d74f2a65b3a9;500a4dd995;-;-;Wed May 16 03:08:15 2012 +0200;1337130495;-;-;Wed May 16 03:08:15 2012 +0200;1337130495
01a9dd97721c93fe80d8fd35bd5dc8de649b3595;01a9dd9772;-;-;Tue May 15 18:06:14 2012 -0400;1337119574;-;-;Tue May 15 18:10:24 2012 -0400;1337119824
2017b24867c6b009cad316960a84a7f55bec58c5;2017b24867;-;-;Tue May 15 23:45:49 2012 +0200;1337118349;-;-;Tue May 15 23:45:49 2012 +0200;1337118349
2af294ab26b670c7f997054ab11ecf7402fee6ed;2af294ab26;-;-;Tue May 15 17:02:06 2012 -0400;1337115726;-;-;Tue May 15 17:11:28 2012 -0400;1337116288
1cec0f9c6575edb9f81ef39a7019b5d3edc0d656;1cec0f9c65;-;-;Tue May 15 23:04:31 2012 +0200;1337115871;-;-;Tue May 15 23:04:31 2012 +0200;1337115871
9c223c178055829c778fc28a5082fa0338a68ca1;9c223c1780;-;-;Tue May 15 21:38:35 2012 +0300;1337107115;-;-;Tue May 15 22:51:46 2012 +0300;1337111506
19aceebb961bd7fe24477a8e15830c668f519385;19aceebb96;-;-;Tue May 15 15:07:40 2012 +0300;1337083660;-;-;Tue May 15 22:51:46 2012 +0300;1337111506
2db4e15f0e5fa6a4bdf3bb46d0d280ea16fc8dea;2db4e15f0e;-;-;Tue May 15 14:50:31 2012 +0300;1337082631;-;-;Tue May 15 22:51:45 2012 +0300;1337111505
2ff43726be693f32b7bf2a6d237ab65f8ce84ba6;2ff43726be;-;-;Mon May 14 14:47:11 2012 +0300;1336996031;-;-;Tue May 15 22:51:45 2012 +0300;1337111505
9a856c09f322b8ae821ff5e6a86dc0b0aeaf618d;9a856c09f3;-;-;Mon May 14 12:15:42 2012 +0300;1336986942;-;-;Tue May 15 22:51:45 2012 +0300;1337111505
283c1b9c53efd3388ea656fb934ad0b32c4a9986;283c1b9c53;-;-;Mon May 14 11:37:26 2012 +0300;1336984646;-;-;Tue May 15 22:51:45 2012 +0300;1337111505
b67a08cfd7b442e3e8de75c4ad3bf5bbb2b4b9db;b67a08cfd7;-;-;Tue May 15 20:36:41 2012 +0200;1337107001;-;-;Tue May 15 20:36:41 2012 +0200;1337107001
bdc3599d3d686cebfb203ece187294b05bc2a2fb;bdc3599d3d;-;-;Tue May 15 13:13:04 2012 -0400;1337101984;-;-;Tue May 15 13:16:06 2012 -0400;1337102166
fbb2103e4d1279639957a7f0c43c1706ddfb754b;fbb2103e4d;-;-;Mon May 14 17:32:44 2012 -0400;1337031164;-;-;Tue May 15 13:16:06 2012 -0400;1337102166
1167155182dedd0f80aa3c551f3fc6b80d207e82;1167155182;-;-;Tue May 15 14:40:13 2012 +0200;1337085613;-;-;Tue May 15 14:40:13 2012 +0200;1337085613
50d4ebcc711a0dcd9c3cfe5184ce6abfb4c572be;50d4ebcc71;-;-;Tue May 15 14:25:10 2012 +0200;1337084710;-;-;Tue May 15 14:25:10 2012 +0200;1337084710
347e8dfc86fc568e3579a7fb3b86cc44fe3c4ca1;347e8dfc86;-;-;Tue May 15 13:26:05 2012 +0300;1337077565;-;-;Tue May 15 13:26:05 2012 +0300;1337077565
1d0e484eacd28a2193a68a4e574bae80b85484c5;1d0e484eac;-;-;Mon May 14 16:01:16 2012 -0400;1337025676;-;-;Mon May 14 16:01:16 2012 -0400;1337025676
698d004260a950d54bd92ba3dfe3feb05039a0b6;698d004260;-;-;Mon May 14 14:34:33 2012 -0400;1337020473;-;-;Mon May 14 14:34:33 2012 -0400;1337020473
59084354e2277c4244e8949128466b33e7c9206d;59084354e2;-;-;Mon May 14 11:38:58 2012 -0400;1337009938;-;-;Mon May 14 11:38:58 2012 -0400;1337009938
f1a699cff51d0851b8c83ee9ac129723b865d33b;f1a699cff5;-;-;Sat May 12 09:47:53 2012 +0300;1336805273;-;-;Sat May 12 09:47:53 2012 +0300;1336805273
78c6d70f0b3123d53708544324a8bbc734b81251;78c6d70f0b;-;-;Sat May 12 00:36:24 2012 +0200;1336775784;-;-;Sat May 12 00:36:24 2012 +0200;1336775784
d52fc3bd2fb96de0f92e51782523ecd2b06646b0;d52fc3bd2f;-;-;Fri May 11 17:41:14 2012 -0400;1336772474;-;-;Fri May 11 17:41:14 2012 -0400;1336772474
0b17dd2242b87075be33afa3a3a043d887c14c82;0b17dd2242;-;-;Fri May 11 23:35:43 2012 +0200;1336772143;-;-;Fri May 11 23:35:43 2012 +0200;1336772143
c57d4e238629249e0d9be2853b9bfba582939aa3;c57d4e2386;-;-;Fri May 11 16:06:18 2012 -0400;1336766778;-;-;Fri May 11 16:07:56 2012 -0400;1336766876
897f6d6c682636b4613958d6585b0c5099eae018;897f6d6c68;-;-;Fri May 11 21:02:25 2012 +0200;1336762945;-;-;Fri May 11 21:02:25 2012 +0200;1336762945
982cb2f258a5be1173115044d379f54702dc8c5b;982cb2f258;-;-;Fri May 11 14:39:31 2012 -0400;1336761571;-;-;Fri May 11 14:43:58 2012 -0400;1336761838
75578d4e88fd1a907802950b5b7daf271a5528e8;75578d4e88;-;-;Fri May 11 19:12:59 2012 +0200;1336756379;-;-;Fri May 11 19:12:59 2012 +0200;1336756379
e8392f83c9547affaf47a55ee70515e08ba0e585;e8392f83c9;-;-;Fri May 11 17:33:53 2012 +0200;1336750433;-;-;Fri May 11 17:33:53 2012 +0200;1336750433
816c1f47a4a9638d9442b5060312a6b2082eb7b1;816c1f47a4;-;-;Thu May 10 17:17:29 2012 -0400;1336684649;-;-;Thu May 10 17:17:29 2012 -0400;1336684649
d7efc0db80b52ce645d132d117bf64c17e5deaf0;d7efc0db80;-;-;Thu May 10 16:42:36 2012 -0400;1336682556;-;-;Thu May 10 16:42:36 2012 -0400;1336682556
f61f4a960e1b28e96abe8912a137720fcd0690f5;f61f4a960e;-;-;Thu May 10 16:19:14 2012 -0400;1336681154;-;-;Thu May 10 16:19:14 2012 -0400;1336681154
c499df231555db46453f245a6190ef8d816ada29;c499df2315;-;-;Thu May 10 16:01:14 2012 -0400;1336680074;-;-;Thu May 10 16:01:14 2012 -0400;1336680074
e04b322110cd31fa3ae2df063e4b9cf39ad40f0b;e04b322110;-;-;Thu May 10 15:00:01 2012 -0400;1336676401;-;-;Thu May 10 15:00:01 2012 -0400;1336676401
80af8426628c6c6ba13931f085b0a7f908624cb0;80af842662;-;-;Thu May 10 17:00:28 2012 +0200;1336662028;-;-;Thu May 10 17:00:28 2012 +0200;1336662028
9546be39746a62a2746be6af5d7d3e6827395730;9546be3974;-;-;Fri May 4 18:58:47 2012 -0400;1336172327;-;-;Thu May 10 03:01:52 2012 +0200;1336611712
db289495e546f09b7ad55426001b56f52e67c173;db289495e5;-;-;Wed May 9 16:29:22 2012 -0400;1336595362;-;-;Wed May 9 16:29:22 2012 -0400;1336595362
6a162d488a92428110437f1034bfc08e0f1a77ce;6a162d488a;-;-;Wed May 9 10:25:40 2012 -0700;1336584340;-;-;Wed May 9 10:25:40 2012 -0700;1336584340
6cca57afd3912f5932bcfa512cca1d40ba125449;6cca57afd3;-;-;Fri May 4 18:58:47 2012 -0400;1336172327;-;-;Fri May 4 18:58:47 2012 -0400;1336172327
158b3c6af8e727d6304d64aa573695a51430211d;158b3c6af8;-;-;Fri May 4 13:16:18 2012 -0700;1336162578;-;-;Fri May 4 13:16:18 2012 -0700;1336162578
1eaaa9a446c664991f9cb744e9dbcde8b6bca357;1eaaa9a446;-;-;Tue May 1 17:08:19 2012 -0400;1335906499;-;-;Tue May 1 17:08:19 2012 -0400;1335906499
c52c78d02015eb87f200b717ca5171bc84e4d0d9;c52c78d020;-;-;Tue May 1 16:29:39 2012 -0400;1335904179;-;-;Tue May 1 16:29:39 2012 -0400;1335904179
a33fe6fa0a0b58f97ff5dd7f9d9767ffdc202af1;a33fe6fa0a;-;-;Tue May 1 16:10:38 2012 -0400;1335903038;-;-;Tue May 1 16:10:38 2012 -0400;1335903038
ae9549ae1388c8b18872b84eadc9e3068b4e1d25;ae9549ae13;-;-;Tue May 1 17:52:21 2012 +0300;1335883941;-;-;Tue May 1 17:52:21 2012 +0300;1335883941
e85e6147f01ddb4c7931033285b317bd633926ec;e85e6147f0;-;-;Mon Apr 30 17:14:32 2012 +0300;1335795272;-;-;Mon Apr 30 17:14:32 2012 +0300;1335795272
3514cc5d65ca5b7dc603411c6175062380deec31;3514cc5d65;-;-;Mon Apr 30 11:31:51 2012 +0300;1335774711;-;-;Mon Apr 30 11:31:51 2012 +0300;1335774711
e830511e8a323945c32157a1b522d3315ce81e1d;e830511e8a;-;-;Mon Apr 30 11:06:24 2012 +0300;1335773184;-;-;Mon Apr 30 11:06:24 2012 +0300;1335773184
7ee821d3d153c7d528cc29b2ebf295c3877a5dff;7ee821d3d1;-;-;Thu Apr 26 17:38:31 2012 -0400;1335476311;-;-;Thu Apr 26 17:38:31 2012 -0400;1335476311
f37efb42790c1da0ae858a2c6da4c809e0f9bd6f;f37efb4279;-;-;Mon Apr 23 11:20:17 2012 -0400;1335194417;-;-;Mon Apr 23 12:50:45 2012 -0400;1335199845
699de7eb8053c17e0084bee717067c9801d96989;699de7eb80;-;-;Fri Apr 20 21:53:45 2012 +0300;1334948025;-;-;Fri Apr 20 22:02:40 2012 +0300;1334948560
b51caae0df871c5c1bbf4b2e11174658a3f0cad9;b51caae0df;-;-;Wed Apr 18 17:27:55 2012 -0400;1334784475;-;-;Wed Apr 18 17:27:55 2012 -0400;1334784475
3642b0f365f90b14061d00d8fb1c39786f08d911;3642b0f365;-;-;Thu Apr 12 23:20:35 2012 -0400;1334287235;-;-;Wed Apr 18 16:36:09 2012 -0400;1334781369
fdded0768ebd65f040f0e9c970f50a22ee99d005;fdded0768e;-;-;Tue Apr 17 11:51:16 2012 +0300;1334652676;-;-;Tue Apr 17 11:51:16 2012 +0300;1334652676
b09be842f38c860c82a08580694403348f932dfe;b09be842f3;-;-;Tue Apr 17 10:22:45 2012 +0300;1334647365;-;-;Tue Apr 17 10:22:45 2012 +0300;1334647365
57b89e03889a9ec8a797ae16dcebb6ccd014bb82;57b89e0388;-;-;Mon Apr 16 13:34:31 2012 +0300;1334572471;-;-;Mon Apr 16 13:36:12 2012 +0300;1334572572
0ab9e9a0c64a252fb8d8590bc302e82b8c8926c6;0ab9e9a0c6;-;-;Sat Apr 14 19:05:20 2012 +0300;1334419520;-;-;Sat Apr 14 19:05:20 2012 +0300;1334419520
963b4e49a98e85e70989427c3e8faec2e408ba5d;963b4e49a9;-;-;Sat Apr 14 12:37:55 2012 +0300;1334396275;-;-;Sat Apr 14 12:52:07 2012 +0300;1334397127
f6003b5102b81a83fa5995104dda8983b65f24ae;f6003b5102;-;-;Fri Apr 13 20:39:35 2012 +0300;1334338775;-;-;Fri Apr 13 20:41:37 2012 +0300;1334338897
cfe2af76906039e42b12dc24cf4fca7b91c9b910;cfe2af7690;-;-;Fri Apr 6 16:37:07 2012 -0400;1333744627;-;-;Fri Apr 6 16:50:22 2012 -0400;1333745422
97c22fc08e1c9587307fec2e25a90345f8cf6de4;97c22fc08e;-;-;Fri Apr 6 14:06:23 2012 -0400;1333735583;-;-;Fri Apr 6 14:06:23 2012 -0400;1333735583
a17a889e8aa5f1d3b3eead636140247c5cde9e88;a17a889e8a;-;-;Mon Apr 2 17:50:05 2012 -0400;1333403405;-;-;Mon Apr 2 17:50:05 2012 -0400;1333403405
ca8b98e94724cd9a2008deb4fe1280aaace6ca8b;ca8b98e947;-;-;Mon Apr 2 17:36:23 2012 -0400;1333402583;-;-;Mon Apr 2 17:36:23 2012 -0400;1333402583
0b0293393876934e24a5215bdb7bc2e1bf75c233;0b02933938;-;-;Mon Apr 2 15:46:31 2012 -0400;1333395991;-;-;Mon Apr 2 15:46:31 2012 -0400;1333395991
64ee5e579adcec97122fc0ee1414031da3be0c6e;64ee5e579a;-;-;Mon Apr 2 15:19:38 2012 -0400;1333394378;-;-;Mon Apr 2 15:19:38 2012 -0400;1333394378
9833a4c385205560921a714f64f5af7f797d7fdb;9833a4c385;-;-;Mon Apr 2 15:06:20 2012 -0400;1333393580;-;-;Mon Apr 2 15:06:20 2012 -0400;1333393580
4653dbe73f3c0d39e361cc514f2bca17c670531f;4653dbe73f;-;-;Mon Mar 26 20:08:54 2012 +0300;1332781734;-;-;Mon Mar 26 20:08:54 2012 +0300;1332781734
180c5b2ef6c16f66145a4250b597a093e566d922;180c5b2ef6;-;-;Thu Mar 15 20:59:17 2012 +0200;1331837957;-;-;Mon Mar 26 20:06:06 2012 +0300;1332781566
d2251a12c3638ad3349ab95a7887bcbbb0674f7f;d2251a12c3;-;-;Tue Mar 20 09:22:49 2012 +0100;1332231769;-;-;Tue Mar 20 09:22:49 2012 +0100;1332231769
bb5c81e0c50efc4f0669b7e5a9567b732fd84c58;bb5c81e0c5;-;-;Thu Mar 15 15:14:52 2012 +0200;1331817292;-;-;Thu Mar 15 15:14:52 2012 +0200;1331817292
e3f544904c3cce5b6e9947c6429708a4b3bc4ef8;e3f544904c;-;-;Fri Mar 9 11:28:17 2012 +0200;1331285297;-;-;Fri Mar 9 11:36:56 2012 +0200;1331285816
045c97f75e231b99ebeaab48b72ccb9e1e07004b;045c97f75e;-;-;Fri Mar 9 11:20:52 2012 +0200;1331284852;-;-;Fri Mar 9 11:36:49 2012 +0200;1331285809
352ed517c5fd74f3549a36050c325b8a3fc00f28;352ed517c5;-;-;Fri Mar 9 10:50:44 2012 +0200;1331283044;-;-;Fri Mar 9 10:50:44 2012 +0200;1331283044
6d94b74ab113dc706db3a26271ac5e476955478c;6d94b74ab1;-;-;Thu Mar 8 12:08:11 2012 +0200;1331201291;-;-;Thu Mar 8 12:11:01 2012 +0200;1331201461
e7e74c83d84dcd552d0e75458c91bc920e64d4d4;e7e74c83d8;-;-;Mon Mar 5 06:59:43 2012 -0800;1330959583;-;-;Mon Mar 5 06:59:43 2012 -0800;1330959583
9c8332a6c4e9fef73d7bf0e01480f75b0b83af6f;9c8332a6c4;-;-;Fri Mar 2 10:55:03 2012 -0800;1330714503;-;-;Fri Mar 2 10:55:03 2012 -0800;1330714503
6295f2b591a1293d94078e1d20f016cd82745fe1;6295f2b591;-;-;Thu Mar 1 20:26:10 2012 +0100;1330629970;-;-;Thu Mar 1 20:26:10 2012 +0100;1330629970
7b703b7e9b6d31d2d09cb977e59c83f65bd70b6f;7b703b7e9b;-;-;Thu Mar 1 12:30:15 2012 +0100;1330601415;-;-;Thu Mar 1 12:30:15 2012 +0100;1330601415
833e74168a69e2ba9c84c47f3e1e78886092731b;833e74168a;-;-;Thu Mar 1 12:13:07 2012 +0100;1330600387;-;-;Thu Mar 1 12:13:07 2012 +0100;1330600387
15d1d824b54b2ec36a7c926e12644b391b310930;15d1d824b5;-;-;Wed Feb 29 14:29:13 2012 +0100;1330522153;-;-;Wed Feb 29 14:33:29 2012 +0100;1330522409
43b4997e3f7e8959aff44d778430945c0fe76e6a;43b4997e3f;-;-;Tue Feb 28 09:49:54 2012 +0100;1330418994;-;-;Tue Feb 28 09:49:54 2012 +0100;1330418994
83f3750fb3a74d0ac6c7c513b29028b7d49f7b30;83f3750fb3;-;-;Mon Feb 27 11:35:26 2012 +0100;1330338926;-;-;Mon Feb 27 11:35:26 2012 +0100;1330338926
7ca5fba05ff0ef4dcf076303e1cba19c4b771d94;7ca5fba05f;-;-;Fri Feb 24 14:29:28 2012 +0100;1330090168;-;-;Fri Feb 24 14:29:28 2012 +0100;1330090168
f4010f14d1d7c87708bd47a72ef5b4fa7012121c;f4010f14d1;-;-;Thu Feb 23 13:42:29 2012 +0100;1330000949;-;-;Thu Feb 23 14:17:09 2012 +0100;1330003029
0ff28a6b228c08aa3c17223c4c6527603e0d0052;0ff28a6b22;-;-;Thu Feb 23 13:34:47 2012 +0100;1330000487;-;-;Thu Feb 23 13:34:47 2012 +0100;1330000487
f5042d1928f96967b6fe7dec198b55eb4746baa1;f5042d1928;-;-;Tue Feb 21 19:20:29 2012 +0100;1329848429;-;-;Tue Feb 21 19:20:29 2012 +0100;1329848429
b2291ff814affcd22bf531a1c9b3a23afe15717c;b2291ff814;-;-;Tue Feb 21 11:46:42 2012 +0100;1329821202;-;-;Tue Feb 21 11:46:42 2012 +0100;1329821202
4df2a14b13ac41d71f8034fa68e1b7e54e3f7a48;4df2a14b13;-;-;Mon Feb 20 14:21:51 2012 +0100;1329744111;-;-;Mon Feb 20 14:21:51 2012 +0100;1329744111
37d547c506f9fab4f478c1e4bc0f1b8e553bd950;37d547c506;-;-;Mon Feb 20 14:19:04 2012 +0100;1329743944;-;-;Mon Feb 20 14:19:04 2012 +0100;1329743944
624ba720d5c8fabe4159a27396c7d32a9f38f187;624ba720d5;-;-;Thu Feb 16 12:34:33 2012 +0100;1329392073;-;-;Thu Feb 16 13:13:44 2012 +0100;1329394424
3e81482760f742d078e71b166cc0f7c3c2eb6abb;3e81482760;-;-;Thu Feb 16 13:00:28 2012 +0100;1329393628;-;-;Thu Feb 16 13:00:28 2012 +0100;1329393628
81dfef90efabf4cd761e2d31d45c2ba2e498818c;81dfef90ef;-;-;Mon Feb 13 15:54:14 2012 +0100;1329144854;-;-;Mon Feb 13 15:54:14 2012 +0100;1329144854
ee36c80ca961a5b2af233cd26a5483d57939c0af;ee36c80ca9;-;-;Mon Feb 13 15:17:30 2012 +0100;1329142650;-;-;Mon Feb 13 15:17:30 2012 +0100;1329142650
3eff36452908c06774eb4e40e4943cb794674c05;3eff364529;-;-;Thu Feb 9 11:45:05 2012 +0100;1328784305;-;-;Thu Feb 9 12:19:21 2012 +0100;1328786361
27b8c5d71a9967a5d4fce7c1f84b0057397bb1e2;27b8c5d71a;-;-;Wed Feb 8 16:23:23 2012 +0100;1328714603;-;-;Wed Feb 8 16:23:23 2012 +0100;1328714603
56026863e8dc0cb40d68846b3cbbd0e8c43381a0;56026863e8;-;-;Wed Feb 1 16:06:16 2012 -0800;1328141176;-;-;Thu Feb 2 10:45:41 2012 +0100;1328175941
aad21830bb27ad6e5a27bb81c4c0401370113bd6;aad21830bb;-;-;Wed Feb 1 15:36:55 2012 +0100;1328107015;-;-;Wed Feb 1 17:28:14 2012 +0100;1328113694
0ae973f995229bce0c5b9ffe25fe1f5340559656;0ae973f995;-;-;Wed Feb 1 11:39:48 2012 +0100;1328092788;-;-;Wed Feb 1 11:39:48 2012 +0100;1328092788
9a1a00a651410390ec317ca3d301d5e9d109f395;9a1a00a651;-;-;Tue Jan 31 17:57:18 2012 +0100;1328029038;-;-;Tue Jan 31 18:08:17 2012 +0100;1328029697
398cf997b3dfc415520d9c56e0bc1a49e4473bee;398cf997b3;-;-;Tue Jan 31 15:34:45 2012 +0100;1328020485;-;-;Tue Jan 31 16:03:24 2012 +0100;1328022204
5c0c37e74807547ebca5820f2c65b385aceffda9;5c0c37e748;-;-;Tue Jan 31 14:43:00 2012 +0100;1328017380;-;-;Tue Jan 31 15:30:51 2012 +0100;1328020251
3798626a90aaf215ac4e3b1a26749cdf8a167dc1;3798626a90;-;-;Wed Jan 25 23:17:39 2012 +0100;1327529859;-;-;Wed Jan 25 23:17:39 2012 +0100;1327529859
7636913710d49fa331f2a29d40d404640a111155;7636913710;-;-;Tue Jan 10 16:53:26 2012 +0100;1326210806;-;-;Tue Jan 10 16:53:26 2012 +0100;1326210806
18b67eed294891a555a11df694140ba9bc6d6f22;18b67eed29;-;-;Fri Dec 23 09:30:32 2011 +0100;1324629032;-;-;Fri Dec 23 09:30:32 2011 +0100;1324629032
22de6b76f1c51fee960a129706d517f161bcd9b3;22de6b76f1;-;-;Thu Dec 22 15:55:15 2011 +0100;1324565715;-;-;Thu Dec 22 15:55:15 2011 +0100;1324565715
544a29a91a96a1a47292e674d6e56a8fd9a70213;544a29a91a;-;-;Thu Dec 22 15:08:08 2011 +0100;1324562888;-;-;Thu Dec 22 15:08:08 2011 +0100;1324562888
05d10a5daca68754eeaa6289a38fbe63243f3e95;05d10a5dac;-;-;Thu Dec 22 14:55:10 2011 +0100;1324562110;-;-;Thu Dec 22 14:55:10 2011 +0100;1324562110
e091e399dcf0323fbe509b267bfc5ce176571eb8;e091e399dc;-;-;Thu Dec 22 13:35:10 2011 +0100;1324557310;-;-;Thu Dec 22 13:36:58 2011 +0100;1324557418
6d674f7836a6870a72c3aab783328f8891496e96;6d674f7836;-;-;Thu Dec 22 03:25:03 2011 +0100;1324520703;-;-;Thu Dec 22 03:25:03 2011 +0100;1324520703
bdcf480f55a8018690ef28294a36d19a45271243;bdcf480f55;-;-;Thu Dec 22 03:22:35 2011 +0100;1324520555;-;-;Thu Dec 22 03:22:35 2011 +0100;1324520555
8534764e99827ee0b17d1cda04774dae1e3378e1;8534764e99;-;-;Thu Dec 22 03:14:02 2011 +0100;1324520042;-;-;Thu Dec 22 03:14:02 2011 +0100;1324520042
6c23abebaec8ea11eef39c6f55047c2b6433362f;6c23abebae;-;-;Thu Dec 22 02:55:00 2011 +0100;1324518900;-;-;Thu Dec 22 02:55:00 2011 +0100;1324518900
3ea0cf36bc778a46127c20d9d12da921baa237d7;3ea0cf36bc;-;-;Thu Dec 22 02:51:13 2011 +0100;1324518673;-;-;Thu Dec 22 02:51:13 2011 +0100;1324518673
e2f4332c49db6c0357b66c44bed0eb4aaa7357d2;e2f4332c49;-;-;Thu Dec 22 02:33:56 2011 +0100;1324517636;-;-;Thu Dec 22 02:33:56 2011 +0100;1324517636
8b2f6306981d6dc1e33bbfd2e8c74dc4956e731d;8b2f630698;-;-;Wed Dec 21 16:48:03 2011 +0100;1324482483;-;-;Wed Dec 21 16:48:56 2011 +0100;1324482536
b227c90e3b10e3ac44aa59c15ec0583f5f91a04a;b227c90e3b;-;-;Wed Dec 21 16:47:30 2011 +0100;1324482450;-;-;Wed Dec 21 16:48:55 2011 +0100;1324482535
4b74a3565c12c31ead51cf46985e415299861292;4b74a3565c;-;-;Wed Dec 21 15:27:53 2011 +0100;1324477673;-;-;Wed Dec 21 16:48:54 2011 +0100;1324482534
ae72cf2f50a078724c3d177daae9dec824bdbfee;ae72cf2f50;-;-;Wed Dec 21 14:40:03 2011 +0100;1324474803;-;-;Wed Dec 21 14:46:11 2011 +0100;1324475171
096de373b492b6649f560d0eba3aa60d97b9c6a3;096de373b4;-;-;Wed Dec 21 14:05:11 2011 +0100;1324472711;-;-;Wed Dec 21 14:05:11 2011 +0100;1324472711
23a941d0f47f9efc8362ecda087c9daa230b2080;23a941d0f4;-;-;Wed Dec 21 14:04:37 2011 +0100;1324472677;-;-;Wed Dec 21 14:04:37 2011 +0100;1324472677
9506f8d883d4d2543784e459663e041c2afd2dfa;9506f8d883;-;-;Wed Dec 21 13:35:48 2011 +0100;1324470948;-;-;Wed Dec 21 13:35:48 2011 +0100;1324470948
c71da98c10ec86a60d12750e17605d6106f4e929;c71da98c10;-;-;Wed Dec 21 12:43:04 2011 +0100;1324467784;-;-;Wed Dec 21 12:43:04 2011 +0100;1324467784
01036f0ff5876be996affda71ad4c721f3ee92a5;01036f0ff5;-;-;Wed Dec 21 12:41:37 2011 +0100;1324467697;-;-;Wed Dec 21 12:41:37 2011 +0100;1324467697
f8dbbf402f709b5beabf9e8d759eb37baef29bb9;f8dbbf402f;-;-;Tue Dec 20 20:23:25 2011 +0100;1324409005;-;-;Tue Dec 20 20:23:25 2011 +0100;1324409005
7258d9b29748ffc45156be1052467a8a768cad17;7258d9b297;-;-;Tue Dec 20 10:57:27 2011 -0500;1324396647;-;-;Tue Dec 20 10:57:27 2011 -0500;1324396647
d9ff754ff5591e2eb697de27d776c985f315a1aa;d9ff754ff5;-;-;Tue Dec 20 04:57:48 2011 -0800;1324385868;-;-;Tue Dec 20 04:57:48 2011 -0800;1324385868
1a3d9a2d3e3859c3b75a3376650ee3229fd1b71d;1a3d9a2d3e;-;-;Thu Dec 15 23:47:45 2011 +0100;1323989265;-;-;Fri Dec 16 00:08:18 2011 +0100;1323990498
bd6c3becb03a9d5b5dced85a16ffd2c1f45f0495;bd6c3becb0;-;-;Thu Dec 15 15:04:51 2011 +0100;1323957891;-;-;Thu Dec 15 15:04:51 2011 +0100;1323957891
1765b6879f64e2d64274d3560704876bde26532e;1765b6879f;-;-;Thu Dec 15 02:28:49 2011 +0100;1323912529;-;-;Thu Dec 15 02:40:18 2011 +0100;1323913218
fae32cea8ed26d4839da62097393909a0b3dc854;fae32cea8e;-;-;Mon Dec 12 23:42:52 2011 +0000;1323733372;-;-;Mon Dec 12 23:42:52 2011 +0000;1323733372
153d38f1c83d0beefde0e9e0e91a0143838de4e6;153d38f1c8;-;-;Mon Dec 12 23:42:39 2011 +0000;1323733359;-;-;Mon Dec 12 23:42:39 2011 +0000;1323733359
8f18337543a6d6fd1a66b238b71b16175e111788;8f18337543;-;-;Mon Dec 12 23:38:05 2011 +0000;1323733085;-;-;Mon Dec 12 23:38:05 2011 +0000;1323733085
6796a775d2b1a741522747b045fd41da9bc33f9a;6796a775d2;-;-;Mon Dec 12 23:32:31 2011 +0000;1323732751;-;-;Mon Dec 12 23:32:31 2011 +0000;1323732751
1c45c51fe10bd3739d4b4c938a288ee3ebbf0f54;1c45c51fe1;-;-;Mon Dec 12 23:20:03 2011 +0000;1323732003;-;-;Mon Dec 12 23:20:03 2011 +0000;1323732003
2065b788c4961e09cbafc4f52d91177db07b9285;2065b788c4;-;-;Mon Dec 12 19:20:53 2011 +0000;1323717653;-;-;Mon Dec 12 19:20:53 2011 +0000;1323717653
e9da8548483fcd725a89e1eb12471f622b89cd19;e9da854848;-;-;Mon Dec 12 19:20:05 2011 +0000;1323717605;-;-;Mon Dec 12 19:20:05 2011 +0000;1323717605
0042243a119cde1b5dbbe76cd2a8cb310265dfd4;0042243a11;-;-;Mon Dec 12 18:33:29 2011 +0000;1323714809;-;-;Mon Dec 12 18:33:29 2011 +0000;1323714809
2fa9ef9f5ad08508adacea01bdec7e1309705af6;2fa9ef9f5a;-;-;Mon Dec 12 15:53:18 2011 +0000;1323705198;-;-;Mon Dec 12 15:53:18 2011 +0000;1323705198
d507c2b927ab19c8060f67098e0147d76317aece;d507c2b927;-;-;Mon Dec 12 15:30:04 2011 +0000;1323703804;-;-;Mon Dec 12 15:30:04 2011 +0000;1323703804
450a3d7eeeccbfa16f1b1f2c743af805fe24e573;450a3d7eee;-;-;Mon Dec 12 15:04:11 2011 +0000;1323702251;-;-;Mon Dec 12 15:04:11 2011 +0000;1323702251
23e58aa718f7575dad14d2f00be15ff2896ef57a;23e58aa718;-;-;Mon Dec 12 14:42:24 2011 +0000;1323700944;-;-;Mon Dec 12 14:42:24 2011 +0000;1323700944
ec1b016602f45e6d2bffe4cdccffd57db187620a;ec1b016602;-;-;Mon Dec 12 14:41:37 2011 +0000;1323700897;-;-;Mon Dec 12 14:41:37 2011 +0000;1323700897
5ebabcf2b3379b367880840393db6ffd2ec6e9dd;5ebabcf2b3;-;-;Mon Dec 12 00:29:11 2011 +0000;1323649751;-;-;Mon Dec 12 00:29:11 2011 +0000;1323649751
1141a1d6103075f8d5b3d84b838b4fee2ed91499;1141a1d610;-;-;Sun Dec 11 23:07:07 2011 +0000;1323644827;-;-;Sun Dec 11 23:07:07 2011 +0000;1323644827
dd7950638d48831bc847598ca53667446312cd7c;dd7950638d;-;-;Sun Dec 11 22:10:11 2011 +0000;1323641411;-;-;Sun Dec 11 22:10:11 2011 +0000;1323641411
098342918c39ef51791290c0007135efe3add25e;098342918c;-;-;Sun Dec 11 22:09:20 2011 +0000;1323641360;-;-;Sun Dec 11 22:09:20 2011 +0000;1323641360
8f69e81197a36b2ead2ffd188dcf6039f0416e53;8f69e81197;-;-;Sun Dec 11 22:07:37 2011 +0000;1323641257;-;-;Sun Dec 11 22:07:37 2011 +0000;1323641257
d8e640d70817a0fa85fd980145a92c0fad929779;d8e640d708;-;-;Sun Dec 11 22:07:12 2011 +0000;1323641232;-;-;Sun Dec 11 22:07:12 2011 +0000;1323641232
0f75cebdff44791c85a62e422d998afe536da1e5;0f75cebdff;-;-;Sun Dec 11 13:26:36 2011 +0000;1323609996;-;-;Sun Dec 11 13:26:36 2011 +0000;1323609996
d4123d06379fadc0b05043f5ab5a1a2cb264314b;d4123d0637;-;-;Sun Dec 11 13:00:30 2011 +0000;1323608430;-;-;Sun Dec 11 13:00:30 2011 +0000;1323608430
439b7750d4750722a03d60465da2e4b62bbcf626;439b7750d4;-;-;Sun Dec 11 12:51:57 2011 +0000;1323607917;-;-;Sun Dec 11 12:51:57 2011 +0000;1323607917
48836e2ebb5990d9dd2f7656c0dfb66650b49e0d;48836e2ebb;-;-;Sat Dec 10 19:32:02 2011 +0000;1323545522;-;-;Sat Dec 10 19:32:02 2011 +0000;1323545522
866999764de3b9144648bbd325f3d99d67634692;866999764d;-;-;Sat Dec 10 19:31:18 2011 +0000;1323545478;-;-;Sat Dec 10 19:31:18 2011 +0000;1323545478
06d06d4aa94d9025ea7416110bff270eb8a632f3;06d06d4aa9;-;-;Sat Dec 10 19:30:57 2011 +0000;1323545457;-;-;Sat Dec 10 19:30:57 2011 +0000;1323545457
0449f6cb84b743b087e7da32452de2c20f160a01;0449f6cb84;-;-;Sat Dec 10 19:30:32 2011 +0000;1323545432;-;-;Sat Dec 10 19:30:32 2011 +0000;1323545432
34798a47ab71daf1d62eabf03ae5f708743d42c9;34798a47ab;-;-;Sat Dec 10 15:45:17 2011 +0000;1323531917;-;-;Sat Dec 10 15:45:17 2011 +0000;1323531917
e648245eb3e7a5baca8d2b281bd2d3a746ee9242;e648245eb3;-;-;Fri Dec 9 18:09:14 2011 +0000;1323454154;-;-;Fri Dec 9 18:09:14 2011 +0000;1323454154
2dba480d9d41ba62c50cf7b3414e01fa7b0b2def;2dba480d9d;-;-;Fri Dec 9 17:53:29 2011 +0000;1323453209;-;-;Fri Dec 9 17:53:29 2011 +0000;1323453209
9d93b5429f3291fb4484a7f504319e988a0a2664;9d93b5429f;-;-;Fri Dec 9 16:01:06 2011 +0000;1323446466;-;-;Fri Dec 9 16:01:06 2011 +0000;1323446466
ede8482f812060a7051c7fe2b62acde7d8fe7be8;ede8482f81;-;-;Fri Dec 9 13:09:38 2011 +0000;1323436178;-;-;Fri Dec 9 13:09:38 2011 +0000;1323436178
615bb29f92e4df56df14f5c1fe8b47415c680cce;615bb29f92;-;-;Fri Dec 9 13:09:25 2011 +0000;1323436165;-;-;Fri Dec 9 13:09:25 2011 +0000;1323436165
1c58dd9d897f6089a5d042c84527169fdcdc314b;1c58dd9d89;-;-;Fri Dec 9 13:09:11 2011 +0000;1323436151;-;-;Fri Dec 9 13:09:11 2011 +0000;1323436151
481c8455fdcde604667f3b1b4ffee30d91551d7a;481c8455fd;-;-;Fri Dec 9 13:08:54 2011 +0000;1323436134;-;-;Fri Dec 9 13:08:54 2011 +0000;1323436134
a962bd067734edd30d26a89779c304eececd8f13;a962bd0677;-;-;Fri Dec 9 13:08:37 2011 +0000;1323436117;-;-;Fri Dec 9 13:08:37 2011 +0000;1323436117
0f1affe93148dc7b5b16bdd39a20b59ee9a232ad;0f1affe931;-;-;Fri Dec 9 12:06:50 2011 +0000;1323432410;-;-;Fri Dec 9 12:06:50 2011 +0000;1323432410
1adf82503bf76142914ef423355aea6d8af7e247;1adf82503b;-;-;Fri Dec 9 11:36:54 2011 +0000;1323430614;-;-;Fri Dec 9 11:36:54 2011 +0000;1323430614
4242b3262461e3f9b4a24a9cda0750f88ee6c45c;4242b32624;-;-;Fri Dec 9 11:36:35 2011 +0000;1323430595;-;-;Fri Dec 9 11:36:35 2011 +0000;1323430595
7ec9292e549e8e3177e40d08f0743c0175f70ec7;7ec9292e54;-;-;Fri Dec 9 11:03:40 2011 +0000;1323428620;-;-;Fri Dec 9 11:03:40 2011 +0000;1323428620
3beef9a92e78ca6da4f41dbb0c3c858ac85b10cb;3beef9a92e;-;-;Thu Dec 8 19:17:48 2011 +0000;1323371868;-;-;Thu Dec 8 19:17:48 2011 +0000;1323371868
b94040f329891ed2d7bc4c39bdb6836d59676bfe;b94040f329;-;-;Thu Dec 8 13:46:47 2011 +0000;1323352007;-;-;Thu Dec 8 13:46:47 2011 +0000;1323352007
690d33e14f0e46a181e92999f102e0f75ca2534c;690d33e14f;-;-;Thu Dec 8 13:46:27 2011 +0000;1323351987;-;-;Thu Dec 8 13:46:27 2011 +0000;1323351987
312b1aa3d688d65069431dd1210c148c134e95ee;312b1aa3d6;-;-;Thu Dec 8 13:20:01 2011 +0000;1323350401;-;-;Thu Dec 8 13:20:01 2011 +0000;1323350401
c472a163f114ba946974980be299deb0a7cb7f34;c472a163f1;-;-;Thu Dec 8 03:59:28 2011 +0000;1323316768;-;-;Thu Dec 8 03:59:28 2011 +0000;1323316768
6f150e4f07b6d637fb550f66008a68ea0f824997;6f150e4f07;-;-;Thu Dec 8 03:38:50 2011 +0000;1323315530;-;-;Thu Dec 8 03:38:50 2011 +0000;1323315530
569426dfdfec186e98a6ae4bd8ebf946720206b1;569426dfdf;-;-;Wed Dec 7 21:27:26 2011 +0000;1323293246;-;-;Wed Dec 7 21:27:26 2011 +0000;1323293246
f9144ea1eae5b09b3f8609dec0e6343f35c887a9;f9144ea1ea;-;-;Wed Dec 7 01:22:07 2011 +0000;1323220927;-;-;Wed Dec 7 01:22:07 2011 +0000;1323220927
29e969039d8a1c161a0ece46bde95cad1f56d3a5;29e969039d;-;-;Wed Dec 7 00:56:03 2011 +0000;1323219363;-;-;Wed Dec 7 00:56:03 2011 +0000;1323219363
7428b5705211b93b1f0b647f425861c31b5c528c;7428b57052;-;-;Wed Dec 7 00:01:53 2011 +0000;1323216113;-;-;Wed Dec 7 00:01:53 2011 +0000;1323216113
83c83d4d152ff6d8bffe79e9eece31ea0fc89c0e;83c83d4d15;-;-;Tue Dec 6 23:53:22 2011 +0000;1323215602;-;-;Tue Dec 6 23:53:22 2011 +0000;1323215602
34a4fba3356a9266a119f72a91c5d15ee3380306;34a4fba335;-;-;Tue Dec 6 22:54:47 2011 +0000;1323212087;-;-;Tue Dec 6 22:54:47 2011 +0000;1323212087
426863f7908915f7aade5008727b38208575283f;426863f790;-;-;Tue Dec 6 22:51:57 2011 +0000;1323211917;-;-;Tue Dec 6 22:51:57 2011 +0000;1323211917
f74789ffbe1a671aaf8175987e6f68afd639f5a6;f74789ffbe;-;-;Tue Dec 6 22:38:50 2011 +0000;1323211130;-;-;Tue Dec 6 22:38:50 2011 +0000;1323211130
e0d922d35202fdb9f309f2aeccd8293b09943ebd;e0d922d352;-;-;Tue Dec 6 21:17:25 2011 +0000;1323206245;-;-;Tue Dec 6 21:17:25 2011 +0000;1323206245
5ab2bf16a5453f3d54db589a92c3ec4bc553f8d2;5ab2bf16a5;-;-;Tue Dec 6 21:14:31 2011 +0000;1323206071;-;-;Tue Dec 6 21:14:31 2011 +0000;1323206071
3a62aa053e6bff3d96d4c1b8640a29f06e0517c5;3a62aa053e;-;-;Tue Dec 6 21:03:57 2011 +0000;1323205437;-;-;Tue Dec 6 21:03:57 2011 +0000;1323205437
a347e4d3c2bdea343f8e7cb7eef399e77ed52cea;a347e4d3c2;-;-;Tue Dec 6 20:48:49 2011 +0000;1323204529;-;-;Tue Dec 6 20:48:49 2011 +0000;1323204529
d050a472a221dfd1612c6e0c63d3ab0e46a2c0aa;d050a472a2;-;-;Tue Dec 6 18:18:57 2011 +0000;1323195537;-;-;Tue Dec 6 18:18:57 2011 +0000;1323195537
1a2a3dd02a5c4f302b54d8c59060a584341cbb09;1a2a3dd02a;-;-;Tue Dec 6 14:13:29 2011 +0000;1323180809;-;-;Tue Dec 6 14:13:29 2011 +0000;1323180809
cb3524ff30d821e8728d6f1500d1517041396704;cb3524ff30;-;-;Tue Dec 6 14:05:33 2011 +0000;1323180333;-;-;Tue Dec 6 14:05:33 2011 +0000;1323180333
735ba9dcded62929a5a0f44678441ca792ec2428;735ba9dcde;-;-;Tue Dec 6 13:32:25 2011 +0000;1323178345;-;-;Tue Dec 6 13:32:25 2011 +0000;1323178345
5fe08040178d3e216998c22b4ad50528f7d981c2;5fe0804017;-;-;Tue Dec 6 13:19:35 2011 +0000;1323177575;-;-;Tue Dec 6 13:19:35 2011 +0000;1323177575
28ff473091822195a4c6e00d7eaba2c09567d700;28ff473091;-;-;Tue Dec 6 12:18:10 2011 +0000;1323173890;-;-;Tue Dec 6 12:18:10 2011 +0000;1323173890
df7bda5637a56c6d877a82d68e76027f7055fef2;df7bda5637;-;-;Tue Dec 6 12:17:54 2011 +0000;1323173874;-;-;Tue Dec 6 12:17:54 2011 +0000;1323173874
c2c224958dcb10ad953b6e22ed3f3a5dd64fac14;c2c224958d;-;-;Tue Dec 6 12:17:42 2011 +0000;1323173862;-;-;Tue Dec 6 12:17:42 2011 +0000;1323173862
aedccec67efc5512d0e39f5c888dc876625e2d4f;aedccec67e;-;-;Mon Dec 5 22:37:55 2011 +0000;1323124675;-;-;Mon Dec 5 22:37:55 2011 +0000;1323124675
27471e055581406b8cc2feef927e336234ef1fa6;27471e0555;-;-;Mon Dec 5 21:34:44 2011 +0000;1323120884;-;-;Mon Dec 5 21:34:44 2011 +0000;1323120884
66b4eb16a5866147f380a87b74d64de1808d49e1;66b4eb16a5;-;-;Mon Dec 5 21:20:27 2011 +0000;1323120027;-;-;Mon Dec 5 21:20:27 2011 +0000;1323120027
bea5016e539e011ec6083af88cd6d3fb4c2a0725;bea5016e53;-;-;Sat Dec 3 17:03:33 2011 +0000;1322931813;-;-;Sat Dec 3 17:03:33 2011 +0000;1322931813
84be348cb0ac99896674170dc9f99021b43ba9ee;84be348cb0;-;-;Sat Dec 3 15:57:19 2011 +0000;1322927839;-;-;Sat Dec 3 15:57:19 2011 +0000;1322927839
207b2315eda924916e12cfc97c652d63a04c8053;207b2315ed;-;-;Sat Dec 3 15:54:52 2011 +0000;1322927692;-;-;Sat Dec 3 15:54:52 2011 +0000;1322927692
1a2bbe5c4d48aee98f380a90ee39cbea9bfb0753;1a2bbe5c4d;-;-;Sat Dec 3 15:47:10 2011 +0000;1322927230;-;-;Sat Dec 3 15:47:10 2011 +0000;1322927230
00133179df27fc8b2c8c3b5d9377985279122691;00133179df;-;-;Sat Dec 3 15:46:31 2011 +0000;1322927191;-;-;Sat Dec 3 15:46:31 2011 +0000;1322927191
49a2aaf023e2da5efb0ef49785499053ebd42c61;49a2aaf023;-;-;Sat Dec 3 15:44:33 2011 +0000;1322927073;-;-;Sat Dec 3 15:44:33 2011 +0000;1322927073
4bfcb79ae35320b55cfe8f8a985d229d6c2c9265;4bfcb79ae3;-;-;Fri Dec 2 18:58:41 2011 +0000;1322852321;-;-;Fri Dec 2 18:58:41 2011 +0000;1322852321
21f61e3680a1f15cfde12a75f4e0fcdc32591234;21f61e3680;-;-;Fri Dec 2 12:03:35 2011 +0000;1322827415;-;-;Fri Dec 2 12:03:35 2011 +0000;1322827415
53cb529162b9382faa5ae345621b40581fdea873;53cb529162;-;-;Fri Dec 2 11:29:47 2011 +0000;1322825387;-;-;Fri Dec 2 11:29:47 2011 +0000;1322825387
9f98f77c3e4069b6b0762285d0e99306a25cd5c2;9f98f77c3e;-;-;Thu Dec 1 22:56:51 2011 +0000;1322780211;-;-;Thu Dec 1 22:56:51 2011 +0000;1322780211
0ef3beb4629758f6715e9025b71afba83760825a;0ef3beb462;-;-;Thu Dec 1 18:52:12 2011 +0000;1322765532;-;-;Thu Dec 1 18:52:12 2011 +0000;1322765532
33b53b7cca7ec2667d57d320d888c51e48b09ed6;33b53b7cca;-;-;Thu Dec 1 18:51:36 2011 +0000;1322765496;-;-;Thu Dec 1 18:51:36 2011 +0000;1322765496
71e0a506b94eaeea018aa34334a366c4578d979f;71e0a506b9;-;-;Thu Dec 1 15:12:26 2011 +0000;1322752346;-;-;Thu Dec 1 15:12:26 2011 +0000;1322752346
45a0ae3fb9456cbec25b49a924a76da95325d96e;45a0ae3fb9;-;-;Thu Dec 1 15:11:32 2011 +0000;1322752292;-;-;Thu Dec 1 15:11:32 2011 +0000;1322752292
ca4eafd4dda3877d5bcce03c6d5aa98edded1375;ca4eafd4dd;-;-;Thu Dec 1 14:35:36 2011 +0000;1322750136;-;-;Thu Dec 1 14:35:36 2011 +0000;1322750136
f75e832e7ccadce2753e653783662e95c9f8df27;f75e832e7c;-;-;Thu Dec 1 13:34:12 2011 +0000;1322746452;-;-;Thu Dec 1 13:34:12 2011 +0000;1322746452
dc41daa3db350ef9a4b14ef1d750d79cb22cf431;dc41daa3db;-;-;Thu Dec 1 13:14:06 2011 +0000;1322745246;-;-;Thu Dec 1 13:14:06 2011 +0000;1322745246
2b122816afa141c291fd269225366913d9b5d096;2b122816af;-;-;Thu Dec 1 12:56:47 2011 +0000;1322744207;-;-;Thu Dec 1 12:56:47 2011 +0000;1322744207
ffa478462815844689fd16cca54b19ba605872fd;ffa4784628;-;-;Thu Dec 1 12:53:47 2011 +0000;1322744027;-;-;Thu Dec 1 12:53:47 2011 +0000;1322744027
0a611aa77649ad6859a0b8dbb66048ae72670998;0a611aa776;-;-;Wed Nov 30 15:21:09 2011 +0000;1322666469;-;-;Wed Nov 30 15:21:09 2011 +0000;1322666469
91c14bd1fe7f45fbd3568b0a7a2221dff0f76c5f;91c14bd1fe;-;-;Wed Nov 30 11:07:38 2011 +0000;1322651258;-;-;Wed Nov 30 11:07:38 2011 +0000;1322651258
951514a576cefa05e35497fb78efa17fbf6bb352;951514a576;-;-;Tue Nov 29 21:29:15 2011 +0000;1322602155;-;-;Tue Nov 29 21:29:15 2011 +0000;1322602155
d6d169ac5614ca10aa7d5bade5a695f599823d8a;d6d169ac56;-;-;Tue Nov 29 01:16:09 2011 +0000;1322529369;-;-;Tue Nov 29 01:16:09 2011 +0000;1322529369
686ae8f7b3d0ddee64596b6fed1167d399f727e3;686ae8f7b3;-;-;Mon Nov 28 22:57:33 2011 +0000;1322521053;-;-;Mon Nov 28 22:57:33 2011 +0000;1322521053
9f3e3330842eb9b7243dbef7f78f09dd34648fdc;9f3e333084;-;-;Mon Nov 28 22:47:48 2011 +0000;1322520468;-;-;Mon Nov 28 22:47:48 2011 +0000;1322520468
c2eafdb2fb77ae0b58ce4853852634ffd4db60a1;c2eafdb2fb;-;-;Mon Nov 28 22:46:53 2011 +0000;1322520413;-;-;Mon Nov 28 22:46:53 2011 +0000;1322520413
1bb6d29be23cb543a1a023ace669f1f7485d2d90;1bb6d29be2;-;-;Mon Nov 28 22:34:29 2011 +0000;1322519669;-;-;Mon Nov 28 22:34:29 2011 +0000;1322519669
6991cd9cdf610f94ace3cd8072634106830b439f;6991cd9cdf;-;-;Mon Nov 28 21:35:38 2011 +0000;1322516138;-;-;Mon Nov 28 21:35:38 2011 +0000;1322516138
450c75337fe27493bdc79843fd76081ba9894bfe;450c75337f;-;-;Mon Nov 28 21:14:40 2011 +0000;1322514880;-;-;Mon Nov 28 21:14:40 2011 +0000;1322514880
fa9a7b18c63dece2be07567b265c09cca43dcb87;fa9a7b18c6;-;-;Mon Nov 28 21:11:57 2011 +0000;1322514717;-;-;Mon Nov 28 21:11:57 2011 +0000;1322514717
2cb287a01b0190acac7bcdc0af8835227adada5d;2cb287a01b;-;-;Mon Nov 28 20:54:37 2011 +0000;1322513677;-;-;Mon Nov 28 20:54:37 2011 +0000;1322513677
e6272312a897acc53fb1ea4375b0b4ad60f35b30;e6272312a8;-;-;Mon Nov 28 20:48:21 2011 +0000;1322513301;-;-;Mon Nov 28 20:48:21 2011 +0000;1322513301
b391629de100c4ba09d313c679cb9280a4a2a7a1;b391629de1;-;-;Mon Nov 28 20:48:02 2011 +0000;1322513282;-;-;Mon Nov 28 20:48:02 2011 +0000;1322513282
e7d1b5e0eefa6f0274c221eeb3dbf1538a02938f;e7d1b5e0ee;-;-;Mon Nov 28 19:38:28 2011 +0000;1322509108;-;-;Mon Nov 28 19:38:28 2011 +0000;1322509108
c9b36fb4e6a50a22ffa3fc4f231e1e53f11d987e;c9b36fb4e6;-;-;Mon Nov 28 18:54:11 2011 +0000;1322506451;-;-;Mon Nov 28 18:54:11 2011 +0000;1322506451
a9a068e6784d25c4ba17e4b18c9db6d22829810e;a9a068e678;-;-;Mon Nov 28 18:42:57 2011 +0000;1322505777;-;-;Mon Nov 28 18:42:57 2011 +0000;1322505777
aa7fcb543159ccfc4e83fcdfa6ccaf2da3afec6d;aa7fcb5431;-;-;Mon Nov 28 18:38:26 2011 +0000;1322505506;-;-;Mon Nov 28 18:38:26 2011 +0000;1322505506
81e9f6cc2c87d1ed94587a1c93132e76f8bccb96;81e9f6cc2c;-;-;Mon Nov 28 17:34:47 2011 +0000;1322501687;-;-;Mon Nov 28 17:34:47 2011 +0000;1322501687
1843bdde357f6bd2e92860e953d6ac891f9b6d43;1843bdde35;-;-;Mon Nov 28 17:17:47 2011 +0000;1322500667;-;-;Mon Nov 28 17:17:47 2011 +0000;1322500667
b55040cf026c968078c9f56a3f9df3f0bc012536;b55040cf02;-;-;Mon Nov 28 16:51:42 2011 +0000;1322499102;-;-;Mon Nov 28 16:51:42 2011 +0000;1322499102
bba70a7f1283215872b17aa31adb0a7cce16d3e6;bba70a7f12;-;-;Mon Nov 28 15:52:42 2011 +0000;1322495562;-;-;Mon Nov 28 15:52:42 2011 +0000;1322495562
372d461befbcdc585dc56215c67b9e399badd442;372d461bef;-;-;Mon Nov 28 15:10:03 2011 +0000;1322493003;-;-;Mon Nov 28 15:10:03 2011 +0000;1322493003
a09a0316b79f3c25949f83447530d1b3d62b9fb6;a09a0316b7;-;-;Mon Nov 28 15:05:53 2011 +0000;1322492753;-;-;Mon Nov 28 15:05:53 2011 +0000;1322492753
61a5ab9d34d635caf4c6b041113e15dbe7b47a01;61a5ab9d34;-;-;Mon Nov 28 14:42:03 2011 +0000;1322491323;-;-;Mon Nov 28 14:42:03 2011 +0000;1322491323
3f7dccddd244ad8a81714a15c520a0a980813da8;3f7dccddd2;-;-;Mon Nov 28 14:34:59 2011 +0000;1322490899;-;-;Mon Nov 28 14:34:59 2011 +0000;1322490899
ac524330047a9bc88bb3950d01bf41719212b251;ac52433004;-;-;Mon Nov 28 14:00:26 2011 +0000;1322488826;-;-;Mon Nov 28 14:00:26 2011 +0000;1322488826
263dd559b7d1c768dbf0e1543b6340b67db36782;263dd559b7;-;-;Mon Nov 28 13:27:21 2011 +0000;1322486841;-;-;Mon Nov 28 13:27:21 2011 +0000;1322486841
d10f2258e837a01b14699800132a2685e6b34d6f;d10f2258e8;-;-;Mon Nov 28 13:05:59 2011 +0000;1322485559;-;-;Mon Nov 28 13:05:59 2011 +0000;1322485559
1e2f49104d2c8b02db422e97aada923e73b6178e;1e2f49104d;-;-;Mon Nov 28 12:54:03 2011 +0000;1322484843;-;-;Mon Nov 28 12:54:03 2011 +0000;1322484843
f91f778fb5a8756586c0c294cb9fb05301fdf978;f91f778fb5;-;-;Mon Nov 28 12:06:34 2011 +0000;1322481994;-;-;Mon Nov 28 12:06:34 2011 +0000;1322481994
b2bc7534c201f1cd88cec77b2d1fccb3fdc2135b;b2bc7534c2;-;-;Mon Nov 28 10:28:14 2011 +0000;1322476094;-;-;Mon Nov 28 10:28:14 2011 +0000;1322476094
d35620511e8304421929e89ed4d13d82d5f40219;d35620511e;-;-;Mon Nov 28 06:57:17 2011 +0000;1322463437;-;-;Mon Nov 28 06:57:17 2011 +0000;1322463437
4318ccd9d519525a674a61ddf80b11f8bec29426;4318ccd9d5;-;-;Mon Nov 28 06:57:09 2011 +0000;1322463429;-;-;Mon Nov 28 06:57:09 2011 +0000;1322463429
22e37aac444812eab6982a9f658d70656dd6a729;22e37aac44;-;-;Mon Nov 28 06:57:04 2011 +0000;1322463424;-;-;Mon Nov 28 06:57:04 2011 +0000;1322463424
e90c7eadc240282ae6759d9a5f14f5da47f117fc;e90c7eadc2;-;-;Mon Nov 28 00:45:24 2011 +0000;1322441124;-;-;Mon Nov 28 00:45:24 2011 +0000;1322441124
93db3df35b44a9a6c7a202ea242f7e371882080c;93db3df35b;-;-;Mon Nov 28 00:04:55 2011 +0000;1322438695;-;-;Mon Nov 28 00:04:55 2011 +0000;1322438695
f50f3d2405a0b7c24a3a8bbd7e89c0482af78e7b;f50f3d2405;-;-;Sun Nov 27 23:50:37 2011 +0000;1322437837;-;-;Sun Nov 27 23:50:37 2011 +0000;1322437837
16933a511d81d6b24bd19022efdde06eeb5c3fb6;16933a511d;-;-;Sun Nov 27 23:32:03 2011 +0000;1322436723;-;-;Sun Nov 27 23:32:03 2011 +0000;1322436723
68f61f3b3c2efaa263190519be6ebf4a02e021ad;68f61f3b3c;-;-;Sat Nov 26 08:04:39 2011 +0000;1322294679;-;-;Sat Nov 26 08:04:39 2011 +0000;1322294679
faba5941f74ab6967cc712b7c4ce25c026c7fb88;faba5941f7;-;-;Sat Nov 26 08:04:35 2011 +0000;1322294675;-;-;Sat Nov 26 08:04:35 2011 +0000;1322294675
c6a0f1ef254f286af02423ea4852996b61ed7c2a;c6a0f1ef25;-;-;Sat Nov 26 05:20:32 2011 +0000;1322284832;-;-;Sat Nov 26 05:20:32 2011 +0000;1322284832
91f05c8b9d4e108e744484d808564a95b618e731;91f05c8b9d;-;-;Sat Nov 26 05:20:29 2011 +0000;1322284829;-;-;Sat Nov 26 05:20:29 2011 +0000;1322284829
143db0d8de9d7b46e5de93323afa7a97152ac37c;143db0d8de;-;-;Sat Nov 26 05:20:25 2011 +0000;1322284825;-;-;Sat Nov 26 05:20:25 2011 +0000;1322284825
2c26a23c4658e6acfda91f1a83ba5ce90353f1e5;2c26a23c46;-;-;Sat Nov 26 05:20:20 2011 +0000;1322284820;-;-;Sat Nov 26 05:20:20 2011 +0000;1322284820
a53d592f62a8a18add16e7f6b8bd94496b2ffb7c;a53d592f62;-;-;Sat Nov 26 05:20:17 2011 +0000;1322284817;-;-;Sat Nov 26 05:20:17 2011 +0000;1322284817
03f6d23536d71e9df94f15282f9aa45499a48341;03f6d23536;-;-;Sat Nov 26 05:20:08 2011 +0000;1322284808;-;-;Sat Nov 26 05:20:08 2011 +0000;1322284808
333f9f31a76222a19ed66904e0d34724ca1131c6;333f9f31a7;-;-;Sat Nov 26 05:20:04 2011 +0000;1322284804;-;-;Sat Nov 26 05:20:04 2011 +0000;1322284804
3416a26136cef75f35c9ccff5b9699aa5bbea753;3416a26136;-;-;Fri Nov 25 19:40:05 2011 +0000;1322250005;-;-;Fri Nov 25 19:40:05 2011 +0000;1322250005
549c663fbaee8fa610ef03ad26aab956fc350206;549c663fba;-;-;Thu Nov 24 21:40:02 2011 +0000;1322170802;-;-;Thu Nov 24 21:40:02 2011 +0000;1322170802
0113ea91a3ba17dadab7d6321feb0dcf2d31ba99;0113ea91a3;-;-;Thu Nov 24 21:39:58 2011 +0000;1322170798;-;-;Thu Nov 24 21:39:58 2011 +0000;1322170798
ca3d774f5cc73b33a35894bfa7142ac8f3735aef;ca3d774f5c;-;-;Wed Nov 23 18:59:08 2011 +0000;1322074748;-;-;Wed Nov 23 18:59:08 2011 +0000;1322074748
b5bcfa0ae3e7c95aa388086a62e51b433ff61db1;b5bcfa0ae3;-;-;Wed Nov 23 17:53:18 2011 +0000;1322070798;-;-;Wed Nov 23 17:53:18 2011 +0000;1322070798
e695a2168887fe9d545725e7d2ec8b3e750742bb;e695a21688;-;-;Wed Nov 23 15:23:55 2011 +0000;1322061835;-;-;Wed Nov 23 15:23:55 2011 +0000;1322061835
6eba6f2059a455a11a2a70983fdcab93c8e72847;6eba6f2059;-;-;Tue Nov 22 23:25:12 2011 +0000;1322004312;-;-;Tue Nov 22 23:25:12 2011 +0000;1322004312
b2ae3dbb470ed2139cd0522927242a1e9e9c8e09;b2ae3dbb47;-;-;Sat Nov 19 21:07:10 2011 +0000;1321736830;-;-;Sat Nov 19 21:07:10 2011 +0000;1321736830
947b5fefffed8e6a4412a29001c6717f4415e59b;947b5fefff;-;-;Fri Nov 18 16:18:55 2011 +0000;1321633135;-;-;Fri Nov 18 16:18:55 2011 +0000;1321633135
60ee0bb8f41d8aa23804b9befafe5b6511318dd2;60ee0bb8f4;-;-;Fri Nov 18 14:36:44 2011 +0000;1321627004;-;-;Fri Nov 18 14:36:44 2011 +0000;1321627004
e4fada56ab2e254004001f3773b00bdf9db1840b;e4fada56ab;-;-;Fri Nov 18 11:32:01 2011 +0000;1321615921;-;-;Fri Nov 18 11:32:01 2011 +0000;1321615921
c03a950706fbfd6e2ccd05f16abd2eef729ff3ce;c03a950706;-;-;Fri Nov 18 03:36:26 2011 +0000;1321587386;-;-;Fri Nov 18 03:36:26 2011 +0000;1321587386
224cf11fcbf4ca40776176bd80f0c64c7b534ee0;224cf11fcb;-;-;Fri Nov 18 03:25:16 2011 +0000;1321586716;-;-;Fri Nov 18 03:25:16 2011 +0000;1321586716
01cc76f8e3b3016677cad5d7be8a45ee1f6bab2c;01cc76f8e3;-;-;Thu Nov 17 20:15:49 2011 +0000;1321560949;-;-;Thu Nov 17 20:15:49 2011 +0000;1321560949
e7377e3c279823177bf172b3939cda1fb78318ab;e7377e3c27;-;-;Thu Nov 17 15:09:02 2011 +0000;1321542542;-;-;Thu Nov 17 15:09:02 2011 +0000;1321542542
63e235f2155a06d1f31191a0b3dc7c07a816e97c;63e235f215;-;-;Thu Nov 17 15:07:15 2011 +0000;1321542435;-;-;Thu Nov 17 15:07:15 2011 +0000;1321542435
56608d6bd6ccae968eafa6840249a205b4f57e9d;56608d6bd6;-;-;Wed Nov 16 23:32:42 2011 +0000;1321486362;-;-;Wed Nov 16 23:32:42 2011 +0000;1321486362
1d5ca80924df154fd51fe9492f66e04a17958382;1d5ca80924;-;-;Wed Nov 16 23:32:38 2011 +0000;1321486358;-;-;Wed Nov 16 23:32:38 2011 +0000;1321486358
791881036625b06c64eb6f6976a993fb6ba76608;7918810366;-;-;Wed Nov 16 23:28:48 2011 +0000;1321486128;-;-;Wed Nov 16 23:28:48 2011 +0000;1321486128
3528637d62bbcc685522714a4a826dca88346ae4;3528637d62;-;-;Wed Nov 16 18:23:58 2011 +0000;1321467838;-;-;Wed Nov 16 18:23:58 2011 +0000;1321467838
70c28a0bc5b35e9851a4ee3b757729df74fe3eb2;70c28a0bc5;-;-;Wed Nov 16 18:23:56 2011 +0000;1321467836;-;-;Wed Nov 16 18:23:56 2011 +0000;1321467836
9c0c87f6a7fac486afee89addc32dd73b16bf211;9c0c87f6a7;-;-;Wed Nov 16 18:23:45 2011 +0000;1321467825;-;-;Wed Nov 16 18:23:45 2011 +0000;1321467825
d1f6672a58a4d804e7f164a3c2311570dd9cb2a0;d1f6672a58;-;-;Wed Nov 16 04:21:28 2011 +0000;1321417288;-;-;Wed Nov 16 04:21:28 2011 +0000;1321417288
4f3cbb45f4846a0dc14d48c6ee5e6020e0e49b18;4f3cbb45f4;-;-;Wed Nov 16 04:21:21 2011 +0000;1321417281;-;-;Wed Nov 16 04:21:21 2011 +0000;1321417281
732bf58570cbba1f082d67956821cd0f8d459887;732bf58570;-;-;Wed Nov 16 04:21:12 2011 +0000;1321417272;-;-;Wed Nov 16 04:21:12 2011 +0000;1321417272
a252a285e27cb8cc470e958a3bc11d1b38fa1199;a252a285e2;-;-;Wed Nov 16 04:21:06 2011 +0000;1321417266;-;-;Wed Nov 16 04:21:06 2011 +0000;1321417266
f9879b762b405f63c0b1fa3b8ec1f2f8ae6f9396;f9879b762b;-;-;Wed Nov 16 04:20:57 2011 +0000;1321417257;-;-;Wed Nov 16 04:20:57 2011 +0000;1321417257
06306f91499db610fdef12bbd4ecd7790f5b9370;06306f9149;-;-;Wed Nov 16 04:20:53 2011 +0000;1321417253;-;-;Wed Nov 16 04:20:53 2011 +0000;1321417253
83d099db98d04c2d15f19c644db985d11fbab2f6;83d099db98;-;-;Wed Nov 16 04:20:50 2011 +0000;1321417250;-;-;Wed Nov 16 04:20:50 2011 +0000;1321417250
42cbee883fb07fdb05da80e5dc9119b8cef8cb8f;42cbee883f;-;-;Wed Nov 16 04:20:46 2011 +0000;1321417246;-;-;Wed Nov 16 04:20:46 2011 +0000;1321417246
7a71af29899c61f48b39c5d42894e0dfd977ecdb;7a71af2989;-;-;Wed Nov 16 04:20:43 2011 +0000;1321417243;-;-;Wed Nov 16 04:20:43 2011 +0000;1321417243
96200b690c13054e8903badf5c5471351f8afe09;96200b690c;-;-;Wed Nov 16 04:20:39 2011 +0000;1321417239;-;-;Wed Nov 16 04:20:39 2011 +0000;1321417239
b7f9bf2e1c5cfd2bb24b8c25ef7b0d96eee82ae3;b7f9bf2e1c;-;-;Wed Nov 16 04:20:36 2011 +0000;1321417236;-;-;Wed Nov 16 04:20:36 2011 +0000;1321417236
8abb3150420d03e7c8cd3f483bf8a411e6fbcc0e;8abb315042;-;-;Wed Nov 16 04:20:32 2011 +0000;1321417232;-;-;Wed Nov 16 04:20:32 2011 +0000;1321417232
1533822b0a59b0b14d4d7d5efce2cf376b2ae024;1533822b0a;-;-;Wed Nov 16 04:20:28 2011 +0000;1321417228;-;-;Wed Nov 16 04:20:28 2011 +0000;1321417228
124662189e1883d9cf2688eb82c1c9ef43a21017;124662189e;-;-;Wed Nov 16 04:20:22 2011 +0000;1321417222;-;-;Wed Nov 16 04:20:22 2011 +0000;1321417222
43b3b4c261c9a0cda6454eb09f417e288f1e2f16;43b3b4c261;-;-;Wed Nov 16 04:20:17 2011 +0000;1321417217;-;-;Wed Nov 16 04:20:17 2011 +0000;1321417217
40798bd48f63a8f0d9c6529ca6aaa7203b95cbc3;40798bd48f;-;-;Wed Nov 16 04:20:12 2011 +0000;1321417212;-;-;Wed Nov 16 04:20:12 2011 +0000;1321417212
7b491370a3c4259108d201179c1349b30003b06f;7b491370a3;-;-;Sun Nov 13 01:38:47 2011 +0000;1321148327;-;-;Sun Nov 13 01:38:47 2011 +0000;1321148327
4ededaf11c933f760f741f3dd311dc3e1e418af4;4ededaf11c;-;-;Sun Nov 13 01:38:44 2011 +0000;1321148324;-;-;Sun Nov 13 01:38:44 2011 +0000;1321148324
b167b75453d89d6a13b3da85948c8a56c5a9d566;b167b75453;-;-;Sun Nov 13 01:38:40 2011 +0000;1321148320;-;-;Sun Nov 13 01:38:40 2011 +0000;1321148320
c0b3b7b81e998f31b8910009e9c7f443e640136a;c0b3b7b81e;-;-;Fri Nov 11 22:28:37 2011 +0000;1321050517;-;-;Fri Nov 11 22:28:37 2011 +0000;1321050517
b21e1ee669876c07188e8f970b4b360f6c9e010b;b21e1ee669;-;-;Fri Nov 11 09:57:34 2011 +0000;1321005454;-;-;Fri Nov 11 09:57:34 2011 +0000;1321005454
0b078f2ff907451238859b6d6bc408017f61eb6f;0b078f2ff9;-;-;Fri Nov 11 09:54:28 2011 +0000;1321005268;-;-;Fri Nov 11 09:54:28 2011 +0000;1321005268
2a39f34d33b0ce0e2ba6ad10571c8df10fce0f91;2a39f34d33;-;-;Thu Nov 10 15:08:24 2011 +0000;1320937704;-;-;Thu Nov 10 15:08:24 2011 +0000;1320937704
dc88a7c8ba8dfeacfb8a37fa4e510b73c7cae4a0;dc88a7c8ba;-;-;Wed Nov 9 17:53:51 2011 +0000;1320861231;-;-;Wed Nov 9 17:53:51 2011 +0000;1320861231
e4c88553d83b83da1a97d07d0a05e8ffb81a1371;e4c88553d8;-;-;Wed Nov 9 10:52:22 2011 +0000;1320835942;-;-;Wed Nov 9 10:52:22 2011 +0000;1320835942
473eaac117eb7654fae3625d5211a39560fd0b03;473eaac117;-;-;Wed Nov 9 10:44:14 2011 +0000;1320835454;-;-;Wed Nov 9 10:44:14 2011 +0000;1320835454
eddb0ac3bed5f1398bc5b44d35e1bcbe37566359;eddb0ac3be;-;-;Wed Nov 9 10:00:44 2011 +0000;1320832844;-;-;Wed Nov 9 10:00:44 2011 +0000;1320832844
c3f0f312436b995932426d7e52caa89b8348e32a;c3f0f31243;-;-;Tue Nov 8 20:00:42 2011 +0000;1320782442;-;-;Tue Nov 8 20:00:42 2011 +0000;1320782442
b9a3d4577afe24054c08b290abd9c8301bbe594d;b9a3d4577a;-;-;Tue Nov 8 19:25:50 2011 +0000;1320780350;-;-;Tue Nov 8 19:25:50 2011 +0000;1320780350
c9acaaf9d8a10d8eceb95ad43af60f7a87f963e3;c9acaaf9d8;-;-;Tue Nov 8 17:49:38 2011 +0000;1320774578;-;-;Tue Nov 8 17:49:38 2011 +0000;1320774578
d1d48ac940c08419ea05949b2943a8919c14a2bf;d1d48ac940;-;-;Mon Nov 7 21:04:23 2011 +0000;1320699863;-;-;Mon Nov 7 21:04:23 2011 +0000;1320699863
1beb04cebf3a91b01d3081ca37a10c95931faa11;1beb04cebf;-;-;Sun Nov 6 17:26:30 2011 +0000;1320600390;-;-;Sun Nov 6 17:26:30 2011 +0000;1320600390
bef75aab077cafcb29247ecc62cb2e78c01a75b8;bef75aab07;-;-;Fri Nov 4 22:14:13 2011 +0000;1320444853;-;-;Fri Nov 4 22:14:13 2011 +0000;1320444853
d3f4c69f00b1fcf52a070e217b26c0ea1cd0ea53;d3f4c69f00;-;-;Fri Nov 4 16:43:03 2011 +0000;1320424983;-;-;Fri Nov 4 16:43:03 2011 +0000;1320424983
88892845178ef3bcef9319c169cdb9fbc0fd84d0;8889284517;-;-;Fri Nov 4 03:02:47 2011 +0000;1320375767;-;-;Fri Nov 4 03:02:47 2011 +0000;1320375767
cd2fee035af8f235e8843b049878721dcab63703;cd2fee035a;-;-;Thu Nov 3 19:19:54 2011 +0000;1320347994;-;-;Thu Nov 3 19:19:54 2011 +0000;1320347994
bba8bb6ec0ce3a7d076fcb0dc871cb0c8bae36e2;bba8bb6ec0;-;-;Thu Nov 3 16:29:12 2011 +0000;1320337752;-;-;Thu Nov 3 16:29:12 2011 +0000;1320337752
78fbceff824b23a727a97e3f207589dfba33c7cc;78fbceff82;-;-;Thu Nov 3 11:57:25 2011 +0000;1320321445;-;-;Thu Nov 3 11:57:25 2011 +0000;1320321445
c290a4e68a288fa9734a7d87258b5e0bfb4bff03;c290a4e68a;-;-;Wed Nov 2 21:38:50 2011 +0000;1320269930;-;-;Wed Nov 2 21:38:50 2011 +0000;1320269930
e8dd35ce5e90d0e71f379cff2438d1b27b264097;e8dd35ce5e;-;-;Wed Nov 2 11:49:45 2011 +0000;1320234585;-;-;Wed Nov 2 11:49:45 2011 +0000;1320234585
8337f4bf2045d09d17c54617e91b5dbc0593c73e;8337f4bf20;-;-;Tue Nov 1 16:26:25 2011 +0000;1320164785;-;-;Tue Nov 1 16:26:25 2011 +0000;1320164785
e6920a59fade8ea74710bf806ec8ae6e40999b1e;e6920a59fa;-;-;Tue Nov 1 15:19:04 2011 +0000;1320160744;-;-;Tue Nov 1 15:19:04 2011 +0000;1320160744
1164f5a9fcfabd487fc930c14531d407c8ea86a0;1164f5a9fc;-;-;Tue Nov 1 11:46:09 2011 +0000;1320147969;-;-;Tue Nov 1 11:46:09 2011 +0000;1320147969
5a6980b78b74f592dfd551c28aa55f65ce2e29bf;5a6980b78b;-;-;Sat Oct 22 13:07:36 2011 +0000;1319288856;-;-;Sat Oct 22 13:07:36 2011 +0000;1319288856
57fe16e14ba0da689c6a7aa80211696738694aca;57fe16e14b;-;-;Fri Oct 21 23:36:41 2011 +0000;1319240201;-;-;Fri Oct 21 23:36:41 2011 +0000;1319240201
fd97c8d7a4d4717465c3bb09f2a17f7e2d56e973;fd97c8d7a4;-;-;Fri Oct 21 22:16:08 2011 +0000;1319235368;-;-;Fri Oct 21 22:16:08 2011 +0000;1319235368
2980ef4c75609b5200f40725a75b6f2d27122e36;2980ef4c75;-;-;Thu Oct 20 12:08:49 2011 +0000;1319112529;-;-;Thu Oct 20 12:08:49 2011 +0000;1319112529
79bcefa0ceb6fc07578b1b0c3456760f7c669cb0;79bcefa0ce;-;-;Thu Oct 20 12:04:01 2011 +0000;1319112241;-;-;Thu Oct 20 12:04:01 2011 +0000;1319112241
e2d9142c5a118e27e724b6574cc4a6ee446e270d;e2d9142c5a;-;-;Thu Oct 20 11:53:02 2011 +0000;1319111582;-;-;Thu Oct 20 11:53:02 2011 +0000;1319111582
0c9e3fb3bd25b6934972b632ea9f511a8b37edd7;0c9e3fb3bd;-;-;Thu Oct 20 11:21:54 2011 +0000;1319109714;-;-;Thu Oct 20 11:21:54 2011 +0000;1319109714
36616a0c2cdcd570ec946f6dbe9fbbc7e55b854e;36616a0c2c;-;-;Thu Oct 20 11:17:42 2011 +0000;1319109462;-;-;Thu Oct 20 11:17:42 2011 +0000;1319109462
3bd9a3e3e0fd6e8d25a430be2221a3d13e43936e;3bd9a3e3e0;-;-;Thu Oct 20 11:09:14 2011 +0000;1319108954;-;-;Thu Oct 20 11:09:14 2011 +0000;1319108954
f7b9eb8fe302f0b54133a4611ae0eb7017ef7f64;f7b9eb8fe3;-;-;Thu Oct 20 10:59:44 2011 +0000;1319108384;-;-;Thu Oct 20 10:59:44 2011 +0000;1319108384
2fdc2b58221585bfba578a811d0a2261733db09b;2fdc2b5822;-;-;Thu Oct 20 10:46:16 2011 +0000;1319107576;-;-;Thu Oct 20 10:46:16 2011 +0000;1319107576
3f73f519661d0e547895ad932311b54966d26b6c;3f73f51966;-;-;Thu Oct 20 10:27:28 2011 +0000;1319106448;-;-;Thu Oct 20 10:27:28 2011 +0000;1319106448
0dfb617d8a13dc8e37d78d40f296e9daf345b2e6;0dfb617d8a;-;-;Thu Oct 20 10:23:49 2011 +0000;1319106229;-;-;Thu Oct 20 10:23:49 2011 +0000;1319106229
de5a007e461097da673abbbc09bce788841fd3d0;de5a007e46;-;-;Thu Oct 20 09:56:07 2011 +0000;1319104567;-;-;Thu Oct 20 09:56:07 2011 +0000;1319104567
ca5f38c5e4f62335b5d97e5b4bacb5c7f2952e44;ca5f38c5e4;-;-;Thu Oct 20 09:55:09 2011 +0000;1319104509;-;-;Thu Oct 20 09:55:09 2011 +0000;1319104509
3c649a6c66630599a6e655233196924f62a7c883;3c649a6c66;-;-;Mon Oct 17 22:59:54 2011 +0000;1318892394;-;-;Mon Oct 17 22:59:54 2011 +0000;1318892394
313ba395af7c596ae40c1c217d94ef882c8c8acb;313ba395af;-;-;Mon Oct 17 21:30:09 2011 +0000;1318887009;-;-;Mon Oct 17 21:30:09 2011 +0000;1318887009
5d42a6242fe0146423fceb266901d03021d0de89;5d42a6242f;-;-;Mon Oct 17 21:28:56 2011 +0000;1318886936;-;-;Mon Oct 17 21:28:56 2011 +0000;1318886936
dacfa6993a5604c8fef3c580e965ac1d52a687b1;dacfa6993a;-;-;Mon Oct 17 18:35:27 2011 +0000;1318876527;-;-;Mon Oct 17 18:35:27 2011 +0000;1318876527
5360bd899d68bf01ec916c429296735b34e172c3;5360bd899d;-;-;Thu Oct 13 03:56:51 2011 +0000;1318478211;-;-;Thu Oct 13 03:56:51 2011 +0000;1318478211
e65366012ddb944e6df88091563a7a7fccae8d8c;e65366012d;-;-;Wed Oct 12 21:34:02 2011 +0000;1318455242;-;-;Wed Oct 12 21:34:02 2011 +0000;1318455242
d98316e494ba4fb5d39e953a94b12e58f7878886;d98316e494;-;-;Wed Oct 12 07:04:55 2011 +0000;1318403095;-;-;Wed Oct 12 07:04:55 2011 +0000;1318403095
cb14697800465304d1e3bda15059c68ecf03a4d2;cb14697800;-;-;Wed Oct 12 07:04:52 2011 +0000;1318403092;-;-;Wed Oct 12 07:04:52 2011 +0000;1318403092
17ce06acec364959e491db65196a61e199bf3f5c;17ce06acec;-;-;Wed Oct 12 03:56:17 2011 +0000;1318391777;-;-;Wed Oct 12 03:56:17 2011 +0000;1318391777
38e90105a0f85b79667c5c5925470600465f9ddd;38e90105a0;-;-;Wed Oct 12 02:09:04 2011 +0000;1318385344;-;-;Wed Oct 12 02:09:04 2011 +0000;1318385344
8cafb7ee13b68ce8f21b01c49d2feba7a818b1ed;8cafb7ee13;-;-;Wed Oct 12 02:08:52 2011 +0000;1318385332;-;-;Wed Oct 12 02:08:52 2011 +0000;1318385332
f0ded6a91f804a2006c610599a9a7d926bf5bc6f;f0ded6a91f;-;-;Tue Oct 11 23:32:10 2011 +0000;1318375930;-;-;Tue Oct 11 23:32:10 2011 +0000;1318375930
dc95e49c275b60d590885d1a6478f3aadf27fc60;dc95e49c27;-;-;Tue Oct 11 23:20:50 2011 +0000;1318375250;-;-;Tue Oct 11 23:20:50 2011 +0000;1318375250
027c25d823267a438f57b3779f9f8fea18d7f803;027c25d823;-;-;Tue Oct 11 23:05:28 2011 +0000;1318374328;-;-;Tue Oct 11 23:05:28 2011 +0000;1318374328
e1721976bbe049ea34bcf0b7156871f8feae1834;e1721976bb;-;-;Tue Oct 11 22:08:01 2011 +0000;1318370881;-;-;Tue Oct 11 22:08:01 2011 +0000;1318370881
12c1f47733a4a250b06b3eeb56b919a6fad308d1;12c1f47733;-;-;Tue Oct 11 22:05:19 2011 +0000;1318370719;-;-;Tue Oct 11 22:05:19 2011 +0000;1318370719
d09faabcb6b1629361d4e58dd957a1de83407078;d09faabcb6;-;-;Tue Oct 11 19:15:10 2011 +0000;1318360510;-;-;Tue Oct 11 19:15:10 2011 +0000;1318360510
739775ca19a8b7b8262d6ed8f01f86870f0d0304;739775ca19;-;-;Tue Oct 11 18:51:41 2011 +0000;1318359101;-;-;Tue Oct 11 18:51:41 2011 +0000;1318359101
b08a6d32a4156050de58151ddaf0ccfb58553c5f;b08a6d32a4;-;-;Tue Oct 11 18:51:32 2011 +0000;1318359092;-;-;Tue Oct 11 18:51:32 2011 +0000;1318359092
58763079970300ef3db3f85745fcd4504971dd0a;5876307997;-;-;Tue Oct 11 18:51:30 2011 +0000;1318359090;-;-;Tue Oct 11 18:51:30 2011 +0000;1318359090
f60a40be44df5dc19059ddb635d1b40015b54de0;f60a40be44;-;-;Tue Oct 11 18:51:26 2011 +0000;1318359086;-;-;Tue Oct 11 18:51:26 2011 +0000;1318359086
3920c5a158530f6278631648e4fd3761daf3c5d0;3920c5a158;-;-;Tue Oct 11 18:51:15 2011 +0000;1318359075;-;-;Tue Oct 11 18:51:15 2011 +0000;1318359075
1cea52b66b3a6cbfe0109d71e375c323be8c8faf;1cea52b66b;-;-;Tue Oct 11 16:55:07 2011 +0000;1318352107;-;-;Tue Oct 11 16:55:07 2011 +0000;1318352107
ba2c8fc59246b920f26783946899960013c71146;ba2c8fc592;-;-;Tue Oct 11 16:48:08 2011 +0000;1318351688;-;-;Tue Oct 11 16:48:08 2011 +0000;1318351688
feed594ba43d55418a1cf80d042866d0e451995c;feed594ba4;-;-;Tue Oct 11 16:24:32 2011 +0000;1318350272;-;-;Tue Oct 11 16:24:32 2011 +0000;1318350272
0d02ef5fe5b8bbde1820944553850c7708898382;0d02ef5fe5;-;-;Tue Oct 11 16:22:15 2011 +0000;1318350135;-;-;Tue Oct 11 16:22:15 2011 +0000;1318350135
60fb3efc2b6b5c3ce0b8d80b1a8d2a2e7fdbb7df;60fb3efc2b;-;-;Tue Oct 11 12:39:57 2011 +0000;1318336797;-;-;Tue Oct 11 12:39:57 2011 +0000;1318336797
1aa1278e99866cccef67b01c25e99ddd4f5b4643;1aa1278e99;-;-;Tue Oct 11 10:43:08 2011 +0000;1318329788;-;-;Tue Oct 11 10:43:08 2011 +0000;1318329788
9be6ddc94642426feb5e3e47a355d4c1e711fdff;9be6ddc946;-;-;Tue Oct 11 05:31:31 2011 +0000;1318311091;-;-;Tue Oct 11 05:31:31 2011 +0000;1318311091
276054218235f922df11732997394747e6c47073;2760542182;-;-;Tue Oct 11 04:02:03 2011 +0000;1318305723;-;-;Tue Oct 11 04:02:03 2011 +0000;1318305723
cfb380d653547f36591d5407e4e60448fb4718cc;cfb380d653;-;-;Tue Oct 11 02:08:26 2011 +0000;1318298906;-;-;Tue Oct 11 02:08:26 2011 +0000;1318298906
d54922642cd8320e4d6ccc28f32e08e8b39cfcf2;d54922642c;-;-;Tue Oct 11 01:53:43 2011 +0000;1318298023;-;-;Tue Oct 11 01:53:43 2011 +0000;1318298023
3032b214c6790e440d2123390ae7ca56aad27037;3032b214c6;-;-;Tue Oct 11 01:31:22 2011 +0000;1318296682;-;-;Tue Oct 11 01:31:22 2011 +0000;1318296682
6aaf7fefdecf4c64b625596b397d64ffb676a0ab;6aaf7fefde;-;-;Tue Oct 11 01:22:20 2011 +0000;1318296140;-;-;Tue Oct 11 01:22:20 2011 +0000;1318296140
0256f3d43e633a2cd64cb90bbc865810765a7331;0256f3d43e;-;-;Tue Oct 11 01:14:20 2011 +0000;1318295660;-;-;Tue Oct 11 01:14:20 2011 +0000;1318295660
e58a45bff71e103c5115d15dcbacc2512b21f27e;e58a45bff7;-;-;Tue Oct 11 01:13:41 2011 +0000;1318295621;-;-;Tue Oct 11 01:13:41 2011 +0000;1318295621
1f892433612ff4edfc94afcb482848d1a16d7781;1f89243361;-;-;Tue Oct 11 01:11:17 2011 +0000;1318295477;-;-;Tue Oct 11 01:11:17 2011 +0000;1318295477
4c49cc73b28e89599ae95c0dbd5b099b164bba01;4c49cc73b2;-;-;Tue Oct 11 01:10:07 2011 +0000;1318295407;-;-;Tue Oct 11 01:10:07 2011 +0000;1318295407
e1a6bb2d2e298134d57ccfb207edbef906d86a3e;e1a6bb2d2e;-;-;Tue Oct 11 01:08:41 2011 +0000;1318295321;-;-;Tue Oct 11 01:08:41 2011 +0000;1318295321
d02ac641cc5cb13598162afb033d51580b8e69e7;d02ac641cc;-;-;Tue Oct 11 01:02:55 2011 +0000;1318294975;-;-;Tue Oct 11 01:02:55 2011 +0000;1318294975
339c57e41a5d4cc6a0e18bb4b5d2002c81a8957e;339c57e41a;-;-;Tue Oct 11 01:00:31 2011 +0000;1318294831;-;-;Tue Oct 11 01:00:31 2011 +0000;1318294831
37c601c8dda274230a1b5130972f2b0756097a78;37c601c8dd;-;-;Tue Oct 11 00:58:47 2011 +0000;1318294727;-;-;Tue Oct 11 00:58:47 2011 +0000;1318294727
0ff83606dff11b61401145a2f569537854e51fb1;0ff83606df;-;-;Tue Oct 11 00:53:01 2011 +0000;1318294381;-;-;Tue Oct 11 00:53:01 2011 +0000;1318294381
55f91e54c4d4996a8ddc47d7b753a9ad175ff765;55f91e54c4;-;-;Mon Oct 10 22:13:45 2011 +0000;1318284825;-;-;Mon Oct 10 22:13:45 2011 +0000;1318284825
8bd1fc817a5ce16f0b41dba1d30ab249027c5084;8bd1fc817a;-;-;Mon Oct 10 19:46:00 2011 +0000;1318275960;-;-;Mon Oct 10 19:46:00 2011 +0000;1318275960
f35dfd4107ba093de5e0cc9eebe62a7b76a19183;f35dfd4107;-;-;Mon Oct 10 06:12:29 2011 +0000;1318227149;-;-;Mon Oct 10 06:12:29 2011 +0000;1318227149
980c15d578b76d24a27b49844a964886fe2d8bb0;980c15d578;-;-;Mon Oct 10 05:40:21 2011 +0000;1318225221;-;-;Mon Oct 10 05:40:21 2011 +0000;1318225221
6248135a4f691043ac8b97ac7208d5b5f4942e0e;6248135a4f;-;-;Sun Oct 9 23:32:01 2011 +0000;1318203121;-;-;Sun Oct 9 23:32:01 2011 +0000;1318203121
71396ac07b09643c953c15476089ce8523b97d5c;71396ac07b;-;-;Sun Oct 9 23:29:59 2011 +0000;1318202999;-;-;Sun Oct 9 23:29:59 2011 +0000;1318202999
6837111bda5e4df9bdfa617c78c1ea32ced7ab5c;6837111bda;-;-;Sun Oct 9 20:32:21 2011 +0000;1318192341;-;-;Sun Oct 9 20:32:21 2011 +0000;1318192341
3bb01ee68b7f421f0d3ee5735a6c383a84483968;3bb01ee68b;-;-;Sun Oct 9 07:55:52 2011 +0000;1318146952;-;-;Sun Oct 9 07:55:52 2011 +0000;1318146952
25796448f6fb36652e2fa0633b0244e5b7d00168;25796448f6;-;-;Sun Oct 9 07:55:38 2011 +0000;1318146938;-;-;Sun Oct 9 07:55:38 2011 +0000;1318146938
0d43023571ccd4304a6e2db9ac9621aa34a98363;0d43023571;-;-;Sun Oct 9 07:55:33 2011 +0000;1318146933;-;-;Sun Oct 9 07:55:33 2011 +0000;1318146933
1a8531b4013c945f72b7666b4de305529b68d481;1a8531b401;-;-;Sun Oct 9 07:55:28 2011 +0000;1318146928;-;-;Sun Oct 9 07:55:28 2011 +0000;1318146928
b82d5ae8da7a62a5b2187b6595ffe2111d2bd212;b82d5ae8da;-;-;Sun Oct 9 07:55:21 2011 +0000;1318146921;-;-;Sun Oct 9 07:55:21 2011 +0000;1318146921
363e08df228c86151cfda45377d7ad912731f435;363e08df22;-;-;Sun Oct 9 07:55:14 2011 +0000;1318146914;-;-;Sun Oct 9 07:55:14 2011 +0000;1318146914
d122ecb42ed27c24ac7961d79c78f90def889481;d122ecb42e;-;-;Sun Oct 9 07:55:08 2011 +0000;1318146908;-;-;Sun Oct 9 07:55:08 2011 +0000;1318146908
1819bee35fcf7c00a48ba37010ebfb7c240b5403;1819bee35f;-;-;Sun Oct 9 07:54:54 2011 +0000;1318146894;-;-;Sun Oct 9 07:54:54 2011 +0000;1318146894
9ba1d1437d290858d61b3bb32a517e775847553c;9ba1d1437d;-;-;Sun Oct 9 07:54:44 2011 +0000;1318146884;-;-;Sun Oct 9 07:54:44 2011 +0000;1318146884
870d9034174ed9373619c13fcc71f0cf3bc57d30;870d903417;-;-;Sun Oct 9 07:54:39 2011 +0000;1318146879;-;-;Sun Oct 9 07:54:39 2011 +0000;1318146879
6b4ef0237c147a3fe02b446bdc831a228c5a8da7;6b4ef0237c;-;-;Sun Oct 9 07:54:33 2011 +0000;1318146873;-;-;Sun Oct 9 07:54:33 2011 +0000;1318146873
dee9e280b0ff79eee4c952d407247ba4b42a3125;dee9e280b0;-;-;Sat Oct 8 12:48:26 2011 +0000;1318078106;-;-;Sat Oct 8 12:48:26 2011 +0000;1318078106
e493887f45af1d58ee014fe73b4ab26d4f43a865;e493887f45;-;-;Sat Oct 8 12:22:09 2011 +0000;1318076529;-;-;Sat Oct 8 12:22:09 2011 +0000;1318076529
933e22320d8480072106cd6388418f13a8bdf855;933e22320d;-;-;Sat Oct 8 12:10:56 2011 +0000;1318075856;-;-;Sat Oct 8 12:10:56 2011 +0000;1318075856
4f5248bb5c6c1d48faf289c5c2c96f2b81f10aea;4f5248bb5c;-;-;Sat Oct 8 11:48:45 2011 +0000;1318074525;-;-;Sat Oct 8 11:48:45 2011 +0000;1318074525
40d88fd9918b1dcc8dd7e3e69350ad5a29f18490;40d88fd991;-;-;Fri Oct 7 20:16:58 2011 +0000;1318018618;-;-;Fri Oct 7 20:16:58 2011 +0000;1318018618
a12ebbfded96ffe89a163a2e49c076526db8d2a0;a12ebbfded;-;-;Fri Oct 7 19:45:05 2011 +0000;1318016705;-;-;Fri Oct 7 19:45:05 2011 +0000;1318016705
e6d9b6308e26f27df99cca60684fd8b1ae363403;e6d9b6308e;-;-;Fri Oct 7 19:42:09 2011 +0000;1318016529;-;-;Fri Oct 7 19:42:09 2011 +0000;1318016529
aec82fbd4a05ff79d060346fa18e91e85846c4bb;aec82fbd4a;-;-;Fri Oct 7 18:57:32 2011 +0000;1318013852;-;-;Fri Oct 7 18:57:32 2011 +0000;1318013852
92d6e5a14c2af7c31949c8d7769cc8ebd22d5829;92d6e5a14c;-;-;Fri Oct 7 03:01:43 2011 +0000;1317956503;-;-;Fri Oct 7 03:01:43 2011 +0000;1317956503
1317b821b965161b63f32fa90a978485942f75dd;1317b821b9;-;-;Fri Oct 7 01:23:26 2011 +0000;1317950606;-;-;Fri Oct 7 01:23:26 2011 +0000;1317950606
118ee3fce89f305ea2fc938d539435218fa4e9cc;118ee3fce8;-;-;Thu Oct 6 23:58:38 2011 +0000;1317945518;-;-;Thu Oct 6 23:58:38 2011 +0000;1317945518
0920f2d7d52848320246aa6287c3f328c744aa42;0920f2d7d5;-;-;Thu Oct 6 23:19:05 2011 +0000;1317943145;-;-;Thu Oct 6 23:19:05 2011 +0000;1317943145
facb40e5a673f236fe0a2824c6e478a63a8ce617;facb40e5a6;-;-;Thu Oct 6 21:19:54 2011 +0000;1317935994;-;-;Thu Oct 6 21:19:54 2011 +0000;1317935994
4199d772cc2b1b0ccca936a3a2d85bd6da648b28;4199d772cc;-;-;Thu Oct 6 18:06:47 2011 +0000;1317924407;-;-;Thu Oct 6 18:06:47 2011 +0000;1317924407
369f6f032b25e7f59359416dcc212f35fb1a6e89;369f6f032b;-;-;Thu Oct 6 14:17:44 2011 +0000;1317910664;-;-;Thu Oct 6 14:17:44 2011 +0000;1317910664
cb5954ed02e748f31d3ad342f696fb4a702ebc66;cb5954ed02;-;-;Thu Oct 6 14:17:31 2011 +0000;1317910651;-;-;Thu Oct 6 14:17:31 2011 +0000;1317910651
00a726b09890726d12b13e7b300825b4aa8064ea;00a726b098;-;-;Thu Oct 6 14:17:12 2011 +0000;1317910632;-;-;Thu Oct 6 14:17:12 2011 +0000;1317910632
dfda4c32d53104b0f11aa1986a696b52aff6cdaf;dfda4c32d5;-;-;Sun Oct 2 19:45:52 2011 +0000;1317584752;-;-;Sun Oct 2 19:45:52 2011 +0000;1317584752
ae1205a56c4998f9078f20206247e645f38309fa;ae1205a56c;-;-;Fri Sep 30 09:44:57 2011 +0000;1317375897;-;-;Fri Sep 30 09:44:57 2011 +0000;1317375897
5e1d6b9a1bb8ff578f517b81ee8da0ebae6952a3;5e1d6b9a1b;-;-;Thu Sep 29 22:19:30 2011 +0000;1317334770;-;-;Thu Sep 29 22:19:30 2011 +0000;1317334770
3f5135d80994068726b6bb436b03717c8099c4af;3f5135d809;-;-;Thu Sep 29 22:05:02 2011 +0000;1317333902;-;-;Thu Sep 29 22:05:02 2011 +0000;1317333902
0b2592a70a040aae65bfc5277c894133c1f0684e;0b2592a70a;-;-;Thu Sep 29 22:01:38 2011 +0000;1317333698;-;-;Thu Sep 29 22:01:38 2011 +0000;1317333698
5db7cca9a7236fb3c6e349c2eb8f7695bc951083;5db7cca9a7;-;-;Thu Sep 29 21:36:06 2011 +0000;1317332166;-;-;Thu Sep 29 21:36:06 2011 +0000;1317332166
1bb5b2188166d6bba954135a385a4fcc2b582cd5;1bb5b21881;-;-;Thu Sep 29 20:54:26 2011 +0000;1317329666;-;-;Thu Sep 29 20:54:26 2011 +0000;1317329666
713017aedc736354c8a9b31d09580deb33be0fa9;713017aedc;-;-;Thu Sep 29 18:55:48 2011 +0000;1317322548;-;-;Thu Sep 29 18:55:48 2011 +0000;1317322548
2608744479b330b96b4b3dbf025254322dbb18c0;2608744479;-;-;Thu Sep 29 17:06:25 2011 +0000;1317315985;-;-;Thu Sep 29 17:06:25 2011 +0000;1317315985
b38d022b848362c858b3cb85f9bbd409de2edde6;b38d022b84;-;-;Thu Sep 29 16:48:34 2011 +0000;1317314914;-;-;Thu Sep 29 16:48:34 2011 +0000;1317314914
a4953e7c225ab47a6f2b88ad9c079a0029baa9a6;a4953e7c22;-;-;Thu Sep 29 13:51:34 2011 +0000;1317304294;-;-;Thu Sep 29 13:51:34 2011 +0000;1317304294
bc6927e60190f33003a0bf4c18686aaad3ecc311;bc6927e601;-;-;Thu Sep 29 13:28:37 2011 +0000;1317302917;-;-;Thu Sep 29 13:28:37 2011 +0000;1317302917
e7ce297cf3ba4e2b25e2f0c1371db063e24fb3cc;e7ce297cf3;-;-;Thu Sep 29 12:54:39 2011 +0000;1317300879;-;-;Thu Sep 29 12:54:39 2011 +0000;1317300879
ac4cd8c37b100441481e6bcb95030fc7a67d0fdd;ac4cd8c37b;-;-;Thu Sep 29 12:08:05 2011 +0000;1317298085;-;-;Thu Sep 29 12:08:05 2011 +0000;1317298085
15f217c27475738c77523f200aa3c895d13d0ead;15f217c274;-;-;Wed Sep 28 22:28:29 2011 +0000;1317248909;-;-;Wed Sep 28 22:28:29 2011 +0000;1317248909
b08c7f6e00706c9a625eccc99bef6e221f61e0aa;b08c7f6e00;-;-;Tue Sep 27 22:48:12 2011 +0000;1317163692;-;-;Tue Sep 27 22:48:12 2011 +0000;1317163692
34956d30b3f628f6a48451eb43911d5665548127;34956d30b3;-;-;Tue Sep 27 18:16:20 2011 +0000;1317147380;-;-;Tue Sep 27 18:16:20 2011 +0000;1317147380
a33d2775098eea55f2aadcd513d8a3de74e55e33;a33d277509;-;-;Tue Sep 27 11:22:58 2011 +0000;1317122578;-;-;Tue Sep 27 11:22:58 2011 +0000;1317122578
7fec9d7fa82e31702f8696608134c390d1e5f78e;7fec9d7fa8;-;-;Tue Sep 27 11:22:48 2011 +0000;1317122568;-;-;Tue Sep 27 11:22:48 2011 +0000;1317122568
57fffb147c1ae38a582ade31ed79dfa06ee32141;57fffb147c;-;-;Tue Sep 27 11:22:43 2011 +0000;1317122563;-;-;Tue Sep 27 11:22:43 2011 +0000;1317122563
5afe13928528cc37cdf6337a7e8a9c8d061ba6a5;5afe139285;-;-;Tue Sep 27 08:55:07 2011 +0000;1317113707;-;-;Tue Sep 27 08:55:07 2011 +0000;1317113707
67fda70cb86b1cd83412e488dd32d74a0ccb20a0;67fda70cb8;-;-;Tue Sep 27 08:16:33 2011 +0000;1317111393;-;-;Tue Sep 27 08:16:33 2011 +0000;1317111393
aa7a100807448ea949d69c2e7b8460ce72fea45b;aa7a100807;-;-;Mon Sep 26 18:59:11 2011 +0000;1317063551;-;-;Mon Sep 26 18:59:11 2011 +0000;1317063551
3d50d416eb89e20c099a24eefebcdd7235e7ae40;3d50d416eb;-;-;Mon Sep 26 17:58:49 2011 +0000;1317059929;-;-;Mon Sep 26 17:58:49 2011 +0000;1317059929
5309e43ea0fe9b1e18c9b270eacf967546ca13ac;5309e43ea0;-;-;Mon Sep 26 17:39:04 2011 +0000;1317058744;-;-;Mon Sep 26 17:39:04 2011 +0000;1317058744
052d3e7ccb92ec062cde5cbdf19ec23ae790b3ba;052d3e7ccb;-;-;Mon Sep 26 16:28:34 2011 +0000;1317054514;-;-;Mon Sep 26 16:28:34 2011 +0000;1317054514
f752b47fcbb3b5bfc31e118cda6f8a24a7ae4e6b;f752b47fcb;-;-;Mon Sep 26 16:24:51 2011 +0000;1317054291;-;-;Mon Sep 26 16:24:51 2011 +0000;1317054291
1d7a6c53da8d1f816a811accca24b8c0b00d956d;1d7a6c53da;-;-;Mon Sep 26 12:30:38 2011 +0000;1317040238;-;-;Mon Sep 26 12:30:38 2011 +0000;1317040238
f6483cad3c6334885b25a0b2280ad99f453106e8;f6483cad3c;-;-;Mon Sep 26 11:13:59 2011 +0000;1317035639;-;-;Mon Sep 26 11:13:59 2011 +0000;1317035639
48f7dcc464ac1b0b765d99bd86d5f699f26349bf;48f7dcc464;-;-;Mon Sep 26 09:27:09 2011 +0000;1317029229;-;-;Mon Sep 26 09:27:09 2011 +0000;1317029229
6bc4ea058c7a1b5c61b3b18213c54d20e3fbbd12;6bc4ea058c;-;-;Sat Sep 24 11:34:07 2011 +0000;1316864047;-;-;Sat Sep 24 11:34:07 2011 +0000;1316864047
fe7e2a7f54c49efd99de2236dfdddf2639c2b354;fe7e2a7f54;-;-;Fri Sep 23 18:20:27 2011 +0000;1316802027;-;-;Fri Sep 23 18:20:27 2011 +0000;1316802027
fb526f534ab412f0f893221b8bca1e74e49c325b;fb526f534a;-;-;Thu Sep 22 16:00:22 2011 +0000;1316707222;-;-;Thu Sep 22 16:00:22 2011 +0000;1316707222
f200ccd89972c45d24fbbe86c69a9f15fc6e7d15;f200ccd899;-;-;Tue Sep 20 10:09:52 2011 +0000;1316513392;-;-;Tue Sep 20 10:09:52 2011 +0000;1316513392
7a3f02bce94b472915be2af0d65cd33b2d370aa2;7a3f02bce9;-;-;Tue Sep 20 09:18:47 2011 +0000;1316510327;-;-;Tue Sep 20 09:18:47 2011 +0000;1316510327
c257afa515259cbe1756fe418907f45755e92c80;c257afa515;-;-;Mon Sep 19 21:32:45 2011 +0000;1316467965;-;-;Mon Sep 19 21:32:45 2011 +0000;1316467965
8b8be39d9f66510c1810637ee4095b2a56c31250;8b8be39d9f;-;-;Sat Sep 17 11:59:46 2011 +0000;1316260786;-;-;Sat Sep 17 11:59:46 2011 +0000;1316260786
71cc38aaff4b408dfd95f3445244f059e09cf21f;71cc38aaff;-;-;Fri Sep 16 16:44:11 2011 +0000;1316191451;-;-;Fri Sep 16 16:44:11 2011 +0000;1316191451
b2d88ba85807afa89864eac276be978a13e437f8;b2d88ba858;-;-;Thu Sep 15 18:12:30 2011 +0000;1316110350;-;-;Thu Sep 15 18:12:30 2011 +0000;1316110350
aeba9d244af263d3489b141c7a9655bc5f09380d;aeba9d244a;-;-;Thu Sep 15 10:24:21 2011 +0000;1316082261;-;-;Thu Sep 15 10:24:21 2011 +0000;1316082261
1300da06a6c4aea7a5198e70e97aee4990fa9b17;1300da06a6;-;-;Wed Sep 14 16:26:02 2011 +0000;1316017562;-;-;Wed Sep 14 16:26:02 2011 +0000;1316017562
38f05678c1d5f8c004d433c71f31c8e04681924b;38f05678c1;-;-;Wed Sep 14 14:36:49 2011 +0000;1316011009;-;-;Wed Sep 14 14:36:49 2011 +0000;1316011009
3f2ea7f50eac1d9d3d45e029b7452f6352b903f2;3f2ea7f50e;-;-;Wed Sep 14 14:09:57 2011 +0000;1316009397;-;-;Wed Sep 14 14:09:57 2011 +0000;1316009397
782c2a4657ef3c92fce91aa9a0276b2773f49a25;782c2a4657;-;-;Wed Sep 14 14:01:50 2011 +0000;1316008910;-;-;Wed Sep 14 14:01:50 2011 +0000;1316008910
1b61f27f5bc8ff81a7f47f64e0e7368d705bff41;1b61f27f5b;-;-;Wed Sep 14 14:01:21 2011 +0000;1316008881;-;-;Wed Sep 14 14:01:21 2011 +0000;1316008881
10be0ef9e763d368a24a7ac466da50a2224c5d41;10be0ef9e7;-;-;Tue Sep 13 22:09:12 2011 +0000;1315951752;-;-;Tue Sep 13 22:09:12 2011 +0000;1315951752
bc57f72bbb4ecf03fad9a8389b4cbded48e8f6e3;bc57f72bbb;-;-;Tue Sep 13 18:53:18 2011 +0000;1315939998;-;-;Tue Sep 13 18:53:18 2011 +0000;1315939998
15a8f776b9436fa8a74fc73b7004fdf830879c77;15a8f776b9;-;-;Tue Sep 13 17:53:15 2011 +0000;1315936395;-;-;Tue Sep 13 17:53:15 2011 +0000;1315936395
1a2f96000ea16d7635a9d95e2b20b9664da44ff1;1a2f96000e;-;-;Tue Sep 13 14:31:41 2011 +0000;1315924301;-;-;Tue Sep 13 14:31:41 2011 +0000;1315924301
663f0563292c4f9408cd2eec395e3f9eb30ef2ea;663f056329;-;-;Tue Sep 13 14:12:54 2011 +0000;1315923174;-;-;Tue Sep 13 14:12:54 2011 +0000;1315923174
dd1f3f8e0f14d39bafa25e3c0f2a9b0271930c0e;dd1f3f8e0f;-;-;Tue Sep 13 13:36:08 2011 +0000;1315920968;-;-;Tue Sep 13 13:36:08 2011 +0000;1315920968
28a696ba513e91d70c8497f8a84f32d966d67a61;28a696ba51;-;-;Tue Sep 13 12:35:05 2011 +0000;1315917305;-;-;Tue Sep 13 12:35:05 2011 +0000;1315917305
de504fa613bc79546c596469ddf53a972a60fae6;de504fa613;-;-;Tue Sep 13 09:16:42 2011 +0000;1315905402;-;-;Tue Sep 13 09:16:42 2011 +0000;1315905402
2799e710bc5a689e286a705b596ae41c1a8ceb54;2799e710bc;-;-;Tue Sep 13 07:53:17 2011 +0000;1315900397;-;-;Tue Sep 13 07:53:17 2011 +0000;1315900397
a456a1a0e3ba2aa76ce37c6ccc77b7eb71119cf4;a456a1a0e3;-;-;Mon Sep 12 23:05:01 2011 +0000;1315868701;-;-;Mon Sep 12 23:05:01 2011 +0000;1315868701
c8add61a72e3daea0c4c00acc77daefa3957b8cf;c8add61a72;-;-;Mon Sep 12 14:39:58 2011 +0000;1315838398;-;-;Mon Sep 12 14:39:58 2011 +0000;1315838398
ce8bc8e7e467ebdd4c50766d03d18f586b515ec3;ce8bc8e7e4;-;-;Fri Sep 9 17:05:47 2011 +0000;1315587947;-;-;Fri Sep 9 17:05:47 2011 +0000;1315587947
671744aa622853d5b7b3dd12467f3244b62c8f18;671744aa62;-;-;Fri Sep 9 16:48:00 2011 +0000;1315586880;-;-;Fri Sep 9 16:48:00 2011 +0000;1315586880
f0ed37c2337f67aeb636e82077e38590f243d375;f0ed37c233;-;-;Fri Sep 9 11:01:05 2011 +0000;1315566065;-;-;Fri Sep 9 11:01:05 2011 +0000;1315566065
65baafa032f198acaf87bd4a05a345752dacd8a9;65baafa032;-;-;Fri Sep 9 10:57:13 2011 +0000;1315565833;-;-;Fri Sep 9 10:57:13 2011 +0000;1315565833
6c58da0e55f9d7ebd0f4d7268b63ade28eb794fb;6c58da0e55;-;-;Fri Sep 9 10:49:10 2011 +0000;1315565350;-;-;Fri Sep 9 10:49:10 2011 +0000;1315565350
56c8c69c4ce04e9d35d19e26d279ccd3b2e5a385;56c8c69c4c;-;-;Fri Sep 9 09:09:10 2011 +0000;1315559350;-;-;Fri Sep 9 09:09:10 2011 +0000;1315559350
b6c1e88e4a0d9f658c9af434f0b59237168964c5;b6c1e88e4a;-;-;Thu Sep 8 11:01:56 2011 +0000;1315479716;-;-;Thu Sep 8 11:01:56 2011 +0000;1315479716
5f208936ec0bf387735cc40eff09cc8dc8228d05;5f208936ec;-;-;Wed Sep 7 13:58:51 2011 +0000;1315403931;-;-;Wed Sep 7 13:58:51 2011 +0000;1315403931
99f68d3620cd7619099b474cbf60090cd57b317d;99f68d3620;-;-;Wed Sep 7 11:49:15 2011 +0000;1315396155;-;-;Wed Sep 7 11:49:15 2011 +0000;1315396155
420d11911bbfd59192bfefc061fdc253e326647c;420d11911b;-;-;Wed Sep 7 11:26:22 2011 +0000;1315394782;-;-;Wed Sep 7 11:26:22 2011 +0000;1315394782
1d75e1b250de8ed45e46e2582a8c903b8bfc5e78;1d75e1b250;-;-;Wed Sep 7 10:40:40 2011 +0000;1315392040;-;-;Wed Sep 7 10:40:40 2011 +0000;1315392040
6b7e7d9b5cb83d5bd5e9cb62473b4d1bdd67f1a6;6b7e7d9b5c;-;-;Wed Sep 7 09:07:09 2011 +0000;1315386429;-;-;Wed Sep 7 09:07:09 2011 +0000;1315386429
f1c68f243e24ae54662928acdccc377e53382804;f1c68f243e;-;-;Wed Sep 7 08:39:58 2011 +0000;1315384798;-;-;Wed Sep 7 08:39:58 2011 +0000;1315384798
49b38190eeaf3861b2f0784044270b9c899ecf14;49b38190ee;-;-;Tue Sep 6 21:03:02 2011 +0000;1315342982;-;-;Tue Sep 6 21:03:02 2011 +0000;1315342982
9a25efbbdad45786845b92f50422fde7ab6d823e;9a25efbbda;-;-;Tue Sep 6 15:42:33 2011 +0000;1315323753;-;-;Tue Sep 6 15:42:33 2011 +0000;1315323753
498d81f696127c0c8a24cb04ec1c4fa6c40ae4d0;498d81f696;-;-;Mon Sep 5 15:05:18 2011 +0000;1315235118;-;-;Mon Sep 5 15:05:18 2011 +0000;1315235118
8759b20e4601d3a3e24301e2c6502038c95b9816;8759b20e46;-;-;Sun Sep 4 01:06:35 2011 +0000;1315098395;-;-;Sun Sep 4 01:06:35 2011 +0000;1315098395
2e5f3559d3bd2f9166d3a6cde7fc4c402bc0b802;2e5f3559d3;-;-;Sat Sep 3 22:37:16 2011 +0000;1315089436;-;-;Sat Sep 3 22:37:16 2011 +0000;1315089436
4e522c0cc36f5d506d01e1906c70f1151bddf1b7;4e522c0cc3;-;-;Sat Sep 3 20:07:08 2011 +0000;1315080428;-;-;Sat Sep 3 20:07:08 2011 +0000;1315080428
d9de19d7b31c684fe65f51233a70ada6ecc15221;d9de19d7b3;-;-;Fri Sep 2 15:37:42 2011 +0000;1314977862;-;-;Fri Sep 2 15:37:42 2011 +0000;1314977862
91251812b142e4e7c15dc649c2fbc74a426c36df;91251812b1;-;-;Fri Sep 2 11:04:23 2011 +0000;1314961463;-;-;Fri Sep 2 11:04:23 2011 +0000;1314961463
04bcd7752022a41f0b391bb7b9442ddaa3234cca;04bcd77520;-;-;Fri Sep 2 08:25:39 2011 +0000;1314951939;-;-;Fri Sep 2 08:25:39 2011 +0000;1314951939
b6d7c85f6e2248d36b7d272a51ecee7dd20173e3;b6d7c85f6e;-;-;Thu Sep 1 12:02:19 2011 +0000;1314878539;-;-;Thu Sep 1 12:02:19 2011 +0000;1314878539
ddfb2d3c58d898349a32e640e78074e4b67f066c;ddfb2d3c58;-;-;Thu Sep 1 08:04:16 2011 +0000;1314864256;-;-;Thu Sep 1 08:04:16 2011 +0000;1314864256
37d22ad039790985ccb8f751fcd2a2aec159e5ca;37d22ad039;-;-;Wed Aug 31 14:51:24 2011 +0000;1314802284;-;-;Wed Aug 31 14:51:24 2011 +0000;1314802284
7bf44f06a0a57da13cd20e3712c1ad66c60f04c3;7bf44f06a0;-;-;Wed Aug 31 13:00:24 2011 +0000;1314795624;-;-;Wed Aug 31 13:00:24 2011 +0000;1314795624
ce70c985b4c2cf351c9f596e611979d1068e6bf7;ce70c985b4;-;-;Wed Aug 31 10:27:42 2011 +0000;1314786462;-;-;Wed Aug 31 10:27:42 2011 +0000;1314786462
b06de49c729e9cfadb27ce42a98df8c9d07ace3d;b06de49c72;-;-;Wed Aug 31 09:03:19 2011 +0000;1314781399;-;-;Wed Aug 31 09:03:19 2011 +0000;1314781399
4a669d1a0ac37455a359f915091e9a7127d10dae;4a669d1a0a;-;-;Wed Aug 31 08:42:45 2011 +0000;1314780165;-;-;Wed Aug 31 08:42:45 2011 +0000;1314780165
1a34f6459d0e49e4fd60aa3644ad17fa117854d9;1a34f6459d;-;-;Tue Aug 30 14:20:12 2011 +0000;1314714012;-;-;Tue Aug 30 14:20:12 2011 +0000;1314714012
16fb3cb4b3fe6db341277889b20a2e4f774e2cc4;16fb3cb4b3;-;-;Tue Aug 30 14:05:51 2011 +0000;1314713151;-;-;Tue Aug 30 14:05:51 2011 +0000;1314713151
1de71c6e37ac4b1a5610aca499f0bbb3a0309a9b;1de71c6e37;-;-;Tue Aug 30 13:16:12 2011 +0000;1314710172;-;-;Tue Aug 30 13:16:12 2011 +0000;1314710172
6a06a17c479eae2c5dde4882c44d0ad82d2fffa3;6a06a17c47;-;-;Mon Aug 29 08:37:43 2011 +0000;1314607063;-;-;Mon Aug 29 08:37:43 2011 +0000;1314607063
71984b8038310cd02e2f3efd8e8c6f2541fe61e4;71984b8038;-;-;Mon Aug 29 05:31:47 2011 +0000;1314595907;-;-;Mon Aug 29 05:31:47 2011 +0000;1314595907
2fc78fb8fd22162541c93bcd803ea5f77a072b76;2fc78fb8fd;-;-;Fri Aug 26 22:23:02 2011 +0000;1314397382;-;-;Fri Aug 26 22:23:02 2011 +0000;1314397382
7908d05c7160fbf3081ecc93a7c3d92ae88e1d1a;7908d05c71;-;-;Fri Aug 26 22:21:16 2011 +0000;1314397276;-;-;Fri Aug 26 22:21:16 2011 +0000;1314397276
0460a5ecebe143281f4870bc8aef101fbffe5a10;0460a5eceb;-;-;Thu Aug 25 13:09:14 2011 +0000;1314277754;-;-;Thu Aug 25 13:09:14 2011 +0000;1314277754
00ff018b392c7fb52412363f4180273afed1949b;00ff018b39;-;-;Thu Aug 25 08:11:17 2011 +0000;1314259877;-;-;Thu Aug 25 08:11:17 2011 +0000;1314259877
baea01ac9005fa3ac8bb6b20fdd6b238dde19f7b;baea01ac90;-;-;Thu Aug 25 07:50:07 2011 +0000;1314258607;-;-;Thu Aug 25 07:50:07 2011 +0000;1314258607
bd7fd57ad2114ce3ed3385116b886862a6cb3fd3;bd7fd57ad2;-;-;Wed Aug 24 19:05:49 2011 +0000;1314212749;-;-;Wed Aug 24 19:05:49 2011 +0000;1314212749
7d177ecfd4cf7c7dd148a6ccba887b259831dd77;7d177ecfd4;-;-;Wed Aug 24 19:05:45 2011 +0000;1314212745;-;-;Wed Aug 24 19:05:45 2011 +0000;1314212745
7a1553472d5628f6dc7085852e32f43fcd731f4e;7a1553472d;-;-;Wed Aug 24 17:29:00 2011 +0000;1314206940;-;-;Wed Aug 24 17:29:00 2011 +0000;1314206940
4d99ddba8a5839f455e88ba830c981f9bbc2ec50;4d99ddba8a;-;-;Wed Aug 24 17:26:59 2011 +0000;1314206819;-;-;Wed Aug 24 17:26:59 2011 +0000;1314206819
72da569aa3c84ade51cac8af84e0206f644746b6;72da569aa3;-;-;Sat Aug 20 23:14:20 2011 +0000;1313882060;-;-;Sat Aug 20 23:14:20 2011 +0000;1313882060
1c7cc172d91ee0a3a71ff6f536dc03c87f185eb9;1c7cc172d9;-;-;Sat Aug 20 18:39:36 2011 +0000;1313865576;-;-;Sat Aug 20 18:39:36 2011 +0000;1313865576
381ab6fcc2c93b8873ade9a9f9ba667086d87d92;381ab6fcc2;-;-;Sat Aug 20 18:32:37 2011 +0000;1313865157;-;-;Sat Aug 20 18:32:37 2011 +0000;1313865157
960082dbb0ff3623fc9e0aba2b4097f627d7f7ed;960082dbb0;-;-;Sat Aug 20 17:52:04 2011 +0000;1313862724;-;-;Sat Aug 20 17:52:04 2011 +0000;1313862724
8ccedd452ef2c9f99ec4e067439ac835065f38f1;8ccedd452e;-;-;Sat Aug 20 17:45:14 2011 +0000;1313862314;-;-;Sat Aug 20 17:45:14 2011 +0000;1313862314
466c3b4b2a12d8db69a1fe80fb59887000762f88;466c3b4b2a;-;-;Sat Aug 20 17:41:29 2011 +0000;1313862089;-;-;Sat Aug 20 17:41:29 2011 +0000;1313862089
0a88d4bae13648d3e0b1cb6c31d6336526416934;0a88d4bae1;-;-;Sat Aug 20 14:58:58 2011 +0000;1313852338;-;-;Sat Aug 20 14:58:58 2011 +0000;1313852338
2c239e30d540f85ce5424dfc39f853b067373df9;2c239e30d5;-;-;Sat Aug 20 10:23:08 2011 +0000;1313835788;-;-;Sat Aug 20 10:23:08 2011 +0000;1313835788
f0460ce6fd49cdd3f8a9e25e9e9961d21ac013b9;f0460ce6fd;-;-;Sat Aug 20 03:02:37 2011 +0000;1313809357;-;-;Sat Aug 20 03:02:37 2011 +0000;1313809357
6db594c79dec6532e68c06ac0a44af4edd055975;6db594c79d;-;-;Sat Aug 20 03:02:31 2011 +0000;1313809351;-;-;Sat Aug 20 03:02:31 2011 +0000;1313809351
76bf72c9f85bb7cb9d50cedbd096e639314350b3;76bf72c9f8;-;-;Sat Aug 20 03:02:20 2011 +0000;1313809340;-;-;Sat Aug 20 03:02:20 2011 +0000;1313809340
c0eeb8bacd639406601abd2727808fa12814651f;c0eeb8bacd;-;-;Sat Aug 20 03:02:12 2011 +0000;1313809332;-;-;Sat Aug 20 03:02:12 2011 +0000;1313809332
e19a2e737089a7e20a233826d88c21bc33890fda;e19a2e7370;-;-;Sat Aug 20 03:02:05 2011 +0000;1313809325;-;-;Sat Aug 20 03:02:05 2011 +0000;1313809325
68d5d753ba8653ed71622353abb4c02a2ee5d4c3;68d5d753ba;-;-;Sat Aug 20 03:02:01 2011 +0000;1313809321;-;-;Sat Aug 20 03:02:01 2011 +0000;1313809321
1b176db8e75bda88bba1aaeedceffd8152f5f329;1b176db8e7;-;-;Sat Aug 20 03:01:57 2011 +0000;1313809317;-;-;Sat Aug 20 03:01:57 2011 +0000;1313809317
5946e66586f558fc3de18e8b4b567c3b0185c3ec;5946e66586;-;-;Sat Aug 20 03:01:53 2011 +0000;1313809313;-;-;Sat Aug 20 03:01:53 2011 +0000;1313809313
36c1813828b2cdf572a2644a57c2780253f7de62;36c1813828;-;-;Sat Aug 20 03:01:49 2011 +0000;1313809309;-;-;Sat Aug 20 03:01:49 2011 +0000;1313809309
711b84ab06372e45d5be0e2788652367e82c7985;711b84ab06;-;-;Sat Aug 20 03:01:45 2011 +0000;1313809305;-;-;Sat Aug 20 03:01:45 2011 +0000;1313809305
ef04ccca1796076c5ddb3133d7e33f1bf1cb999c;ef04ccca17;-;-;Thu Aug 18 23:14:42 2011 +0000;1313709282;-;-;Thu Aug 18 23:14:42 2011 +0000;1313709282
f32b8f81e4ea13cc45acba78f4081779d1dd52e2;f32b8f81e4;-;-;Thu Aug 18 23:14:28 2011 +0000;1313709268;-;-;Thu Aug 18 23:14:28 2011 +0000;1313709268
90997e65cf90aa05eee8a871d4f79e99f55d9d0d;90997e65cf;-;-;Thu Aug 18 23:13:56 2011 +0000;1313709236;-;-;Thu Aug 18 23:13:56 2011 +0000;1313709236
9e375a860a9e18fca2eabf827f914d2b0e239208;9e375a860a;-;-;Thu Aug 18 23:13:30 2011 +0000;1313709210;-;-;Thu Aug 18 23:13:30 2011 +0000;1313709210
87dad65ff00c9fc3eed4c918edb50be0232e2fba;87dad65ff0;-;-;Thu Aug 18 16:06:31 2011 +0000;1313683591;-;-;Thu Aug 18 16:06:31 2011 +0000;1313683591
7f715ee80329632f4f99a88f91caaa4dcbae0cef;7f715ee803;-;-;Thu Aug 18 14:18:29 2011 +0000;1313677109;-;-;Thu Aug 18 14:18:29 2011 +0000;1313677109
e16e3a9f601cd82e0e7be25fbf1effe5e86502d1;e16e3a9f60;-;-;Thu Aug 18 14:17:44 2011 +0000;1313677064;-;-;Thu Aug 18 14:17:44 2011 +0000;1313677064
28e6d9a69252aafeb22834aeec6b5a35c7c87fe7;28e6d9a692;-;-;Wed Aug 17 21:01:34 2011 +0000;1313614894;-;-;Wed Aug 17 21:01:34 2011 +0000;1313614894
f6be50eda24dc4811a6f9024b8134e33c5e99a17;f6be50eda2;-;-;Tue Aug 16 22:41:11 2011 +0000;1313534471;-;-;Tue Aug 16 22:41:11 2011 +0000;1313534471
63a217a40a7cdf9e8ebf73dfd3887a5797fe4998;63a217a40a;-;-;Tue Aug 16 17:35:01 2011 +0000;1313516101;-;-;Tue Aug 16 17:35:01 2011 +0000;1313516101
a8476d05be958c3cbe9a76758b3f40f75ebf3c50;a8476d05be;-;-;Mon Aug 15 21:52:54 2011 +0000;1313445174;-;-;Mon Aug 15 21:52:54 2011 +0000;1313445174
9fce69849ad33db8ee1fdf092783ba7d6d8376e7;9fce69849a;-;-;Mon Aug 15 21:44:18 2011 +0000;1313444658;-;-;Mon Aug 15 21:44:18 2011 +0000;1313444658
9b9975f269e211a2b4f934cd69fcd35ca5f0813a;9b9975f269;-;-;Mon Aug 15 21:35:48 2011 +0000;1313444148;-;-;Mon Aug 15 21:35:48 2011 +0000;1313444148
36084c348f3a703b60f0e3ddc38dc36560cff864;36084c348f;-;-;Mon Aug 15 21:28:13 2011 +0000;1313443693;-;-;Mon Aug 15 21:28:13 2011 +0000;1313443693
20f748865e87d10acf80f59169e9ec30cb9cd5e0;20f748865e;-;-;Mon Aug 15 21:23:53 2011 +0000;1313443433;-;-;Mon Aug 15 21:23:53 2011 +0000;1313443433
cce1e2010da4330346ecb66c4aa8ef028d2d7572;cce1e2010d;-;-;Mon Aug 15 21:23:41 2011 +0000;1313443421;-;-;Mon Aug 15 21:23:41 2011 +0000;1313443421
152add37d5a94c4ab048ff7d3ee77ebf8f46fe8d;152add37d5;-;-;Mon Aug 15 21:01:52 2011 +0000;1313442112;-;-;Mon Aug 15 21:01:52 2011 +0000;1313442112
f0db3d0992b76c04c59eb30fcb5baa7ba735f8e3;f0db3d0992;-;-;Mon Aug 15 20:57:59 2011 +0000;1313441879;-;-;Mon Aug 15 20:57:59 2011 +0000;1313441879
c564049b238de2233a95cda520c78f50f50733f6;c564049b23;-;-;Mon Aug 15 20:57:42 2011 +0000;1313441862;-;-;Mon Aug 15 20:57:42 2011 +0000;1313441862
4acb0fa284ce4a6f474ba22c9b215b716d260456;4acb0fa284;-;-;Mon Aug 15 16:41:55 2011 +0000;1313426515;-;-;Mon Aug 15 16:41:55 2011 +0000;1313426515
aa46d181254e8e36aedd5ee90964b9072de4dea7;aa46d18125;-;-;Mon Aug 15 12:48:33 2011 +0000;1313412513;-;-;Mon Aug 15 12:48:33 2011 +0000;1313412513
224bce1b6462731a7aed43f586bbc5cb4bb00dfa;224bce1b64;-;-;Mon Aug 15 12:25:28 2011 +0000;1313411128;-;-;Mon Aug 15 12:25:28 2011 +0000;1313411128
936c83b030ab682228fa8617277936068b7c910f;936c83b030;-;-;Sun Aug 14 22:32:42 2011 +0000;1313361162;-;-;Sun Aug 14 22:32:42 2011 +0000;1313361162
84ff2b49a63c29c036664b9780b4bef52fdc5310;84ff2b49a6;-;-;Sun Aug 14 17:11:31 2011 +0000;1313341891;-;-;Sun Aug 14 17:11:31 2011 +0000;1313341891
a94e3785b8e2f1577230339479e20eb475ac22c0;a94e3785b8;-;-;Sun Aug 14 17:02:45 2011 +0000;1313341365;-;-;Sun Aug 14 17:02:45 2011 +0000;1313341365
d746dcaa63959b78dc15582cdee63fd7746aeb61;d746dcaa63;-;-;Sun Aug 14 12:19:06 2011 +0000;1313324346;-;-;Sun Aug 14 12:19:06 2011 +0000;1313324346
9a40021f18bc0493c247d5fe29b05d5d76a9c05a;9a40021f18;-;-;Sat Aug 13 15:38:45 2011 +0000;1313249925;-;-;Sat Aug 13 15:38:45 2011 +0000;1313249925
bfbd7def33ffbda5b3520869895f564c800f410f;bfbd7def33;-;-;Sat Aug 13 14:57:48 2011 +0000;1313247468;-;-;Sat Aug 13 14:57:48 2011 +0000;1313247468
a298c2dde80d08c0ad02495d9e53f6d58650efa4;a298c2dde8;-;-;Sat Aug 13 14:31:00 2011 +0000;1313245860;-;-;Sat Aug 13 14:31:00 2011 +0000;1313245860
2d6340af74484fc6f2ee99c5570909abfc073ece;2d6340af74;-;-;Sat Aug 13 13:38:54 2011 +0000;1313242734;-;-;Sat Aug 13 13:38:54 2011 +0000;1313242734
03c267e93a9bed5bf0246ed6b560fd8299be9edd;03c267e93a;-;-;Fri Aug 12 22:56:12 2011 +0000;1313189772;-;-;Fri Aug 12 22:56:12 2011 +0000;1313189772
45efe6184c55edcc81740125bc9fbd4fcaccbfcb;45efe6184c;-;-;Fri Aug 12 18:32:30 2011 +0000;1313173950;-;-;Fri Aug 12 18:32:30 2011 +0000;1313173950
367dcf13ced026d4a75b269c1376fd144836dc18;367dcf13ce;-;-;Fri Aug 12 15:29:56 2011 +0000;1313162996;-;-;Fri Aug 12 15:29:56 2011 +0000;1313162996
49e61d2680c66e6d59aaa2d483300d4ac76cbc78;49e61d2680;-;-;Fri Aug 12 13:54:17 2011 +0000;1313157257;-;-;Fri Aug 12 13:54:17 2011 +0000;1313157257
b9ebdd28fb5b9a3705dafa264fa8c7dc4d5a3724;b9ebdd28fb;-;-;Fri Aug 12 10:02:12 2011 +0000;1313143332;-;-;Fri Aug 12 10:02:12 2011 +0000;1313143332
c97257b16f8772c9e2dfc6963ea48eb1ae2c8113;c97257b16f;-;-;Thu Aug 11 10:25:16 2011 +0000;1313058316;-;-;Thu Aug 11 10:25:16 2011 +0000;1313058316
6f1818a604e7d99043030a04abf55db75e8d92ce;6f1818a604;-;-;Wed Aug 10 16:53:03 2011 +0000;1312995183;-;-;Wed Aug 10 16:53:03 2011 +0000;1312995183
3ead3cf8592a6eaf84511a26cda303b250f80db7;3ead3cf859;-;-;Tue Aug 9 14:45:26 2011 +0000;1312901126;-;-;Tue Aug 9 14:45:26 2011 +0000;1312901126
47f45ff7435cc9be7a2ad0fbfe6e65312f348599;47f45ff743;-;-;Tue Aug 9 10:17:35 2011 +0000;1312885055;-;-;Tue Aug 9 10:17:35 2011 +0000;1312885055
296099f2224698b7128f2242feb627ed203c77f5;296099f222;-;-;Tue Aug 9 10:17:10 2011 +0000;1312885030;-;-;Tue Aug 9 10:17:10 2011 +0000;1312885030
0c0ab97a84b8c99a259d8f316f6a16dcbe151ead;0c0ab97a84;-;-;Tue Aug 9 10:16:33 2011 +0000;1312884993;-;-;Tue Aug 9 10:16:33 2011 +0000;1312884993
1df0cd9f2031eb65fef3ed87b0871095806c9292;1df0cd9f20;-;-;Mon Aug 8 14:00:07 2011 +0000;1312812007;-;-;Mon Aug 8 14:00:07 2011 +0000;1312812007
11597c906dce28820ab323ac62f5a61f5ee9397f;11597c906d;-;-;Fri Aug 5 18:43:33 2011 +0000;1312569813;-;-;Fri Aug 5 18:43:33 2011 +0000;1312569813
b6e82048fc838ebbb2e58288eeda0c14119d38b9;b6e82048fc;-;-;Thu Aug 4 17:22:14 2011 +0000;1312478534;-;-;Thu Aug 4 17:22:14 2011 +0000;1312478534
6404440cbf216111b4643e6cf5667b7e64fef9b5;6404440cbf;-;-;Thu Aug 4 14:07:36 2011 +0000;1312466856;-;-;Thu Aug 4 14:07:36 2011 +0000;1312466856
fc4ea16ba087a6d66cd98cdbd2331c9885d041e7;fc4ea16ba0;-;-;Wed Aug 3 15:10:10 2011 +0000;1312384210;-;-;Wed Aug 3 15:10:10 2011 +0000;1312384210
3c7e44ada41a26cd1ac243015af893fe2b5411ba;3c7e44ada4;-;-;Wed Aug 3 11:22:46 2011 +0000;1312370566;-;-;Wed Aug 3 11:22:46 2011 +0000;1312370566
8f23c66512720ee3077e8500bf976549504fcd8f;8f23c66512;-;-;Wed Aug 3 10:19:27 2011 +0000;1312366767;-;-;Wed Aug 3 10:19:27 2011 +0000;1312366767
272f14513215150dbc104fdb4b67c0e07cb28370;272f145132;-;-;Wed Aug 3 06:01:20 2011 +0000;1312351280;-;-;Wed Aug 3 06:01:20 2011 +0000;1312351280
8745024969186f98b2e525d00a6c6aa2fcabd2fc;8745024969;-;-;Tue Aug 2 23:52:54 2011 +0000;1312329174;-;-;Tue Aug 2 23:52:54 2011 +0000;1312329174
df1f3d40bdf2073bef8e8d5d721dafa33147a41f;df1f3d40bd;-;-;Tue Aug 2 19:16:50 2011 +0000;1312312610;-;-;Tue Aug 2 19:16:50 2011 +0000;1312312610
0a48936f4f493b81c27177c44ae98cee545db67a;0a48936f4f;-;-;Tue Aug 2 19:13:56 2011 +0000;1312312436;-;-;Tue Aug 2 19:13:56 2011 +0000;1312312436
3fb753bc0c1477d828ba58963d1e4caf8a7d5265;3fb753bc0c;-;-;Tue Aug 2 08:27:26 2011 +0000;1312273646;-;-;Tue Aug 2 08:27:26 2011 +0000;1312273646
98ad8633bd22e28e4705ee72e73d6d862fe6e8d2;98ad8633bd;-;-;Mon Aug 1 10:20:49 2011 +0000;1312194049;-;-;Mon Aug 1 10:20:49 2011 +0000;1312194049
9f4a46e24cb32e7a5863bfc34e860f0ff8d937f7;9f4a46e24c;-;-;Sat Jul 30 18:05:34 2011 +0000;1312049134;-;-;Sat Jul 30 18:05:34 2011 +0000;1312049134
35d2ab3bf9d3a85c4557549127f32b7c384f6c56;35d2ab3bf9;-;-;Fri Jul 29 21:39:42 2011 +0000;1311975582;-;-;Fri Jul 29 21:39:42 2011 +0000;1311975582
fa7f13016e2c2d6788f9f46b8c81d25168be2717;fa7f13016e;-;-;Thu Jul 28 20:44:12 2011 +0000;1311885852;-;-;Thu Jul 28 20:44:12 2011 +0000;1311885852
5521f86f4a9f649b0c155a7795e318daae3c1d3e;5521f86f4a;-;-;Thu Jul 28 20:27:04 2011 +0000;1311884824;-;-;Thu Jul 28 20:27:04 2011 +0000;1311884824
39616d4a254ad612d125cdab0cba029df92ce12a;39616d4a25;-;-;Thu Jul 28 20:26:34 2011 +0000;1311884794;-;-;Thu Jul 28 20:26:34 2011 +0000;1311884794
c8649087792d07df209fc75e0f9e2e3284e09fe0;c864908779;-;-;Thu Jul 28 20:25:18 2011 +0000;1311884718;-;-;Thu Jul 28 20:25:18 2011 +0000;1311884718
bbcf358a9d9c2391955eb21f4fad09a2f101636c;bbcf358a9d;-;-;Thu Jul 28 14:19:53 2011 +0000;1311862793;-;-;Thu Jul 28 14:19:53 2011 +0000;1311862793
1baf2a398138e512bcb2bd2d713989a4d65edbab;1baf2a3981;-;-;Thu Jul 28 11:15:11 2011 +0000;1311851711;-;-;Thu Jul 28 11:15:11 2011 +0000;1311851711
226256e2642ffad4c24d81ca4f4cb15cd7714d7c;226256e264;-;-;Thu Jul 28 02:21:22 2011 +0000;1311819682;-;-;Thu Jul 28 02:21:22 2011 +0000;1311819682
f432f3043f8e953961827a8b5683d7738f65ddd2;f432f3043f;-;-;Wed Jul 27 22:51:26 2011 +0000;1311807086;-;-;Wed Jul 27 22:51:26 2011 +0000;1311807086
fad865fbadbc06abad892af97cd070289fb62800;fad865fbad;-;-;Wed Jul 27 22:38:59 2011 +0000;1311806339;-;-;Wed Jul 27 22:38:59 2011 +0000;1311806339
4385367f2d52abc8f3786a99549006a200f72046;4385367f2d;-;-;Wed Jul 27 22:26:05 2011 +0000;1311805565;-;-;Wed Jul 27 22:26:05 2011 +0000;1311805565
e63e6cdbde85412dd4164da4662db8112abd401b;e63e6cdbde;-;-;Wed Jul 27 21:57:59 2011 +0000;1311803879;-;-;Wed Jul 27 21:57:59 2011 +0000;1311803879
19c2672dc301e39a99afd9ffbb4e29e50dbceffe;19c2672dc3;-;-;Wed Jul 27 21:52:18 2011 +0000;1311803538;-;-;Wed Jul 27 21:52:18 2011 +0000;1311803538
f4adf227bec552d15dbb493233b53d69bc17cd76;f4adf227be;-;-;Wed Jul 27 21:46:36 2011 +0000;1311803196;-;-;Wed Jul 27 21:46:36 2011 +0000;1311803196
2c504012ad1f8840d41e8dd736e9ddc024e87dd6;2c504012ad;-;-;Wed Jul 27 21:22:04 2011 +0000;1311801724;-;-;Wed Jul 27 21:22:04 2011 +0000;1311801724
38837eddfd7709cdb52601529d0c7f3366af20c7;38837eddfd;-;-;Wed Jul 27 20:35:41 2011 +0000;1311798941;-;-;Wed Jul 27 20:35:41 2011 +0000;1311798941
9347ac358c477c92f9b3cf196942a7aa4df87e77;9347ac358c;-;-;Wed Jul 27 11:14:31 2011 +0000;1311765271;-;-;Wed Jul 27 11:14:31 2011 +0000;1311765271
b85440f2b697686ceac79ec76e314ebbb224aa4a;b85440f2b6;-;-;Tue Jul 26 22:29:14 2011 +0000;1311719354;-;-;Tue Jul 26 22:29:14 2011 +0000;1311719354
3c2e48738ada41adb5b43aa83973841079f5b75e;3c2e48738a;-;-;Tue Jul 26 22:29:09 2011 +0000;1311719349;-;-;Tue Jul 26 22:29:09 2011 +0000;1311719349
2b371a7c9abf8b711031f01ff555cb2344a8b833;2b371a7c9a;-;-;Tue Jul 26 22:29:04 2011 +0000;1311719344;-;-;Tue Jul 26 22:29:04 2011 +0000;1311719344
c85ebd9a5a207743a74914a5b99e98c9664af111;c85ebd9a5a;-;-;Tue Jul 26 19:55:11 2011 +0000;1311710111;-;-;Tue Jul 26 19:55:11 2011 +0000;1311710111
f4b7cfea38712035a7641d90477b9640d3204968;f4b7cfea38;-;-;Tue Jul 26 15:49:44 2011 +0000;1311695384;-;-;Tue Jul 26 15:49:44 2011 +0000;1311695384
75ad18555874a1e93c50ab7848fd0c2e265e550a;75ad185558;-;-;Tue Jul 26 12:36:01 2011 +0000;1311683761;-;-;Tue Jul 26 12:36:01 2011 +0000;1311683761
3a6beb601e5d7ce99ead509d72b69196073535ea;3a6beb601e;-;-;Tue Jul 26 09:25:22 2011 +0000;1311672322;-;-;Tue Jul 26 09:25:22 2011 +0000;1311672322
38a666077739de57b0b962aa0dd0ba40434a12c0;38a6660777;-;-;Tue Jul 26 08:26:09 2011 +0000;1311668769;-;-;Tue Jul 26 08:26:09 2011 +0000;1311668769
30f363bbc9b55e51e8576033cf91dc3f43bc7260;30f363bbc9;-;-;Tue Jul 26 01:08:23 2011 +0000;1311642503;-;-;Tue Jul 26 01:08:23 2011 +0000;1311642503
ff8ebbb9c4c2e2abab4441f66ec4ba8757961433;ff8ebbb9c4;-;-;Tue Jul 26 01:07:59 2011 +0000;1311642479;-;-;Tue Jul 26 01:07:59 2011 +0000;1311642479
8bae96bdd7036c7709af95cb52e2ce5b0c021f9f;8bae96bdd7;-;-;Tue Jul 26 00:59:41 2011 +0000;1311641981;-;-;Tue Jul 26 00:59:41 2011 +0000;1311641981
d8f29cb746de5d29d1d3d750726651dabdb954a2;d8f29cb746;-;-;Tue Jul 26 00:46:39 2011 +0000;1311641199;-;-;Tue Jul 26 00:46:39 2011 +0000;1311641199
83df0829301f4fcf1a3d3b496831ec11c5d57121;83df082930;-;-;Tue Jul 26 00:46:07 2011 +0000;1311641167;-;-;Tue Jul 26 00:46:07 2011 +0000;1311641167
771c59f88a11659e50c6d83f20a255f9dd673e72;771c59f88a;-;-;Tue Jul 26 00:39:13 2011 +0000;1311640753;-;-;Tue Jul 26 00:39:13 2011 +0000;1311640753
d7cd11a48c62a671c892d8c59a07e974277fd76c;d7cd11a48c;-;-;Tue Jul 26 00:39:01 2011 +0000;1311640741;-;-;Tue Jul 26 00:39:01 2011 +0000;1311640741
6ad8a4a79a2036bf827392f072091e4556935642;6ad8a4a79a;-;-;Tue Jul 26 00:38:05 2011 +0000;1311640685;-;-;Tue Jul 26 00:38:05 2011 +0000;1311640685
2cf2fc195ed36f841c5fd19341bd7e89e5db1fd7;2cf2fc195e;-;-;Mon Jul 25 18:58:34 2011 +0000;1311620314;-;-;Mon Jul 25 18:58:34 2011 +0000;1311620314
c31b17fef28f064090492b87c6440163f52395fe;c31b17fef2;-;-;Mon Jul 25 12:28:16 2011 +0000;1311596896;-;-;Mon Jul 25 12:28:16 2011 +0000;1311596896
bbab29411613d9c984a6e3c3dcc90da64846f23a;bbab294116;-;-;Mon Jul 25 12:27:49 2011 +0000;1311596869;-;-;Mon Jul 25 12:27:49 2011 +0000;1311596869
637ce0f01c944ab627a8998ecfaa2becb98bb2a1;637ce0f01c;-;-;Mon Jul 25 12:27:30 2011 +0000;1311596850;-;-;Mon Jul 25 12:27:30 2011 +0000;1311596850
aeacf9278f099395788bd44d8fb85a09fccf3d53;aeacf9278f;-;-;Mon Jul 25 12:26:27 2011 +0000;1311596787;-;-;Mon Jul 25 12:26:27 2011 +0000;1311596787
676ab5f0b151d98ce66e4701d0d4a3fa45b5d30e;676ab5f0b1;-;-;Mon Jul 25 12:15:33 2011 +0000;1311596133;-;-;Mon Jul 25 12:15:33 2011 +0000;1311596133
179dad8c249dc7debb55aa181710af8e437d9807;179dad8c24;-;-;Mon Jul 25 11:33:08 2011 +0000;1311593588;-;-;Mon Jul 25 11:33:08 2011 +0000;1311593588
2218cdb16f27a4cb8543f2f4f1e740003762d991;2218cdb16f;-;-;Mon Jul 25 10:57:50 2011 +0000;1311591470;-;-;Mon Jul 25 10:57:50 2011 +0000;1311591470
672fed621b8a1e25b90e16e546460483681e7549;672fed621b;-;-;Sat Jul 23 15:23:41 2011 +0000;1311434621;-;-;Sat Jul 23 15:23:41 2011 +0000;1311434621
fd7e0b405b1fa418ed7449200a42d77a145f92e8;fd7e0b405b;-;-;Fri Jul 22 16:27:33 2011 +0000;1311352053;-;-;Fri Jul 22 16:27:33 2011 +0000;1311352053
5d2a84f39ad30c6e04bb36aba71b7ee0e7b98f1b;5d2a84f39a;-;-;Fri Jul 22 11:20:18 2011 +0000;1311333618;-;-;Fri Jul 22 11:20:18 2011 +0000;1311333618
79ed87e3d57a1ec774deed5d6b3278234a051e58;79ed87e3d5;-;-;Fri Jul 22 10:12:07 2011 +0000;1311329527;-;-;Fri Jul 22 10:12:07 2011 +0000;1311329527
df3761e3f68eea980a73f507e5d04ab3629b5c3d;df3761e3f6;-;-;Fri Jul 22 09:34:42 2011 +0000;1311327282;-;-;Fri Jul 22 09:34:42 2011 +0000;1311327282
abdae3d26be884f37bc42d3bb5b36fecf5e5c7ac;abdae3d26b;-;-;Fri Jul 22 09:32:56 2011 +0000;1311327176;-;-;Fri Jul 22 09:32:56 2011 +0000;1311327176
02362f43476bbe011ced774c3c862f3a3cc051e2;02362f4347;-;-;Fri Jul 22 01:18:29 2011 +0000;1311297509;-;-;Fri Jul 22 01:18:29 2011 +0000;1311297509
f3d00da08046ca0f2789ed8c1b69ca09d0a1b09a;f3d00da080;-;-;Thu Jul 21 23:26:25 2011 +0000;1311290785;-;-;Thu Jul 21 23:26:25 2011 +0000;1311290785
3363d05879537979a13e057f036257a064e1b505;3363d05879;-;-;Thu Jul 21 16:24:33 2011 +0000;1311265473;-;-;Thu Jul 21 16:24:33 2011 +0000;1311265473
1b26b4744f46ab70746c16858827b8fb29c60c09;1b26b4744f;-;-;Thu Jul 21 10:34:32 2011 +0000;1311244472;-;-;Thu Jul 21 10:34:32 2011 +0000;1311244472
48de81deec649be9dcbed11fb35ba04d8c96e2ca;48de81deec;-;-;Thu Jul 21 09:51:23 2011 +0000;1311241883;-;-;Thu Jul 21 09:51:23 2011 +0000;1311241883
7a6d8d94cd718ebda8316721668a112ef0e4cb04;7a6d8d94cd;-;-;Thu Jul 21 09:12:19 2011 +0000;1311239539;-;-;Thu Jul 21 09:12:19 2011 +0000;1311239539
7d8aa05c4071c67d0bd8b6d2ba79f52bdbf853cb;7d8aa05c40;-;-;Thu Jul 21 09:04:42 2011 +0000;1311239082;-;-;Thu Jul 21 09:04:42 2011 +0000;1311239082
2c199cf190fd860ad29799ee4e85b38cb092597a;2c199cf190;-;-;Thu Jul 21 08:36:40 2011 +0000;1311237400;-;-;Thu Jul 21 08:36:40 2011 +0000;1311237400
f800a026cbbcdd9b2ada349126e67eb71e0d77b1;f800a026cb;-;-;Thu Jul 21 08:25:27 2011 +0000;1311236727;-;-;Thu Jul 21 08:25:27 2011 +0000;1311236727
57cb1f2777be4b5281c24bdd28a83ba30ca5994f;57cb1f2777;-;-;Thu Jul 21 07:38:08 2011 +0000;1311233888;-;-;Thu Jul 21 07:38:08 2011 +0000;1311233888
8bf019b6750546460d7c7de37b31d14985af8ef3;8bf019b675;-;-;Thu Jul 21 07:15:26 2011 +0000;1311232526;-;-;Thu Jul 21 07:15:26 2011 +0000;1311232526
d0cd678089b8956e95f34cef06fec3a1621c1677;d0cd678089;-;-;Wed Jul 20 22:22:03 2011 +0000;1311200523;-;-;Wed Jul 20 22:22:03 2011 +0000;1311200523
072271d9e99367e75bb0671b25558871df82988a;072271d9e9;-;-;Wed Jul 20 22:18:55 2011 +0000;1311200335;-;-;Wed Jul 20 22:18:55 2011 +0000;1311200335
461119973ba370e4e6a6d4be8668adf0f2dd6832;461119973b;-;-;Wed Jul 20 22:14:23 2011 +0000;1311200063;-;-;Wed Jul 20 22:14:23 2011 +0000;1311200063
8224af19385b82c27ec48e0b1bbea89c1b5d6a8c;8224af1938;-;-;Wed Jul 20 22:06:05 2011 +0000;1311199565;-;-;Wed Jul 20 22:06:05 2011 +0000;1311199565
2d7af571496ae0ea54f233f38deda1348d09573b;2d7af57149;-;-;Wed Jul 20 21:04:29 2011 +0000;1311195869;-;-;Wed Jul 20 21:04:29 2011 +0000;1311195869
571535352bd2eeb808ee65c9492c241320fb73a0;571535352b;-;-;Wed Jul 20 20:46:53 2011 +0000;1311194813;-;-;Wed Jul 20 20:46:53 2011 +0000;1311194813
21f3f59cb71fb94443415ca8be1e215c8290a86a;21f3f59cb7;-;-;Wed Jul 20 20:38:02 2011 +0000;1311194282;-;-;Wed Jul 20 20:38:02 2011 +0000;1311194282
0df4631788da1c0055e7fb050d02013724ee9d42;0df4631788;-;-;Wed Jul 20 19:59:41 2011 +0000;1311191981;-;-;Wed Jul 20 19:59:41 2011 +0000;1311191981
718f025d648419c9799e9ff726dfed2d2ed27642;718f025d64;-;-;Tue Jul 19 23:00:12 2011 +0000;1311116412;-;-;Tue Jul 19 23:00:12 2011 +0000;1311116412
576b8fec3124d91e191d1fa69b873fdadf6ba08f;576b8fec31;-;-;Tue Jul 19 15:51:19 2011 +0000;1311090679;-;-;Tue Jul 19 15:51:19 2011 +0000;1311090679
69c9abf2b8588d0668e1511da664f4e93d23612e;69c9abf2b8;-;-;Tue Jul 19 15:25:10 2011 +0000;1311089110;-;-;Tue Jul 19 15:25:10 2011 +0000;1311089110
cc7c64a371916220775fb4460ff8aa9bccea4e85;cc7c64a371;-;-;Tue Jul 19 14:04:15 2011 +0000;1311084255;-;-;Tue Jul 19 14:04:15 2011 +0000;1311084255
e787887f465aec45134d37febd2142b434b12fd6;e787887f46;-;-;Tue Jul 19 11:04:27 2011 +0000;1311073467;-;-;Tue Jul 19 11:04:27 2011 +0000;1311073467
1d690ab99fde8e24b98c0bfa39520dfeb08df7f5;1d690ab99f;-;-;Tue Jul 19 07:24:47 2011 +0000;1311060287;-;-;Tue Jul 19 07:24:47 2011 +0000;1311060287
d97a5bf889bcf74e852a5260081432e08bcedfc7;d97a5bf889;-;-;Mon Jul 18 21:50:15 2011 +0000;1311025815;-;-;Mon Jul 18 21:50:15 2011 +0000;1311025815
7e4982d6ae2a75f66cd176722cadb1773ecf6989;7e4982d6ae;-;-;Mon Jul 18 21:41:21 2011 +0000;1311025281;-;-;Mon Jul 18 21:41:21 2011 +0000;1311025281
94ac883eb158f9f1ebeda0f39187a11e9a36d325;94ac883eb1;-;-;Mon Jul 18 21:37:24 2011 +0000;1311025044;-;-;Mon Jul 18 21:37:24 2011 +0000;1311025044
236b0305e88adbf51fbe3da82a2730263ab8fd51;236b0305e8;-;-;Mon Jul 18 21:23:55 2011 +0000;1311024235;-;-;Mon Jul 18 21:23:55 2011 +0000;1311024235
4f89459c3da69a9f130e8a94aa6c55b647d6bcc7;4f89459c3d;-;-;Mon Jul 18 21:23:43 2011 +0000;1311024223;-;-;Mon Jul 18 21:23:43 2011 +0000;1311024223
65ad44dadc7a1e4ca1f12b393e271b16ad927637;65ad44dadc;-;-;Mon Jul 18 20:50:35 2011 +0000;1311022235;-;-;Mon Jul 18 20:50:35 2011 +0000;1311022235
2568a3c2c6af84668f9a4039baf4ba4998a3c54b;2568a3c2c6;-;-;Mon Jul 18 13:49:47 2011 +0000;1310996987;-;-;Mon Jul 18 13:49:47 2011 +0000;1310996987
b8c723d080ffa5d1d29aadc894ea4e045204bff2;b8c723d080;-;-;Mon Jul 18 12:06:11 2011 +0000;1310990771;-;-;Mon Jul 18 12:06:11 2011 +0000;1310990771
f874ed9790d1eb1621c097fbd9954ec1013f4290;f874ed9790;-;-;Sun Jul 17 17:16:12 2011 +0000;1310922972;-;-;Sun Jul 17 17:16:12 2011 +0000;1310922972
9d7bc31f0d14bd9bfdf69dd675cab01e4a4d7048;9d7bc31f0d;-;-;Sun Jul 17 16:35:22 2011 +0000;1310920522;-;-;Sun Jul 17 16:35:22 2011 +0000;1310920522
e7298a88d6034d6534f80b516ec793ea14e4b0cb;e7298a88d6;-;-;Fri Jul 15 20:01:18 2011 +0000;1310760078;-;-;Fri Jul 15 20:01:18 2011 +0000;1310760078
e34fa6abb1e114a7d7cd6a77ca5098037c3fd403;e34fa6abb1;-;-;Fri Jul 15 19:19:29 2011 +0000;1310757569;-;-;Fri Jul 15 19:19:29 2011 +0000;1310757569
b8624b470c3514ef0ee95ff26eeffb40a26ddce2;b8624b470c;-;-;Fri Jul 15 19:03:16 2011 +0000;1310756596;-;-;Fri Jul 15 19:03:16 2011 +0000;1310756596
d2e6f82aa304040a9a00e3b71179cc737634fe6a;d2e6f82aa3;-;-;Fri Jul 15 17:15:45 2011 +0000;1310750145;-;-;Fri Jul 15 17:15:45 2011 +0000;1310750145
12eb9d7ed63f6864a485ec3b7c2abc2bba1a19cc;12eb9d7ed6;-;-;Fri Jul 15 16:12:34 2011 +0000;1310746354;-;-;Fri Jul 15 16:12:34 2011 +0000;1310746354
cc725d7e5c4f3f853553bae2711d133c56b4155d;cc725d7e5c;-;-;Fri Jul 15 14:51:01 2011 +0000;1310741461;-;-;Fri Jul 15 14:51:01 2011 +0000;1310741461
c0e429a9a50622de1d07a02e4c6475e10ddb0bbc;c0e429a9a5;-;-;Fri Jul 15 14:48:51 2011 +0000;1310741331;-;-;Fri Jul 15 14:48:51 2011 +0000;1310741331
5937779bb1d28111f32813a00a6a98cbb1ba539a;5937779bb1;-;-;Fri Jul 15 14:40:38 2011 +0000;1310740838;-;-;Fri Jul 15 14:40:38 2011 +0000;1310740838
18ab057e90d838b7e604613265144792606fbcf7;18ab057e90;-;-;Fri Jul 15 14:16:31 2011 +0000;1310739391;-;-;Fri Jul 15 14:16:31 2011 +0000;1310739391
4e1cb2b823cd7df9d8c377815612744418690e55;4e1cb2b823;-;-;Fri Jul 15 14:13:22 2011 +0000;1310739202;-;-;Fri Jul 15 14:13:22 2011 +0000;1310739202
fd42a65c6cb707470b9c1cc2c72b2b9adfe5a265;fd42a65c6c;-;-;Wed Jul 13 23:30:57 2011 +0000;1310599857;-;-;Wed Jul 13 23:30:57 2011 +0000;1310599857
c5463a2e52b432c0347da895d7e711079a4af969;c5463a2e52;-;-;Wed Jul 13 23:28:53 2011 +0000;1310599733;-;-;Wed Jul 13 23:28:53 2011 +0000;1310599733
0c2a6395e7644e1fa4d8d824ed3ad01164860719;0c2a6395e7;-;-;Wed Jul 13 23:14:02 2011 +0000;1310598842;-;-;Wed Jul 13 23:14:02 2011 +0000;1310598842
f5fdedea6071cccd9387f24ae3ed934ddbe390de;f5fdedea60;-;-;Wed Jul 13 13:51:20 2011 +0000;1310565080;-;-;Wed Jul 13 13:51:20 2011 +0000;1310565080
b82ab4950d510bf5e847c7ea8f82882ba1728fba;b82ab4950d;-;-;Wed Jul 13 12:58:09 2011 +0000;1310561889;-;-;Wed Jul 13 12:58:09 2011 +0000;1310561889
a2a98efa13d35e30bd879f0ff92182900c805f5d;a2a98efa13;-;-;Mon Jul 11 18:29:37 2011 +0000;1310408977;-;-;Mon Jul 11 18:29:37 2011 +0000;1310408977
81a27ce484af51a1f4a4078e2838474a0b31ab1e;81a27ce484;-;-;Mon Jul 11 13:50:34 2011 +0000;1310392234;-;-;Mon Jul 11 13:50:34 2011 +0000;1310392234
7861eff298662f06ca4453350a6305e11fcb658f;7861eff298;-;-;Mon Jul 11 13:37:49 2011 +0000;1310391469;-;-;Mon Jul 11 13:37:49 2011 +0000;1310391469
431e9350113499f5a51c4dcf14aa0edfefbda6c0;431e935011;-;-;Mon Jul 11 01:17:19 2011 +0000;1310347039;-;-;Mon Jul 11 01:17:19 2011 +0000;1310347039
d8d9e3fc27693beb72fcf3befb031aca08c989a1;d8d9e3fc27;-;-;Fri Jul 8 09:44:29 2011 +0000;1310118269;-;-;Fri Jul 8 09:44:29 2011 +0000;1310118269
f1ef3e4dcdb45ebceda3547e73069836e10c4dee;f1ef3e4dcd;-;-;Thu Jul 7 22:37:28 2011 +0000;1310078248;-;-;Thu Jul 7 22:37:28 2011 +0000;1310078248
5aa24af1269bf0ac9691afc63da6f6051543ad6a;5aa24af126;-;-;Thu Jul 7 19:42:07 2011 +0000;1310067727;-;-;Thu Jul 7 19:42:07 2011 +0000;1310067727
c3f9e845e0f856b17862ea13492f19f8fe31de8e;c3f9e845e0;-;-;Thu Jul 7 11:55:00 2011 +0000;1310039700;-;-;Thu Jul 7 11:55:00 2011 +0000;1310039700
807d612978f9d01e446542320c19db68da14b8e1;807d612978;-;-;Wed Jul 6 09:15:37 2011 +0000;1309943737;-;-;Wed Jul 6 09:15:37 2011 +0000;1309943737
605f0e7a22b4e8bf8effa33283e8bc7685d7d129;605f0e7a22;-;-;Wed Jul 6 09:15:32 2011 +0000;1309943732;-;-;Wed Jul 6 09:15:32 2011 +0000;1309943732
7c25c84ee2ea4fba56c60bd103e87e2b7a86223c;7c25c84ee2;-;-;Wed Jul 6 09:15:27 2011 +0000;1309943727;-;-;Wed Jul 6 09:15:27 2011 +0000;1309943727
78b60947ad89f91d4a0c84ef1abf98cdbde372b5;78b60947ad;-;-;Wed Jul 6 09:13:17 2011 +0000;1309943597;-;-;Wed Jul 6 09:13:17 2011 +0000;1309943597
4aeaaa083f90f0707b62d6ad97789fd8829cd4dd;4aeaaa083f;-;-;Wed Jul 6 06:15:27 2011 +0000;1309932927;-;-;Wed Jul 6 06:15:27 2011 +0000;1309932927
a590318b3c0e9d95dd119625050a275059ebaf50;a590318b3c;-;-;Wed Jul 6 06:14:48 2011 +0000;1309932888;-;-;Wed Jul 6 06:14:48 2011 +0000;1309932888
1bd75e5af8e5522bd0523b172a6ecbe7e035c4fb;1bd75e5af8;-;-;Wed Jul 6 06:13:21 2011 +0000;1309932801;-;-;Wed Jul 6 06:13:21 2011 +0000;1309932801
cf348f206f905c58f5a750538c09b8f59618a6d9;cf348f206f;-;-;Wed Jul 6 06:12:46 2011 +0000;1309932766;-;-;Wed Jul 6 06:12:46 2011 +0000;1309932766
c68021760ded9b7d6ab46e13f92e64d6347c5b3a;c68021760d;-;-;Tue Jul 5 22:06:14 2011 +0000;1309903574;-;-;Tue Jul 5 22:06:14 2011 +0000;1309903574
352f053a717be1b61718837a2527e934671d9765;352f053a71;-;-;Mon Jul 4 22:31:03 2011 +0000;1309818663;-;-;Mon Jul 4 22:31:03 2011 +0000;1309818663
c07eb6bb9aa89e347911ac8882dd83ade9883ad1;c07eb6bb9a;-;-;Mon Jul 4 22:14:05 2011 +0000;1309817645;-;-;Mon Jul 4 22:14:05 2011 +0000;1309817645
b0a6ebfb61cd3e9f1de07be37ed9b4b3dea5cdb7;b0a6ebfb61;-;-;Mon Jul 4 22:04:31 2011 +0000;1309817071;-;-;Mon Jul 4 22:04:31 2011 +0000;1309817071
e5b1c4366c0fc02ad4d0a9b1e393fda644ec6c67;e5b1c4366c;-;-;Mon Jul 4 21:37:09 2011 +0000;1309815429;-;-;Mon Jul 4 21:37:09 2011 +0000;1309815429
38290485ded31ba75922e442aa79157dda467df2;38290485de;-;-;Mon Jul 4 21:21:33 2011 +0000;1309814493;-;-;Mon Jul 4 21:21:33 2011 +0000;1309814493
57998293c811067cf87e6933f7abb4d4edb677c1;57998293c8;-;-;Mon Jul 4 09:43:08 2011 +0000;1309772588;-;-;Mon Jul 4 09:43:08 2011 +0000;1309772588
df8e9b3393c66bc82eb086a515f5361b860cac06;df8e9b3393;-;-;Sun Jul 3 22:39:08 2011 +0000;1309732748;-;-;Sun Jul 3 22:39:08 2011 +0000;1309732748
6cd55b79861be6194dea3ef2a6a088948538b44e;6cd55b7986;-;-;Sun Jul 3 22:36:42 2011 +0000;1309732602;-;-;Sun Jul 3 22:36:42 2011 +0000;1309732602
36b582682d45d5b0b18ee565eb86768746486de8;36b582682d;-;-;Sun Jul 3 21:24:06 2011 +0000;1309728246;-;-;Sun Jul 3 21:24:06 2011 +0000;1309728246
22939b6d05bc226f47e4714f9ebcdc709de3ab16;22939b6d05;-;-;Sun Jul 3 20:24:12 2011 +0000;1309724652;-;-;Sun Jul 3 20:24:12 2011 +0000;1309724652
b8f7d324afe9891f7ba812eae431a7e38b254944;b8f7d324af;-;-;Sun Jul 3 20:12:18 2011 +0000;1309723938;-;-;Sun Jul 3 20:12:18 2011 +0000;1309723938
b9fe1b325081f4ec7a5c1e905da00d3ed5223091;b9fe1b3250;-;-;Sun Jul 3 20:05:07 2011 +0000;1309723507;-;-;Sun Jul 3 20:05:07 2011 +0000;1309723507
4c75054f9041279423f31754aa23f9ca781e9d43;4c75054f90;-;-;Sun Jul 3 19:26:49 2011 +0000;1309721209;-;-;Sun Jul 3 19:26:49 2011 +0000;1309721209
022ac3166c7f2922c027e570d46c2eab38de6f16;022ac3166c;-;-;Sun Jul 3 16:24:55 2011 +0000;1309710295;-;-;Sun Jul 3 16:24:55 2011 +0000;1309710295
4262aed9c887e65c400a12434e42726b0fcb7fa4;4262aed9c8;-;-;Sat Jul 2 22:22:33 2011 +0000;1309645353;-;-;Sat Jul 2 22:22:33 2011 +0000;1309645353
b5b2add5cf991bf9afb64d29ee6ea9823a45d58e;b5b2add5cf;-;-;Sat Jul 2 21:39:52 2011 +0000;1309642792;-;-;Sat Jul 2 21:39:52 2011 +0000;1309642792
d9ee958d885969f6ea3fd181a21615ee01711b19;d9ee958d88;-;-;Sat Jul 2 21:26:44 2011 +0000;1309642004;-;-;Sat Jul 2 21:26:44 2011 +0000;1309642004
ce0a0ff3d4352b3040e7bbc7fe14313a40ac9491;ce0a0ff3d4;-;-;Sat Jul 2 21:26:38 2011 +0000;1309641998;-;-;Sat Jul 2 21:26:38 2011 +0000;1309641998
ea6d363c1e9a98d13a125d5a7f51f74ad9545ee3;ea6d363c1e;-;-;Sat Jul 2 21:26:30 2011 +0000;1309641990;-;-;Sat Jul 2 21:26:30 2011 +0000;1309641990
e94d1e314f1e775be75d77cd80cc5fd7dd113415;e94d1e314f;-;-;Fri Jul 1 17:33:13 2011 +0000;1309541593;-;-;Fri Jul 1 17:33:13 2011 +0000;1309541593
fecd6edf750b59fa5d91518c9273472551172a83;fecd6edf75;-;-;Thu Jun 30 22:34:08 2011 +0000;1309473248;-;-;Thu Jun 30 22:34:08 2011 +0000;1309473248
1eb581134794ba7d4926f6d10d4dc8a70de247ec;1eb5811347;-;-;Thu Jun 30 22:33:56 2011 +0000;1309473236;-;-;Thu Jun 30 22:33:56 2011 +0000;1309473236
e0d2e20fc4e63baccca34a1348bc8e8918fe16ac;e0d2e20fc4;-;-;Thu Jun 30 21:04:23 2011 +0000;1309467863;-;-;Thu Jun 30 21:04:23 2011 +0000;1309467863
26dbfba6c0d21ea987887e24cd2a153f8f6e18a7;26dbfba6c0;-;-;Thu Jun 30 18:17:39 2011 +0000;1309457859;-;-;Thu Jun 30 18:17:39 2011 +0000;1309457859
a58bd3073d12e4523a5ce3a6e5652316704e1a8c;a58bd3073d;-;-;Thu Jun 30 09:13:51 2011 +0000;1309425231;-;-;Thu Jun 30 09:13:51 2011 +0000;1309425231
4756badc1d614abe4b6bb4ecc89b71f4fcd092fd;4756badc1d;-;-;Wed Jun 29 17:33:07 2011 +0000;1309368787;-;-;Wed Jun 29 17:33:07 2011 +0000;1309368787
0dae1a6bd8eff9d19670ebc0019789759af4394f;0dae1a6bd8;-;-;Wed Jun 29 15:36:18 2011 +0000;1309361778;-;-;Wed Jun 29 15:36:18 2011 +0000;1309361778
3a87d8e7cb37a22c71658dce08e5261c8e0736bf;3a87d8e7cb;-;-;Tue Jun 28 19:22:33 2011 +0000;1309288953;-;-;Tue Jun 28 19:22:33 2011 +0000;1309288953
3bbefb3e65528f10dbde6f9e7e43072cb85ad6b9;3bbefb3e65;-;-;Tue Jun 28 14:08:47 2011 +0000;1309270127;-;-;Tue Jun 28 14:08:47 2011 +0000;1309270127
0371f569ecbfca4b409bf43683848c3d0dca8873;0371f569ec;-;-;Mon Jun 27 23:02:13 2011 +0000;1309215733;-;-;Mon Jun 27 23:02:13 2011 +0000;1309215733
78470782d49055ffc60fcd21e2d2529d45673112;78470782d4;-;-;Mon Jun 27 22:23:10 2011 +0000;1309213390;-;-;Mon Jun 27 22:23:10 2011 +0000;1309213390
8504830da18495e52f52edcd085a34e706ac5ba9;8504830da1;-;-;Mon Jun 27 21:37:34 2011 +0000;1309210654;-;-;Mon Jun 27 21:37:34 2011 +0000;1309210654
c9d73e2bde3fb21d415fbb960790ec7e34f1c974;c9d73e2bde;-;-;Mon Jun 27 21:36:48 2011 +0000;1309210608;-;-;Mon Jun 27 21:36:48 2011 +0000;1309210608
1fd8f7798996ed8a30534c9ec3e66b36a9cbac2f;1fd8f77989;-;-;Mon Jun 27 21:12:58 2011 +0000;1309209178;-;-;Mon Jun 27 21:12:58 2011 +0000;1309209178
8e497d96277d38994e257cef7671844ef95acc3c;8e497d9627;-;-;Sun Jun 26 17:13:09 2011 +0000;1309108389;-;-;Sun Jun 26 17:13:09 2011 +0000;1309108389
4aed64ea4b8c5e4a16312edb60d3b016a97c4bf8;4aed64ea4b;-;-;Sun Jun 26 17:01:32 2011 +0000;1309107692;-;-;Sun Jun 26 17:01:32 2011 +0000;1309107692
4cbe2ae00aaec2ca4074b06f389f5e50ca235da3;4cbe2ae00a;-;-;Sun Jun 26 16:46:18 2011 +0000;1309106778;-;-;Sun Jun 26 16:46:18 2011 +0000;1309106778
19fc2004f5ada9e52fde8e88f814dae52e95f898;19fc2004f5;-;-;Sun Jun 26 15:47:30 2011 +0000;1309103250;-;-;Sun Jun 26 15:47:30 2011 +0000;1309103250
4ef895a018451cb4d9398fe5bc6104431b9dd5da;4ef895a018;-;-;Sun Jun 26 15:39:58 2011 +0000;1309102798;-;-;Sun Jun 26 15:39:58 2011 +0000;1309102798
b49d11f84a5d70961778749c82c638ba6c7d8244;b49d11f84a;-;-;Sun Jun 26 15:36:07 2011 +0000;1309102567;-;-;Sun Jun 26 15:36:07 2011 +0000;1309102567
3eb4f1d78bf12be776566a814a709d77e669af71;3eb4f1d78b;-;-;Sat Jun 25 15:53:43 2011 +0000;1309017223;-;-;Sat Jun 25 15:53:43 2011 +0000;1309017223
24a8a05f2410acdf875849cc3a917af1c86027df;24a8a05f24;-;-;Sat Jun 25 03:49:54 2011 +0000;1308973794;-;-;Sat Jun 25 03:49:54 2011 +0000;1308973794
bd0f68d095ba881621b8499925334de38a6b1051;bd0f68d095;-;-;Fri Jun 24 17:23:43 2011 +0000;1308936223;-;-;Fri Jun 24 17:23:43 2011 +0000;1308936223
1e07af8827c77aab3f5c215cdcdc89afff918658;1e07af8827;-;-;Fri Jun 24 17:18:53 2011 +0000;1308935933;-;-;Fri Jun 24 17:18:53 2011 +0000;1308935933
8e240d814b1d621a1da85c1515f3e3a1fa7567f7;8e240d814b;-;-;Fri Jun 24 12:04:16 2011 +0000;1308917056;-;-;Fri Jun 24 12:04:16 2011 +0000;1308917056
2122cbcb1bcdbf4cc38545a01ec13171b6487798;2122cbcb1b;-;-;Fri Jun 24 10:09:28 2011 +0000;1308910168;-;-;Fri Jun 24 10:09:28 2011 +0000;1308910168
df5e4d6d56f00739a6cd280614003590b55d4f7b;df5e4d6d56;-;-;Thu Jun 23 15:28:57 2011 +0000;1308842937;-;-;Thu Jun 23 15:28:57 2011 +0000;1308842937
efaa9416720f4f60d8efb09538954b516cc55340;efaa941672;-;-;Thu Jun 23 13:17:18 2011 +0000;1308835038;-;-;Thu Jun 23 13:17:18 2011 +0000;1308835038
69bba30ed8ceb24ac46e2f31b740c2475423c97b;69bba30ed8;-;-;Thu Jun 23 12:47:54 2011 +0000;1308833274;-;-;Thu Jun 23 12:47:54 2011 +0000;1308833274
465712c84521c8fdd9e7caa46c1d399a3629af8f;465712c845;-;-;Wed Jun 22 22:29:26 2011 +0000;1308781766;-;-;Wed Jun 22 22:29:26 2011 +0000;1308781766
1c1bc9b3dfd2075ddfb883d07469c60be67bf530;1c1bc9b3df;-;-;Wed Jun 22 20:57:21 2011 +0000;1308776241;-;-;Wed Jun 22 20:57:21 2011 +0000;1308776241
c0dfbdeebc02a9a888da3a85af46491f56a0fb10;c0dfbdeebc;-;-;Wed Jun 22 20:56:23 2011 +0000;1308776183;-;-;Wed Jun 22 20:56:23 2011 +0000;1308776183
4664366aca471bdd1aeda81e736cf3220ee6d58b;4664366aca;-;-;Wed Jun 22 20:54:02 2011 +0000;1308776042;-;-;Wed Jun 22 20:54:02 2011 +0000;1308776042
e0d558b084c65453b15ad913a81e1785ec606877;e0d558b084;-;-;Wed Jun 22 20:52:28 2011 +0000;1308775948;-;-;Wed Jun 22 20:52:28 2011 +0000;1308775948
2d29439130a9c9f5ea61986246fe007f8d9d2d78;2d29439130;-;-;Wed Jun 22 20:39:10 2011 +0000;1308775150;-;-;Wed Jun 22 20:39:10 2011 +0000;1308775150
54c82a53cd5e153b023888baa9e6c9fbf7d8fce8;54c82a53cd;-;-;Wed Jun 22 19:29:35 2011 +0000;1308770975;-;-;Wed Jun 22 19:29:35 2011 +0000;1308770975
5797fe7f6231afa25bffeb87300c34181db2d377;5797fe7f62;-;-;Wed Jun 22 19:08:44 2011 +0000;1308769724;-;-;Wed Jun 22 19:08:44 2011 +0000;1308769724
6fa451733e83213b6fcae2b80095d2a76526a4c7;6fa451733e;-;-;Wed Jun 22 13:21:11 2011 +0000;1308748871;-;-;Wed Jun 22 13:21:11 2011 +0000;1308748871
564f0ec3c3f1c673cf15e6a76913bff4cf231a45;564f0ec3c3;-;-;Tue Jun 21 16:50:00 2011 +0000;1308675000;-;-;Tue Jun 21 16:50:00 2011 +0000;1308675000
5f76ad809f3976a86e07d1e1e96c8eee611d74cb;5f76ad809f;-;-;Tue Jun 21 15:03:12 2011 +0000;1308668592;-;-;Tue Jun 21 15:03:12 2011 +0000;1308668592
41e5d55d52afc8366268bb49e2a6cdfd5f5473f6;41e5d55d52;-;-;Tue Jun 21 14:59:37 2011 +0000;1308668377;-;-;Tue Jun 21 14:59:37 2011 +0000;1308668377
8292491a53e37a02800938edba2ea2847c5fad84;8292491a53;-;-;Tue Jun 21 11:29:44 2011 +0000;1308655784;-;-;Tue Jun 21 11:29:44 2011 +0000;1308655784
2b5d2e5a0ac385c61276c56e86a9e513f47d39cf;2b5d2e5a0a;-;-;Mon Jun 20 21:49:44 2011 +0000;1308606584;-;-;Mon Jun 20 21:49:44 2011 +0000;1308606584
a7ff8a2efaf5b30399066715fa1a6762814d6e7f;a7ff8a2efa;-;-;Mon Jun 20 20:51:26 2011 +0000;1308603086;-;-;Mon Jun 20 20:51:26 2011 +0000;1308603086
102674be20694698b904f7be11b1421f18abffaa;102674be20;-;-;Mon Jun 20 19:44:30 2011 +0000;1308599070;-;-;Mon Jun 20 19:44:30 2011 +0000;1308599070
40fb1b21e1ae3e802c2e9326afd81e6642c6ee59;40fb1b21e1;-;-;Mon Jun 20 19:32:27 2011 +0000;1308598347;-;-;Mon Jun 20 19:32:27 2011 +0000;1308598347
82d09d432e6fc442784980f06c6ac60b1da4dafb;82d09d432e;-;-;Mon Jun 20 17:30:52 2011 +0000;1308591052;-;-;Mon Jun 20 17:30:52 2011 +0000;1308591052
f7a849f9f4d71f760ddaee11370cc18d84b4ceb2;f7a849f9f4;-;-;Mon Jun 20 16:20:14 2011 +0000;1308586814;-;-;Mon Jun 20 16:20:14 2011 +0000;1308586814
b00a6ccea55675c9eb8d9c765ea971f58da27a92;b00a6ccea5;-;-;Mon Jun 20 14:33:08 2011 +0000;1308580388;-;-;Mon Jun 20 14:33:08 2011 +0000;1308580388
4b026756ae21f991dee6c235cae53e9ba6c23289;4b026756ae;-;-;Mon Jun 20 14:32:39 2011 +0000;1308580359;-;-;Mon Jun 20 14:32:39 2011 +0000;1308580359
c41caa3c2f815b36792b90662b4482e2c93b5ca4;c41caa3c2f;-;-;Mon Jun 20 11:46:43 2011 +0000;1308570403;-;-;Mon Jun 20 11:46:43 2011 +0000;1308570403
4fb811572ece82e10935fb1485bbaa325d628f2a;4fb811572e;-;-;Mon Jun 20 08:44:24 2011 +0000;1308559464;-;-;Mon Jun 20 08:44:24 2011 +0000;1308559464
2d9ced04b1d79090abc3f5587ad341ce4489af68;2d9ced04b1;-;-;Mon Jun 20 06:48:36 2011 +0000;1308552516;-;-;Mon Jun 20 06:48:36 2011 +0000;1308552516
95ae6344c55f8ad298dd5fd22cbea4935d4540d1;95ae6344c5;-;-;Mon Jun 20 01:17:25 2011 +0000;1308532645;-;-;Mon Jun 20 01:17:25 2011 +0000;1308532645
6007801537d826477789c95d2ad9651fa05a3aea;6007801537;-;-;Sun Jun 19 22:52:52 2011 +0000;1308523972;-;-;Sun Jun 19 22:52:52 2011 +0000;1308523972
4d27cde6b7fc52cb1a5d1ae01ecda19c207108ea;4d27cde6b7;-;-;Sun Jun 19 22:41:18 2011 +0000;1308523278;-;-;Sun Jun 19 22:41:18 2011 +0000;1308523278
81d8ce5597a113d7245ae02770f36bdca760119b;81d8ce5597;-;-;Sun Jun 19 20:40:15 2011 +0000;1308516015;-;-;Sun Jun 19 20:40:15 2011 +0000;1308516015
427f31cb9c4ab09d9abd72e7a70642d5c7416f40;427f31cb9c;-;-;Sun Jun 19 17:40:08 2011 +0000;1308505208;-;-;Sun Jun 19 17:40:08 2011 +0000;1308505208
a77cf0f6523c3bd509ce017d9177e1fe5e043581;a77cf0f652;-;-;Sun Jun 19 17:36:25 2011 +0000;1308504985;-;-;Sun Jun 19 17:36:25 2011 +0000;1308504985
c070a4b0a468e5ff7691aa3d5589fa383528a39e;c070a4b0a4;-;-;Sun Jun 19 14:07:59 2011 +0000;1308492479;-;-;Sun Jun 19 14:07:59 2011 +0000;1308492479
568d451d60d7ab9bb091a09578e6cf79fbab832d;568d451d60;-;-;Sun Jun 19 13:44:35 2011 +0000;1308491075;-;-;Sun Jun 19 13:44:35 2011 +0000;1308491075
d904bcbf03c3f7971c050af0baa07303e14bb238;d904bcbf03;-;-;Sat Jun 18 19:58:53 2011 +0000;1308427133;-;-;Sat Jun 18 19:58:53 2011 +0000;1308427133
46639c5a1db5b4d40160326fe3a45948df27dc0b;46639c5a1d;-;-;Sat Jun 18 19:45:39 2011 +0000;1308426339;-;-;Sat Jun 18 19:45:39 2011 +0000;1308426339
bede025eb9437ca3dc38623099b47ef92c48c9a0;bede025eb9;-;-;Fri Jun 17 23:29:07 2011 +0000;1308353347;-;-;Fri Jun 17 23:29:07 2011 +0000;1308353347
aacdd36e0474bd5cb9b620f6b4494a82c63cb76d;aacdd36e04;-;-;Fri Jun 17 23:26:21 2011 +0000;1308353181;-;-;Fri Jun 17 23:26:21 2011 +0000;1308353181
4826cae0641f07ae38f3e08fd99a2fa3abc71cac;4826cae064;-;-;Fri Jun 17 23:19:14 2011 +0000;1308352754;-;-;Fri Jun 17 23:19:14 2011 +0000;1308352754
7dd69329108ab3c39ad420e347aa7a939e7f0108;7dd6932910;-;-;Fri Jun 17 21:51:01 2011 +0000;1308347461;-;-;Fri Jun 17 21:51:01 2011 +0000;1308347461
9a56deb2833cfc72f259af5fb6c849feb46e729b;9a56deb283;-;-;Fri Jun 17 21:49:06 2011 +0000;1308347346;-;-;Fri Jun 17 21:49:06 2011 +0000;1308347346
8e357348562774952a75e414a66377c4898a28dd;8e35734856;-;-;Fri Jun 17 13:35:57 2011 +0000;1308317757;-;-;Fri Jun 17 13:35:57 2011 +0000;1308317757
e5eceafa3f31f80177b24db255ca96a252ae9fb1;e5eceafa3f;-;-;Fri Jun 17 13:14:34 2011 +0000;1308316474;-;-;Fri Jun 17 13:14:34 2011 +0000;1308316474
64fd0b081d9367a764b88f1894f3f92198e85b07;64fd0b081d;-;-;Fri Jun 17 12:14:01 2011 +0000;1308312841;-;-;Fri Jun 17 12:14:01 2011 +0000;1308312841
5bfeb34b89ebf6958cb6351905d28a77a3d7b55e;5bfeb34b89;-;-;Fri Jun 17 10:14:36 2011 +0000;1308305676;-;-;Fri Jun 17 10:14:36 2011 +0000;1308305676
4fc386a4f5118605a8f82154374fb451437fff57;4fc386a4f5;-;-;Fri Jun 17 09:47:19 2011 +0000;1308304039;-;-;Fri Jun 17 09:47:19 2011 +0000;1308304039
8cb5c36512e6355d379f533d75d2bef63d0de6bd;8cb5c36512;-;-;Fri Jun 17 09:46:19 2011 +0000;1308303979;-;-;Fri Jun 17 09:46:19 2011 +0000;1308303979
96b0752ddb0e74a101047b1e554fe40616246244;96b0752ddb;-;-;Fri Jun 17 09:39:49 2011 +0000;1308303589;-;-;Fri Jun 17 09:39:49 2011 +0000;1308303589
3a332e556cd05c0bee7dcd7f1f1a556d371e3567;3a332e556c;-;-;Fri Jun 17 09:07:12 2011 +0000;1308301632;-;-;Fri Jun 17 09:07:12 2011 +0000;1308301632
7c504853cdce0379b5282ec5bd869cc738f44e95;7c504853cd;-;-;Fri Jun 17 09:06:02 2011 +0000;1308301562;-;-;Fri Jun 17 09:06:02 2011 +0000;1308301562
e79e08d7f787d6ae17dd51e8cd8a85ab246113e3;e79e08d7f7;-;-;Thu Jun 16 22:42:50 2011 +0000;1308264170;-;-;Thu Jun 16 22:42:50 2011 +0000;1308264170
5dc2d56600368e27da113dc31facd487b555b16d;5dc2d56600;-;-;Thu Jun 16 07:53:42 2011 +0000;1308210822;-;-;Thu Jun 16 07:53:42 2011 +0000;1308210822
cc814519c8c5b943a2f5bb3950b2dde97db854bf;cc814519c8;-;-;Thu Jun 16 06:34:23 2011 +0000;1308206063;-;-;Thu Jun 16 06:34:23 2011 +0000;1308206063
0e9e63e082493746657b060ead07c624b1a52e19;0e9e63e082;-;-;Thu Jun 16 06:33:44 2011 +0000;1308206024;-;-;Thu Jun 16 06:33:44 2011 +0000;1308206024
2aaf14e96f5e745d38c6933834658f7259b269ec;2aaf14e96f;-;-;Thu Jun 16 04:36:53 2011 +0000;1308199013;-;-;Thu Jun 16 04:36:53 2011 +0000;1308199013
23f31d453f1629a694562b72edb73aeeceb5afc2;23f31d453f;-;-;Wed Jun 15 21:07:37 2011 +0000;1308172057;-;-;Wed Jun 15 21:07:37 2011 +0000;1308172057
f288060ad8f0d007f1541213130d006729b9ec40;f288060ad8;-;-;Wed Jun 15 15:40:12 2011 +0000;1308152412;-;-;Wed Jun 15 15:40:12 2011 +0000;1308152412
ca6e1127421aa8cec34f3b556297ef89d6b173bc;ca6e112742;-;-;Wed Jun 15 13:04:07 2011 +0000;1308143047;-;-;Wed Jun 15 13:04:07 2011 +0000;1308143047
5c6bd2a1b6aee84c4cb1b1a086125002b0c69435;5c6bd2a1b6;-;-;Wed Jun 15 12:26:43 2011 +0000;1308140803;-;-;Wed Jun 15 12:26:43 2011 +0000;1308140803
deca69e3749367d73ab97c0b01002a247679fefe;deca69e374;-;-;Wed Jun 15 11:45:23 2011 +0000;1308138323;-;-;Wed Jun 15 11:45:23 2011 +0000;1308138323
35aa378527b60713310e0e380b5bcce28d870684;35aa378527;-;-;Wed Jun 15 11:13:04 2011 +0000;1308136384;-;-;Wed Jun 15 11:13:04 2011 +0000;1308136384
680f9692c848a18ffd72d2ded3569473c19fefbd;680f9692c8;-;-;Wed Jun 15 11:09:58 2011 +0000;1308136198;-;-;Wed Jun 15 11:09:58 2011 +0000;1308136198
3b1190121f4e22d27dd764c2531cea72b3f4db65;3b1190121f;-;-;Wed Jun 15 11:04:02 2011 +0000;1308135842;-;-;Wed Jun 15 11:04:02 2011 +0000;1308135842
0346fbc154397814a21b0fd0a0c0c36f192d0752;0346fbc154;-;-;Wed Jun 15 10:52:16 2011 +0000;1308135136;-;-;Wed Jun 15 10:52:16 2011 +0000;1308135136
6d45e1bb1287f6a551e92a633eeb8e35e49f2af0;6d45e1bb12;-;-;Wed Jun 15 10:39:04 2011 +0000;1308134344;-;-;Wed Jun 15 10:39:04 2011 +0000;1308134344
352d61bef2df95ba81867fe69fd2112f5caa164e;352d61bef2;-;-;Wed Jun 15 10:37:58 2011 +0000;1308134278;-;-;Wed Jun 15 10:37:58 2011 +0000;1308134278
ab033086f98e633fa7314edf3adfab67fe9bd85b;ab033086f9;-;-;Wed Jun 15 08:06:42 2011 +0000;1308125202;-;-;Wed Jun 15 08:06:42 2011 +0000;1308125202
889f8886f65180b42110607cd945354db6dbe29a;889f8886f6;-;-;Tue Jun 14 22:45:29 2011 +0000;1308091529;-;-;Tue Jun 14 22:45:29 2011 +0000;1308091529
cb1ddb334b6829b6e3d5e0c954abfb5bddedaa76;cb1ddb334b;-;-;Tue Jun 14 21:39:17 2011 +0000;1308087557;-;-;Tue Jun 14 21:39:17 2011 +0000;1308087557
5c1e86b47f6b856598357b5f75e503b97d19eec1;5c1e86b47f;-;-;Tue Jun 14 15:07:23 2011 +0000;1308064043;-;-;Tue Jun 14 15:07:23 2011 +0000;1308064043
695f1613b2010c6ec62de4a345d242f417f24098;695f1613b2;-;-;Tue Jun 14 15:02:40 2011 +0000;1308063760;-;-;Tue Jun 14 15:02:40 2011 +0000;1308063760
9765fefeac8403ea6374a160d061a69ba6f5f16d;9765fefeac;-;-;Tue Jun 14 13:46:32 2011 +0000;1308059192;-;-;Tue Jun 14 13:46:32 2011 +0000;1308059192
ac7d48e5a873e21ec0d0a068dfbd910a156f1313;ac7d48e5a8;-;-;Tue Jun 14 13:16:45 2011 +0000;1308057405;-;-;Tue Jun 14 13:16:45 2011 +0000;1308057405
c42671a78aa68f7ab8125311b2c9ce167b166c2c;c42671a78a;-;-;Tue Jun 14 10:37:49 2011 +0000;1308047869;-;-;Tue Jun 14 10:37:49 2011 +0000;1308047869
01d2082090fa59dfadff6bf092f99a4cd37f82f6;01d2082090;-;-;Tue Jun 14 09:46:18 2011 +0000;1308044778;-;-;Tue Jun 14 09:46:18 2011 +0000;1308044778
fa0b683161f59e5e733a34a9cdfaf484da80e856;fa0b683161;-;-;Tue Jun 14 09:20:07 2011 +0000;1308043207;-;-;Tue Jun 14 09:20:07 2011 +0000;1308043207
b2be59c2e42e64422796bf0b3546df98392e0ab7;b2be59c2e4;-;-;Tue Jun 14 00:14:09 2011 +0000;1308010449;-;-;Tue Jun 14 00:14:09 2011 +0000;1308010449
878ff8901403234fe3a9978cb355fef42ace50a8;878ff89014;-;-;Mon Jun 13 23:57:53 2011 +0000;1308009473;-;-;Mon Jun 13 23:57:53 2011 +0000;1308009473
6c3cc786d0034c2f7cda5d825be7c6a67c6c1c8b;6c3cc786d0;-;-;Mon Jun 13 23:43:46 2011 +0000;1308008626;-;-;Mon Jun 13 23:43:46 2011 +0000;1308008626
90c3d049580a045b21a499783b4aa3386affae21;90c3d04958;-;-;Mon Jun 13 22:32:42 2011 +0000;1308004362;-;-;Mon Jun 13 22:32:42 2011 +0000;1308004362
168d9648b957e63f75fa8437314c7994fd5c2a74;168d9648b9;-;-;Mon Jun 13 21:42:11 2011 +0000;1308001331;-;-;Mon Jun 13 21:42:11 2011 +0000;1308001331
883ac319bced893a3068ac482ce6e99ed4865566;883ac319bc;-;-;Mon Jun 13 12:20:25 2011 +0000;1307967625;-;-;Mon Jun 13 12:20:25 2011 +0000;1307967625
25e2537c178d57f71b3e243b88071f98b5142c56;25e2537c17;-;-;Mon Jun 13 08:41:06 2011 +0000;1307954466;-;-;Mon Jun 13 08:41:06 2011 +0000;1307954466
9b45d50b9ba3dc244e748481ceb3c62174a2a8a2;9b45d50b9b;-;-;Mon Jun 13 08:31:15 2011 +0000;1307953875;-;-;Mon Jun 13 08:31:15 2011 +0000;1307953875
234bca64624d0fadd0333e1ec3fc2c680308f081;234bca6462;-;-;Mon Jun 13 04:23:08 2011 +0000;1307938988;-;-;Mon Jun 13 04:23:08 2011 +0000;1307938988
799785abad0a98596878626330e85a449787ab92;799785abad;-;-;Sun Jun 12 06:56:37 2011 +0000;1307861797;-;-;Sun Jun 12 06:56:37 2011 +0000;1307861797
2d68b726b5ac4d788c44bea58e9e6cd87c4ad5a0;2d68b726b5;-;-;Sun Jun 12 06:56:17 2011 +0000;1307861777;-;-;Sun Jun 12 06:56:17 2011 +0000;1307861777
c0131fe1082746db91680d052c5bcfbc086da4a1;c0131fe108;-;-;Sat Jun 11 19:56:48 2011 +0000;1307822208;-;-;Sat Jun 11 19:56:48 2011 +0000;1307822208
f5bed462bf8b60fcedee01b0c9d5ef46ffb0b344;f5bed462bf;-;-;Sat Jun 11 19:26:38 2011 +0000;1307820398;-;-;Sat Jun 11 19:26:38 2011 +0000;1307820398
4a11765dfde866c780489cf6aa0b376097bba499;4a11765dfd;-;-;Thu Jun 9 23:15:27 2011 +0000;1307661327;-;-;Thu Jun 9 23:15:27 2011 +0000;1307661327
e1d81e04bc4abb9541666cd42516656e097ae94d;e1d81e04bc;-;-;Thu Jun 9 23:09:55 2011 +0000;1307660995;-;-;Thu Jun 9 23:09:55 2011 +0000;1307660995
fdeeeac5d0b38af9cbf0f109038f2dd964123877;fdeeeac5d0;-;-;Thu Jun 9 15:12:02 2011 +0000;1307632322;-;-;Thu Jun 9 15:12:02 2011 +0000;1307632322
1b9574131cfd5894e885bddd0f9b884785c50966;1b9574131c;-;-;Thu Jun 9 13:26:46 2011 +0000;1307626006;-;-;Thu Jun 9 13:26:46 2011 +0000;1307626006
e11dc8597d86e2486fd4779dc7a97567ef17002e;e11dc8597d;-;-;Thu Jun 9 13:10:09 2011 +0000;1307625009;-;-;Thu Jun 9 13:10:09 2011 +0000;1307625009
b5520bc01adf459a88c3a2ce1eb2e6dffdd7d480;b5520bc01a;-;-;Thu Jun 9 13:01:09 2011 +0000;1307624469;-;-;Thu Jun 9 13:01:09 2011 +0000;1307624469
11f90023dc48b224f381a6b305f78f903a2876b0;11f90023dc;-;-;Thu Jun 9 12:50:55 2011 +0000;1307623855;-;-;Thu Jun 9 12:50:55 2011 +0000;1307623855
00d57907a3589972aec8ce9a72c41b93511f257c;00d57907a3;-;-;Thu Jun 9 11:17:45 2011 +0000;1307618265;-;-;Thu Jun 9 11:17:45 2011 +0000;1307618265
c60511bf040e3800a56c9ac17c1d1b0104da8097;c60511bf04;-;-;Thu Jun 9 09:58:15 2011 +0000;1307613495;-;-;Thu Jun 9 09:58:15 2011 +0000;1307613495
9f3026a4e6b0b3a27c2b24409fd8795181256807;9f3026a4e6;-;-;Thu Jun 9 09:15:11 2011 +0000;1307610911;-;-;Thu Jun 9 09:15:11 2011 +0000;1307610911
c17df6db8aa3be6b91288194507857ad14664049;c17df6db8a;-;-;Thu Jun 9 02:54:52 2011 +0000;1307588092;-;-;Thu Jun 9 02:54:52 2011 +0000;1307588092
ae61aa3555fd7d62bf3e707238b93632f391fbca;ae61aa3555;-;-;Thu Jun 9 02:54:34 2011 +0000;1307588074;-;-;Thu Jun 9 02:54:34 2011 +0000;1307588074
3b50fc8d867a3027fea5bdecc5e550ba7fe873d1;3b50fc8d86;-;-;Thu Jun 9 02:53:57 2011 +0000;1307588037;-;-;Thu Jun 9 02:53:57 2011 +0000;1307588037
3b704272e3016ef8c26e51727b9f40eb22c20060;3b704272e3;-;-;Wed Jun 8 22:52:43 2011 +0000;1307573563;-;-;Wed Jun 8 22:52:43 2011 +0000;1307573563
fc11102e34835e2f0ac2f1123a4d0f4aeac45ad7;fc11102e34;-;-;Wed Jun 8 22:51:21 2011 +0000;1307573481;-;-;Wed Jun 8 22:51:21 2011 +0000;1307573481
3741ac7dd0fb9b54bf38bce8d51f1a5f93cc905e;3741ac7dd0;-;-;Wed Jun 8 08:03:03 2011 +0000;1307520183;-;-;Wed Jun 8 08:03:03 2011 +0000;1307520183
d5b9b26fea83475bbebc3aa240c0d36e0a886bdb;d5b9b26fea;-;-;Wed Jun 8 00:12:50 2011 +0000;1307491970;-;-;Wed Jun 8 00:12:50 2011 +0000;1307491970
cac42ef2335d5759ca78e6c40a19ff3bd0081199;cac42ef233;-;-;Tue Jun 7 23:24:30 2011 +0000;1307489070;-;-;Tue Jun 7 23:24:30 2011 +0000;1307489070
02e79f567340eff1695bb1425850e187dea964d1;02e79f5673;-;-;Tue Jun 7 22:34:52 2011 +0000;1307486092;-;-;Tue Jun 7 22:34:52 2011 +0000;1307486092
cd933c7f84ce000af2c849d92630bcdc877ab28f;cd933c7f84;-;-;Tue Jun 7 22:34:35 2011 +0000;1307486075;-;-;Tue Jun 7 22:34:35 2011 +0000;1307486075
d940811d8b04d57e6771f737f9b82500caba1ea9;d940811d8b;-;-;Tue Jun 7 22:33:23 2011 +0000;1307486003;-;-;Tue Jun 7 22:33:23 2011 +0000;1307486003
15e009f3a0b13362e80da199c49ffe67dcbed8fb;15e009f3a0;-;-;Tue Jun 7 20:44:02 2011 +0000;1307479442;-;-;Tue Jun 7 20:44:02 2011 +0000;1307479442
0601f0e52053b69278d1ed53a457c068e3d58eb3;0601f0e520;-;-;Tue Jun 7 20:14:02 2011 +0000;1307477642;-;-;Tue Jun 7 20:14:02 2011 +0000;1307477642
1e39b0bbbc37cac82e19e7d8e085a6665a9166d0;1e39b0bbbc;-;-;Tue Jun 7 20:00:28 2011 +0000;1307476828;-;-;Tue Jun 7 20:00:28 2011 +0000;1307476828
df460f448684482b8fb881ab869c3fbaf77d1851;df460f4486;-;-;Tue Jun 7 16:56:47 2011 +0000;1307465807;-;-;Tue Jun 7 16:56:47 2011 +0000;1307465807
e5d551587ac715ef9d3290e440f0c0c0e5119263;e5d551587a;-;-;Tue Jun 7 15:56:51 2011 +0000;1307462211;-;-;Tue Jun 7 15:56:51 2011 +0000;1307462211
a60cb43c6a083740100de9d2a03b4a561e4a626f;a60cb43c6a;-;-;Tue Jun 7 15:33:44 2011 +0000;1307460824;-;-;Tue Jun 7 15:33:44 2011 +0000;1307460824
7dcd71c5439026dbd2a67bf7f2f74f0e0341c3a4;7dcd71c543;-;-;Tue Jun 7 15:01:35 2011 +0000;1307458895;-;-;Tue Jun 7 15:01:35 2011 +0000;1307458895
5e3a5202fbd17cd30607ca7bb5360c9db8197e75;5e3a5202fb;-;-;Tue Jun 7 02:51:44 2011 +0000;1307415104;-;-;Tue Jun 7 02:51:44 2011 +0000;1307415104
a1a7c3205254216a33c7dc1c091f08afd0206b43;a1a7c32052;-;-;Mon Jun 6 22:48:00 2011 +0000;1307400480;-;-;Mon Jun 6 22:48:00 2011 +0000;1307400480
38041acc8773bcd70d6c35dfe02d001f1597ae1a;38041acc87;-;-;Mon Jun 6 13:30:41 2011 +0000;1307367041;-;-;Mon Jun 6 13:30:41 2011 +0000;1307367041
4a3c1292bc82c2799c697a38ac9e69efbd3a09fd;4a3c1292bc;-;-;Mon Jun 6 13:15:10 2011 +0000;1307366110;-;-;Mon Jun 6 13:15:10 2011 +0000;1307366110
fa3e9bdfddf6a35a7d79a879252ebd5c9171a268;fa3e9bdfdd;-;-;Mon Jun 6 10:33:04 2011 +0000;1307356384;-;-;Mon Jun 6 10:33:04 2011 +0000;1307356384
4f1e74877a13269e7b9c8ae8caa4060e068b5bdd;4f1e74877a;-;-;Mon Jun 6 09:52:33 2011 +0000;1307353953;-;-;Mon Jun 6 09:52:33 2011 +0000;1307353953
620018d16b2639a4ded38f0c05c6277698c5c69f;620018d16b;-;-;Mon Jun 6 08:31:18 2011 +0000;1307349078;-;-;Mon Jun 6 08:31:18 2011 +0000;1307349078
bce91499471982a1d21728e2f52602209e64aa7d;bce9149947;-;-;Mon Jun 6 08:30:36 2011 +0000;1307349036;-;-;Mon Jun 6 08:30:36 2011 +0000;1307349036
6933a1af28ba28e083adbad3f1d0a36060aa1ec8;6933a1af28;-;-;Mon Jun 6 07:28:25 2011 +0000;1307345305;-;-;Mon Jun 6 07:28:25 2011 +0000;1307345305
97e047ed66d391cd1262b40847559c3d3c9110d4;97e047ed66;-;-;Mon Jun 6 00:52:01 2011 +0000;1307321521;-;-;Mon Jun 6 00:52:01 2011 +0000;1307321521
b06b5502e0934e49b2e7a77786a5eb50cc6f2996;b06b5502e0;-;-;Sun Jun 5 21:45:31 2011 +0000;1307310331;-;-;Sun Jun 5 21:45:31 2011 +0000;1307310331
32ebf18429a179e6bf416db42ae2d474802369ea;32ebf18429;-;-;Sun Jun 5 21:02:02 2011 +0000;1307307722;-;-;Sun Jun 5 21:02:02 2011 +0000;1307307722
c2e62f098ad2ae6e643f56a7429454020ec17294;c2e62f098a;-;-;Sun Jun 5 21:01:37 2011 +0000;1307307697;-;-;Sun Jun 5 21:01:37 2011 +0000;1307307697
4f96edd90140014ba396bbf542f68b09f8d173f3;4f96edd901;-;-;Sun Jun 5 19:23:29 2011 +0000;1307301809;-;-;Sun Jun 5 19:23:29 2011 +0000;1307301809
7307f3d5137749ce7478ab610ade45b83b58e230;7307f3d513;-;-;Sun Jun 5 19:13:13 2011 +0000;1307301193;-;-;Sun Jun 5 19:13:13 2011 +0000;1307301193
5976beca801c09a0001f5101a1587d42c87cc817;5976beca80;-;-;Sun Jun 5 19:12:58 2011 +0000;1307301178;-;-;Sun Jun 5 19:12:58 2011 +0000;1307301178
189cc262ad8a742e7d345b98adeeec68343349ca;189cc262ad;-;-;Sun Jun 5 19:05:06 2011 +0000;1307300706;-;-;Sun Jun 5 19:05:06 2011 +0000;1307300706
76283ed321f90ad2ffeda2206803c26ab1959ad6;76283ed321;-;-;Sun Jun 5 18:51:37 2011 +0000;1307299897;-;-;Sun Jun 5 18:51:37 2011 +0000;1307299897
a40f6585b465671203dea286774584ba25da5a42;a40f6585b4;-;-;Sun Jun 5 18:36:58 2011 +0000;1307299018;-;-;Sun Jun 5 18:36:58 2011 +0000;1307299018
8c6890605a7080e2744be3f3994757cc72e394b0;8c6890605a;-;-;Sun Jun 5 17:52:26 2011 +0000;1307296346;-;-;Sun Jun 5 17:52:26 2011 +0000;1307296346
5f8faa3ae74acba9cc9b398c69bcfd593f224e1a;5f8faa3ae7;-;-;Sun Jun 5 17:41:08 2011 +0000;1307295668;-;-;Sun Jun 5 17:41:08 2011 +0000;1307295668
0adcb2ad2ea5bdf85d27e9c279cf165db1eeb33c;0adcb2ad2e;-;-;Sun Jun 5 16:42:24 2011 +0000;1307292144;-;-;Sun Jun 5 16:42:24 2011 +0000;1307292144
cfb387383bdd921f16edca1da2ee7fde5f61f39a;cfb387383b;-;-;Sun Jun 5 08:37:08 2011 +0000;1307263028;-;-;Sun Jun 5 08:37:08 2011 +0000;1307263028
c09227a71265578a15bbf516abc523716490d1ac;c09227a712;-;-;Sun Jun 5 08:29:14 2011 +0000;1307262554;-;-;Sun Jun 5 08:29:14 2011 +0000;1307262554
94d690fb2ce1c56973723f2cf1cd4bba77cd2aa5;94d690fb2c;-;-;Sun Jun 5 07:14:34 2011 +0000;1307258074;-;-;Sun Jun 5 07:14:34 2011 +0000;1307258074
2127b160512911e5f65a4e304f0b57826710a91d;2127b16051;-;-;Sun Jun 5 06:04:49 2011 +0000;1307253889;-;-;Sun Jun 5 06:04:49 2011 +0000;1307253889
9ece4a88a9994ba4350a3bfe4570a5797baca6d7;9ece4a88a9;-;-;Sun Jun 5 06:01:48 2011 +0000;1307253708;-;-;Sun Jun 5 06:01:48 2011 +0000;1307253708
c306afed63e439ee133872a49380d76064bd2638;c306afed63;-;-;Sun Jun 5 05:46:27 2011 +0000;1307252787;-;-;Sun Jun 5 05:46:27 2011 +0000;1307252787
c84cccf06dad4e3f11cd529ab16a5655bf723820;c84cccf06d;-;-;Sun Jun 5 04:43:18 2011 +0000;1307248998;-;-;Sun Jun 5 04:43:18 2011 +0000;1307248998
a2a4929c147208e959a93b290e930828287833d8;a2a4929c14;-;-;Sat Jun 4 12:46:28 2011 +0000;1307191588;-;-;Sat Jun 4 12:46:28 2011 +0000;1307191588
3af4cdb0f1eb698ba0f816ff7bc0fd4d31df423f;3af4cdb0f1;-;-;Sat Jun 4 12:45:58 2011 +0000;1307191558;-;-;Sat Jun 4 12:45:58 2011 +0000;1307191558
ea2da0b6be38d4663416a60ffced7a07586de5c9;ea2da0b6be;-;-;Sat Jun 4 12:45:31 2011 +0000;1307191531;-;-;Sat Jun 4 12:45:31 2011 +0000;1307191531
1bf8634db1c025198e7383834079d464cb05162f;1bf8634db1;-;-;Sat Jun 4 12:45:11 2011 +0000;1307191511;-;-;Sat Jun 4 12:45:11 2011 +0000;1307191511
5db1687d29c4b23d05f061ab7fb3450111314050;5db1687d29;-;-;Sat Jun 4 05:38:51 2011 +0000;1307165931;-;-;Sat Jun 4 05:38:51 2011 +0000;1307165931
9c3c1c64b31832d349401dbd69dbebe416942fd0;9c3c1c64b3;-;-;Fri Jun 3 22:51:53 2011 +0000;1307141513;-;-;Fri Jun 3 22:51:53 2011 +0000;1307141513
dbe96b5cf9727302509ce36aa831184ba5c25463;dbe96b5cf9;-;-;Fri Jun 3 22:46:43 2011 +0000;1307141203;-;-;Fri Jun 3 22:46:43 2011 +0000;1307141203
3f58da1cd673570c8e7ea61d70593c028d10f3c7;3f58da1cd6;-;-;Fri Jun 3 21:38:05 2011 +0000;1307137085;-;-;Fri Jun 3 21:38:05 2011 +0000;1307137085
72420c79cbaf1c0c625a4d38c01980b8db564ad3;72420c79cb;-;-;Fri Jun 3 18:54:21 2011 +0000;1307127261;-;-;Fri Jun 3 18:54:21 2011 +0000;1307127261
da41c9bb11228a282e87ed1ecca2c7ef1547da5b;da41c9bb11;-;-;Fri Jun 3 16:19:41 2011 +0000;1307117981;-;-;Fri Jun 3 16:19:41 2011 +0000;1307117981
f3f29412d4b4b8adb287846ba05c10d6334b40e6;f3f29412d4;-;-;Fri Jun 3 15:44:08 2011 +0000;1307115848;-;-;Fri Jun 3 15:44:08 2011 +0000;1307115848
0d4469d8e32eb6ffa361378a730dff2897eda182;0d4469d8e3;-;-;Fri Jun 3 14:10:16 2011 +0000;1307110216;-;-;Fri Jun 3 14:10:16 2011 +0000;1307110216
266e1096cec621b53ea126a92f13c78007477c04;266e1096ce;-;-;Fri Jun 3 13:40:45 2011 +0000;1307108445;-;-;Fri Jun 3 13:40:45 2011 +0000;1307108445
2b17ee0911ca17d52c1a6b8ee300d4e71dbea053;2b17ee0911;-;-;Fri Jun 3 13:39:15 2011 +0000;1307108355;-;-;Fri Jun 3 13:39:15 2011 +0000;1307108355
39583d23fd63402d2a3aa946d3ef826ce212d6c0;39583d23fd;-;-;Fri Jun 3 13:11:06 2011 +0000;1307106666;-;-;Fri Jun 3 13:11:06 2011 +0000;1307106666
16fc083310d5414f2fbca205f8de8a2c25082961;16fc083310;-;-;Fri Jun 3 09:50:12 2011 +0000;1307094612;-;-;Fri Jun 3 09:50:12 2011 +0000;1307094612
f1ad53d570b407a88665560c1e4adc61a21d6ab8;f1ad53d570;-;-;Fri Jun 3 09:38:22 2011 +0000;1307093902;-;-;Fri Jun 3 09:38:22 2011 +0000;1307093902
d2a99de9fcdc10a5c399b7967414d34cbc6824d9;d2a99de9fc;-;-;Fri Jun 3 09:38:16 2011 +0000;1307093896;-;-;Fri Jun 3 09:38:16 2011 +0000;1307093896
c7a350cde7fe7adeccb8287a2106d7b6e2af8b3d;c7a350cde7;-;-;Fri Jun 3 08:51:56 2011 +0000;1307091116;-;-;Fri Jun 3 08:51:56 2011 +0000;1307091116
385d8e9482dabee9ec764756c30bc59aedcf5a69;385d8e9482;-;-;Fri Jun 3 05:16:35 2011 +0000;1307078195;-;-;Fri Jun 3 05:16:35 2011 +0000;1307078195
a1b7af5c9c230274770880748ebc10e1e21a83f5;a1b7af5c9c;-;-;Fri Jun 3 03:09:05 2011 +0000;1307070545;-;-;Fri Jun 3 03:09:05 2011 +0000;1307070545
07f985ac91792cb34571d71f326e60f849010c42;07f985ac91;-;-;Fri Jun 3 02:18:22 2011 +0000;1307067502;-;-;Fri Jun 3 02:18:22 2011 +0000;1307067502
08180e97f8618db89351ea3025e0469882880dfc;08180e97f8;-;-;Fri Jun 3 02:01:28 2011 +0000;1307066488;-;-;Fri Jun 3 02:01:28 2011 +0000;1307066488
a8dbac6d8d8e185f032476e2260fea797e146d39;a8dbac6d8d;-;-;Fri Jun 3 01:55:41 2011 +0000;1307066141;-;-;Fri Jun 3 01:55:41 2011 +0000;1307066141
0f6d890d97a95fe081501139810580387c962269;0f6d890d97;-;-;Fri Jun 3 00:51:17 2011 +0000;1307062277;-;-;Fri Jun 3 00:51:17 2011 +0000;1307062277
6f146737f475828b6d765784017773378c2c4922;6f146737f4;-;-;Thu Jun 2 23:37:19 2011 +0000;1307057839;-;-;Thu Jun 2 23:37:19 2011 +0000;1307057839
9d2ee7061c93453d9cac411aee6df03e34b12a88;9d2ee7061c;-;-;Thu Jun 2 18:27:50 2011 +0000;1307039270;-;-;Thu Jun 2 18:27:50 2011 +0000;1307039270
bfecedf5e287d78a3aac7d9a47e0c28b1a1d1e33;bfecedf5e2;-;-;Thu Jun 2 17:59:52 2011 +0000;1307037592;-;-;Thu Jun 2 17:59:52 2011 +0000;1307037592
2913964b412e9bd54254e28abb1fdce3f571edd2;2913964b41;-;-;Thu Jun 2 17:51:37 2011 +0000;1307037097;-;-;Thu Jun 2 17:51:37 2011 +0000;1307037097
ab704fdaba5137e4f4d3e15ae845e9f519203c4c;ab704fdaba;-;-;Thu Jun 2 17:35:02 2011 +0000;1307036102;-;-;Thu Jun 2 17:35:02 2011 +0000;1307036102
74b169e88615fc4e3b99142554186da250a704cf;74b169e886;-;-;Thu Jun 2 17:33:12 2011 +0000;1307035992;-;-;Thu Jun 2 17:33:12 2011 +0000;1307035992
18f5d90235873f02a6c41f13b2231537b08424d4;18f5d90235;-;-;Thu Jun 2 17:21:44 2011 +0000;1307035304;-;-;Thu Jun 2 17:21:44 2011 +0000;1307035304
14edc9fc031dbd5b8af7824e3e3f7c9d17712cda;14edc9fc03;-;-;Thu Jun 2 16:22:26 2011 +0000;1307031746;-;-;Thu Jun 2 16:22:26 2011 +0000;1307031746
ac735d73ac026456bf66fe2cfc979cfa05c2d521;ac735d73ac;-;-;Thu Jun 2 14:45:22 2011 +0000;1307025922;-;-;Thu Jun 2 14:45:22 2011 +0000;1307025922
cee9da36eb43a7290df0b91300c10cc958bec9f5;cee9da36eb;-;-;Thu Jun 2 14:45:00 2011 +0000;1307025900;-;-;Thu Jun 2 14:45:00 2011 +0000;1307025900
9ca9287e3582f9f4aa1098cd4108ddd9b1d1ab20;9ca9287e35;-;-;Thu Jun 2 14:44:26 2011 +0000;1307025866;-;-;Thu Jun 2 14:44:26 2011 +0000;1307025866
aa0c64d2f20e217fdee2a8fe9da8a9b76b94b75e;aa0c64d2f2;-;-;Thu Jun 2 14:43:59 2011 +0000;1307025839;-;-;Thu Jun 2 14:43:59 2011 +0000;1307025839
3e5c6306bef9b7d146818af26f2845027c05f67d;3e5c6306be;-;-;Thu Jun 2 14:42:26 2011 +0000;1307025746;-;-;Thu Jun 2 14:42:26 2011 +0000;1307025746
066daaf5be6921fea3fee1db3a6c11a28bd15618;066daaf5be;-;-;Thu Jun 2 14:29:06 2011 +0000;1307024946;-;-;Thu Jun 2 14:29:06 2011 +0000;1307024946
645631ad2e454074eca1a35c677be7c4e5964dde;645631ad2e;-;-;Thu Jun 2 14:28:58 2011 +0000;1307024938;-;-;Thu Jun 2 14:28:58 2011 +0000;1307024938
e0ad6500bea0b6c9e07b8b29f2ca265b2faebf1b;e0ad6500be;-;-;Thu Jun 2 14:28:16 2011 +0000;1307024896;-;-;Thu Jun 2 14:28:16 2011 +0000;1307024896
ce78a519f60fb78bd6833212a9580e99b206c6e2;ce78a519f6;-;-;Thu Jun 2 12:29:26 2011 +0000;1307017766;-;-;Thu Jun 2 12:29:26 2011 +0000;1307017766
7be1b5c3f5e04de56aabbdf73f7aca9c14a5052d;7be1b5c3f5;-;-;Thu Jun 2 10:01:14 2011 +0000;1307008874;-;-;Thu Jun 2 10:01:14 2011 +0000;1307008874
8227cb624308e68c34cc2140ea63e8fc4f5cbd9f;8227cb6243;-;-;Thu Jun 2 06:50:42 2011 +0000;1306997442;-;-;Thu Jun 2 06:50:42 2011 +0000;1306997442
6ae04eb7e6e31d7bb40322077d392d40b4c9a26e;6ae04eb7e6;-;-;Thu Jun 2 06:50:00 2011 +0000;1306997400;-;-;Thu Jun 2 06:50:00 2011 +0000;1306997400
0304a4b74d216b1efa87796cbf05ba2d0f93a22f;0304a4b74d;-;-;Thu Jun 2 06:49:15 2011 +0000;1306997355;-;-;Thu Jun 2 06:49:15 2011 +0000;1306997355
cf2563bdf575cd61f477a5274a8fb83f8bcc4c5c;cf2563bdf5;-;-;Wed Jun 1 21:05:23 2011 +0000;1306962323;-;-;Wed Jun 1 21:05:23 2011 +0000;1306962323
919b996027b40bd6e3595538b16acb396e256caf;919b996027;-;-;Wed Jun 1 20:54:48 2011 +0000;1306961688;-;-;Wed Jun 1 20:54:48 2011 +0000;1306961688
4642cca893cc67905eacf5d2d867537f04d11277;4642cca893;-;-;Wed Jun 1 16:13:40 2011 +0000;1306944820;-;-;Wed Jun 1 16:13:40 2011 +0000;1306944820
ff2a603f2fde6833029af231fb7c5ca397a97211;ff2a603f2f;-;-;Wed Jun 1 15:04:34 2011 +0000;1306940674;-;-;Wed Jun 1 15:04:34 2011 +0000;1306940674
24a97805efd30e73476cdbd98a6ccbb873ce77b5;24a97805ef;-;-;Wed Jun 1 14:40:53 2011 +0000;1306939253;-;-;Wed Jun 1 14:40:53 2011 +0000;1306939253
0c775416a6015bdf6eebdc80ee1cf80f04b2b4a8;0c775416a6;-;-;Wed Jun 1 14:12:03 2011 +0000;1306937523;-;-;Wed Jun 1 14:12:03 2011 +0000;1306937523
3a2afde41d2813e2c7302d76fc6123856c723ef9;3a2afde41d;-;-;Wed Jun 1 12:59:47 2011 +0000;1306933187;-;-;Wed Jun 1 12:59:47 2011 +0000;1306933187
f64344b296f3af337ade3c80cd3a966de85a6d04;f64344b296;-;-;Wed Jun 1 12:56:50 2011 +0000;1306933010;-;-;Wed Jun 1 12:56:50 2011 +0000;1306933010
13b7f1a31be9754a2c0395cbadc177ccd58987f2;13b7f1a31b;-;-;Wed Jun 1 12:55:26 2011 +0000;1306932926;-;-;Wed Jun 1 12:55:26 2011 +0000;1306932926
6981ee566c137a02700e5d018a60dfe54780c89c;6981ee566c;-;-;Tue May 31 22:29:14 2011 +0000;1306880954;-;-;Tue May 31 22:29:14 2011 +0000;1306880954
c7473f9124014ea02e83fa87fff67601d1dab1a7;c7473f9124;-;-;Tue May 31 22:12:53 2011 +0000;1306879973;-;-;Tue May 31 22:12:53 2011 +0000;1306879973
67661693fe30a9ad173239fdcf620a23f19f5ed8;67661693fe;-;-;Tue May 31 10:58:24 2011 +0000;1306839504;-;-;Tue May 31 10:58:24 2011 +0000;1306839504
c3675b44b4e9d9f50f469210320ca9cc19708940;c3675b44b4;-;-;Tue May 31 06:42:36 2011 +0000;1306824156;-;-;Tue May 31 06:42:36 2011 +0000;1306824156
14d50e3482fa0520e2f2ef21602ff20e569ffe6d;14d50e3482;-;-;Tue May 31 06:42:06 2011 +0000;1306824126;-;-;Tue May 31 06:42:06 2011 +0000;1306824126
4feacf31e70377511d2c495042b559a9ea1bb84b;4feacf31e7;-;-;Tue May 31 06:41:35 2011 +0000;1306824095;-;-;Tue May 31 06:41:35 2011 +0000;1306824095
847b54f3b1aa7fae0473fb20dffc9c7fa3fec063;847b54f3b1;-;-;Tue May 31 01:12:34 2011 +0000;1306804354;-;-;Tue May 31 01:12:34 2011 +0000;1306804354
0067618b35c765da90b388735edee13e47cbdd5a;0067618b35;-;-;Mon May 30 22:00:12 2011 +0000;1306792812;-;-;Mon May 30 22:00:12 2011 +0000;1306792812
f5a39ae7ffcf637346d7169d93e9a6dde2eff42a;f5a39ae7ff;-;-;Mon May 30 21:59:12 2011 +0000;1306792752;-;-;Mon May 30 21:59:12 2011 +0000;1306792752
e5702cd3de6c87dea78477486f04528260e2c6ad;e5702cd3de;-;-;Mon May 30 13:18:16 2011 +0000;1306761496;-;-;Mon May 30 13:18:16 2011 +0000;1306761496
948aa4f589c65581a6d294095670cb83b65297da;948aa4f589;-;-;Mon May 30 12:57:19 2011 +0000;1306760239;-;-;Mon May 30 12:57:19 2011 +0000;1306760239
1e1a05e9f806561175e27f5496ccae06460d1c2f;1e1a05e9f8;-;-;Mon May 30 12:56:32 2011 +0000;1306760192;-;-;Mon May 30 12:56:32 2011 +0000;1306760192
e36b5e9b7ecae6a0415310b46a9ffca7aef1210f;e36b5e9b7e;-;-;Mon May 30 12:56:01 2011 +0000;1306760161;-;-;Mon May 30 12:56:01 2011 +0000;1306760161
2b4328023e5e96078f8b7fd6661cb325d34c8f21;2b4328023e;-;-;Mon May 30 12:55:33 2011 +0000;1306760133;-;-;Mon May 30 12:55:33 2011 +0000;1306760133
2eea63eec5c934256bbf7e4eb60f64b2b72634a5;2eea63eec5;-;-;Mon May 30 12:54:48 2011 +0000;1306760088;-;-;Mon May 30 12:54:48 2011 +0000;1306760088
c4d98278e94d94187e429d33400b7425b128a577;c4d98278e9;-;-;Mon May 30 12:54:24 2011 +0000;1306760064;-;-;Mon May 30 12:54:24 2011 +0000;1306760064
fb9fb00c04143480aa39b6538f4d71aba461571b;fb9fb00c04;-;-;Mon May 30 12:53:57 2011 +0000;1306760037;-;-;Mon May 30 12:53:57 2011 +0000;1306760037
c9e67b2ef25ff1f5de32e4fc75a36f076fd14f35;c9e67b2ef2;-;-;Mon May 30 12:53:32 2011 +0000;1306760012;-;-;Mon May 30 12:53:32 2011 +0000;1306760012
2b5175911364124ff8125a32e94490fd3108b7e8;2b51759113;-;-;Sun May 29 22:00:14 2011 +0000;1306706414;-;-;Sun May 29 22:00:14 2011 +0000;1306706414
788a65b8e70d9c841eb5837306b36cb17fbe703e;788a65b8e7;-;-;Sun May 29 21:45:19 2011 +0000;1306705519;-;-;Sun May 29 21:45:19 2011 +0000;1306705519
8e169a278292e03865f5b3aca7eedacc8972755f;8e169a2782;-;-;Sun May 29 21:29:40 2011 +0000;1306704580;-;-;Sun May 29 21:29:40 2011 +0000;1306704580
f1b9b8e9248be66a41a47c5ed947879336d583e5;f1b9b8e924;-;-;Sun May 29 20:55:44 2011 +0000;1306702544;-;-;Sun May 29 20:55:44 2011 +0000;1306702544
e1d9457b7dfaaab87471c0c1ac0d18e933a80e8f;e1d9457b7d;-;-;Sun May 29 20:55:15 2011 +0000;1306702515;-;-;Sun May 29 20:55:15 2011 +0000;1306702515
0d69b803851bc122d53b4c11c131a049358cc0c5;0d69b80385;-;-;Sun May 29 20:53:34 2011 +0000;1306702414;-;-;Sun May 29 20:53:34 2011 +0000;1306702414
98c6a2784fdaf08a074c44dc604938a3cac3b1b0;98c6a2784f;-;-;Sun May 29 20:52:37 2011 +0000;1306702357;-;-;Sun May 29 20:52:37 2011 +0000;1306702357
a966cba97f91e27b87bf3ac06acb4424cb0391f0;a966cba97f;-;-;Sun May 29 20:52:03 2011 +0000;1306702323;-;-;Sun May 29 20:52:03 2011 +0000;1306702323
c303b22e30986f39348c33a66ff6bb81e2599e11;c303b22e30;-;-;Sun May 29 20:43:52 2011 +0000;1306701832;-;-;Sun May 29 20:43:52 2011 +0000;1306701832
af8aff3e49dbd26cf05ff2039ee74313039808f0;af8aff3e49;-;-;Sun May 29 20:38:23 2011 +0000;1306701503;-;-;Sun May 29 20:38:23 2011 +0000;1306701503
127115671ccafb5bc10be2ce2e3a4c0722c79eca;127115671c;-;-;Fri May 27 17:09:53 2011 +0000;1306516193;-;-;Fri May 27 17:09:53 2011 +0000;1306516193
367a0c2933b610892f50875ca0f7f76228d8a9d0;367a0c2933;-;-;Thu May 26 13:34:21 2011 +0000;1306416861;-;-;Thu May 26 13:34:21 2011 +0000;1306416861
2ceeff370aff402bd669f9125d93e99d09e8ce71;2ceeff370a;-;-;Wed May 25 10:52:25 2011 +0000;1306320745;-;-;Wed May 25 10:52:25 2011 +0000;1306320745
0756a6abfed06ed4590341c5c9b10b41ad633e25;0756a6abfe;-;-;Wed May 25 10:52:03 2011 +0000;1306320723;-;-;Wed May 25 10:52:03 2011 +0000;1306320723
37d955b35bbf49741c8938290bd2ed84bd64c468;37d955b35b;-;-;Wed May 25 09:21:44 2011 +0000;1306315304;-;-;Wed May 25 09:21:44 2011 +0000;1306315304
f43d0e100373abffd8e638ae9541a9bdc91dd7fc;f43d0e1003;-;-;Tue May 24 22:20:54 2011 +0000;1306275654;-;-;Tue May 24 22:20:54 2011 +0000;1306275654
ad93d20a6c6987ec15dca9a43eb1e3a02ff2183d;ad93d20a6c;-;-;Tue May 24 19:40:14 2011 +0000;1306266014;-;-;Tue May 24 19:40:14 2011 +0000;1306266014
47e3f0948dbc2530c3722ed31176590de6032133;47e3f0948d;-;-;Tue May 24 18:32:01 2011 +0000;1306261921;-;-;Tue May 24 18:32:01 2011 +0000;1306261921
01cbfd4f6f750aa87021a91658bf09a2f28e0d03;01cbfd4f6f;-;-;Tue May 24 17:53:18 2011 +0000;1306259598;-;-;Tue May 24 17:53:18 2011 +0000;1306259598
c5833b192e3f3a280f8c63a9c45ca96776415a6b;c5833b192e;-;-;Tue May 24 17:22:22 2011 +0000;1306257742;-;-;Tue May 24 17:22:22 2011 +0000;1306257742
d02e37a307c10276537cdb91368f6593c365b22f;d02e37a307;-;-;Tue May 24 03:47:50 2011 +0000;1306208870;-;-;Tue May 24 03:47:50 2011 +0000;1306208870
e25fbf2533a809c7c4eacc59a90169da73ad6c0b;e25fbf2533;-;-;Mon May 23 23:00:43 2011 +0000;1306191643;-;-;Mon May 23 23:00:43 2011 +0000;1306191643
e11d7c328ff0803a1dea9021d862aaf53a7e9ea5;e11d7c328f;-;-;Mon May 23 17:18:14 2011 +0000;1306171094;-;-;Mon May 23 17:18:14 2011 +0000;1306171094
c4363673dce9ca819b7b206ac5b2cd66473a4315;c4363673dc;-;-;Mon May 23 10:04:00 2011 +0000;1306145040;-;-;Mon May 23 10:04:00 2011 +0000;1306145040
c696e195fa27f6dccdb1551bbd9a9dd894242cf9;c696e195fa;-;-;Mon May 23 10:03:23 2011 +0000;1306145003;-;-;Mon May 23 10:03:23 2011 +0000;1306145003
e128ee2464b1d4bcc988999f4e05da5e8ecdf0ed;e128ee2464;-;-;Mon May 23 10:02:50 2011 +0000;1306144970;-;-;Mon May 23 10:02:50 2011 +0000;1306144970
56720fc42cfdab28a61fecfbd3a9e543763ef1a9;56720fc42c;-;-;Mon May 23 10:02:18 2011 +0000;1306144938;-;-;Mon May 23 10:02:18 2011 +0000;1306144938
3c6254df909af63e2ba806c2705375c90ff58ad3;3c6254df90;-;-;Mon May 23 10:01:49 2011 +0000;1306144909;-;-;Mon May 23 10:01:49 2011 +0000;1306144909
7430fcd9049331d1e28af2879beb036ae45eb905;7430fcd904;-;-;Mon May 23 07:38:27 2011 +0000;1306136307;-;-;Mon May 23 07:38:27 2011 +0000;1306136307
5c67dbf42466ee984c48c9b04e58d4039d614848;5c67dbf424;-;-;Mon May 23 05:21:02 2011 +0000;1306128062;-;-;Mon May 23 05:21:02 2011 +0000;1306128062
79f9d1cfc6275e6ba95ef51db6c4cf2fbde0ce78;79f9d1cfc6;-;-;Mon May 23 01:08:18 2011 +0000;1306112898;-;-;Mon May 23 01:08:18 2011 +0000;1306112898
4d6a5849f70288b5f5c19030b1fd8f087a6cb90b;4d6a5849f7;-;-;Sun May 22 19:10:40 2011 +0000;1306091440;-;-;Sun May 22 19:10:40 2011 +0000;1306091440
4a6101a697475b6f0f5b5da7cf280ad372725ebb;4a6101a697;-;-;Sat May 21 01:39:50 2011 +0000;1305941990;-;-;Sat May 21 01:39:50 2011 +0000;1305941990
95b1dbadb0014e791b93d73254903a683bd49433;95b1dbadb0;-;-;Sat May 21 01:20:33 2011 +0000;1305940833;-;-;Sat May 21 01:20:33 2011 +0000;1305940833
5b2c7c4e585af1ceab7b43340514988005204de8;5b2c7c4e58;-;-;Sat May 21 01:20:03 2011 +0000;1305940803;-;-;Sat May 21 01:20:03 2011 +0000;1305940803
76e3d2855a1f1bd91c2872dcdce49cbfcabdbee8;76e3d2855a;-;-;Sat May 21 01:19:25 2011 +0000;1305940765;-;-;Sat May 21 01:19:25 2011 +0000;1305940765
5fa7f24794cc23cd0a803d8d49024d34f7df328b;5fa7f24794;-;-;Fri May 20 17:02:20 2011 +0000;1305910940;-;-;Fri May 20 17:02:20 2011 +0000;1305910940
c481d2e9fb200175eff3593f31fb02b3decd0a4d;c481d2e9fb;-;-;Fri May 20 03:57:35 2011 +0000;1305863855;-;-;Fri May 20 03:57:35 2011 +0000;1305863855
f893b62a9bd10a063a8e7b6842d003c3b625483f;f893b62a9b;-;-;Fri May 20 03:55:56 2011 +0000;1305863756;-;-;Fri May 20 03:55:56 2011 +0000;1305863756
c06752ef721694e59318d59af0cb7dee76b5dedb;c06752ef72;-;-;Fri May 20 03:53:37 2011 +0000;1305863617;-;-;Fri May 20 03:53:37 2011 +0000;1305863617
615fcff7ae62c42d7238d61a33811943cdfd68d7;615fcff7ae;-;-;Fri May 20 03:50:41 2011 +0000;1305863441;-;-;Fri May 20 03:50:41 2011 +0000;1305863441
7271ba818215ce267ab0638661915075dd05e8dd;7271ba8182;-;-;Fri May 20 03:50:14 2011 +0000;1305863414;-;-;Fri May 20 03:50:14 2011 +0000;1305863414
c4a13507f0bcb10bd870543e8a1f1f130505c321;c4a13507f0;-;-;Fri May 20 03:49:15 2011 +0000;1305863355;-;-;Fri May 20 03:49:15 2011 +0000;1305863355
415057c18445090185804ce9ee93fbdd5d3dddac;415057c184;-;-;Fri May 20 03:48:19 2011 +0000;1305863299;-;-;Fri May 20 03:48:19 2011 +0000;1305863299
818467b9e5afa37080ae5851fbb5e7a23037b7fd;818467b9e5;-;-;Fri May 20 03:47:48 2011 +0000;1305863268;-;-;Fri May 20 03:47:48 2011 +0000;1305863268
0bf92782ea4c8cba38ce18ece9cded2bf3b415e8;0bf92782ea;-;-;Thu May 19 16:45:25 2011 +0000;1305823525;-;-;Thu May 19 16:45:25 2011 +0000;1305823525
60aa598c03e32a86c1760ab38aa7d655ac8f6dba;60aa598c03;-;-;Thu May 19 14:01:35 2011 +0000;1305813695;-;-;Thu May 19 14:01:35 2011 +0000;1305813695
dd8a9cce053f957ee43837a4470cae7d81b2fb24;dd8a9cce05;-;-;Thu May 19 13:34:36 2011 +0000;1305812076;-;-;Thu May 19 13:34:36 2011 +0000;1305812076
5ac2e4418ffd0c916174baf2f666d162d55a1716;5ac2e4418f;-;-;Thu May 19 13:07:15 2011 +0000;1305810435;-;-;Thu May 19 13:07:15 2011 +0000;1305810435
100fed47f3206740bb4ccf2a5b845e049ddd9217;100fed47f3;-;-;Thu May 19 13:05:53 2011 +0000;1305810353;-;-;Thu May 19 13:05:53 2011 +0000;1305810353
b39673aa79d26b585754d939131de70853a9eaf4;b39673aa79;-;-;Wed May 18 18:34:41 2011 +0000;1305743681;-;-;Wed May 18 18:34:41 2011 +0000;1305743681
dadd0f57eeedb463fac4a9663e7c49bac236596a;dadd0f57ee;-;-;Wed May 18 17:43:13 2011 +0000;1305740593;-;-;Wed May 18 17:43:13 2011 +0000;1305740593
1eaca6572091c014379e453299773e880a7766b9;1eaca65720;-;-;Wed May 18 11:34:47 2011 +0000;1305718487;-;-;Wed May 18 11:34:47 2011 +0000;1305718487
a618bcc8cde89b7c7cc6e9fbc4348465387a8e99;a618bcc8cd;-;-;Wed May 18 11:24:57 2011 +0000;1305717897;-;-;Wed May 18 11:24:57 2011 +0000;1305717897
4520ea8690fa8769a2d45658883eac51ea2453ed;4520ea8690;-;-;Wed May 18 08:53:46 2011 +0000;1305708826;-;-;Wed May 18 08:53:46 2011 +0000;1305708826
6fcea8b99da45f287149796ef2598f0d71758793;6fcea8b99d;-;-;Tue May 17 19:15:17 2011 +0000;1305659717;-;-;Tue May 17 19:15:17 2011 +0000;1305659717
8dfcae535e19b0c80dabf8fdbad81fbcd8ba8246;8dfcae535e;-;-;Tue May 17 18:16:07 2011 +0000;1305656167;-;-;Tue May 17 18:16:07 2011 +0000;1305656167
0eb40e1e5e0d49638faba605dde992bebb933c26;0eb40e1e5e;-;-;Tue May 17 18:01:35 2011 +0000;1305655295;-;-;Tue May 17 18:01:35 2011 +0000;1305655295
dea1fc933fa467e8c33f0aa0bc7e4c61a01ba3d7;dea1fc933f;-;-;Tue May 17 17:35:01 2011 +0000;1305653701;-;-;Tue May 17 17:35:01 2011 +0000;1305653701
861e4817559dfb956512775665c8f0c9da9c99c1;861e481755;-;-;Tue May 17 17:09:49 2011 +0000;1305652189;-;-;Tue May 17 17:09:49 2011 +0000;1305652189
3699a037a55ed4fbe43d66ecc73876f2378e3507;3699a037a5;-;-;Tue May 17 16:58:15 2011 +0000;1305651495;-;-;Tue May 17 16:58:15 2011 +0000;1305651495
0b917e3f9ced6449fdc47a5fcae2105e94212c28;0b917e3f9c;-;-;Tue May 17 16:50:00 2011 +0000;1305651000;-;-;Tue May 17 16:50:00 2011 +0000;1305651000
af1dfd357743e6f4d5b9589ddb584f472a699e41;af1dfd3577;-;-;Tue May 17 13:02:48 2011 +0000;1305637368;-;-;Tue May 17 13:02:48 2011 +0000;1305637368
1bbdb0d2ff3f25f3d1e3d43d9fa5d6dbb7da6235;1bbdb0d2ff;-;-;Tue May 17 12:22:21 2011 +0000;1305634941;-;-;Tue May 17 12:22:21 2011 +0000;1305634941
b0a4be7cd112c25ae9a0f347fc6f3f1958e9275f;b0a4be7cd1;-;-;Tue May 17 10:07:36 2011 +0000;1305626856;-;-;Tue May 17 10:07:36 2011 +0000;1305626856
ad2e0d45875651d9a707b514dd3966fa81a9048c;ad2e0d4587;-;-;Tue May 17 09:45:57 2011 +0000;1305625557;-;-;Tue May 17 09:45:57 2011 +0000;1305625557
57c757afc50000d933193cba1aeeff9127483d5a;57c757afc5;-;-;Mon May 16 13:24:42 2011 +0000;1305552282;-;-;Mon May 16 13:24:42 2011 +0000;1305552282
d14d82612d4368f18336aea65d0d3acae442a913;d14d82612d;-;-;Sat May 14 06:44:51 2011 +0000;1305355491;-;-;Sat May 14 06:44:51 2011 +0000;1305355491
f8bf8742e197274b323349c01cd52bc1acc2e06a;f8bf8742e1;-;-;Sat May 14 06:22:44 2011 +0000;1305354164;-;-;Sat May 14 06:22:44 2011 +0000;1305354164
1784df8d3ee4c0ef27f78c56f393be94afe6d017;1784df8d3e;-;-;Fri May 13 18:06:55 2011 +0000;1305310015;-;-;Fri May 13 18:06:55 2011 +0000;1305310015
700a02b094921d223e1bbc3bcccf8a1f9bc4febe;700a02b094;-;-;Fri May 13 16:09:33 2011 +0000;1305302973;-;-;Fri May 13 16:09:33 2011 +0000;1305302973
cc519e7c6d6a74e1549a08f57a0929de02bad0a9;cc519e7c6d;-;-;Fri May 13 15:59:22 2011 +0000;1305302362;-;-;Fri May 13 15:59:22 2011 +0000;1305302362
5c0e22e7a812e1216660773e9d513a29f3241f6a;5c0e22e7a8;-;-;Fri May 13 15:46:37 2011 +0000;1305301597;-;-;Fri May 13 15:46:37 2011 +0000;1305301597
4dd5ae16b20b8726eabdeeeffd5ff9d5d6e8c44e;4dd5ae16b2;-;-;Fri May 13 15:40:12 2011 +0000;1305301212;-;-;Fri May 13 15:40:12 2011 +0000;1305301212
a986d758e76f6a353aa3163593aa8bb468239355;a986d758e7;-;-;Fri May 13 15:37:10 2011 +0000;1305301030;-;-;Fri May 13 15:37:10 2011 +0000;1305301030
bb2cc8457fc2bd8f101b4b1e4a7d093ac0c465d3;bb2cc8457f;-;-;Fri May 13 09:43:45 2011 +0000;1305279825;-;-;Fri May 13 09:43:45 2011 +0000;1305279825
a557878a6f79e1d595c1e6e05faf7cbd78718b58;a557878a6f;-;-;Fri May 13 03:41:29 2011 +0000;1305258089;-;-;Fri May 13 03:41:29 2011 +0000;1305258089
df5bab3454ae337eadc430b85259ca2bdc0c643c;df5bab3454;-;-;Fri May 13 03:40:26 2011 +0000;1305258026;-;-;Fri May 13 03:40:26 2011 +0000;1305258026
f8a2dd3f650e6f0dcd027d554034119ed5e45986;f8a2dd3f65;-;-;Thu May 12 16:40:44 2011 +0000;1305218444;-;-;Thu May 12 16:40:44 2011 +0000;1305218444
b46598965ed3519343134a520dd91cc0134c0e73;b46598965e;-;-;Thu May 12 15:03:36 2011 +0000;1305212616;-;-;Thu May 12 15:03:36 2011 +0000;1305212616
2afeb08e3c387715374c81a82074bae4235b5082;2afeb08e3c;-;-;Thu May 12 12:28:13 2011 +0000;1305203293;-;-;Thu May 12 12:28:13 2011 +0000;1305203293
57206db15271f865b542264c74980e6cbb4681fd;57206db152;-;-;Thu May 12 12:27:14 2011 +0000;1305203234;-;-;Thu May 12 12:27:14 2011 +0000;1305203234
8190b4f70a3f0eb41e73b7a9b33e3a30f496aa4c;8190b4f70a;-;-;Thu May 12 09:00:39 2011 +0000;1305190839;-;-;Thu May 12 09:00:39 2011 +0000;1305190839
580f35f6eeb8268fe5d1f11b8776de92f82a390f;580f35f6ee;-;-;Wed May 11 23:41:30 2011 +0000;1305157290;-;-;Wed May 11 23:41:30 2011 +0000;1305157290
2f733bedc5ab3d46f3fc5d599e06a82724079ef9;2f733bedc5;-;-;Wed May 11 21:44:24 2011 +0000;1305150264;-;-;Wed May 11 21:44:24 2011 +0000;1305150264
5d8de5c44985a561bdcc0dd43afac6c783729197;5d8de5c449;-;-;Wed May 11 20:09:08 2011 +0000;1305144548;-;-;Wed May 11 20:09:08 2011 +0000;1305144548
726e920857d5c7ca69e0c8881db55c8ad6e878c3;726e920857;-;-;Wed May 11 18:02:07 2011 +0000;1305136927;-;-;Wed May 11 18:02:07 2011 +0000;1305136927
c8bc54e0ccad49f0785856f911349283619eb8ba;c8bc54e0cc;-;-;Wed May 11 13:28:33 2011 +0000;1305120513;-;-;Wed May 11 13:28:33 2011 +0000;1305120513
314a054a9baf2cc13dc0c64d3b388164e5f5346e;314a054a9b;-;-;Wed May 11 13:28:05 2011 +0000;1305120485;-;-;Wed May 11 13:28:05 2011 +0000;1305120485
9b0c66dc6cd312c681dd27548d8d79829565d002;9b0c66dc6c;-;-;Wed May 11 10:38:30 2011 +0000;1305110310;-;-;Wed May 11 10:38:30 2011 +0000;1305110310
80f0eabbd93c83d00f8e2f02f529b1aba49a381a;80f0eabbd9;-;-;Wed May 11 07:51:32 2011 +0000;1305100292;-;-;Wed May 11 07:51:32 2011 +0000;1305100292
404f7980483e8c4088fd365fc54047300a1d3aa4;404f798048;-;-;Wed May 11 07:36:04 2011 +0000;1305099364;-;-;Wed May 11 07:36:04 2011 +0000;1305099364
3622c6f340c57847234b648af0e757573dee5063;3622c6f340;-;-;Wed May 11 07:35:16 2011 +0000;1305099316;-;-;Wed May 11 07:35:16 2011 +0000;1305099316
dc2d5c107f517ffa894c653a1c5fd4c165db015e;dc2d5c107f;-;-;Wed May 11 06:09:06 2011 +0000;1305094146;-;-;Wed May 11 06:09:06 2011 +0000;1305094146
693204aef8457d39d3c8d30dbb7cf78ce9deffcb;693204aef8;-;-;Wed May 11 06:08:40 2011 +0000;1305094120;-;-;Wed May 11 06:08:40 2011 +0000;1305094120
52bef0b7b024e794186437dee78945fbb5bd209a;52bef0b7b0;-;-;Tue May 10 11:55:41 2011 +0000;1305028541;-;-;Tue May 10 11:55:41 2011 +0000;1305028541
859185d086ac4936c49820cc2018a38664ff14d6;859185d086;-;-;Tue May 10 11:54:37 2011 +0000;1305028477;-;-;Tue May 10 11:54:37 2011 +0000;1305028477
71aae405d57288e83086e36143df3eb9bd6dba39;71aae405d5;-;-;Tue May 10 09:23:00 2011 +0000;1305019380;-;-;Tue May 10 09:23:00 2011 +0000;1305019380
7f247a6b271c804d6c513b066811a8b4b0805938;7f247a6b27;-;-;Mon May 9 17:40:23 2011 +0000;1304962823;-;-;Mon May 9 17:40:23 2011 +0000;1304962823
b058d1e07a738e393cb17fd66a917d07395de764;b058d1e07a;-;-;Mon May 9 11:20:49 2011 +0000;1304940049;-;-;Mon May 9 11:20:49 2011 +0000;1304940049
8d0ab1d2e5bbdb51479c3e5d75976ce7c7810eac;8d0ab1d2e5;-;-;Sun May 8 19:31:29 2011 +0000;1304883089;-;-;Sun May 8 19:31:29 2011 +0000;1304883089
d0c31ad84cffd7af718a45d679483a1c51f9e552;d0c31ad84c;-;-;Sun May 8 13:49:35 2011 +0000;1304862575;-;-;Sun May 8 13:49:35 2011 +0000;1304862575
c2b030a50dd62f3f1614e8a19ba9658d0fe0abdb;c2b030a50d;-;-;Sun May 8 13:48:02 2011 +0000;1304862482;-;-;Sun May 8 13:48:02 2011 +0000;1304862482
7e398f101cf677656e603f51a176e15a8e1e3cfc;7e398f101c;-;-;Sat May 7 09:32:03 2011 +0000;1304760723;-;-;Sat May 7 09:32:03 2011 +0000;1304760723
358cbf43014c89cb73d8635fb5d18be0cbd39fc9;358cbf4301;-;-;Sat May 7 09:31:13 2011 +0000;1304760673;-;-;Sat May 7 09:31:13 2011 +0000;1304760673
b7f4f2b546a3c1be164fc5fe9f645e342cc9fe5b;b7f4f2b546;-;-;Fri May 6 19:13:44 2011 +0000;1304709224;-;-;Fri May 6 19:13:44 2011 +0000;1304709224
1efb82d7cb771a9739dee647ccfcfa69d18c2cba;1efb82d7cb;-;-;Fri May 6 19:13:05 2011 +0000;1304709185;-;-;Fri May 6 19:13:05 2011 +0000;1304709185
2092a31f9d74f87c0884862dbcd3cb89a770f40e;2092a31f9d;-;-;Fri May 6 19:12:14 2011 +0000;1304709134;-;-;Fri May 6 19:12:14 2011 +0000;1304709134
446dfdbff26678ebaa025c7c24832211cda61dab;446dfdbff2;-;-;Fri May 6 19:11:19 2011 +0000;1304709079;-;-;Fri May 6 19:11:19 2011 +0000;1304709079
01e5120a26141b7e771af042c20c7a092a1950fc;01e5120a26;-;-;Fri May 6 19:10:25 2011 +0000;1304709025;-;-;Fri May 6 19:10:25 2011 +0000;1304709025
d9a89529f05b37300939820fd8acfc2278df4974;d9a89529f0;-;-;Fri May 6 19:09:24 2011 +0000;1304708964;-;-;Fri May 6 19:09:24 2011 +0000;1304708964
de50789cb6901b23a8d323939565a137ef2a65f0;de50789cb6;-;-;Fri May 6 19:08:53 2011 +0000;1304708933;-;-;Fri May 6 19:08:53 2011 +0000;1304708933
cf0fc278bbc5ef4a3b08cc0a98d581ee8f930eae;cf0fc278bb;-;-;Fri May 6 19:08:10 2011 +0000;1304708890;-;-;Fri May 6 19:08:10 2011 +0000;1304708890
17892a8ab2499d2da2d2521970690bc7c92ad103;17892a8ab2;-;-;Fri May 6 19:07:41 2011 +0000;1304708861;-;-;Fri May 6 19:07:41 2011 +0000;1304708861
7b999c676f855fd208fcd56943b3ca48233d7f3a;7b999c676f;-;-;Fri May 6 19:07:25 2011 +0000;1304708845;-;-;Fri May 6 19:07:25 2011 +0000;1304708845
2bc3527f76247a3b8fd81ba5373b4b155e3a48b8;2bc3527f76;-;-;Fri May 6 19:06:37 2011 +0000;1304708797;-;-;Fri May 6 19:06:37 2011 +0000;1304708797
9a271ce6c92695b9421aa603c9aa56e805c7920c;9a271ce6c9;-;-;Fri May 6 19:06:02 2011 +0000;1304708762;-;-;Fri May 6 19:06:02 2011 +0000;1304708762
cdb01cbd3795f273b751d0f0a45caa22d07c62da;cdb01cbd37;-;-;Fri May 6 19:05:42 2011 +0000;1304708742;-;-;Fri May 6 19:05:42 2011 +0000;1304708742
89005a5b7034cc1c2f702eac4bd36836b99f3765;89005a5b70;-;-;Fri May 6 19:05:15 2011 +0000;1304708715;-;-;Fri May 6 19:05:15 2011 +0000;1304708715
856da7edb984cd8ad5643a376e536f40e06d8faa;856da7edb9;-;-;Fri May 6 19:04:35 2011 +0000;1304708675;-;-;Fri May 6 19:04:35 2011 +0000;1304708675
cd4fb665d9d15ef7966ca1fcbedf9e8e1d9946a2;cd4fb665d9;-;-;Fri May 6 19:04:11 2011 +0000;1304708651;-;-;Fri May 6 19:04:11 2011 +0000;1304708651
111fb71fe1ccb8d3a5e06e61461edd87d6d025f4;111fb71fe1;-;-;Fri May 6 19:03:52 2011 +0000;1304708632;-;-;Fri May 6 19:03:52 2011 +0000;1304708632
0a790c143feeabf571e98f8ee0700a4586cbb67c;0a790c143f;-;-;Fri May 6 19:01:56 2011 +0000;1304708516;-;-;Fri May 6 19:01:56 2011 +0000;1304708516
f683f781c584b12790752ddfb0ee334e61a0b9e9;f683f781c5;-;-;Fri May 6 19:01:35 2011 +0000;1304708495;-;-;Fri May 6 19:01:35 2011 +0000;1304708495
84a63b6d4bfbfd0d5f1e91786802b68f9cd1411a;84a63b6d4b;-;-;Fri May 6 19:01:11 2011 +0000;1304708471;-;-;Fri May 6 19:01:11 2011 +0000;1304708471
d2faef44fa2c6f55d8a9fdac77ada63657a86864;d2faef44fa;-;-;Fri May 6 19:00:55 2011 +0000;1304708455;-;-;Fri May 6 19:00:55 2011 +0000;1304708455
d3678caa3714b0eaf2f1da90a733be0b5f464c49;d3678caa37;-;-;Fri May 6 19:00:38 2011 +0000;1304708438;-;-;Fri May 6 19:00:38 2011 +0000;1304708438
f30b7e3125105e75a0c10a75a27949a2a6937f86;f30b7e3125;-;-;Fri May 6 19:00:14 2011 +0000;1304708414;-;-;Fri May 6 19:00:14 2011 +0000;1304708414
6d84f06d8c5f54422b797a8b434f3ca8ee7a91bd;6d84f06d8c;-;-;Fri May 6 18:59:26 2011 +0000;1304708366;-;-;Fri May 6 18:59:26 2011 +0000;1304708366
4b5208faad2e6de37462b9127cdbcfb0a3b20566;4b5208faad;-;-;Fri May 6 18:59:05 2011 +0000;1304708345;-;-;Fri May 6 18:59:05 2011 +0000;1304708345
275d43dfdeeeb6d13e416d40e2f3f4ddba796de8;275d43dfde;-;-;Fri May 6 18:58:41 2011 +0000;1304708321;-;-;Fri May 6 18:58:41 2011 +0000;1304708321
c51c340881e907e34516249851c6b0988b495aa7;c51c340881;-;-;Fri May 6 18:57:41 2011 +0000;1304708261;-;-;Fri May 6 18:57:41 2011 +0000;1304708261
3e2cc7dd195cdad10abb882c289b53458594bb33;3e2cc7dd19;-;-;Fri May 6 15:35:40 2011 +0000;1304696140;-;-;Fri May 6 15:35:40 2011 +0000;1304696140
ddc9bbb555ccb3d2164e77f0f13b554cc5f7c05b;ddc9bbb555;-;-;Fri May 6 12:05:56 2011 +0000;1304683556;-;-;Fri May 6 12:05:56 2011 +0000;1304683556
c91ab1ad6e1b177023e35e092088ace6e2021cce;c91ab1ad6e;-;-;Tue May 3 15:39:13 2011 +0000;1304437153;-;-;Tue May 3 15:39:13 2011 +0000;1304437153
50117dce40fa3bcf87acfca6ef26b7607a311518;50117dce40;-;-;Tue Apr 26 11:54:54 2011 +0000;1303818894;-;-;Tue Apr 26 11:54:54 2011 +0000;1303818894
5c27a042101b3ab5eaba12c440b194c88f53e685;5c27a04210;-;-;Tue Apr 26 10:15:30 2011 +0000;1303812930;-;-;Tue Apr 26 10:15:30 2011 +0000;1303812930
88e2277bfff54c27fbd9546bd76bf35feb0e8f9a;88e2277bff;-;-;Tue Apr 26 07:44:40 2011 +0000;1303803880;-;-;Tue Apr 26 07:44:40 2011 +0000;1303803880
ed9d9a402ba8ffa2cacebea35f6192bdc898ce4d;ed9d9a402b;-;-;Thu Apr 21 15:18:45 2011 +0000;1303399125;-;-;Thu Apr 21 15:18:45 2011 +0000;1303399125
a4716c2a942c994396db3a43ab1b445d155c63f7;a4716c2a94;-;-;Thu Apr 21 15:09:44 2011 +0000;1303398584;-;-;Thu Apr 21 15:09:44 2011 +0000;1303398584
945cf43e2db6fe2f02a3967397cc1e32f1c22876;945cf43e2d;-;-;Thu Apr 21 14:54:55 2011 +0000;1303397695;-;-;Thu Apr 21 14:54:55 2011 +0000;1303397695
acb9433e5cad2f668a5d1edf8320fadfcdaf0706;acb9433e5c;-;-;Thu Apr 21 11:40:24 2011 +0000;1303386024;-;-;Thu Apr 21 11:40:24 2011 +0000;1303386024
ab654a7a0623957fb4808a1fe0d2eaebd6616108;ab654a7a06;-;-;Thu Apr 21 11:39:20 2011 +0000;1303385960;-;-;Thu Apr 21 11:39:20 2011 +0000;1303385960
5206f5bc9a0e4721eb173c27549e2369d9a8d919;5206f5bc9a;-;-;Thu Apr 21 08:07:12 2011 +0000;1303373232;-;-;Thu Apr 21 08:07:12 2011 +0000;1303373232
e1d19d6c24f48f35f528ddd1d4b07a45f2fb0399;e1d19d6c24;-;-;Thu Apr 21 08:00:42 2011 +0000;1303372842;-;-;Thu Apr 21 08:00:42 2011 +0000;1303372842
d14c7f2d0926afcef3b6fc3706489ee6cd48d8c6;d14c7f2d09;-;-;Wed Apr 20 21:41:17 2011 +0000;1303335677;-;-;Wed Apr 20 21:41:17 2011 +0000;1303335677
57d327d1ff3a339d4e1a0d82e81f0028f712d9e2;57d327d1ff;-;-;Wed Apr 20 08:43:57 2011 +0000;1303289037;-;-;Wed Apr 20 08:43:57 2011 +0000;1303289037
9c65973b33e6dc61f284430d7728a6e8c1be1ba1;9c65973b33;-;-;Fri Apr 15 18:42:58 2011 +0000;1302892978;-;-;Fri Apr 15 18:42:58 2011 +0000;1302892978
83ce399c4703a44823ba78edab6b65ded4c15b93;83ce399c47;-;-;Fri Apr 15 06:42:18 2011 +0000;1302849738;-;-;Fri Apr 15 06:42:18 2011 +0000;1302849738
f5f738f2b4978985287e42c7ca19b2284f7c1ba4;f5f738f2b4;-;-;Thu Apr 14 18:44:40 2011 +0000;1302806680;-;-;Thu Apr 14 18:44:40 2011 +0000;1302806680
aa065e83100ace913de9f46ff38aeb84a4d85229;aa065e8310;-;-;Wed Apr 13 23:15:19 2011 +0000;1302736519;-;-;Wed Apr 13 23:15:19 2011 +0000;1302736519
62d40dc7aa9f0f79dfda1ebc411ef6c8efc209aa;62d40dc7aa;-;-;Tue Apr 12 21:58:38 2011 +0000;1302645518;-;-;Tue Apr 12 21:58:38 2011 +0000;1302645518
8adb9a88d0ec3ac67ea77a7a367a3536405d2f44;8adb9a88d0;-;-;Tue Apr 12 19:51:50 2011 +0000;1302637910;-;-;Tue Apr 12 19:51:50 2011 +0000;1302637910
3244e0a644f37820546d17780e586d0505efe2de;3244e0a644;-;-;Tue Apr 12 18:11:18 2011 +0000;1302631878;-;-;Tue Apr 12 18:11:18 2011 +0000;1302631878
8098ced387784350f77c3aff03b38697c83b861d;8098ced387;-;-;Tue Apr 12 16:02:46 2011 +0000;1302624166;-;-;Tue Apr 12 16:02:46 2011 +0000;1302624166
58b779355bac6c189ec50f24710e041e4ab5554b;58b779355b;-;-;Tue Apr 12 14:53:09 2011 +0000;1302619989;-;-;Tue Apr 12 14:53:09 2011 +0000;1302619989
6e03b4dd64245238856b28c156b0d27b79398627;6e03b4dd64;-;-;Tue Apr 12 13:23:14 2011 +0000;1302614594;-;-;Tue Apr 12 13:23:14 2011 +0000;1302614594
f812cd748ea4a453627efca00a19a539541dd9c0;f812cd748e;-;-;Tue Apr 12 13:21:18 2011 +0000;1302614478;-;-;Tue Apr 12 13:21:18 2011 +0000;1302614478
0c736776da14f5fd7baeea50f81ec31f46228b4d;0c736776da;-;-;Tue Apr 12 10:46:57 2011 +0000;1302605217;-;-;Tue Apr 12 10:46:57 2011 +0000;1302605217
3690002dce069729e24bb67386df3cbd7655708c;3690002dce;-;-;Tue Apr 12 07:55:38 2011 +0000;1302594938;-;-;Tue Apr 12 07:55:38 2011 +0000;1302594938
54866493946b03f01cdaef333a5f4147e655bed2;5486649394;-;-;Mon Apr 11 17:18:07 2011 +0000;1302542287;-;-;Mon Apr 11 17:18:07 2011 +0000;1302542287
767513de4e2c11c676c4edb217fe1e4b680fd1c5;767513de4e;-;-;Mon Apr 11 17:17:51 2011 +0000;1302542271;-;-;Mon Apr 11 17:17:51 2011 +0000;1302542271
23e37b68420f8ad4576b719ddba7ba42a6a6cc5c;23e37b6842;-;-;Mon Apr 11 15:50:04 2011 +0000;1302537004;-;-;Mon Apr 11 15:50:04 2011 +0000;1302537004
54bbcf3a42ab2be10ebb27b7ff8965dcdf7a5254;54bbcf3a42;-;-;Mon Apr 11 13:12:45 2011 +0000;1302527565;-;-;Mon Apr 11 13:12:45 2011 +0000;1302527565
313546ad1fc36a46e6c356a9605cc1e3cb1b0613;313546ad1f;-;-;Mon Apr 11 12:37:33 2011 +0000;1302525453;-;-;Mon Apr 11 12:37:33 2011 +0000;1302525453
68b46873116bb9c7d681c2aa206e555796740dc3;68b4687311;-;-;Sun Apr 10 23:20:05 2011 +0000;1302477605;-;-;Sun Apr 10 23:20:05 2011 +0000;1302477605
36970115ed2e6e0104d0458a035e8c714ede3e95;36970115ed;-;-;Sun Apr 10 06:01:11 2011 +0000;1302415271;-;-;Sun Apr 10 06:01:11 2011 +0000;1302415271
a16f3ba9dc79f57525e924e7c018d2124e46332d;a16f3ba9dc;-;-;Sat Apr 9 23:24:34 2011 +0000;1302391474;-;-;Sat Apr 9 23:24:34 2011 +0000;1302391474
174bf58308bf6f9d01c78f2568b4420bf9f1ded2;174bf58308;-;-;Sat Apr 9 22:44:53 2011 +0000;1302389093;-;-;Sat Apr 9 22:44:53 2011 +0000;1302389093
522a87949693fc0e0b8998f6949c858e04267906;522a879496;-;-;Sat Apr 9 21:40:08 2011 +0000;1302385208;-;-;Sat Apr 9 21:40:08 2011 +0000;1302385208
0584c26b2ca7ee6c62a8455e2e8c9fe55b869dbd;0584c26b2c;-;-;Sat Apr 9 21:39:42 2011 +0000;1302385182;-;-;Sat Apr 9 21:39:42 2011 +0000;1302385182
22072b2414fde8568801719e1bb804bf28bd6e34;22072b2414;-;-;Sat Apr 9 14:46:49 2011 +0000;1302360409;-;-;Sat Apr 9 14:46:49 2011 +0000;1302360409
ef79d7cc8abbe0722f10f2ce8d60f99e0cae9aaf;ef79d7cc8a;-;-;Sat Apr 9 14:34:16 2011 +0000;1302359656;-;-;Sat Apr 9 14:34:16 2011 +0000;1302359656
03961a81d60062e02ce6528a5b5180905382b742;03961a81d6;-;-;Sat Apr 9 13:31:02 2011 +0000;1302355862;-;-;Sat Apr 9 13:31:02 2011 +0000;1302355862
b33478b4ba89866295b5532d23ffedfe6b033e2e;b33478b4ba;-;-;Sat Apr 9 13:29:59 2011 +0000;1302355799;-;-;Sat Apr 9 13:29:59 2011 +0000;1302355799
c50d38ef8dea9ad773d178375d216e1d06f693f9;c50d38ef8d;-;-;Fri Apr 8 22:57:45 2011 +0000;1302303465;-;-;Fri Apr 8 22:57:45 2011 +0000;1302303465
28b6eae11ad9ccdf742974a624da6648d2fa5dc1;28b6eae11a;-;-;Fri Apr 8 13:33:58 2011 +0000;1302269638;-;-;Fri Apr 8 13:33:58 2011 +0000;1302269638
44b4f59c5eab66df0eb4a371d31f2521fd3e336f;44b4f59c5e;-;-;Fri Apr 8 12:06:53 2011 +0000;1302264413;-;-;Fri Apr 8 12:06:53 2011 +0000;1302264413
0cdb2375761552cb0a6d5b8b9eb7da17aaa6abe2;0cdb237576;-;-;Fri Apr 8 11:12:54 2011 +0000;1302261174;-;-;Fri Apr 8 11:12:54 2011 +0000;1302261174
ff89c0e55a4f495a341c6b829e9b7c22784e2d5f;ff89c0e55a;-;-;Fri Apr 8 10:50:45 2011 +0000;1302259845;-;-;Fri Apr 8 10:50:45 2011 +0000;1302259845
bf6693dbc535e085fb98bd436378904684db1374;bf6693dbc5;-;-;Fri Apr 8 09:26:17 2011 +0000;1302254777;-;-;Fri Apr 8 09:26:17 2011 +0000;1302254777
381af43f91b8963061b8a9910c8e2e1772f6cfe5;381af43f91;-;-;Thu Apr 7 22:16:41 2011 +0000;1302214601;-;-;Thu Apr 7 22:16:41 2011 +0000;1302214601
6fe0ff9e7bc2ff79d313930091eed245f4f50d20;6fe0ff9e7b;-;-;Thu Apr 7 18:09:28 2011 +0000;1302199768;-;-;Thu Apr 7 18:09:28 2011 +0000;1302199768
3d8b476f58dd3222d22f83a86595933c29e4ee5a;3d8b476f58;-;-;Thu Apr 7 08:00:23 2011 +0000;1302163223;-;-;Thu Apr 7 08:00:23 2011 +0000;1302163223
2710870d9e4bcca6aa9c1668307a8298b867a60f;2710870d9e;-;-;Wed Apr 6 20:33:10 2011 +0000;1302121990;-;-;Wed Apr 6 20:33:10 2011 +0000;1302121990
4c1f73ed83049cedbc91a218284c9eb8c2b286ad;4c1f73ed83;-;-;Wed Apr 6 20:28:47 2011 +0000;1302121727;-;-;Wed Apr 6 20:28:47 2011 +0000;1302121727
ffec44443408071112e97555c6af7a23cf652972;ffec444434;-;-;Wed Apr 6 16:55:21 2011 +0000;1302108921;-;-;Wed Apr 6 16:55:21 2011 +0000;1302108921
ca9a3b4584e64ff9f5aad0ac963a54881976cc2f;ca9a3b4584;-;-;Wed Apr 6 15:30:19 2011 +0000;1302103819;-;-;Wed Apr 6 15:30:19 2011 +0000;1302103819
3ee6734424df5dab2ab7de8092b16f4ff5243071;3ee6734424;-;-;Wed Apr 6 15:30:01 2011 +0000;1302103801;-;-;Wed Apr 6 15:30:01 2011 +0000;1302103801
28cdae2e50cda536d3bd71fbae8d120578e46de4;28cdae2e50;-;-;Wed Apr 6 11:52:18 2011 +0000;1302090738;-;-;Wed Apr 6 11:52:18 2011 +0000;1302090738
acc75aa4b898a34dce42748df5b54624f8b3e9f2;acc75aa4b8;-;-;Wed Apr 6 11:30:59 2011 +0000;1302089459;-;-;Wed Apr 6 11:30:59 2011 +0000;1302089459
0f7d43ba90943f42f0e9f81697899a441ee9fa0c;0f7d43ba90;-;-;Tue Apr 5 09:48:09 2011 +0000;1301996889;-;-;Tue Apr 5 09:48:09 2011 +0000;1301996889
158a392d80c183ae39bba8783c16c27b64dfbff4;158a392d80;-;-;Tue Apr 5 03:45:38 2011 +0000;1301975138;-;-;Tue Apr 5 03:45:38 2011 +0000;1301975138
eba33b6156c354d789ec9261028629201870075e;eba33b6156;-;-;Mon Apr 4 22:06:05 2011 +0000;1301954765;-;-;Mon Apr 4 22:06:05 2011 +0000;1301954765
070b7b6afed2165ffaa648f468b63ec89b4207f4;070b7b6afe;-;-;Mon Apr 4 22:05:49 2011 +0000;1301954749;-;-;Mon Apr 4 22:05:49 2011 +0000;1301954749
74f1e0e9d0be0a63d529807ebb22a650744682f2;74f1e0e9d0;-;-;Mon Apr 4 14:57:51 2011 +0000;1301929071;-;-;Mon Apr 4 14:57:51 2011 +0000;1301929071
4f7bdbd3de8e1ca91ad84ea41afc4f525e1b4fd8;4f7bdbd3de;-;-;Mon Apr 4 14:14:17 2011 +0000;1301926457;-;-;Mon Apr 4 14:14:17 2011 +0000;1301926457
fa4f90e6482ca9c6f7871052ef8469eec410a951;fa4f90e648;-;-;Mon Apr 4 08:50:15 2011 +0000;1301907015;-;-;Mon Apr 4 08:50:15 2011 +0000;1301907015
4dcc79d6eb8ccf6d5e84abda68f99abe3b641f6f;4dcc79d6eb;-;-;Sun Apr 3 23:10:28 2011 +0000;1301872228;-;-;Sun Apr 3 23:10:28 2011 +0000;1301872228
f3d125626dca6db923b8551b7ebac05c681ec0d5;f3d125626d;-;-;Sun Apr 3 17:45:20 2011 +0000;1301852720;-;-;Sun Apr 3 17:45:20 2011 +0000;1301852720
293baeeb8887adff3d35b71ac3a1857092a620de;293baeeb88;-;-;Sun Apr 3 17:23:57 2011 +0000;1301851437;-;-;Sun Apr 3 17:23:57 2011 +0000;1301851437
523c09055131e72826ebff3fe6f4fb681b93c18e;523c090551;-;-;Sun Apr 3 17:22:43 2011 +0000;1301851363;-;-;Sun Apr 3 17:22:43 2011 +0000;1301851363
70f883303f6fae362fbc17434709306995923748;70f883303f;-;-;Sun Apr 3 17:20:02 2011 +0000;1301851202;-;-;Sun Apr 3 17:20:02 2011 +0000;1301851202
5373b43a5301a7a2f4980b9732cacb553fc5e58c;5373b43a53;-;-;Sun Apr 3 17:00:45 2011 +0000;1301850045;-;-;Sun Apr 3 17:00:45 2011 +0000;1301850045
ad9c858bd2470b1e0644c667056b74a4aec72c24;ad9c858bd2;-;-;Sun Apr 3 16:37:24 2011 +0000;1301848644;-;-;Sun Apr 3 16:37:24 2011 +0000;1301848644
a60487655cb35d839dd78c9f55574870080750cb;a60487655c;-;-;Sun Apr 3 15:26:13 2011 +0000;1301844373;-;-;Sun Apr 3 15:26:13 2011 +0000;1301844373
744facbf641ffe522962105f9caa799613633d74;744facbf64;-;-;Sun Apr 3 15:16:13 2011 +0000;1301843773;-;-;Sun Apr 3 15:16:13 2011 +0000;1301843773
dd4d6e63ae4704f5cfbe6ae49448df37d143e118;dd4d6e63ae;-;-;Sun Apr 3 14:37:29 2011 +0000;1301841449;-;-;Sun Apr 3 14:37:29 2011 +0000;1301841449
9202224bca563ebd3ebf495d79d7cd201c6410d4;9202224bca;-;-;Fri Apr 1 21:59:25 2011 +0000;1301695165;-;-;Fri Apr 1 21:59:25 2011 +0000;1301695165
b9d07b9c47274e0ff4a065e3bedc1f8ff6b4612e;b9d07b9c47;-;-;Fri Apr 1 18:51:35 2011 +0000;1301683895;-;-;Fri Apr 1 18:51:35 2011 +0000;1301683895
fadfc76443e63c2a58f9b4526cf62d99157e8976;fadfc76443;-;-;Thu Mar 31 14:28:30 2011 +0000;1301581710;-;-;Thu Mar 31 14:28:30 2011 +0000;1301581710
4f6df8761537f3f4d7b8d52872bbb90538304754;4f6df87615;-;-;Thu Mar 31 14:28:08 2011 +0000;1301581688;-;-;Thu Mar 31 14:28:08 2011 +0000;1301581688
3f11fbafaaeffacddae227346550b25def791c46;3f11fbafaa;-;-;Thu Mar 31 14:16:37 2011 +0000;1301580997;-;-;Thu Mar 31 14:16:37 2011 +0000;1301580997
006cbb25c53301b71a39b41cfb1609212c8bba96;006cbb25c5;-;-;Thu Mar 31 12:29:32 2011 +0000;1301574572;-;-;Thu Mar 31 12:29:32 2011 +0000;1301574572
f5768fe00be37efb8c71bdfa61a0d0c71c8ba218;f5768fe00b;-;-;Thu Mar 31 12:29:12 2011 +0000;1301574552;-;-;Thu Mar 31 12:29:12 2011 +0000;1301574552
b0b1116f4b605e04dfc3c63cd6f5d40be7046919;b0b1116f4b;-;-;Thu Mar 31 12:07:30 2011 +0000;1301573250;-;-;Thu Mar 31 12:07:30 2011 +0000;1301573250
6809b234b17695921a8260e20a378068f3ec6232;6809b234b1;-;-;Thu Mar 31 12:06:58 2011 +0000;1301573218;-;-;Thu Mar 31 12:06:58 2011 +0000;1301573218
2f5085aef1e9ac3655a1b1250b6ceca9d0ca3398;2f5085aef1;-;-;Thu Mar 31 12:06:36 2011 +0000;1301573196;-;-;Thu Mar 31 12:06:36 2011 +0000;1301573196
ec1b230ae59c6f7283e4ca4af7ba918a52de60b4;ec1b230ae5;-;-;Thu Mar 31 00:00:31 2011 +0000;1301529631;-;-;Thu Mar 31 00:00:31 2011 +0000;1301529631
732493951efdbe4ad823f6f430d58eb7a4db3c7c;732493951e;-;-;Wed Mar 30 23:50:19 2011 +0000;1301529019;-;-;Wed Mar 30 23:50:19 2011 +0000;1301529019
10640233dcd2009530ef183bc75b01bd73e74094;10640233dc;-;-;Tue Mar 29 23:42:59 2011 +0000;1301442179;-;-;Tue Mar 29 23:42:59 2011 +0000;1301442179
334e4f221207b8ac074c3110d54f4cecb0d2a964;334e4f2212;-;-;Tue Mar 29 23:38:37 2011 +0000;1301441917;-;-;Tue Mar 29 23:38:37 2011 +0000;1301441917
b50338fd320c13337dba91ece34013416f4070fa;b50338fd32;-;-;Mon Mar 28 21:45:14 2011 +0000;1301348714;-;-;Mon Mar 28 21:45:14 2011 +0000;1301348714
fa48a7b3a38c6d1cdd8046dbcfeeb1a70dfb859f;fa48a7b3a3;-;-;Mon Mar 28 19:59:09 2011 +0000;1301342349;-;-;Mon Mar 28 19:59:09 2011 +0000;1301342349
6ed1b1ebf85bc9045cf119fe6b78ea55299e0add;6ed1b1ebf8;-;-;Mon Mar 28 19:58:03 2011 +0000;1301342283;-;-;Mon Mar 28 19:58:03 2011 +0000;1301342283
8568250e77745a9772aa49e04615321b7a5fb281;8568250e77;-;-;Mon Mar 28 19:01:33 2011 +0000;1301338893;-;-;Mon Mar 28 19:01:33 2011 +0000;1301338893
45c6eb1d621b94b8265e64bf438ba763ef7e02a2;45c6eb1d62;-;-;Mon Mar 28 18:38:34 2011 +0000;1301337514;-;-;Mon Mar 28 18:38:34 2011 +0000;1301337514
309fa9219985de8ec25880ee4d4f12cb37da2960;309fa92199;-;-;Mon Mar 28 18:26:30 2011 +0000;1301336790;-;-;Mon Mar 28 18:26:30 2011 +0000;1301336790
daa074734fbf1278c85156685c99c977fdf5e21f;daa074734f;-;-;Mon Mar 28 18:16:45 2011 +0000;1301336205;-;-;Mon Mar 28 18:16:45 2011 +0000;1301336205
adfcc929fb90b19c9772afdb090ef09731f93a0a;adfcc929fb;-;-;Mon Mar 28 18:09:14 2011 +0000;1301335754;-;-;Mon Mar 28 18:09:14 2011 +0000;1301335754
5c3ceb8ef0b0a400e46616f210be1505aeed7c22;5c3ceb8ef0;-;-;Mon Mar 28 18:09:04 2011 +0000;1301335744;-;-;Mon Mar 28 18:09:04 2011 +0000;1301335744
71d70a6e0609d83944c187d933e4bd986412e2cb;71d70a6e06;-;-;Mon Mar 28 17:57:01 2011 +0000;1301335021;-;-;Mon Mar 28 17:57:01 2011 +0000;1301335021
726564c84d12122b1f87c1d79a9f486b6685711d;726564c84d;-;-;Mon Mar 28 17:23:48 2011 +0000;1301333028;-;-;Mon Mar 28 17:23:48 2011 +0000;1301333028
d6be4c5a2ad78d28bd2bc0fc325c85c91067e62c;d6be4c5a2a;-;-;Mon Mar 28 17:20:40 2011 +0000;1301332840;-;-;Mon Mar 28 17:20:40 2011 +0000;1301332840
657b145ea2b325005ca58376ce4af9dbeaf3e69f;657b145ea2;-;-;Mon Mar 28 14:43:01 2011 +0000;1301323381;-;-;Mon Mar 28 14:43:01 2011 +0000;1301323381
a3a0e5165cf86838a1a534ce03f00b06ff7e7d6f;a3a0e5165c;-;-;Mon Mar 28 12:10:26 2011 +0000;1301314226;-;-;Mon Mar 28 12:10:26 2011 +0000;1301314226
eb4b68ffdaa961a2a1ff67d04c4f8cb036c89228;eb4b68ffda;-;-;Mon Mar 28 11:36:05 2011 +0000;1301312165;-;-;Mon Mar 28 11:36:05 2011 +0000;1301312165
a20e73b148b27f95728201c452cc6d8bb29cfad8;a20e73b148;-;-;Thu Mar 24 11:06:32 2011 +0000;1300964792;-;-;Thu Mar 24 11:06:32 2011 +0000;1300964792
6f80578a387098bcf054249c512025ec81ae182b;6f80578a38;-;-;Wed Mar 23 06:20:19 2011 +0000;1300861219;-;-;Wed Mar 23 06:20:19 2011 +0000;1300861219
f4e1cde33b077b1268cc5cae0c18c4b706653d25;f4e1cde33b;-;-;Fri Mar 18 06:47:12 2011 +0000;1300430832;-;-;Fri Mar 18 06:47:12 2011 +0000;1300430832
150838bfc13a136ef0baf943e378a8ebb5f3549f;150838bfc1;-;-;Tue Mar 15 12:57:43 2011 +0000;1300193863;-;-;Tue Mar 15 12:57:43 2011 +0000;1300193863
b50ac7489b63673cd3dd4b7dfa7bd791a41fa7af;b50ac7489b;-;-;Tue Mar 15 12:57:12 2011 +0000;1300193832;-;-;Tue Mar 15 12:57:12 2011 +0000;1300193832
d471266d44199112b6e030615a395209e5265ec0;d471266d44;-;-;Tue Mar 15 07:09:49 2011 +0000;1300172989;-;-;Tue Mar 15 07:09:49 2011 +0000;1300172989
529817301f763ed3e858cda99cdd5b09d5304dd3;529817301f;-;-;Mon Mar 14 11:10:12 2011 +0000;1300101012;-;-;Mon Mar 14 11:10:12 2011 +0000;1300101012
43676bd660bcfdfea437fdb046ba05c6785d4121;43676bd660;-;-;Mon Mar 14 09:20:19 2011 +0000;1300094419;-;-;Mon Mar 14 09:20:19 2011 +0000;1300094419
76ce41855650efb18e8b242b9dd7320f682718d5;76ce418556;-;-;Sun Mar 13 19:12:50 2011 +0000;1300043570;-;-;Sun Mar 13 19:12:50 2011 +0000;1300043570
8681536283a6c9e0bea818a4e7eacdabd9611009;8681536283;-;-;Sun Mar 13 19:12:10 2011 +0000;1300043530;-;-;Sun Mar 13 19:12:10 2011 +0000;1300043530
c86bc2671ae95e6dd7d79a2f9cf61365184432c4;c86bc2671a;-;-;Sun Mar 13 00:25:58 2011 +0000;1299975958;-;-;Sun Mar 13 00:25:58 2011 +0000;1299975958
4cdb04ab25a91043ef51d52c916ef2684e98174b;4cdb04ab25;-;-;Sat Mar 12 12:24:38 2011 +0000;1299932678;-;-;Sat Mar 12 12:24:38 2011 +0000;1299932678
704b229cc7448b9f53adb3271cd18ba9b1677703;704b229cc7;-;-;Sat Mar 12 12:24:20 2011 +0000;1299932660;-;-;Sat Mar 12 12:24:20 2011 +0000;1299932660
5cfbed8881de037693a04393a1d0075188dc91a6;5cfbed8881;-;-;Fri Mar 11 12:40:51 2011 +0000;1299847251;-;-;Fri Mar 11 12:40:51 2011 +0000;1299847251
f17f970144f43270c8a34a481a0f391037315740;f17f970144;-;-;Fri Mar 11 04:08:10 2011 +0000;1299816490;-;-;Fri Mar 11 04:08:10 2011 +0000;1299816490
b5baa69f5d4bc4cf761eb118a0e629e19f6d3914;b5baa69f5d;-;-;Thu Mar 10 14:09:11 2011 +0000;1299766151;-;-;Thu Mar 10 14:09:11 2011 +0000;1299766151
5de35e8f92ba618d1903a31242a8b350f538bbdf;5de35e8f92;-;-;Thu Mar 10 14:08:58 2011 +0000;1299766138;-;-;Thu Mar 10 14:08:58 2011 +0000;1299766138
6993a8768a4313e613b7d69c4147f1dbeb29ca1b;6993a8768a;-;-;Wed Mar 9 11:47:53 2011 +0000;1299671273;-;-;Wed Mar 9 11:47:53 2011 +0000;1299671273
c736e6b873c7757d8f614dd8633b3c67292b287f;c736e6b873;-;-;Wed Mar 9 11:45:43 2011 +0000;1299671143;-;-;Wed Mar 9 11:45:43 2011 +0000;1299671143
8f6fcbda3cb05faaa7093a16e0365ceb4cdef9e3;8f6fcbda3c;-;-;Mon Mar 7 12:59:04 2011 +0000;1299502744;-;-;Mon Mar 7 12:59:04 2011 +0000;1299502744
08bccb28ae1826a69b984dcef7563d970843da5b;08bccb28ae;-;-;Sun Mar 6 18:19:19 2011 +0000;1299435559;-;-;Sun Mar 6 18:19:19 2011 +0000;1299435559
4a589a78e17c57c2e7eeb5bab7c421d5a47404f0;4a589a78e1;-;-;Sun Mar 6 17:14:10 2011 +0000;1299431650;-;-;Sun Mar 6 17:14:10 2011 +0000;1299431650
c3a635196bdf9c0253bc3cac46877edca1141d1a;c3a635196b;-;-;Sun Mar 6 17:13:24 2011 +0000;1299431604;-;-;Sun Mar 6 17:13:24 2011 +0000;1299431604
a4aca64007cb7950df9d97866bb5ae91dd831c2b;a4aca64007;-;-;Sun Mar 6 17:06:28 2011 +0000;1299431188;-;-;Sun Mar 6 17:06:28 2011 +0000;1299431188
5daad3e08134748d0c56a0f3f35962b6f1fe2805;5daad3e081;-;-;Sun Mar 6 12:27:46 2011 +0000;1299414466;-;-;Sun Mar 6 12:27:46 2011 +0000;1299414466
a20dd8095ed1698acc1ff30f7146eb715452f33c;a20dd8095e;-;-;Sun Mar 6 11:53:12 2011 +0000;1299412392;-;-;Sun Mar 6 11:53:12 2011 +0000;1299412392
fad2f2ca3000d56138fc0a254684e78549b5c8bb;fad2f2ca30;-;-;Sun Mar 6 11:43:25 2011 +0000;1299411805;-;-;Sun Mar 6 11:43:25 2011 +0000;1299411805
523a83ca287068aa5a5c924a9325e5478a3f03ab;523a83ca28;-;-;Sun Mar 6 11:36:36 2011 +0000;1299411396;-;-;Sun Mar 6 11:36:36 2011 +0000;1299411396
d7a8cf4b7e26cb47710eef2e7c7aa3bde376f557;d7a8cf4b7e;-;-;Fri Mar 4 23:12:09 2011 +0000;1299280329;-;-;Fri Mar 4 23:12:09 2011 +0000;1299280329
56d50ba8a54252d2aa5e9f43e05b0cf4d64c86d0;56d50ba8a5;-;-;Fri Mar 4 19:59:16 2011 +0000;1299268756;-;-;Fri Mar 4 19:59:16 2011 +0000;1299268756
386d8fdaa6bde6e1e73dcc2edf2e80e830d27fe5;386d8fdaa6;-;-;Fri Mar 4 14:19:14 2011 +0000;1299248354;-;-;Fri Mar 4 14:19:14 2011 +0000;1299248354
761a8362363fd99e80b149674180f79096bfe4ca;761a836236;-;-;Thu Mar 3 15:54:29 2011 +0000;1299167669;-;-;Thu Mar 3 15:54:29 2011 +0000;1299167669
4027cbd9528ee9b827f3a582e497d8c7f8fa7048;4027cbd952;-;-;Tue Mar 1 14:32:34 2011 +0000;1298989954;-;-;Tue Mar 1 14:32:34 2011 +0000;1298989954
98d798dbe4aff32cc48c28a0c231717cede52d96;98d798dbe4;-;-;Mon Feb 28 17:09:09 2011 +0000;1298912949;-;-;Mon Feb 28 17:09:09 2011 +0000;1298912949
bc342df08f6ae713ab2e1cbe3dda18eb89ff6b9e;bc342df08f;-;-;Fri Feb 25 11:05:14 2011 +0000;1298631914;-;-;Fri Feb 25 11:05:14 2011 +0000;1298631914
9dbab116fda1bd0476dabc4c8177947088287257;9dbab116fd;-;-;Thu Feb 24 15:06:03 2011 +0000;1298559963;-;-;Thu Feb 24 15:06:03 2011 +0000;1298559963
9779ca191c1be81cf336fad8d592fa6f20d90734;9779ca191c;-;-;Tue Feb 22 16:13:04 2011 +0000;1298391184;-;-;Tue Feb 22 16:13:04 2011 +0000;1298391184
5a5fff52214ee3ad0f76534d288434554288c45b;5a5fff5221;-;-;Tue Feb 22 13:33:24 2011 +0000;1298381604;-;-;Tue Feb 22 13:33:24 2011 +0000;1298381604
4889794bed5e4f40489210f47151f7c70059469a;4889794bed;-;-;Thu Feb 10 23:20:28 2011 +0000;1297380028;-;-;Thu Feb 10 23:20:28 2011 +0000;1297380028
716aa6974c6c3a0cdfb65e6adbc0e5c59538a289;716aa6974c;-;-;Thu Feb 10 23:04:40 2011 +0000;1297379080;-;-;Thu Feb 10 23:04:40 2011 +0000;1297379080
0d70e08ac3a610b3db7911bd553b1efbdae1628d;0d70e08ac3;-;-;Thu Feb 10 22:50:16 2011 +0000;1297378216;-;-;Thu Feb 10 22:50:16 2011 +0000;1297378216
03190950d1150e1833a5d6f5a83b00394958d454;03190950d1;-;-;Thu Feb 10 22:19:10 2011 +0000;1297376350;-;-;Thu Feb 10 22:19:10 2011 +0000;1297376350
6bfead259eff1025cd4872eb5cee5c8a6c364264;6bfead259e;-;-;Thu Feb 10 17:59:26 2011 +0000;1297360766;-;-;Thu Feb 10 17:59:26 2011 +0000;1297360766
d7a8536bd7aab3b817b20ca8da502859e75c44b6;d7a8536bd7;-;-;Thu Feb 10 13:33:09 2011 +0000;1297344789;-;-;Thu Feb 10 13:33:09 2011 +0000;1297344789
c9c436128fad56c83a45d8aec9e9e2416d780dff;c9c436128f;-;-;Thu Feb 10 13:08:31 2011 +0000;1297343311;-;-;Thu Feb 10 13:08:31 2011 +0000;1297343311
c84ef76fc3ae492932cde7a08796458da2ce14cc;c84ef76fc3;-;-;Thu Feb 10 13:01:58 2011 +0000;1297342918;-;-;Thu Feb 10 13:01:58 2011 +0000;1297342918
a6d35d4801942f1e6995057a862740759dc0929c;a6d35d4801;-;-;Thu Feb 10 02:07:14 2011 +0000;1297303634;-;-;Thu Feb 10 02:07:14 2011 +0000;1297303634
ce761d3fe8689cb7c8c592fcefdac8387daa3c3d;ce761d3fe8;-;-;Thu Feb 10 02:01:02 2011 +0000;1297303262;-;-;Thu Feb 10 02:01:02 2011 +0000;1297303262
df6be9f694c68247a9a5eb2193103e7b48034024;df6be9f694;-;-;Thu Feb 10 01:58:21 2011 +0000;1297303101;-;-;Thu Feb 10 01:58:21 2011 +0000;1297303101
47c9278e329c55e742a419cf21266b8ac10ac516;47c9278e32;-;-;Thu Feb 10 01:55:11 2011 +0000;1297302911;-;-;Thu Feb 10 01:55:11 2011 +0000;1297302911
93304b5ff2370cfb6265fb2bd4d6773ca17d528e;93304b5ff2;-;-;Thu Feb 10 01:36:57 2011 +0000;1297301817;-;-;Thu Feb 10 01:36:57 2011 +0000;1297301817
cd584afe939636b0de27785fe7556a1e9cf58886;cd584afe93;-;-;Thu Feb 10 01:24:08 2011 +0000;1297301048;-;-;Thu Feb 10 01:24:08 2011 +0000;1297301048
b7d7fa7b7e882e1ba506462e92737a7e8742e0f1;b7d7fa7b7e;-;-;Thu Feb 10 00:30:30 2011 +0000;1297297830;-;-;Thu Feb 10 00:30:30 2011 +0000;1297297830
9cc125531b0d6d0ef1c0b116e164d23d006091fe;9cc125531b;-;-;Wed Feb 9 16:44:26 2011 +0000;1297269866;-;-;Wed Feb 9 16:44:26 2011 +0000;1297269866
939da34869d6e7ba4716dadc92cc85580ede27cb;939da34869;-;-;Wed Feb 9 13:58:30 2011 +0000;1297259910;-;-;Wed Feb 9 13:58:30 2011 +0000;1297259910
91debc3a35e646e8302d71025f496bbe02eda779;91debc3a35;-;-;Wed Feb 9 09:39:29 2011 +0000;1297244369;-;-;Wed Feb 9 09:39:29 2011 +0000;1297244369
c58b63a982ace4526f8a74b5326aa32a58d684c0;c58b63a982;-;-;Wed Feb 9 06:57:24 2011 +0000;1297234644;-;-;Wed Feb 9 06:57:24 2011 +0000;1297234644
b1756e2f17dddcf0e029e1a3a9135ebe363c0f70;b1756e2f17;-;-;Wed Feb 9 06:56:53 2011 +0000;1297234613;-;-;Wed Feb 9 06:56:53 2011 +0000;1297234613
2f7c2230f00370a6f8d9eb248b30f325fbe39927;2f7c2230f0;-;-;Wed Feb 9 06:56:40 2011 +0000;1297234600;-;-;Wed Feb 9 06:56:40 2011 +0000;1297234600
906b50ef51d237dda5e54b5610528aa769f232a5;906b50ef51;-;-;Wed Feb 9 06:54:02 2011 +0000;1297234442;-;-;Wed Feb 9 06:54:02 2011 +0000;1297234442
6926e0f5636066de1fe483ed4e860a5a3ed74fb4;6926e0f563;-;-;Tue Feb 8 22:50:45 2011 +0000;1297205445;-;-;Tue Feb 8 22:50:45 2011 +0000;1297205445
e7c2713fd40ff8b8bdf7675b58c76cd915eabb6f;e7c2713fd4;-;-;Tue Feb 8 22:08:38 2011 +0000;1297202918;-;-;Tue Feb 8 22:08:38 2011 +0000;1297202918
2d76dde611ec8edf3cd52704b6bb3f525b259ce6;2d76dde611;-;-;Tue Feb 8 19:08:41 2011 +0000;1297192121;-;-;Tue Feb 8 19:08:41 2011 +0000;1297192121
c5063004ebbe86bad19b8d3b3ee715d54c5502c5;c5063004eb;-;-;Tue Feb 8 19:07:46 2011 +0000;1297192066;-;-;Tue Feb 8 19:07:46 2011 +0000;1297192066
a2bc381adebddd2737aa5375f841e9a56fa9d309;a2bc381ade;-;-;Tue Feb 8 19:07:03 2011 +0000;1297192023;-;-;Tue Feb 8 19:07:03 2011 +0000;1297192023
60414c9052163011be20252af56c0d9abb75a3f0;60414c9052;-;-;Tue Feb 8 16:58:34 2011 +0000;1297184314;-;-;Tue Feb 8 16:58:34 2011 +0000;1297184314
9bef79f5a88dbe531a497717f99b54d074457863;9bef79f5a8;-;-;Tue Feb 8 16:35:38 2011 +0000;1297182938;-;-;Tue Feb 8 16:35:38 2011 +0000;1297182938
b4fea47d5cff9f3c85e62c233c2fe86b1d616592;b4fea47d5c;-;-;Tue Feb 8 14:42:33 2011 +0000;1297176153;-;-;Tue Feb 8 14:42:33 2011 +0000;1297176153
b04987ccc37985eae59a2b5cc19a1c6ea5d6c844;b04987ccc3;-;-;Tue Feb 8 13:01:29 2011 +0000;1297170089;-;-;Tue Feb 8 13:01:29 2011 +0000;1297170089
fb57316afaec08cf01cfc196b107ebb4b2f50891;fb57316afa;-;-;Mon Feb 7 17:45:29 2011 +0000;1297100729;-;-;Mon Feb 7 17:45:29 2011 +0000;1297100729
ca2dbc1c59af4ef45e092d9d7ea4592cb0a03fe1;ca2dbc1c59;-;-;Mon Feb 7 17:44:41 2011 +0000;1297100681;-;-;Mon Feb 7 17:44:41 2011 +0000;1297100681
4da39b48f7372c0dfeb1428ae4a51f47a7b5113e;4da39b48f7;-;-;Mon Feb 7 17:41:25 2011 +0000;1297100485;-;-;Mon Feb 7 17:41:25 2011 +0000;1297100485
fbb1fa33a14fd72cf30cc207539586ba02d60126;fbb1fa33a1;-;-;Fri Feb 4 20:17:52 2011 +0000;1296850672;-;-;Fri Feb 4 20:17:52 2011 +0000;1296850672
ff7f3aebeae97d6a35913eeb389a885af72c4e28;ff7f3aebea;-;-;Fri Feb 4 18:20:05 2011 +0000;1296843605;-;-;Fri Feb 4 18:20:05 2011 +0000;1296843605
7d1104e442e5d0003876106f901b9f420d2df1a7;7d1104e442;-;-;Fri Feb 4 18:17:30 2011 +0000;1296843450;-;-;Fri Feb 4 18:17:30 2011 +0000;1296843450
37e0a903500cb83eaa958953581c2f41c31cc818;37e0a90350;-;-;Thu Feb 3 22:56:13 2011 +0000;1296773773;-;-;Thu Feb 3 22:56:13 2011 +0000;1296773773
7aaad371204454bfb98118cbf84550cab3f6e0ac;7aaad37120;-;-;Thu Feb 3 15:22:00 2011 +0000;1296746520;-;-;Thu Feb 3 15:22:00 2011 +0000;1296746520
182b6a437c9ede5b7206bf3989db5fd5b1f828ab;182b6a437c;-;-;Tue Feb 1 10:20:09 2011 +0000;1296555609;-;-;Tue Feb 1 10:20:09 2011 +0000;1296555609
44b5df0db1dabc1a07910a28990ec03641885a55;44b5df0db1;-;-;Tue Feb 1 10:19:23 2011 +0000;1296555563;-;-;Tue Feb 1 10:19:23 2011 +0000;1296555563
9c071e5d19648807a2d047be7ed97f15450df6a7;9c071e5d19;-;-;Tue Feb 1 10:18:06 2011 +0000;1296555486;-;-;Tue Feb 1 10:18:06 2011 +0000;1296555486
f191be56d1beb1553fbe7b80cb5111f2f16bb534;f191be56d1;-;-;Tue Feb 1 10:17:42 2011 +0000;1296555462;-;-;Tue Feb 1 10:17:42 2011 +0000;1296555462
93de9622fc2c794c6f6a9bc7cfff745a80595fe5;93de9622fc;-;-;Mon Jan 31 21:30:48 2011 +0000;1296509448;-;-;Mon Jan 31 21:30:48 2011 +0000;1296509448
0c5a13cc967cb1ae2c92ee167e986da892991045;0c5a13cc96;-;-;Mon Jan 31 16:53:56 2011 +0000;1296492836;-;-;Mon Jan 31 16:53:56 2011 +0000;1296492836
c4a954a618ce6565e760a4c2ad45d7497ea6f01d;c4a954a618;-;-;Fri Jan 28 14:24:52 2011 +0000;1296224692;-;-;Fri Jan 28 14:24:52 2011 +0000;1296224692
62425568b96e53c5427b92465b4877d7994ce70a;62425568b9;-;-;Fri Jan 28 09:17:00 2011 +0000;1296206220;-;-;Fri Jan 28 09:17:00 2011 +0000;1296206220
abff2b959bf4cce52d4821ae97d66612b4ac6016;abff2b959b;-;-;Thu Jan 27 11:26:19 2011 +0000;1296127579;-;-;Thu Jan 27 11:26:19 2011 +0000;1296127579
149348c90781bde5d5ba77328b2f66c621122288;149348c907;-;-;Wed Jan 26 22:20:49 2011 +0000;1296080449;-;-;Wed Jan 26 22:20:49 2011 +0000;1296080449
9dd6f467b9e149d340ddea8837621c07b14820c4;9dd6f467b9;-;-;Wed Jan 26 20:47:45 2011 +0000;1296074865;-;-;Wed Jan 26 20:47:45 2011 +0000;1296074865
7af890cc5f5ef28928ff050cc646303fdb49fd3a;7af890cc5f;-;-;Wed Jan 26 20:39:57 2011 +0000;1296074397;-;-;Wed Jan 26 20:39:57 2011 +0000;1296074397
f4a2282d9d9f6e58029022c58311a1db07f7defc;f4a2282d9d;-;-;Wed Jan 26 20:30:30 2011 +0000;1296073830;-;-;Wed Jan 26 20:30:30 2011 +0000;1296073830
b3f039ae5f0b54a325cdb23f6720e5002b054cee;b3f039ae5f;-;-;Wed Jan 26 20:09:42 2011 +0000;1296072582;-;-;Wed Jan 26 20:09:42 2011 +0000;1296072582
4835be78b7a25c3ce79a3b96157bf73b607f2990;4835be78b7;-;-;Wed Jan 26 16:09:41 2011 +0000;1296058181;-;-;Wed Jan 26 16:09:41 2011 +0000;1296058181
4e50eafe744e397079e51775084f61788368098a;4e50eafe74;-;-;Wed Jan 26 14:43:34 2011 +0000;1296053014;-;-;Wed Jan 26 14:43:34 2011 +0000;1296053014
f26b499cbd2a58b0db47595ba48c89c350c11bbb;f26b499cbd;-;-;Tue Jan 25 17:49:57 2011 +0000;1295977797;-;-;Tue Jan 25 17:49:57 2011 +0000;1295977797
1ed1c59888c8cf676e3767c41af9370616a3ed7b;1ed1c59888;-;-;Tue Jan 25 16:18:47 2011 +0000;1295972327;-;-;Tue Jan 25 16:18:47 2011 +0000;1295972327
d0d6a07870ff39a3441249a66ce860eb972f6891;d0d6a07870;-;-;Tue Jan 25 16:08:15 2011 +0000;1295971695;-;-;Tue Jan 25 16:08:15 2011 +0000;1295971695
33674933eae53d17034e9f3cfb2d29ff31930d81;33674933ea;-;-;Tue Jan 25 09:48:19 2011 +0000;1295948899;-;-;Tue Jan 25 09:48:19 2011 +0000;1295948899
2ed3d77331500ae0fbd5bd7a4468d3bd07fc0855;2ed3d77331;-;-;Fri Jan 21 11:48:30 2011 +0000;1295610510;-;-;Fri Jan 21 11:48:30 2011 +0000;1295610510
6362de44d181eca2e250161bd8bea7198cfaa01b;6362de44d1;-;-;Fri Jan 21 00:23:34 2011 +0000;1295569414;-;-;Fri Jan 21 00:23:34 2011 +0000;1295569414
d3d763457410275573a95d75401d4796542920d4;d3d7634574;-;-;Tue Jan 18 21:39:08 2011 +0000;1295386748;-;-;Tue Jan 18 21:39:08 2011 +0000;1295386748
465e093bfbfb511c328e739cecbddd16cf74454d;465e093bfb;-;-;Mon Jan 10 15:45:42 2011 +0000;1294674342;-;-;Mon Jan 10 15:45:42 2011 +0000;1294674342
157623b47fa3bc9fd8d9a3d8803bcf6bf9a50b80;157623b47f;-;-;Mon Jan 10 12:26:57 2011 +0000;1294662417;-;-;Mon Jan 10 12:26:57 2011 +0000;1294662417
4998d061f88ccd4267af096ce23d714ddbf24beb;4998d061f8;-;-;Mon Jan 10 11:24:48 2011 +0000;1294658688;-;-;Mon Jan 10 11:24:48 2011 +0000;1294658688
2fcab44de08bd09159fb7adea2531b16dea3e69b;2fcab44de0;-;-;Fri Jan 7 21:25:44 2011 +0000;1294435544;-;-;Fri Jan 7 21:25:44 2011 +0000;1294435544
34fbd5affa10eb73cd82f32f1d6d1718950fc35e;34fbd5affa;-;-;Fri Jan 7 21:13:20 2011 +0000;1294434800;-;-;Fri Jan 7 21:13:20 2011 +0000;1294434800
0d28b70aa8ae8fcc841dbfe8aadcc633604d3ae5;0d28b70aa8;-;-;Fri Jan 7 20:58:20 2011 +0000;1294433900;-;-;Fri Jan 7 20:58:20 2011 +0000;1294433900
7bf4e93783679573f5a30a7b15fbbf2533dbeed8;7bf4e93783;-;-;Fri Jan 7 20:56:42 2011 +0000;1294433802;-;-;Fri Jan 7 20:56:42 2011 +0000;1294433802
414fcab899b4fdf0b0190227ac1699ef3f3b3f3f;414fcab899;-;-;Fri Jan 7 19:22:45 2011 +0000;1294428165;-;-;Fri Jan 7 19:22:45 2011 +0000;1294428165
ac9fd008debdefa2b98301a8efc4952a449d5b06;ac9fd008de;-;-;Fri Jan 7 19:14:42 2011 +0000;1294427682;-;-;Fri Jan 7 19:14:42 2011 +0000;1294427682
b5c167bdb14ffcf3a60beea20d53dfd0faeccb3a;b5c167bdb1;-;-;Fri Jan 7 17:59:51 2011 +0000;1294423191;-;-;Fri Jan 7 17:59:51 2011 +0000;1294423191
90d8dade254b4f34fd28d498ce529efd2177c606;90d8dade25;-;-;Fri Jan 7 17:54:17 2011 +0000;1294422857;-;-;Fri Jan 7 17:54:17 2011 +0000;1294422857
8df6b86dd1efbb0a62be789e5b88897df5404148;8df6b86dd1;-;-;Fri Jan 7 17:29:00 2011 +0000;1294421340;-;-;Fri Jan 7 17:29:00 2011 +0000;1294421340
5d6840e8770b441ae0676b309ba2021704e55a77;5d6840e877;-;-;Fri Jan 7 17:28:18 2011 +0000;1294421298;-;-;Fri Jan 7 17:28:18 2011 +0000;1294421298
2ef629d5a8f5f933a614ba89e1b1e0d58ae04044;2ef629d5a8;-;-;Fri Jan 7 16:18:04 2011 +0000;1294417084;-;-;Fri Jan 7 16:18:04 2011 +0000;1294417084
1ed03fc6caec159db6fe4a27f085f4effa130a1a;1ed03fc6ca;-;-;Fri Jan 7 16:16:32 2011 +0000;1294416992;-;-;Fri Jan 7 16:16:32 2011 +0000;1294416992
3bb17974d84a300f6e7fac6f0d37eacccf089e6e;3bb17974d8;-;-;Fri Jan 7 15:27:29 2011 +0000;1294414049;-;-;Fri Jan 7 15:27:29 2011 +0000;1294414049
b040606cfad97f5fafb2289814d9e8e291bc16f4;b040606cfa;-;-;Fri Jan 7 14:21:54 2011 +0000;1294410114;-;-;Fri Jan 7 14:21:54 2011 +0000;1294410114
a7293d2961723d2081c3195b38240b4c22703e22;a7293d2961;-;-;Fri Jan 7 09:57:57 2011 +0000;1294394277;-;-;Fri Jan 7 09:57:57 2011 +0000;1294394277
71e60f455186b2373a5c3e47d672bed1a91822bd;71e60f4551;-;-;Fri Jan 7 06:32:21 2011 +0000;1294381941;-;-;Fri Jan 7 06:32:21 2011 +0000;1294381941
0fb631348ec1ad4b3adc0d16c957109e2389eb18;0fb631348e;-;-;Fri Jan 7 05:57:25 2011 +0000;1294379845;-;-;Fri Jan 7 05:57:25 2011 +0000;1294379845
bb4aa9cc39c67de1374e7e0214dc96af85bedabb;bb4aa9cc39;-;-;Fri Jan 7 04:41:21 2011 +0000;1294375281;-;-;Fri Jan 7 04:41:21 2011 +0000;1294375281
8e23685a6dc7cbb810e8814c60379985f6c4373e;8e23685a6d;-;-;Fri Jan 7 03:24:24 2011 +0000;1294370664;-;-;Fri Jan 7 03:24:24 2011 +0000;1294370664
42403a37c3fcf159bdc574a7200396825d55fecf;42403a37c3;-;-;Fri Jan 7 02:51:56 2011 +0000;1294368716;-;-;Fri Jan 7 02:51:56 2011 +0000;1294368716
e254521952929df9557b4413f16b1485d68a4e92;e254521952;-;-;Thu Jan 6 23:12:00 2011 +0000;1294355520;-;-;Thu Jan 6 23:12:00 2011 +0000;1294355520
4c9731d57209a5c1d183731142fd44053b37cc7d;4c9731d572;-;-;Thu Jan 6 21:59:34 2011 +0000;1294351174;-;-;Thu Jan 6 21:59:34 2011 +0000;1294351174
61cfb96d95a54fe77c1c142b165752ba853c05ea;61cfb96d95;-;-;Thu Jan 6 20:05:22 2011 +0000;1294344322;-;-;Thu Jan 6 20:05:22 2011 +0000;1294344322
c6c782df59c09a6a36c8283cbd725e9aef20e0e8;c6c782df59;-;-;Thu Jan 6 18:33:50 2011 +0000;1294338830;-;-;Thu Jan 6 18:33:50 2011 +0000;1294338830
c309ef74d717cb5829a15fc79473aeb17ca00fe6;c309ef74d7;-;-;Thu Jan 6 12:05:48 2011 +0000;1294315548;-;-;Thu Jan 6 12:05:48 2011 +0000;1294315548
7ec5f1694b2916eda9c4d873e22091a0c1f5d4f8;7ec5f1694b;-;-;Thu Jan 6 12:00:51 2011 +0000;1294315251;-;-;Thu Jan 6 12:00:51 2011 +0000;1294315251
86f11796063ff87b17287ae0f493adbd4ad5b694;86f1179606;-;-;Thu Jan 6 11:41:30 2011 +0000;1294314090;-;-;Thu Jan 6 11:41:30 2011 +0000;1294314090
15ac99f59cde189dee0e4a552a8005a1dbf6592d;15ac99f59c;-;-;Thu Jan 6 07:43:29 2011 +0000;1294299809;-;-;Thu Jan 6 07:43:29 2011 +0000;1294299809
a7704c8cceb2e2c04c6a843f575463f32674299d;a7704c8cce;-;-;Thu Jan 6 07:43:03 2011 +0000;1294299783;-;-;Thu Jan 6 07:43:03 2011 +0000;1294299783
01c98c3bfb6fc3f970dc66055b8435a47a876e31;01c98c3bfb;-;-;Thu Jan 6 05:14:49 2011 +0000;1294290889;-;-;Thu Jan 6 05:14:49 2011 +0000;1294290889
9420bdc246dde4f8af629ab49342b47a141c4e83;9420bdc246;-;-;Wed Jan 5 22:25:42 2011 +0000;1294266342;-;-;Wed Jan 5 22:25:42 2011 +0000;1294266342
bc41cb2f277a4e8ed10e59e8d4537aca751660d1;bc41cb2f27;-;-;Wed Jan 5 22:25:24 2011 +0000;1294266324;-;-;Wed Jan 5 22:25:24 2011 +0000;1294266324
7f8ede14077189114c5040da9192b31ff01475db;7f8ede1407;-;-;Wed Jan 5 22:24:55 2011 +0000;1294266295;-;-;Wed Jan 5 22:24:55 2011 +0000;1294266295
431eaf6df8af2ffee240c991403c346e0cf62107;431eaf6df8;-;-;Wed Jan 5 22:24:37 2011 +0000;1294266277;-;-;Wed Jan 5 22:24:37 2011 +0000;1294266277
2b99cf6d2927c71205321983cfba2f68a1c00531;2b99cf6d29;-;-;Wed Jan 5 22:24:14 2011 +0000;1294266254;-;-;Wed Jan 5 22:24:14 2011 +0000;1294266254
7c4582b4b320c6233be688833a6dfc8cd7c1a2f6;7c4582b4b3;-;-;Wed Jan 5 22:22:58 2011 +0000;1294266178;-;-;Wed Jan 5 22:22:58 2011 +0000;1294266178
e971ad56b60e45ebc8a3314f1365d08d5a07d83a;e971ad56b6;-;-;Wed Jan 5 19:59:00 2011 +0000;1294257540;-;-;Wed Jan 5 19:59:00 2011 +0000;1294257540
125b843cf799fa6412d93b94a2691ff5c2af731a;125b843cf7;-;-;Wed Jan 5 19:55:24 2011 +0000;1294257324;-;-;Wed Jan 5 19:55:24 2011 +0000;1294257324
efe1e64b0828417136dc91d3948e4aba04457cd0;efe1e64b08;-;-;Wed Jan 5 19:50:23 2011 +0000;1294257023;-;-;Wed Jan 5 19:50:23 2011 +0000;1294257023
3fe2d037edc86e5055fc185886b066eada7184cd;3fe2d037ed;-;-;Wed Jan 5 19:42:35 2011 +0000;1294256555;-;-;Wed Jan 5 19:42:35 2011 +0000;1294256555
a780a4a4011d5318a96e36cdc87dbcb782bbfea5;a780a4a401;-;-;Wed Jan 5 19:32:02 2011 +0000;1294255922;-;-;Wed Jan 5 19:32:02 2011 +0000;1294255922
67d9b8b9436b79be82d524440919218b1e5d0129;67d9b8b943;-;-;Wed Jan 5 19:29:07 2011 +0000;1294255747;-;-;Wed Jan 5 19:29:07 2011 +0000;1294255747
cc91efecaee777604828669b1b14ff9ee6468dfe;cc91efecae;-;-;Wed Jan 5 19:18:29 2011 +0000;1294255109;-;-;Wed Jan 5 19:18:29 2011 +0000;1294255109
3536b8178d7e264b0f919ada90e8a93a1748b218;3536b8178d;-;-;Wed Jan 5 17:10:05 2011 +0000;1294247405;-;-;Wed Jan 5 17:10:05 2011 +0000;1294247405
a417aa2ea3f0e1bd9abd91bbc06c0fc750906259;a417aa2ea3;-;-;Wed Jan 5 16:59:47 2011 +0000;1294246787;-;-;Wed Jan 5 16:59:47 2011 +0000;1294246787
818bd841fe300f9cfce761850dbc81bb4179cc16;818bd841fe;-;-;Wed Jan 5 16:54:03 2011 +0000;1294246443;-;-;Wed Jan 5 16:54:03 2011 +0000;1294246443
9c64ac7482fde7bd8f2893eec29870588fcdcd04;9c64ac7482;-;-;Wed Jan 5 16:08:43 2011 +0000;1294243723;-;-;Wed Jan 5 16:08:43 2011 +0000;1294243723
3cfe557971130f0e599b3a2dc6d4b4222314db11;3cfe557971;-;-;Wed Jan 5 06:38:14 2011 +0000;1294209494;-;-;Wed Jan 5 06:38:14 2011 +0000;1294209494
fe386f1c10eb5a0397a21c1996effdc8a7272bf4;fe386f1c10;-;-;Wed Jan 5 06:23:04 2011 +0000;1294208584;-;-;Wed Jan 5 06:23:04 2011 +0000;1294208584
da898faac91b831f9a295372c7b46a1f836b6e9f;da898faac9;-;-;Wed Jan 5 06:05:34 2011 +0000;1294207534;-;-;Wed Jan 5 06:05:34 2011 +0000;1294207534
39e0c29d19fa5d1f8d2a7db57b16cc5a820db5a6;39e0c29d19;-;-;Wed Jan 5 05:49:33 2011 +0000;1294206573;-;-;Wed Jan 5 05:49:33 2011 +0000;1294206573
74b5b7b56a24104a2eb7396a33e689372aa22b1b;74b5b7b56a;-;-;Tue Jan 4 11:25:30 2011 +0000;1294140330;-;-;Tue Jan 4 11:25:30 2011 +0000;1294140330
e133bde01f0110ed157484ac6982b4798794881f;e133bde01f;-;-;Tue Jan 4 09:40:39 2011 +0000;1294134039;-;-;Tue Jan 4 09:40:39 2011 +0000;1294134039
e5d8fa077178345f9974d5ef239dfd2ca61c21d1;e5d8fa0771;-;-;Mon Jan 3 15:51:23 2011 +0000;1294069883;-;-;Mon Jan 3 15:51:23 2011 +0000;1294069883
fbede64c86637b29a402b71b0cb96588b0951f22;fbede64c86;-;-;Mon Jan 3 14:48:34 2011 +0000;1294066114;-;-;Mon Jan 3 14:48:34 2011 +0000;1294066114
e98afc087f8da7349585c57ab66649689939375b;e98afc087f;-;-;Mon Jan 3 14:38:28 2011 +0000;1294065508;-;-;Mon Jan 3 14:38:28 2011 +0000;1294065508
5e6912302af99d78d05aff7080ed9b8bb33df913;5e6912302a;-;-;Mon Jan 3 10:13:57 2011 +0000;1294049637;-;-;Mon Jan 3 10:13:57 2011 +0000;1294049637
b3ff9be78f62ff1d13ab874a4772f8fc6d189eb4;b3ff9be78f;-;-;Mon Jan 3 09:04:34 2011 +0000;1294045474;-;-;Mon Jan 3 09:04:34 2011 +0000;1294045474
b130a36af7a5c90ae6276a36bb8cd337549121db;b130a36af7;-;-;Thu Dec 30 08:00:58 2010 +0000;1293696058;-;-;Thu Dec 30 08:00:58 2010 +0000;1293696058
d7c4db1b49994b9d71a8adae2bc3caf8070669fe;d7c4db1b49;-;-;Thu Dec 30 06:19:58 2010 +0000;1293689998;-;-;Thu Dec 30 06:19:58 2010 +0000;1293689998
b8ab33e0c53004ce6feb4abff7ac8f322e15e1d7;b8ab33e0c5;-;-;Thu Dec 30 05:47:23 2010 +0000;1293688043;-;-;Thu Dec 30 05:47:23 2010 +0000;1293688043
54a7ad9f7441a12b264f3bf97de1a6562fde5239;54a7ad9f74;-;-;Thu Dec 30 02:07:22 2010 +0000;1293674842;-;-;Thu Dec 30 02:07:22 2010 +0000;1293674842
30751c9b0ae49a980ef548b1a8ab83d11f5c7fd1;30751c9b0a;-;-;Tue Dec 28 10:06:00 2010 +0000;1293530760;-;-;Tue Dec 28 10:06:00 2010 +0000;1293530760
f20ded5f637f4032c1a31c913a934904413d606d;f20ded5f63;-;-;Tue Dec 28 09:42:58 2010 +0000;1293529378;-;-;Tue Dec 28 09:42:58 2010 +0000;1293529378
bfb3003cba22034551db6a15c599be5642461b2b;bfb3003cba;-;-;Mon Dec 27 18:36:57 2010 +0000;1293475017;-;-;Mon Dec 27 18:36:57 2010 +0000;1293475017
9f5fd3afcf7196dcae1ba5813f78561f9ee0f0a1;9f5fd3afcf;-;-;Wed Dec 22 21:40:19 2010 +0000;1293054019;-;-;Wed Dec 22 21:40:19 2010 +0000;1293054019
64c7549c70e29365d0a723e3ff7147062c4471dc;64c7549c70;-;-;Wed Dec 22 10:23:34 2010 +0000;1293013414;-;-;Wed Dec 22 10:23:34 2010 +0000;1293013414
29a8ca4edc6c06d54a66f01b5986ba43eed78d21;29a8ca4edc;-;-;Tue Dec 21 17:13:17 2010 +0000;1292951597;-;-;Tue Dec 21 17:13:17 2010 +0000;1292951597
893fc83f49d4f7b5f29b087303b117da83673fd5;893fc83f49;-;-;Tue Dec 21 15:47:22 2010 +0000;1292946442;-;-;Tue Dec 21 15:47:22 2010 +0000;1292946442
e90f0a35e39b30b54ad387dac50c3fabce76f64b;e90f0a35e3;-;-;Tue Dec 21 15:46:37 2010 +0000;1292946397;-;-;Tue Dec 21 15:46:37 2010 +0000;1292946397
9f4499cb3675d6b8a82af05042e5d01137b48edf;9f4499cb36;-;-;Mon Dec 20 16:56:14 2010 +0000;1292864174;-;-;Mon Dec 20 16:56:14 2010 +0000;1292864174
d0394599ad28760119df6b3c40fa57a371ecb5bb;d0394599ad;-;-;Mon Dec 20 16:50:44 2010 +0000;1292863844;-;-;Mon Dec 20 16:50:44 2010 +0000;1292863844
db3634f8598fc34bab57092008d83336fcbae07c;db3634f859;-;-;Mon Dec 20 16:32:58 2010 +0000;1292862778;-;-;Mon Dec 20 16:32:58 2010 +0000;1292862778
8285e9c2a72747472c687f105b57037f3705eeb2;8285e9c2a7;-;-;Fri Dec 17 10:15:50 2010 +0000;1292580950;-;-;Fri Dec 17 10:15:50 2010 +0000;1292580950
18e141cbaa0cf0e286e0ed6a4e2aef8064ba866a;18e141cbaa;-;-;Fri Dec 17 09:14:09 2010 +0000;1292577249;-;-;Fri Dec 17 09:14:09 2010 +0000;1292577249
58633e4a8992004ea501d6e86fdd1a95c595847c;58633e4a89;-;-;Thu Dec 16 21:25:12 2010 +0000;1292534712;-;-;Thu Dec 16 21:25:12 2010 +0000;1292534712
bbba832904e9b60f9b59f0f1955911ed8ec13955;bbba832904;-;-;Thu Dec 16 13:19:34 2010 +0000;1292505574;-;-;Thu Dec 16 13:19:34 2010 +0000;1292505574
faf01b0337efb105b231d2a3c4168bd113c73166;faf01b0337;-;-;Thu Dec 16 13:19:01 2010 +0000;1292505541;-;-;Thu Dec 16 13:19:01 2010 +0000;1292505541
21d64a74ae9e4de99b5eee5cffe3367695619ba8;21d64a74ae;-;-;Thu Dec 16 11:13:43 2010 +0000;1292498023;-;-;Thu Dec 16 11:13:43 2010 +0000;1292498023
47711c6743eda84e4faa0ae16136b6ecf7da5e30;47711c6743;-;-;Thu Dec 16 10:28:56 2010 +0000;1292495336;-;-;Thu Dec 16 10:28:56 2010 +0000;1292495336
f105670cecaa951e829e96a8296b62029fc6af6e;f105670cec;-;-;Wed Dec 15 17:34:31 2010 +0000;1292434471;-;-;Wed Dec 15 17:34:31 2010 +0000;1292434471
1a7aebb0dd8e18f339e33b4460b9f0121569092d;1a7aebb0dd;-;-;Wed Dec 15 17:09:31 2010 +0000;1292432971;-;-;Wed Dec 15 17:09:31 2010 +0000;1292432971
c08a2764d0da6d8057c0f5eb3f475e70110f65de;c08a2764d0;-;-;Wed Dec 15 16:12:54 2010 +0000;1292429574;-;-;Wed Dec 15 16:12:54 2010 +0000;1292429574
da97547f001aa16e4dbf240e329389859b8549ee;da97547f00;-;-;Wed Dec 15 15:13:23 2010 +0000;1292426003;-;-;Wed Dec 15 15:13:23 2010 +0000;1292426003
fbb106cfbefcb0bd70f90a8e13c08bebeb3c7bf1;fbb106cfbe;-;-;Thu Dec 9 19:55:41 2010 +0000;1291924541;-;-;Thu Dec 9 19:55:41 2010 +0000;1291924541
f46a455c72370714a7494ff95bf9d4cd927ebac8;f46a455c72;-;-;Wed Dec 8 07:59:55 2010 +0000;1291795195;-;-;Wed Dec 8 07:59:55 2010 +0000;1291795195
8770ea96b03106a06ee7ce401dc2fe39f419f816;8770ea96b0;-;-;Wed Dec 8 07:59:41 2010 +0000;1291795181;-;-;Wed Dec 8 07:59:41 2010 +0000;1291795181
b3e36a335d98945f8bf04ebb80ebe31664283720;b3e36a335d;-;-;Wed Dec 8 07:59:25 2010 +0000;1291795165;-;-;Wed Dec 8 07:59:25 2010 +0000;1291795165
e693d9fa587db6f3392fb545cffbd3e50893c4a1;e693d9fa58;-;-;Wed Dec 8 07:58:47 2010 +0000;1291795127;-;-;Wed Dec 8 07:58:47 2010 +0000;1291795127
b50abc67deb639c5a29c286cb19bd08780ec5f4d;b50abc67de;-;-;Tue Dec 7 06:56:55 2010 +0000;1291705015;-;-;Tue Dec 7 06:56:55 2010 +0000;1291705015
e0c5ced6957b9fdc6667d5a41811ac019994d15e;e0c5ced695;-;-;Sun Dec 5 20:14:26 2010 +0000;1291580066;-;-;Sun Dec 5 20:14:26 2010 +0000;1291580066
5062dc31af63691f91a8a473803653d4d36d9a39;5062dc31af;-;-;Wed Dec 1 09:01:58 2010 +0000;1291194118;-;-;Wed Dec 1 09:01:58 2010 +0000;1291194118
b33da670e5304ae44fc0817cebf200a69a5f457e;b33da670e5;-;-;Wed Dec 1 08:36:29 2010 +0000;1291192589;-;-;Wed Dec 1 08:36:29 2010 +0000;1291192589
c8b49158916431afabb1989a87a09465aaff1c3a;c8b4915891;-;-;Wed Dec 1 08:36:12 2010 +0000;1291192572;-;-;Wed Dec 1 08:36:12 2010 +0000;1291192572
b109a07fd99262204605b560bdba036c95eb093b;b109a07fd9;-;-;Wed Nov 17 17:27:03 2010 +0000;1290014823;-;-;Wed Nov 17 17:27:03 2010 +0000;1290014823
c52915bde6ac2eab7554fd665870d0c4f4592307;c52915bde6;-;-;Tue Nov 16 17:12:32 2010 +0000;1289927552;-;-;Tue Nov 16 17:12:32 2010 +0000;1289927552
197a46d0ab5b7008fbc68eaa7468f363fca0b91b;197a46d0ab;-;-;Mon Nov 15 19:15:29 2010 +0000;1289848529;-;-;Mon Nov 15 19:15:29 2010 +0000;1289848529
36ec06a9171c290e168f9257726a45edb58c05e6;36ec06a917;-;-;Mon Nov 15 16:54:12 2010 +0000;1289840052;-;-;Mon Nov 15 16:54:12 2010 +0000;1289840052
cfe1fdb5e596ccf977d8eaef60f2acb1fe700248;cfe1fdb5e5;-;-;Mon Nov 15 16:50:59 2010 +0000;1289839859;-;-;Mon Nov 15 16:50:59 2010 +0000;1289839859
a3df1c4e416c3d12072bafd0c63a8c93d85fbe55;a3df1c4e41;-;-;Mon Nov 15 16:50:01 2010 +0000;1289839801;-;-;Mon Nov 15 16:50:01 2010 +0000;1289839801
b73224427f296a1f016e0334bd189eb9e2bf3b2f;b73224427f;-;-;Mon Nov 15 16:49:17 2010 +0000;1289839757;-;-;Mon Nov 15 16:49:17 2010 +0000;1289839757
01120eb2f0c2b0ecb59daa4d31643e5e3a3beed2;01120eb2f0;-;-;Tue Nov 9 10:40:51 2010 +0000;1289299251;-;-;Tue Nov 9 10:40:51 2010 +0000;1289299251
8762ec956c8d8e18979770a0ddc836b971e88fc1;8762ec956c;-;-;Mon Nov 8 14:56:35 2010 +0000;1289228195;-;-;Mon Nov 8 14:56:35 2010 +0000;1289228195
01e79cfeddf788b3059f9012c0e19aca87e3902c;01e79cfedd;-;-;Sun Oct 31 17:46:15 2010 +0000;1288547175;-;-;Sun Oct 31 17:46:15 2010 +0000;1288547175
caf1a0875ac51544aec99129e29e3bbfa94f9b12;caf1a0875a;-;-;Fri Oct 29 17:17:38 2010 +0000;1288372658;-;-;Fri Oct 29 17:17:38 2010 +0000;1288372658
4f8105ccaa1c0d1b1ab99fb108a60ea787a0d33a;4f8105ccaa;-;-;Fri Oct 29 17:17:10 2010 +0000;1288372630;-;-;Fri Oct 29 17:17:10 2010 +0000;1288372630
85c02981b5f92f7dae92ffe2c9bb0657e6a7caac;85c02981b5;-;-;Fri Oct 29 17:00:08 2010 +0000;1288371608;-;-;Fri Oct 29 17:00:08 2010 +0000;1288371608
416777022dff7a420d3d0d3d1a04c71905b67828;416777022d;-;-;Fri Oct 29 10:56:43 2010 +0000;1288349803;-;-;Fri Oct 29 10:56:43 2010 +0000;1288349803
7cc3f49910b6ed281f1aee0851e603dfa96ed48a;7cc3f49910;-;-;Fri Oct 29 10:28:47 2010 +0000;1288348127;-;-;Fri Oct 29 10:28:47 2010 +0000;1288348127
095a36e853e7c3977f064f97db7f4af641145bdc;095a36e853;-;-;Thu Oct 28 17:54:07 2010 +0000;1288288447;-;-;Thu Oct 28 17:54:07 2010 +0000;1288288447
6ef987bcedd6c97f9a7683fbefa60b05f66cf408;6ef987bced;-;-;Thu Oct 28 17:49:49 2010 +0000;1288288189;-;-;Thu Oct 28 17:49:49 2010 +0000;1288288189
c13905ad1627f9d91e54ffd199c64380bbf18eb3;c13905ad16;-;-;Thu Oct 28 17:49:01 2010 +0000;1288288141;-;-;Thu Oct 28 17:49:01 2010 +0000;1288288141
4214bc0735c66c669a50f6391b917c54854eea5c;4214bc0735;-;-;Mon Oct 25 19:54:01 2010 +0000;1288036441;-;-;Mon Oct 25 19:54:01 2010 +0000;1288036441
f480333d31d8307b8c96409e7bb4f06ec0cab0ca;f480333d31;-;-;Mon Oct 25 19:48:20 2010 +0000;1288036100;-;-;Mon Oct 25 19:48:20 2010 +0000;1288036100
b0ea2b13d21992002a811dc52d89b7638040fd4a;b0ea2b13d2;-;-;Wed Oct 20 21:15:22 2010 +0000;1287609322;-;-;Wed Oct 20 21:15:22 2010 +0000;1287609322
a37a9e8a38cb91330c39d98dfac66647e1436afe;a37a9e8a38;-;-;Wed Oct 20 13:59:37 2010 +0000;1287583177;-;-;Wed Oct 20 13:59:37 2010 +0000;1287583177
577755d5801a33f5cd4def52f7e81fc9b1e76240;577755d580;-;-;Wed Oct 20 05:51:51 2010 +0000;1287553911;-;-;Wed Oct 20 05:51:51 2010 +0000;1287553911
610812949f4632caf8027aa7680cc847c561cc1c;610812949f;-;-;Wed Oct 20 05:48:25 2010 +0000;1287553705;-;-;Wed Oct 20 05:48:25 2010 +0000;1287553705
82ec515e598caa971b92cdc4f86c8f894705deb7;82ec515e59;-;-;Wed Oct 20 05:37:25 2010 +0000;1287553045;-;-;Wed Oct 20 05:37:25 2010 +0000;1287553045
d418eed56f6335f7729f75510b0cb632fc10910b;d418eed56f;-;-;Wed Oct 20 05:22:43 2010 +0000;1287552163;-;-;Wed Oct 20 05:22:43 2010 +0000;1287552163
244c96151e4605087b95786798168d599a6f036e;244c96151e;-;-;Wed Oct 20 05:19:17 2010 +0000;1287551957;-;-;Wed Oct 20 05:19:17 2010 +0000;1287551957
92298469bf2f2640d18c1ef1ce0a9811b7c5e061;92298469bf;-;-;Sun Oct 17 22:33:30 2010 +0000;1287354810;-;-;Sun Oct 17 22:33:30 2010 +0000;1287354810
bfd54f4f35ec7e26492f179771a937c9896c9957;bfd54f4f35;-;-;Fri Oct 15 21:04:48 2010 +0000;1287176688;-;-;Fri Oct 15 21:04:48 2010 +0000;1287176688
c5e53ee43258f7e9e76b3d882a0a13512665c61c;c5e53ee432;-;-;Fri Oct 15 20:50:51 2010 +0000;1287175851;-;-;Fri Oct 15 20:50:51 2010 +0000;1287175851
8c9b64c9481b3c2970519b1dcf91f7b67767d8b0;8c9b64c948;-;-;Fri Oct 15 20:50:23 2010 +0000;1287175823;-;-;Fri Oct 15 20:50:23 2010 +0000;1287175823
171f1ee097c777bdfec6ec2dc0ea88ad9d88181d;171f1ee097;-;-;Fri Oct 15 15:56:59 2010 +0000;1287158219;-;-;Fri Oct 15 15:56:59 2010 +0000;1287158219
be21358db737e695d4c35fb7ab48dd6adc14212b;be21358db7;-;-;Fri Oct 15 14:05:22 2010 +0000;1287151522;-;-;Fri Oct 15 14:05:22 2010 +0000;1287151522
5da5fc64999ef98c453daf90d28589827f8f8a7e;5da5fc6499;-;-;Fri Oct 15 08:44:03 2010 +0000;1287132243;-;-;Fri Oct 15 08:44:03 2010 +0000;1287132243
c7aaa85ef6b4672be8e0a816d3d1f5ce71485539;c7aaa85ef6;-;-;Fri Oct 15 07:56:02 2010 +0000;1287129362;-;-;Fri Oct 15 07:56:02 2010 +0000;1287129362
a25e4d794e15e484b291146229b4aea674740866;a25e4d794e;-;-;Thu Oct 14 23:10:08 2010 +0000;1287097808;-;-;Thu Oct 14 23:10:08 2010 +0000;1287097808
3c067e5db6309964d33b14924afbba039ad7e62b;3c067e5db6;-;-;Thu Oct 14 23:06:45 2010 +0000;1287097605;-;-;Thu Oct 14 23:06:45 2010 +0000;1287097605
0f924820e88563b5c916c39dcf97229de372bdcc;0f924820e8;-;-;Thu Oct 14 21:25:14 2010 +0000;1287091514;-;-;Thu Oct 14 21:25:14 2010 +0000;1287091514
1f1577e33ea5440160d984f7ae1a8629066ea8e3;1f1577e33e;-;-;Thu Oct 14 19:49:29 2010 +0000;1287085769;-;-;Thu Oct 14 19:49:29 2010 +0000;1287085769
e1dbb66798ae90f8cd91194d5380de4b7141b690;e1dbb66798;-;-;Thu Oct 14 19:44:26 2010 +0000;1287085466;-;-;Thu Oct 14 19:44:26 2010 +0000;1287085466
1933b648c3d46715009ca27eb628ee8d98a14dcc;1933b648c3;-;-;Thu Oct 14 19:40:36 2010 +0000;1287085236;-;-;Thu Oct 14 19:40:36 2010 +0000;1287085236
5cb06f5da23da2dd951ed320b12244942c00a90a;5cb06f5da2;-;-;Thu Oct 14 09:34:31 2010 +0000;1287048871;-;-;Thu Oct 14 09:34:31 2010 +0000;1287048871
ffa4ed093f43c7a172f78fbd9e834340f096697b;ffa4ed093f;-;-;Thu Oct 14 00:30:38 2010 +0000;1287016238;-;-;Thu Oct 14 00:30:38 2010 +0000;1287016238
4c73a29f99f0b9d2232b466972a55197758684db;4c73a29f99;-;-;Thu Oct 14 00:30:07 2010 +0000;1287016207;-;-;Thu Oct 14 00:30:07 2010 +0000;1287016207
0195b0da3c28b3a48b8f1fc8b0b5a354f1a56265;0195b0da3c;-;-;Thu Oct 14 00:14:50 2010 +0000;1287015290;-;-;Thu Oct 14 00:14:50 2010 +0000;1287015290
27a10c74d1b1daca99cffd00b0b4e03b96d747c2;27a10c74d1;-;-;Wed Oct 13 23:22:57 2010 +0000;1287012177;-;-;Wed Oct 13 23:22:57 2010 +0000;1287012177
7893b3ebf68946a942e55d12ba828bfd044e4d00;7893b3ebf6;-;-;Wed Oct 13 22:29:28 2010 +0000;1287008968;-;-;Wed Oct 13 22:29:28 2010 +0000;1287008968
21d68831399f2895cb75fe967cb157e3d1f40809;21d6883139;-;-;Wed Oct 13 21:06:38 2010 +0000;1287003998;-;-;Wed Oct 13 21:06:38 2010 +0000;1287003998
a6569a2930056de3016b28b50d092a44b42e8627;a6569a2930;-;-;Wed Oct 13 20:53:12 2010 +0000;1287003192;-;-;Wed Oct 13 20:53:12 2010 +0000;1287003192
d9d7fb6f9ad93a995e2436d991a409dda1322f6d;d9d7fb6f9a;-;-;Wed Oct 13 14:19:48 2010 +0000;1286979588;-;-;Wed Oct 13 14:19:48 2010 +0000;1286979588
4108927b28a00d4918e2852f09c8bde10c3fd0bb;4108927b28;-;-;Wed Oct 13 12:03:26 2010 +0000;1286971406;-;-;Wed Oct 13 12:03:26 2010 +0000;1286971406
ac5b1bcfabf30273e69359ba4ead29b4704eaa89;ac5b1bcfab;-;-;Tue Oct 12 22:56:38 2010 +0000;1286924198;-;-;Tue Oct 12 22:56:38 2010 +0000;1286924198
c5c1d70aa325f0245705a8546e8a8c1ca6d66706;c5c1d70aa3;-;-;Tue Oct 12 12:09:43 2010 +0000;1286885383;-;-;Tue Oct 12 12:09:43 2010 +0000;1286885383
043ec2c8b233b667128269e3af34c747f7af2f62;043ec2c8b2;-;-;Tue Oct 12 11:55:29 2010 +0000;1286884529;-;-;Tue Oct 12 11:55:29 2010 +0000;1286884529
1f296403da01a57deca04e21f58dca42ac61ef97;1f296403da;-;-;Tue Oct 12 09:50:39 2010 +0000;1286877039;-;-;Tue Oct 12 09:50:39 2010 +0000;1286877039
35da7bdb44c5660ce16690cdd52a8a5bce1d4f7e;35da7bdb44;-;-;Tue Oct 12 09:41:23 2010 +0000;1286876483;-;-;Tue Oct 12 09:41:23 2010 +0000;1286876483
ab21dbad08df69b7f734bc6392a55bac1c0353c1;ab21dbad08;-;-;Tue Oct 12 09:35:23 2010 +0000;1286876123;-;-;Tue Oct 12 09:35:23 2010 +0000;1286876123
c32c0d5674e63a0c4350c62ab57832d9040ad30b;c32c0d5674;-;-;Mon Oct 11 21:26:32 2010 +0000;1286832392;-;-;Mon Oct 11 21:26:32 2010 +0000;1286832392
e506ccf4e193857197ad22e6494938b9fefb3ed9;e506ccf4e1;-;-;Mon Oct 11 21:15:56 2010 +0000;1286831756;-;-;Mon Oct 11 21:15:56 2010 +0000;1286831756
0ef971b82bbcba8f93b9b64efe59dd1743354155;0ef971b82b;-;-;Mon Oct 11 21:15:26 2010 +0000;1286831726;-;-;Mon Oct 11 21:15:26 2010 +0000;1286831726
b062de1133c7f346fceff4f5e5a53e46d1ef63ee;b062de1133;-;-;Mon Oct 11 21:15:12 2010 +0000;1286831712;-;-;Mon Oct 11 21:15:12 2010 +0000;1286831712
3740380a7a35be3a4e4b180b207a967cd8122380;3740380a7a;-;-;Mon Oct 11 20:03:40 2010 +0000;1286827420;-;-;Mon Oct 11 20:03:40 2010 +0000;1286827420
cb434793d5ef19f62c4508f3412649dbd8aade8c;cb434793d5;-;-;Mon Oct 11 20:00:45 2010 +0000;1286827245;-;-;Mon Oct 11 20:00:45 2010 +0000;1286827245
9114f80b6811da15fbcd3bf1f69f219252440c21;9114f80b68;-;-;Mon Oct 11 19:59:16 2010 +0000;1286827156;-;-;Mon Oct 11 19:59:16 2010 +0000;1286827156
ae3cfff3805ae488e4cd56da3cef24aee8d79ab5;ae3cfff380;-;-;Mon Oct 11 18:55:21 2010 +0000;1286823321;-;-;Mon Oct 11 18:55:21 2010 +0000;1286823321
c046419acd4d00d4ccf53b78cdabe0f99c9ec4ad;c046419acd;-;-;Mon Oct 11 17:36:18 2010 +0000;1286818578;-;-;Mon Oct 11 17:36:18 2010 +0000;1286818578
bd22bed10af6d8ae820f61878fb8930f10837746;bd22bed10a;-;-;Mon Oct 11 14:17:09 2010 +0000;1286806629;-;-;Mon Oct 11 14:17:09 2010 +0000;1286806629
a0fead18801f292989e8e1373d585d091869fd0f;a0fead1880;-;-;Sun Oct 10 21:29:18 2010 +0000;1286746158;-;-;Sun Oct 10 21:29:18 2010 +0000;1286746158
f7cd9865f411233211b03ee130cc2836732600af;f7cd9865f4;-;-;Sun Oct 10 21:09:59 2010 +0000;1286744999;-;-;Sun Oct 10 21:09:59 2010 +0000;1286744999
ebe8052d559ef5fac8a93820cf5847a8de5e9e43;ebe8052d55;-;-;Sun Oct 10 21:09:43 2010 +0000;1286744983;-;-;Sun Oct 10 21:09:43 2010 +0000;1286744983
6b3c299a507b58a0a66178447e67f0ec46316209;6b3c299a50;-;-;Sun Oct 10 21:01:04 2010 +0000;1286744464;-;-;Sun Oct 10 21:01:04 2010 +0000;1286744464
722778c74a048d5b1a091f56090cc0e91e782272;722778c74a;-;-;Sun Oct 10 20:22:15 2010 +0000;1286742135;-;-;Sun Oct 10 20:22:15 2010 +0000;1286742135
1cd77e2a152027c25f133d2cf50c00bf0189607a;1cd77e2a15;-;-;Sun Oct 10 20:11:53 2010 +0000;1286741513;-;-;Sun Oct 10 20:11:53 2010 +0000;1286741513
5be94731367407c703d9c6c2584dc7cb964638b6;5be9473136;-;-;Sun Oct 10 20:11:44 2010 +0000;1286741504;-;-;Sun Oct 10 20:11:44 2010 +0000;1286741504
7553b76f15c5b5e80d15e0ae09aba72a56c3572b;7553b76f15;-;-;Sun Oct 10 19:23:01 2010 +0000;1286738581;-;-;Sun Oct 10 19:23:01 2010 +0000;1286738581
d78eda8aebda0704e29fdccf619e9931b5446efc;d78eda8aeb;-;-;Sun Oct 10 18:31:43 2010 +0000;1286735503;-;-;Sun Oct 10 18:31:43 2010 +0000;1286735503
061063257ab8e16786d04eaddb5b5aba61dcd7f1;061063257a;-;-;Sun Oct 10 18:31:03 2010 +0000;1286735463;-;-;Sun Oct 10 18:31:03 2010 +0000;1286735463
4e43ba544b058d406aac907ab50d7a7c4746a635;4e43ba544b;-;-;Sat Oct 9 23:08:23 2010 +0000;1286665703;-;-;Sat Oct 9 23:08:23 2010 +0000;1286665703
ccded10d861bf947b0eb674101d168c8925d89a3;ccded10d86;-;-;Sat Oct 9 23:04:50 2010 +0000;1286665490;-;-;Sat Oct 9 23:04:50 2010 +0000;1286665490
2433feab09e87425b9816082cc93d5fd8ef00f6d;2433feab09;-;-;Sat Oct 9 13:29:22 2010 +0000;1286630962;-;-;Sat Oct 9 13:29:22 2010 +0000;1286630962
be04aca0377918f443977974c8b4833fa7cebfe5;be04aca037;-;-;Sat Oct 9 12:38:37 2010 +0000;1286627917;-;-;Sat Oct 9 12:38:37 2010 +0000;1286627917
153680a5e6b252e2f6d6f1257732df5c6f92fe66;153680a5e6;-;-;Sat Oct 9 12:35:38 2010 +0000;1286627738;-;-;Sat Oct 9 12:35:38 2010 +0000;1286627738
a15d023b454e5ab585f1279522401e8fe583a1d2;a15d023b45;-;-;Sat Oct 9 12:35:21 2010 +0000;1286627721;-;-;Sat Oct 9 12:35:21 2010 +0000;1286627721
63b8ae085aeb8b1148c28fc2784f2f7d0f4c237e;63b8ae085a;-;-;Fri Oct 8 18:28:01 2010 +0000;1286562481;-;-;Fri Oct 8 18:28:01 2010 +0000;1286562481
1c6e131746306169687d0c6e257117e29b5a9c8a;1c6e131746;-;-;Fri Oct 8 12:40:06 2010 +0000;1286541606;-;-;Fri Oct 8 12:40:06 2010 +0000;1286541606
00984781af674438bab1759475836106771b7629;00984781af;-;-;Wed Oct 6 20:13:22 2010 +0000;1286396002;-;-;Wed Oct 6 20:13:22 2010 +0000;1286396002
e1fb19f4e160a81fffb754d83a27fe9068225eae;e1fb19f4e1;-;-;Wed Oct 6 20:12:15 2010 +0000;1286395935;-;-;Wed Oct 6 20:12:15 2010 +0000;1286395935
21cca695e50a9a0468a4c84e9e1faaf4be9ff911;21cca695e5;-;-;Wed Oct 6 12:05:11 2010 +0000;1286366711;-;-;Wed Oct 6 12:05:11 2010 +0000;1286366711
ba2bac17de41d30215d765c791da1f497f957494;ba2bac17de;-;-;Sat Oct 2 06:30:05 2010 +0000;1286001005;-;-;Sat Oct 2 06:30:05 2010 +0000;1286001005
5918e2fa9c87116cbfeeadbd2ed63959dc426849;5918e2fa9c;-;-;Sat Oct 2 01:29:35 2010 +0000;1285982975;-;-;Sat Oct 2 01:29:35 2010 +0000;1285982975
6d94c92d97ec449178cc79ac864e003ae2454ca4;6d94c92d97;-;-;Sat Oct 2 01:25:25 2010 +0000;1285982725;-;-;Sat Oct 2 01:25:25 2010 +0000;1285982725
3f0462510e4edefc7d6ef830b0ea61e1ff623fd4;3f0462510e;-;-;Sat Oct 2 01:05:40 2010 +0000;1285981540;-;-;Sat Oct 2 01:05:40 2010 +0000;1285981540
40fa8afce47870f80bc79efd7501a699d05a57fa;40fa8afce4;-;-;Sat Oct 2 00:03:09 2010 +0000;1285977789;-;-;Sat Oct 2 00:03:09 2010 +0000;1285977789
aac2de9221f04763beaf1d9d061f9568e38678b1;aac2de9221;-;-;Fri Oct 1 22:27:34 2010 +0000;1285972054;-;-;Fri Oct 1 22:27:34 2010 +0000;1285972054
cbab6fa59fcc3b76b1400064081a029f8a5e803d;cbab6fa59f;-;-;Fri Oct 1 22:22:50 2010 +0000;1285971770;-;-;Fri Oct 1 22:22:50 2010 +0000;1285971770
b7b2a259537a1e7a0862c2a5b1d29342bb310c99;b7b2a25953;-;-;Fri Oct 1 22:16:21 2010 +0000;1285971381;-;-;Fri Oct 1 22:16:21 2010 +0000;1285971381
d9b54a524d82597724100ab1a832e192f8412c79;d9b54a524d;-;-;Fri Oct 1 21:50:25 2010 +0000;1285969825;-;-;Fri Oct 1 21:50:25 2010 +0000;1285969825
9008e08171c0e284f338d44dab672c48cf98a93e;9008e08171;-;-;Fri Oct 1 09:44:55 2010 +0000;1285926295;-;-;Fri Oct 1 09:44:55 2010 +0000;1285926295
eb0990b37e0087635b299b8e4706520a778d4ab7;eb0990b37e;-;-;Fri Oct 1 09:44:52 2010 +0000;1285926292;-;-;Fri Oct 1 09:44:52 2010 +0000;1285926292
1fc6de0403097104049d87d3292247ff09d4b033;1fc6de0403;-;-;Fri Oct 1 06:52:08 2010 +0000;1285915928;-;-;Fri Oct 1 06:52:08 2010 +0000;1285915928
b467f2c858aa8039520ef91c1c6488bbe4e70f79;b467f2c858;-;-;Thu Sep 30 17:56:41 2010 +0000;1285869401;-;-;Thu Sep 30 17:56:41 2010 +0000;1285869401
e211c0906536d8f941e92950b2dc84c608865fc6;e211c09065;-;-;Wed Sep 29 14:45:44 2010 +0000;1285771544;-;-;Wed Sep 29 14:45:44 2010 +0000;1285771544
f88f69e700abb5291049fc5edd08e0d71dec54b0;f88f69e700;-;-;Wed Sep 29 14:31:23 2010 +0000;1285770683;-;-;Wed Sep 29 14:31:23 2010 +0000;1285770683
eda6268d9deed787b3b656843ed5fad02c7b15f1;eda6268d9d;-;-;Wed Sep 29 14:01:54 2010 +0000;1285768914;-;-;Wed Sep 29 14:01:54 2010 +0000;1285768914
668207d59d72d5cb1eb169551314c5c290f685f8;668207d59d;-;-;Wed Sep 29 13:45:50 2010 +0000;1285767950;-;-;Wed Sep 29 13:45:50 2010 +0000;1285767950
803b336354d630385c60d959d30d40feb154c488;803b336354;-;-;Wed Sep 29 13:31:53 2010 +0000;1285767113;-;-;Wed Sep 29 13:31:53 2010 +0000;1285767113
4c154d3cabee9876265d7aee61070e236f03637e;4c154d3cab;-;-;Wed Sep 29 13:22:24 2010 +0000;1285766544;-;-;Wed Sep 29 13:22:24 2010 +0000;1285766544
7ad191c91220aa711659ae413b480242bc2c8dc2;7ad191c912;-;-;Wed Sep 29 13:14:18 2010 +0000;1285766058;-;-;Wed Sep 29 13:14:18 2010 +0000;1285766058
70cb81b4b5d9633d6eeb8967b7289fb9394734cd;70cb81b4b5;-;-;Fri Sep 24 10:06:52 2010 +0000;1285322812;-;-;Fri Sep 24 10:06:52 2010 +0000;1285322812
6e516b7281e92e3ae00343437ce5d16ebc9bacf5;6e516b7281;-;-;Tue Sep 21 23:14:22 2010 +0000;1285110862;-;-;Tue Sep 21 23:14:22 2010 +0000;1285110862
aab05c4da95034cbbe52e551cef4a0f1dd5f930a;aab05c4da9;-;-;Fri Sep 17 18:50:01 2010 +0000;1284749401;-;-;Fri Sep 17 18:50:01 2010 +0000;1284749401
562747ef414b8de4224f3eb9a2ee1b93f12b0cc5;562747ef41;-;-;Wed Sep 15 08:45:21 2010 +0000;1284540321;-;-;Wed Sep 15 08:45:21 2010 +0000;1284540321
c1d2c36f32291294407baebd7625955f02378f0b;c1d2c36f32;-;-;Wed Sep 15 08:13:12 2010 +0000;1284538392;-;-;Wed Sep 15 08:13:12 2010 +0000;1284538392
e8b9c6d5ff6d48760d0abdd54147d9ed6c430a30;e8b9c6d5ff;-;-;Wed Sep 15 06:37:05 2010 +0000;1284532625;-;-;Wed Sep 15 06:37:05 2010 +0000;1284532625
b2b195e2cfb50a336060fe160a3ac1eb39cfb018;b2b195e2cf;-;-;Tue Sep 14 15:48:03 2010 +0000;1284479283;-;-;Tue Sep 14 15:48:03 2010 +0000;1284479283
2c559aa8c885a23df67e4607e604c17204db9c84;2c559aa8c8;-;-;Tue Sep 14 11:02:46 2010 +0000;1284462166;-;-;Tue Sep 14 11:02:46 2010 +0000;1284462166
bf90a2ddb6724e84244de05bf30d498a65820271;bf90a2ddb6;-;-;Tue Sep 14 06:43:53 2010 +0000;1284446633;-;-;Tue Sep 14 06:43:53 2010 +0000;1284446633
a3f155220bec9ba8404c9975dfd0de1e82b470bb;a3f155220b;-;-;Tue Sep 14 05:37:30 2010 +0000;1284442650;-;-;Tue Sep 14 05:37:30 2010 +0000;1284442650
6d4faa6c5259743f8544352e970c85dfeebbe56f;6d4faa6c52;-;-;Tue Sep 14 05:09:08 2010 +0000;1284440948;-;-;Tue Sep 14 05:09:08 2010 +0000;1284440948
d8ecc76d4cce50feb7c3691d201755535940e831;d8ecc76d4c;-;-;Mon Sep 13 23:06:06 2010 +0000;1284419166;-;-;Mon Sep 13 23:06:06 2010 +0000;1284419166
05bcc4028d63fe8896ca7959a47f0d17ae14ce51;05bcc4028d;-;-;Mon Sep 13 20:23:26 2010 +0000;1284409406;-;-;Mon Sep 13 20:23:26 2010 +0000;1284409406
334a294e2a5c57250bfeb5847d16339b5b535862;334a294e2a;-;-;Mon Sep 13 19:58:26 2010 +0000;1284407906;-;-;Mon Sep 13 19:58:26 2010 +0000;1284407906
99f7142e3f78e73cf191fedb41926189dee69dc5;99f7142e3f;-;-;Fri Sep 10 16:32:20 2010 +0000;1284136340;-;-;Fri Sep 10 16:32:20 2010 +0000;1284136340
aa54518e2e44f6256f4397aa1f8941e0ba2c7b49;aa54518e2e;-;-;Fri Sep 10 09:09:28 2010 +0000;1284109768;-;-;Fri Sep 10 09:09:28 2010 +0000;1284109768
c2dab9c20055c6d175849d9cecbd4ce10f854660;c2dab9c200;-;-;Fri Sep 10 09:07:20 2010 +0000;1284109640;-;-;Fri Sep 10 09:07:20 2010 +0000;1284109640
609f91e1b43f1f14068b68ed2e8c792bf6e3c5ee;609f91e1b4;-;-;Thu Sep 9 22:14:51 2010 +0000;1284070491;-;-;Thu Sep 9 22:14:51 2010 +0000;1284070491
87e7258c9adc8af6e68ad07d84ae355b3d9edd6b;87e7258c9a;-;-;Thu Sep 9 22:14:36 2010 +0000;1284070476;-;-;Thu Sep 9 22:14:36 2010 +0000;1284070476
134e79c0fd49bd7912088af4d08fb774dd45fd13;134e79c0fd;-;-;Thu Sep 9 22:12:23 2010 +0000;1284070343;-;-;Thu Sep 9 22:12:23 2010 +0000;1284070343
08fb61316d2ab5888ca77e79242b7e6eb57d89b0;08fb61316d;-;-;Thu Sep 9 10:16:43 2010 +0000;1284027403;-;-;Thu Sep 9 10:16:43 2010 +0000;1284027403
4b89069cabaece5ddba54361f6b2a4098c18598f;4b89069cab;-;-;Thu Sep 9 10:16:39 2010 +0000;1284027399;-;-;Thu Sep 9 10:16:39 2010 +0000;1284027399
5f2d88f74a626ec04f0226accbb540dd9f74af5c;5f2d88f74a;-;-;Thu Sep 9 09:04:40 2010 +0000;1284023080;-;-;Thu Sep 9 09:04:40 2010 +0000;1284023080
53692a79e2ece70f6b5ce78254050ceffe81a9eb;53692a79e2;-;-;Thu Sep 9 08:13:49 2010 +0000;1284020029;-;-;Thu Sep 9 08:13:49 2010 +0000;1284020029
b07a7be262bc4d148556221971fb1bd57c7816cb;b07a7be262;-;-;Wed Sep 8 22:53:54 2010 +0000;1283986434;-;-;Wed Sep 8 22:53:54 2010 +0000;1283986434
7a42ff16acd787c4a5b7c01c36ef9c42b6039869;7a42ff16ac;-;-;Wed Sep 8 22:53:39 2010 +0000;1283986419;-;-;Wed Sep 8 22:53:39 2010 +0000;1283986419
f848e5081daeb6a267b929afa512f642c0112317;f848e5081d;-;-;Wed Sep 8 22:48:03 2010 +0000;1283986083;-;-;Wed Sep 8 22:48:03 2010 +0000;1283986083
91a53a36ecbef88a5dfe990138ae5548d6ff68e2;91a53a36ec;-;-;Wed Sep 8 22:45:58 2010 +0000;1283985958;-;-;Wed Sep 8 22:45:58 2010 +0000;1283985958
1247d2085b9e3a9bfa955752bad6866d917e6bed;1247d2085b;-;-;Wed Sep 8 18:59:28 2010 +0000;1283972368;-;-;Wed Sep 8 18:59:28 2010 +0000;1283972368
90636f66a85ff39c2b22676c45e9b0b79419aa93;90636f66a8;-;-;Wed Sep 8 18:46:21 2010 +0000;1283971581;-;-;Wed Sep 8 18:46:21 2010 +0000;1283971581
c33df5977a622d5ced7a057af090c39a8f95b2ec;c33df5977a;-;-;Wed Sep 8 17:26:02 2010 +0000;1283966762;-;-;Wed Sep 8 17:26:02 2010 +0000;1283966762
6f69b7b75251a5e78a15b1c5c41b329fb2d482d0;6f69b7b752;-;-;Wed Sep 8 15:30:48 2010 +0000;1283959848;-;-;Wed Sep 8 15:30:48 2010 +0000;1283959848
912d3493663090aceeed140f2b4437dced74474c;912d349366;-;-;Wed Sep 8 14:48:52 2010 +0000;1283957332;-;-;Wed Sep 8 14:48:52 2010 +0000;1283957332
284f98f12a53e46a58c7731da075148eff26137a;284f98f12a;-;-;Wed Sep 8 14:45:00 2010 +0000;1283957100;-;-;Wed Sep 8 14:45:00 2010 +0000;1283957100
907febd86ee0da8c6d500c3317168a0a3f8b2895;907febd86e;-;-;Wed Sep 8 13:56:42 2010 +0000;1283954202;-;-;Wed Sep 8 13:56:42 2010 +0000;1283954202
af7203b839be22b3b29a9ab2ae7bc54c29c17320;af7203b839;-;-;Wed Sep 8 12:52:23 2010 +0000;1283950343;-;-;Wed Sep 8 12:52:23 2010 +0000;1283950343
a251d6a6cc0ae65b58a8790f5d3ce4a72918d74a;a251d6a6cc;-;-;Wed Sep 8 12:39:57 2010 +0000;1283949597;-;-;Wed Sep 8 12:39:57 2010 +0000;1283949597
449337a54437fac15db9048ef29fd2e65efd8f48;449337a544;-;-;Wed Sep 8 09:45:18 2010 +0000;1283939118;-;-;Wed Sep 8 09:45:18 2010 +0000;1283939118
f92f295055cc40e362cfe33d8644fa791e6da765;f92f295055;-;-;Wed Sep 8 08:42:09 2010 +0000;1283935329;-;-;Wed Sep 8 08:42:09 2010 +0000;1283935329
6a4bc3e39fcec09f055f30e32e17df9834e5344e;6a4bc3e39f;-;-;Mon Sep 6 23:35:14 2010 +0000;1283816114;-;-;Mon Sep 6 23:35:14 2010 +0000;1283816114
88e0dcfa0673e689e9e61604b72f33137d5002bd;88e0dcfa06;-;-;Mon Sep 6 23:22:03 2010 +0000;1283815323;-;-;Mon Sep 6 23:22:03 2010 +0000;1283815323
bd05b046d0f2e893e48458932054e5109daf9b7a;bd05b046d0;-;-;Mon Sep 6 23:11:11 2010 +0000;1283814671;-;-;Mon Sep 6 23:11:11 2010 +0000;1283814671
7e5215b5d49b27924ed46a3c57408177aec785fe;7e5215b5d4;-;-;Mon Sep 6 22:56:18 2010 +0000;1283813778;-;-;Mon Sep 6 22:56:18 2010 +0000;1283813778
ba946c08dd4a8c010ff82126476a4c8d994ec8a4;ba946c08dd;-;-;Mon Sep 6 22:56:05 2010 +0000;1283813765;-;-;Mon Sep 6 22:56:05 2010 +0000;1283813765
3eda5144ae6d4a9f1764439de0fcc79e85dc48db;3eda5144ae;-;-;Mon Sep 6 22:45:31 2010 +0000;1283813131;-;-;Mon Sep 6 22:45:31 2010 +0000;1283813131
e68f2f0a5fcf583ea15f6c5b0a7377408b1844aa;e68f2f0a5f;-;-;Mon Sep 6 21:44:06 2010 +0000;1283809446;-;-;Mon Sep 6 21:44:06 2010 +0000;1283809446
45d9b0cb2d46930eaf6dbaf37f92e84ee53d9b5c;45d9b0cb2d;-;-;Mon Sep 6 21:43:26 2010 +0000;1283809406;-;-;Mon Sep 6 21:43:26 2010 +0000;1283809406
66b4499973de089fea8bebd71b484bbdfda0b2ac;66b4499973;-;-;Mon Sep 6 21:20:03 2010 +0000;1283808003;-;-;Mon Sep 6 21:20:03 2010 +0000;1283808003
e035477e6ae363c8ed81ee11876f8a26a87909c1;e035477e6a;-;-;Mon Sep 6 20:41:50 2010 +0000;1283805710;-;-;Mon Sep 6 20:41:50 2010 +0000;1283805710
479b4c1b849591660bfe569152c43b08eb8abe3c;479b4c1b84;-;-;Mon Sep 6 20:06:48 2010 +0000;1283803608;-;-;Mon Sep 6 20:06:48 2010 +0000;1283803608
05a3f3ad8d91e5181ebbbe7f7adcffd41ff5423e;05a3f3ad8d;-;-;Mon Sep 6 19:47:16 2010 +0000;1283802436;-;-;Mon Sep 6 19:47:16 2010 +0000;1283802436
b67da6c3f8a15db20ae2ecb3171460916f2f69d0;b67da6c3f8;-;-;Fri Sep 3 08:50:45 2010 +0000;1283503845;-;-;Fri Sep 3 08:50:45 2010 +0000;1283503845
0485f15998313dcb77a30f718f2d30647c63ad0e;0485f15998;-;-;Wed Sep 1 23:38:51 2010 +0000;1283384331;-;-;Wed Sep 1 23:38:51 2010 +0000;1283384331
b60a7a2e078714495e2f8e95f54139308d7fa989;b60a7a2e07;-;-;Wed Sep 1 22:24:21 2010 +0000;1283379861;-;-;Wed Sep 1 22:24:21 2010 +0000;1283379861
e6425ee41fa4c0818bb510018b113122b1601517;e6425ee41f;-;-;Wed Sep 1 22:02:33 2010 +0000;1283378553;-;-;Wed Sep 1 22:02:33 2010 +0000;1283378553
0a17e4175519914c6010c6ac7a6f5cfcd5387ac8;0a17e41755;-;-;Wed Sep 1 22:02:07 2010 +0000;1283378527;-;-;Wed Sep 1 22:02:07 2010 +0000;1283378527
055c343ce0e52b3aa66d5ed9c56b78466bc06f37;055c343ce0;-;-;Wed Sep 1 21:55:39 2010 +0000;1283378139;-;-;Wed Sep 1 21:55:39 2010 +0000;1283378139
3f68ccadd93626e92157daa80e991fe9c087088e;3f68ccadd9;-;-;Wed Sep 1 18:41:10 2010 +0000;1283366470;-;-;Wed Sep 1 18:41:10 2010 +0000;1283366470
4e3227441b994838822357767f7339225138916d;4e3227441b;-;-;Wed Sep 1 18:09:29 2010 +0000;1283364569;-;-;Wed Sep 1 18:09:29 2010 +0000;1283364569
e56cfb81734c9a7eb0f989fb15ba56058d3e28a1;e56cfb8173;-;-;Wed Sep 1 17:17:25 2010 +0000;1283361445;-;-;Wed Sep 1 17:17:25 2010 +0000;1283361445
66a5bb7c22ad08c892b9f43f83cb3d7b326159cf;66a5bb7c22;-;-;Wed Sep 1 14:02:32 2010 +0000;1283349752;-;-;Wed Sep 1 14:02:32 2010 +0000;1283349752
82bcef037d71b096b8afa27e8aa712eb8eb83af0;82bcef037d;-;-;Wed Sep 1 13:46:57 2010 +0000;1283348817;-;-;Wed Sep 1 13:46:57 2010 +0000;1283348817
5ddf8245dd8126507d51634ae0e3c918571f9c80;5ddf8245dd;-;-;Wed Sep 1 13:33:45 2010 +0000;1283348025;-;-;Wed Sep 1 13:33:45 2010 +0000;1283348025
3e5aca86d58f37ffd225c9e43e08296bdd12a638;3e5aca86d5;-;-;Wed Sep 1 11:21:40 2010 +0000;1283340100;-;-;Wed Sep 1 11:21:40 2010 +0000;1283340100
d7e0776148fd1e378ba81f2ef60b95a0d8cab1a8;d7e0776148;-;-;Wed Sep 1 11:19:11 2010 +0000;1283339951;-;-;Wed Sep 1 11:19:11 2010 +0000;1283339951
416004b1bca9271b0d47e3fdacbeb2282b91339b;416004b1bc;-;-;Tue Aug 31 15:48:42 2010 +0000;1283269722;-;-;Tue Aug 31 15:48:42 2010 +0000;1283269722
2182287d3e946bc2088f30f0cd90cea0ceae0bf4;2182287d3e;-;-;Tue Aug 31 10:46:58 2010 +0000;1283251618;-;-;Tue Aug 31 10:46:58 2010 +0000;1283251618
e3298061d2ad44c12947919fcb2e19642f062d99;e3298061d2;-;-;Tue Aug 31 09:51:59 2010 +0000;1283248319;-;-;Tue Aug 31 09:51:59 2010 +0000;1283248319
9aafa1c6b26e2d015ce956b1f52ad09d9cdb8116;9aafa1c6b2;-;-;Fri Aug 27 11:35:27 2010 +0000;1282908927;-;-;Fri Aug 27 11:35:27 2010 +0000;1282908927
b72cca54030d380ab70af0eed60d82074e2e3522;b72cca5403;-;-;Fri Aug 27 10:53:20 2010 +0000;1282906400;-;-;Fri Aug 27 10:53:20 2010 +0000;1282906400
d0f13b5bebe548232bd4d2658db81bc2e7203c5f;d0f13b5beb;-;-;Wed Aug 25 09:00:09 2010 +0000;1282726809;-;-;Wed Aug 25 09:00:09 2010 +0000;1282726809
4504ab8bc22c0ac57d4cbde4083f38272daf7cb0;4504ab8bc2;-;-;Mon Aug 23 14:53:00 2010 +0000;1282575180;-;-;Mon Aug 23 14:53:00 2010 +0000;1282575180
7730e76c069aff0b81b23fc6cbab0053acccb850;7730e76c06;-;-;Mon Aug 23 13:17:31 2010 +0000;1282569451;-;-;Mon Aug 23 13:17:31 2010 +0000;1282569451
dbfa049e1e3b95f4408960b82276852c320cc474;dbfa049e1e;-;-;Thu Aug 19 11:04:04 2010 +0000;1282215844;-;-;Thu Aug 19 11:04:04 2010 +0000;1282215844
9f05f28727923a396eb2392807813f3891c36f33;9f05f28727;-;-;Thu Aug 19 10:55:41 2010 +0000;1282215341;-;-;Thu Aug 19 10:55:41 2010 +0000;1282215341
a9da12325995ab03cef56e8f51870081e36a3c9e;a9da123259;-;-;Thu Aug 19 09:30:04 2010 +0000;1282210204;-;-;Thu Aug 19 09:30:04 2010 +0000;1282210204
001d676decd995d6b7baa041ae1069eea602aaa0;001d676dec;-;-;Thu Aug 19 08:54:42 2010 +0000;1282208082;-;-;Thu Aug 19 08:54:42 2010 +0000;1282208082
061b2c91a0bc979e722aeb6ed02060e9c8744f44;061b2c91a0;-;-;Thu Aug 19 07:53:48 2010 +0000;1282204428;-;-;Thu Aug 19 07:53:48 2010 +0000;1282204428
9ab2c6628b4f912b8ec23cd8dc3ccd3e54b5fa8e;9ab2c6628b;-;-;Wed Aug 18 10:37:35 2010 +0000;1282127855;-;-;Wed Aug 18 10:37:35 2010 +0000;1282127855
2f980d95ff574c1a378c973cc25931a28c2cf22b;2f980d95ff;-;-;Wed Aug 18 09:13:10 2010 +0000;1282122790;-;-;Wed Aug 18 09:13:10 2010 +0000;1282122790
9857ba077b16312e78ca6dcf2a219326955daae5;9857ba077b;-;-;Wed Aug 18 09:08:55 2010 +0000;1282122535;-;-;Wed Aug 18 09:08:55 2010 +0000;1282122535
9a088b8128cb1a8027a13645a7e4d400d767aabb;9a088b8128;-;-;Tue Aug 17 09:50:22 2010 +0000;1282038622;-;-;Tue Aug 17 09:50:22 2010 +0000;1282038622
e4792aaf33ce95422a8b64a48f1ae422ef032cb5;e4792aaf33;-;-;Mon Aug 16 21:24:21 2010 +0000;1281993861;-;-;Mon Aug 16 21:24:21 2010 +0000;1281993861
b58e19b04cf2db07a39f0325379e80f7ca5c5905;b58e19b04c;-;-;Mon Aug 16 20:39:28 2010 +0000;1281991168;-;-;Mon Aug 16 20:39:28 2010 +0000;1281991168
48869a86ccadbfd680e91cb4ee7d383221595afd;48869a86cc;-;-;Mon Aug 16 20:39:14 2010 +0000;1281991154;-;-;Mon Aug 16 20:39:14 2010 +0000;1281991154
a032ce12cbfe83c3c34e6baefe44409d46d59ddb;a032ce12cb;-;-;Mon Aug 16 19:04:51 2010 +0000;1281985491;-;-;Mon Aug 16 19:04:51 2010 +0000;1281985491
ecb351c4756c99afefb9379677a4c3a22fd7806c;ecb351c475;-;-;Mon Aug 16 19:02:12 2010 +0000;1281985332;-;-;Mon Aug 16 19:02:12 2010 +0000;1281985332
b51f067f74d3272bd8649ff90ef953c740dbfc58;b51f067f74;-;-;Sun Aug 15 23:51:01 2010 +0000;1281916261;-;-;Sun Aug 15 23:51:01 2010 +0000;1281916261
9b3fbc2333e419a41847669f09f0fb90d2f32f16;9b3fbc2333;-;-;Sun Aug 15 23:20:55 2010 +0000;1281914455;-;-;Sun Aug 15 23:20:55 2010 +0000;1281914455
ee04046ed71fe26621b8a88f87700907beb62ab0;ee04046ed7;-;-;Sun Aug 15 23:04:19 2010 +0000;1281913459;-;-;Sun Aug 15 23:04:19 2010 +0000;1281913459
3cf22a025581fe04eeeee7707161a5075ba3f87b;3cf22a0255;-;-;Sun Aug 15 23:04:02 2010 +0000;1281913442;-;-;Sun Aug 15 23:04:02 2010 +0000;1281913442
0aec5efb5690fce5dfad2f06fc567956bf328a5c;0aec5efb56;-;-;Sun Aug 15 23:01:10 2010 +0000;1281913270;-;-;Sun Aug 15 23:01:10 2010 +0000;1281913270
5c3cf5f672aa9c9264a13dfe4ef9bcd8dfc3d6d2;5c3cf5f672;-;-;Sun Aug 15 23:00:46 2010 +0000;1281913246;-;-;Sun Aug 15 23:00:46 2010 +0000;1281913246
d1afb290744667dcc5f0cd9b8c91e71164e2460c;d1afb29074;-;-;Sun Aug 15 22:57:37 2010 +0000;1281913057;-;-;Sun Aug 15 22:57:37 2010 +0000;1281913057
b2b1ff60dd3f448457b7bc95ee4edb1e968f3e99;b2b1ff60dd;-;-;Sun Aug 15 22:52:54 2010 +0000;1281912774;-;-;Sun Aug 15 22:52:54 2010 +0000;1281912774
255d1ad434d734329a9893e04bcdaf6a8d2a5538;255d1ad434;-;-;Sun Aug 15 22:51:02 2010 +0000;1281912662;-;-;Sun Aug 15 22:51:02 2010 +0000;1281912662
5b0448c609b1d176ac124834392a0603d6bf7a59;5b0448c609;-;-;Sun Aug 15 22:46:15 2010 +0000;1281912375;-;-;Sun Aug 15 22:46:15 2010 +0000;1281912375
1841b14b21d0240952afc2a29cd1235be85a6cca;1841b14b21;-;-;Sun Aug 15 22:02:40 2010 +0000;1281909760;-;-;Sun Aug 15 22:02:40 2010 +0000;1281909760
19fcbeafb4b4f36b0b92ad84c783306504c78a1d;19fcbeafb4;-;-;Sun Aug 15 22:01:33 2010 +0000;1281909693;-;-;Sun Aug 15 22:01:33 2010 +0000;1281909693
ace7b072f1e8c79b478031f82ecb90f93a1dc388;ace7b072f1;-;-;Sun Aug 15 21:43:24 2010 +0000;1281908604;-;-;Sun Aug 15 21:43:24 2010 +0000;1281908604
fd159246ed17036eb3635fe3f5f7f3ce0caa63a4;fd159246ed;-;-;Sun Aug 15 21:26:43 2010 +0000;1281907603;-;-;Sun Aug 15 21:26:43 2010 +0000;1281907603
2516bc0faf65034f35bf119ba92c0ec3ffcdd85e;2516bc0faf;-;-;Sun Aug 15 21:24:35 2010 +0000;1281907475;-;-;Sun Aug 15 21:24:35 2010 +0000;1281907475
3963ff6e3b2c732fee45020e482dba1d77c8a554;3963ff6e3b;-;-;Sun Aug 15 21:19:52 2010 +0000;1281907192;-;-;Sun Aug 15 21:19:52 2010 +0000;1281907192
a5b30fd0743195dd2d80dcec2c5e131d8bbc62ef;a5b30fd074;-;-;Sun Aug 15 21:17:39 2010 +0000;1281907059;-;-;Sun Aug 15 21:17:39 2010 +0000;1281907059
35971f9f905f9661b43546f3a4d7c5181ef5328f;35971f9f90;-;-;Sun Aug 15 21:12:54 2010 +0000;1281906774;-;-;Sun Aug 15 21:12:54 2010 +0000;1281906774
49a2970def8ed6b9e991095b6db29b1e8112cab1;49a2970def;-;-;Sat Aug 14 21:12:58 2010 +0000;1281820378;-;-;Sat Aug 14 21:12:58 2010 +0000;1281820378
665a997f668599e59de22adc727692463734bb87;665a997f66;-;-;Sat Aug 14 19:42:29 2010 +0000;1281814949;-;-;Sat Aug 14 19:42:29 2010 +0000;1281814949
5109501d1636ed643e351218f6c2823d28eb495e;5109501d16;-;-;Sat Aug 14 11:09:42 2010 +0000;1281784182;-;-;Sat Aug 14 11:09:42 2010 +0000;1281784182
e27f4b15778b01b07e22227090c6f50deccf89ce;e27f4b1577;-;-;Thu Aug 12 23:32:53 2010 +0000;1281655973;-;-;Thu Aug 12 23:32:53 2010 +0000;1281655973
f8690cf7915e8a89d5c50fac2f074f2440ffc8d1;f8690cf791;-;-;Thu Aug 12 22:55:12 2010 +0000;1281653712;-;-;Thu Aug 12 22:55:12 2010 +0000;1281653712
f6c07b371f20ff8dc38660cbbd48c874681a2c67;f6c07b371f;-;-;Thu Aug 12 22:54:24 2010 +0000;1281653664;-;-;Thu Aug 12 22:54:24 2010 +0000;1281653664
29b12adbaa9d760b14d3a063f6dcea6321e3039f;29b12adbaa;-;-;Thu Aug 12 22:49:26 2010 +0000;1281653366;-;-;Thu Aug 12 22:49:26 2010 +0000;1281653366
a79c015297e382bc6702d057e32efc74a4e2672c;a79c015297;-;-;Thu Aug 12 22:14:20 2010 +0000;1281651260;-;-;Thu Aug 12 22:14:20 2010 +0000;1281651260
01b65cd201ecb1ca9878849e12d5b2e2d37fe6a8;01b65cd201;-;-;Thu Aug 12 18:49:13 2010 +0000;1281638953;-;-;Thu Aug 12 18:49:13 2010 +0000;1281638953
61fcef1471dbb1a51bf24e647e3a7f42030e7f22;61fcef1471;-;-;Thu Aug 12 18:42:13 2010 +0000;1281638533;-;-;Thu Aug 12 18:42:13 2010 +0000;1281638533
34ebad5fffe38158d8fb94f1577664a9e26d20e4;34ebad5fff;-;-;Thu Aug 12 18:41:24 2010 +0000;1281638484;-;-;Thu Aug 12 18:41:24 2010 +0000;1281638484
9bd0bd9c3a279d22562296d7cd2e442e3d149b7d;9bd0bd9c3a;-;-;Thu Aug 12 10:56:28 2010 +0000;1281610588;-;-;Thu Aug 12 10:56:28 2010 +0000;1281610588
99733aef2a18ec511b36c5a34cc2eaf6505c50e9;99733aef2a;-;-;Wed Aug 11 21:47:50 2010 +0000;1281563270;-;-;Wed Aug 11 21:47:50 2010 +0000;1281563270
8a23ce917afb6cd19996508521a27f8ea97db29d;8a23ce917a;-;-;Wed Aug 11 19:24:30 2010 +0000;1281554670;-;-;Wed Aug 11 19:24:30 2010 +0000;1281554670
6e303d25c4e49f05096b8abac64c6bddc127b39c;6e303d25c4;-;-;Wed Aug 11 11:44:44 2010 +0000;1281527084;-;-;Wed Aug 11 11:44:44 2010 +0000;1281527084
ac1d2d93d6beb85f468cb669a83d9fdc9a289c84;ac1d2d93d6;-;-;Wed Aug 11 08:16:12 2010 +0000;1281514572;-;-;Wed Aug 11 08:16:12 2010 +0000;1281514572
b90260f8d2df58ac639048bea683d4aae78fdea9;b90260f8d2;-;-;Wed Aug 11 06:36:00 2010 +0000;1281508560;-;-;Wed Aug 11 06:36:00 2010 +0000;1281508560
258a47435de27238604a1a9c3322815a1f01c0d6;258a47435d;-;-;Tue Aug 10 23:10:35 2010 +0000;1281481835;-;-;Tue Aug 10 23:10:35 2010 +0000;1281481835
1503a139e2ccb34c38bd4f3c506ffabea037881f;1503a139e2;-;-;Tue Aug 10 22:36:36 2010 +0000;1281479796;-;-;Tue Aug 10 22:36:36 2010 +0000;1281479796
3d2dd447af6aeb0b17e98ec56d7f9b532ff2e05e;3d2dd447af;-;-;Tue Aug 10 22:13:55 2010 +0000;1281478435;-;-;Tue Aug 10 22:13:55 2010 +0000;1281478435
abf523698c4d32afba3c20e8887f1a553c145d1b;abf523698c;-;-;Tue Aug 10 22:13:50 2010 +0000;1281478430;-;-;Tue Aug 10 22:13:50 2010 +0000;1281478430
e3400f77c94aec2aee6cc6806777ffd9e3464423;e3400f77c9;-;-;Tue Aug 10 21:51:35 2010 +0000;1281477095;-;-;Tue Aug 10 21:51:35 2010 +0000;1281477095
9008cf907ae2d537cc65640a79f0834823f113fb;9008cf907a;-;-;Tue Aug 10 20:59:36 2010 +0000;1281473976;-;-;Tue Aug 10 20:59:36 2010 +0000;1281473976
720f7ecf48826bb2e2a5c2ad8c5c357ca36e2994;720f7ecf48;-;-;Tue Aug 10 13:48:48 2010 +0000;1281448128;-;-;Tue Aug 10 13:48:48 2010 +0000;1281448128
87caa133634c9e0ebcd9aa7f7231552dd93bcbe6;87caa13363;-;-;Tue Aug 10 13:48:44 2010 +0000;1281448124;-;-;Tue Aug 10 13:48:44 2010 +0000;1281448124
cecee4d02bb44de6cdeb39270e586c7b9b0a7e92;cecee4d02b;-;-;Tue Aug 10 13:48:41 2010 +0000;1281448121;-;-;Tue Aug 10 13:48:41 2010 +0000;1281448121
f45bb92917d48c4ee54aa0b218abdd2570e14cb8;f45bb92917;-;-;Tue Aug 10 13:48:34 2010 +0000;1281448114;-;-;Tue Aug 10 13:48:34 2010 +0000;1281448114
73ec8402796d107c62eec15bfa733678cbd9b84a;73ec840279;-;-;Tue Aug 10 13:48:26 2010 +0000;1281448106;-;-;Tue Aug 10 13:48:26 2010 +0000;1281448106
771db056089ad85e3dbe9834b3524fa8e002a783;771db05608;-;-;Mon Aug 9 15:58:07 2010 +0000;1281369487;-;-;Mon Aug 9 15:58:07 2010 +0000;1281369487
e250ff0fb49994a3a703079c0f7b311a7dd119b8;e250ff0fb4;-;-;Sun Aug 8 23:31:48 2010 +0000;1281310308;-;-;Sun Aug 8 23:31:48 2010 +0000;1281310308
b4cd58394a3f5477d72a5e5f0476acc8c37bd8d3;b4cd58394a;-;-;Sun Aug 8 23:25:49 2010 +0000;1281309949;-;-;Sun Aug 8 23:25:49 2010 +0000;1281309949
bda3d81bc9cda4ec8da79da3c45c6b2a5b6713bd;bda3d81bc9;-;-;Sun Aug 8 23:21:41 2010 +0000;1281309701;-;-;Sun Aug 8 23:21:41 2010 +0000;1281309701
2b4e714c68ea8bb641b7ac4ac75f9095da2ab5b6;2b4e714c68;-;-;Sun Aug 8 23:00:30 2010 +0000;1281308430;-;-;Sun Aug 8 23:00:30 2010 +0000;1281308430
82730830d16a4d4ab37bf5f491703cca962d9202;82730830d1;-;-;Sun Aug 8 22:53:52 2010 +0000;1281308032;-;-;Sun Aug 8 22:53:52 2010 +0000;1281308032
f5b0edbebd7801c6a2c55240f66055617673696d;f5b0edbebd;-;-;Sat Aug 7 22:47:32 2010 +0000;1281221252;-;-;Sat Aug 7 22:47:32 2010 +0000;1281221252
48874801a3f19f909e29c2eb67ad64d6a8b1f40e;48874801a3;-;-;Sat Aug 7 18:02:51 2010 +0000;1281204171;-;-;Sat Aug 7 18:02:51 2010 +0000;1281204171
58b07f586d279ed7f4101c58e7c46f898e909ccb;58b07f586d;-;-;Sat Aug 7 17:54:23 2010 +0000;1281203663;-;-;Sat Aug 7 17:54:23 2010 +0000;1281203663
7cddb1c50ed78e57c1a01d4799132566736a60e3;7cddb1c50e;-;-;Sat Aug 7 16:52:16 2010 +0000;1281199936;-;-;Sat Aug 7 16:52:16 2010 +0000;1281199936
a8133a9917744ed656189dd7f553a7b1acfa1129;a8133a9917;-;-;Sat Aug 7 16:52:05 2010 +0000;1281199925;-;-;Sat Aug 7 16:52:05 2010 +0000;1281199925
bf4b9f5ffbe5cf06a94b5621e966daae5ccaa6e2;bf4b9f5ffb;-;-;Sat Aug 7 14:47:17 2010 +0000;1281192437;-;-;Sat Aug 7 14:47:17 2010 +0000;1281192437
0625990020f232abc8ad9c82da804fa36e11a564;0625990020;-;-;Sat Aug 7 13:57:28 2010 +0000;1281189448;-;-;Sat Aug 7 13:57:28 2010 +0000;1281189448
e116a2979513bae0a62cf5e12b71b016fba347b0;e116a29795;-;-;Sat Aug 7 13:57:26 2010 +0000;1281189446;-;-;Sat Aug 7 13:57:26 2010 +0000;1281189446
d97f899bee67eef894dcae15921b2ef3acfa0726;d97f899bee;-;-;Sat Aug 7 13:57:23 2010 +0000;1281189443;-;-;Sat Aug 7 13:57:23 2010 +0000;1281189443
5ce4cada5362f330de847d92a94fb3b001e6b3cd;5ce4cada53;-;-;Sat Aug 7 13:57:18 2010 +0000;1281189438;-;-;Sat Aug 7 13:57:18 2010 +0000;1281189438
b87b23087dfb291fd44d0fdaf6fabe9bfbc4b029;b87b23087d;-;-;Sat Aug 7 13:57:16 2010 +0000;1281189436;-;-;Sat Aug 7 13:57:16 2010 +0000;1281189436
bab902e85b6cb1c67885393abe6b2a7d5ac15f2d;bab902e85b;-;-;Sat Aug 7 13:57:14 2010 +0000;1281189434;-;-;Sat Aug 7 13:57:14 2010 +0000;1281189434
5e64f228b6896583f1ff0a45954459a9411aed9d;5e64f228b6;-;-;Sat Aug 7 13:57:12 2010 +0000;1281189432;-;-;Sat Aug 7 13:57:12 2010 +0000;1281189432
edad222e6a0d420ef35c8bcd4c4e43e0f1f33b35;edad222e6a;-;-;Sat Aug 7 13:57:09 2010 +0000;1281189429;-;-;Sat Aug 7 13:57:09 2010 +0000;1281189429
91172f4f430382ea457c72408ba1f371af095826;91172f4f43;-;-;Sat Aug 7 13:57:07 2010 +0000;1281189427;-;-;Sat Aug 7 13:57:07 2010 +0000;1281189427
3a9fc70f91f9c6329bab43733ddc7a6287959ba3;3a9fc70f91;-;-;Sat Aug 7 13:57:03 2010 +0000;1281189423;-;-;Sat Aug 7 13:57:03 2010 +0000;1281189423
30b0e5e250e94bf1f1da957506155db114591728;30b0e5e250;-;-;Sat Aug 7 13:57:01 2010 +0000;1281189421;-;-;Sat Aug 7 13:57:01 2010 +0000;1281189421
55f2fe7dd574147c64e03c16e903ca821384ca9d;55f2fe7dd5;-;-;Sat Aug 7 13:56:58 2010 +0000;1281189418;-;-;Sat Aug 7 13:56:58 2010 +0000;1281189418
d109879b6c68e38ecd08bd5c6573fe82d43dbbfc;d109879b6c;-;-;Sat Aug 7 13:56:49 2010 +0000;1281189409;-;-;Sat Aug 7 13:56:49 2010 +0000;1281189409
4af36454baab2af290335963e46a1c0b35e7c326;4af36454ba;-;-;Sat Aug 7 11:47:32 2010 +0000;1281181652;-;-;Sat Aug 7 11:47:32 2010 +0000;1281181652
753cda3d810e2affe93af2bd6dd7010b2217d561;753cda3d81;-;-;Sat Aug 7 11:46:15 2010 +0000;1281181575;-;-;Sat Aug 7 11:46:15 2010 +0000;1281181575
b054ca4a48f579f9fec768b06c97cf4def85b595;b054ca4a48;-;-;Sat Aug 7 11:16:46 2010 +0000;1281179806;-;-;Sat Aug 7 11:16:46 2010 +0000;1281179806
9ef47b82a5c9bdb1067e0280f8aef8ba4713fab3;9ef47b82a5;-;-;Sat Aug 7 11:03:49 2010 +0000;1281179029;-;-;Sat Aug 7 11:03:49 2010 +0000;1281179029
103297cf59010038d65827740bc607296e965cb0;103297cf59;-;-;Tue Aug 3 16:14:37 2010 +0000;1280852077;-;-;Tue Aug 3 16:14:37 2010 +0000;1280852077
6adf8d18df2c31a4432d8bdd540acd5aea410e23;6adf8d18df;-;-;Tue Aug 3 07:14:29 2010 +0000;1280819669;-;-;Tue Aug 3 07:14:29 2010 +0000;1280819669
8e77701358921d7671b3efeb83d03086273c4e20;8e77701358;-;-;Tue Aug 3 01:23:24 2010 +0000;1280798604;-;-;Tue Aug 3 01:23:24 2010 +0000;1280798604
c1246d506c3fca91e052f94df825306b45fc6c73;c1246d506c;-;-;Mon Aug 2 22:37:14 2010 +0000;1280788634;-;-;Mon Aug 2 22:37:14 2010 +0000;1280788634
af0fac90999ca7bc9e67f297cec0c9c938391a57;af0fac9099;-;-;Mon Aug 2 21:44:14 2010 +0000;1280785454;-;-;Mon Aug 2 21:44:14 2010 +0000;1280785454
367048c5d14b6e7b702f58267814949bec70c993;367048c5d1;-;-;Sat Jul 31 01:09:40 2010 +0000;1280538580;-;-;Sat Jul 31 01:09:40 2010 +0000;1280538580
061af2f25f94826c5d59f777dbac970ff51ef7c6;061af2f25f;-;-;Fri Jul 30 15:13:38 2010 +0000;1280502818;-;-;Fri Jul 30 15:13:38 2010 +0000;1280502818
faad0f4bb113dc6799ced543574daad742815d35;faad0f4bb1;-;-;Thu Jul 29 20:29:32 2010 +0000;1280435372;-;-;Thu Jul 29 20:29:32 2010 +0000;1280435372
c3a639f07db882eac7613c1ebae96bc076fed1a9;c3a639f07d;-;-;Thu Jul 29 13:49:09 2010 +0000;1280411349;-;-;Thu Jul 29 13:49:09 2010 +0000;1280411349
bd4f4d0d308841b5ec7235da7f8a6673fdc24887;bd4f4d0d30;-;-;Thu Jul 29 00:01:13 2010 +0000;1280361673;-;-;Thu Jul 29 00:01:13 2010 +0000;1280361673
3e0003a1a0a09b727aa702af8d9234620998dbab;3e0003a1a0;-;-;Wed Jul 28 17:39:03 2010 +0000;1280338743;-;-;Wed Jul 28 17:39:03 2010 +0000;1280338743
60a69bd6536656af560ab71df4a14e50acc92320;60a69bd653;-;-;Tue Jul 27 04:45:43 2010 +0000;1280205943;-;-;Tue Jul 27 04:45:43 2010 +0000;1280205943
72da2374742f864c4ffa446e4cff2f560089917f;72da237474;-;-;Tue Jul 27 00:04:23 2010 +0000;1280189063;-;-;Tue Jul 27 00:04:23 2010 +0000;1280189063
d3cb3109621022f7b57d99e63dbe0b45130d153d;d3cb310962;-;-;Mon Jul 26 21:03:55 2010 +0000;1280178235;-;-;Mon Jul 26 21:03:55 2010 +0000;1280178235
d4f73c1d3da8529f52f43a8570cee82e2f9db293;d4f73c1d3d;-;-;Mon Jul 26 20:55:14 2010 +0000;1280177714;-;-;Mon Jul 26 20:55:14 2010 +0000;1280177714
3c0ce48cbd48d82e5ed8d66e8a4868404d49415b;3c0ce48cbd;-;-;Mon Jul 26 20:39:27 2010 +0000;1280176767;-;-;Mon Jul 26 20:39:27 2010 +0000;1280176767
8e5c033446c6435d631107f73d83eeb413998628;8e5c033446;-;-;Mon Jul 26 20:33:34 2010 +0000;1280176414;-;-;Mon Jul 26 20:33:34 2010 +0000;1280176414
f04febaf2d54dfc0944ec07f5eb0f83c013c67c8;f04febaf2d;-;-;Mon Jul 26 20:14:57 2010 +0000;1280175297;-;-;Mon Jul 26 20:14:57 2010 +0000;1280175297
b261d336b18ccf852d0def64cdfd852c052ef355;b261d336b1;-;-;Mon Jul 26 12:33:37 2010 +0000;1280147617;-;-;Mon Jul 26 12:33:37 2010 +0000;1280147617
8519a2d7058134aab52f2af72ef40f8815be3795;8519a2d705;-;-;Mon Jul 26 08:00:43 2010 +0000;1280131243;-;-;Mon Jul 26 08:00:43 2010 +0000;1280131243
f90125f9844146d4a36e4b6c594d832e5f21dda0;f90125f984;-;-;Fri Jul 23 18:18:16 2010 +0000;1279909096;-;-;Fri Jul 23 18:18:16 2010 +0000;1279909096
18af8a00f974b995422072d93463c6771c1dd971;18af8a00f9;-;-;Fri Jul 23 10:09:33 2010 +0000;1279879773;-;-;Fri Jul 23 10:09:33 2010 +0000;1279879773
b7b7c067c689c1e2e5dcedcdf38cc44c3bbe3c05;b7b7c067c6;-;-;Thu Jul 22 15:57:55 2010 +0000;1279814275;-;-;Thu Jul 22 15:57:55 2010 +0000;1279814275
60fa490b5082db33c9333645014b322136dcdab8;60fa490b50;-;-;Thu Jul 22 09:31:01 2010 +0000;1279791061;-;-;Thu Jul 22 09:31:01 2010 +0000;1279791061
605ac0e230b314e170a195de077980252a18c6ef;605ac0e230;-;-;Wed Jul 21 19:18:11 2010 +0000;1279739891;-;-;Wed Jul 21 19:18:11 2010 +0000;1279739891
7304c090213a38108f9f06cf1d2db3f9f754c621;7304c09021;-;-;Wed Jul 21 14:24:10 2010 +0000;1279722250;-;-;Wed Jul 21 14:24:10 2010 +0000;1279722250
9bcfc5480dafb21703110ffa4b12516d325466fc;9bcfc5480d;-;-;Wed Jul 21 12:04:06 2010 +0000;1279713846;-;-;Wed Jul 21 12:04:06 2010 +0000;1279713846
022e74ea3dee9c8d443a9ed467ba51f32f9e2438;022e74ea3d;-;-;Wed Jul 21 12:04:03 2010 +0000;1279713843;-;-;Wed Jul 21 12:04:03 2010 +0000;1279713843
4d5a9c41e06e9e8c4035854076eb590f78f98073;4d5a9c41e0;-;-;Wed Jul 21 11:17:44 2010 +0000;1279711064;-;-;Wed Jul 21 11:17:44 2010 +0000;1279711064
11886f21493e1cd7dd07bddd61d9afd9906db4ce;11886f2149;-;-;Tue Jul 20 20:02:43 2010 +0000;1279656163;-;-;Tue Jul 20 20:02:43 2010 +0000;1279656163
1dce03af7889106437c7d615ec822091253de713;1dce03af78;-;-;Tue Jul 20 20:02:23 2010 +0000;1279656143;-;-;Tue Jul 20 20:02:23 2010 +0000;1279656143
3afe8aee1876fb071fb52df9e188755807a512ea;3afe8aee18;-;-;Tue Jul 20 15:41:41 2010 +0000;1279640501;-;-;Tue Jul 20 15:41:41 2010 +0000;1279640501
e26fc66523c22b43b636c2833dc1ad7fef6f35af;e26fc66523;-;-;Tue Jul 20 15:25:00 2010 +0000;1279639500;-;-;Tue Jul 20 15:25:00 2010 +0000;1279639500
c24ffc9175b05bdf7a1e5d4edf3c20bbcf812652;c24ffc9175;-;-;Fri Jul 16 13:47:19 2010 +0000;1279288039;-;-;Fri Jul 16 13:47:19 2010 +0000;1279288039
228c0b18cb4ded9369989a97341a3a1dc36d3330;228c0b18cb;-;-;Fri Jul 16 10:06:19 2010 +0000;1279274779;-;-;Fri Jul 16 10:06:19 2010 +0000;1279274779
b456bc107b39ed52efb29fd6540033e9442be1f4;b456bc107b;-;-;Thu Jul 15 19:43:56 2010 +0000;1279223036;-;-;Thu Jul 15 19:43:56 2010 +0000;1279223036
f25a04c69c509b3623ffee750b2ffce066295bd2;f25a04c69c;-;-;Thu Jul 15 17:05:30 2010 +0000;1279213530;-;-;Thu Jul 15 17:05:30 2010 +0000;1279213530
f8425a5f7b6bb8008acaf012d4b6c036117ef916;f8425a5f7b;-;-;Thu Jul 15 08:49:18 2010 +0000;1279183758;-;-;Thu Jul 15 08:49:18 2010 +0000;1279183758
dcad6c341b70624a46470c2adba94b3c416d9ba1;dcad6c341b;-;-;Mon Jul 12 21:05:30 2010 +0000;1278968730;-;-;Mon Jul 12 21:05:30 2010 +0000;1278968730
66abad25400aab7e6211f75449ec6bde08cae659;66abad2540;-;-;Mon Jul 12 20:56:22 2010 +0000;1278968182;-;-;Mon Jul 12 20:56:22 2010 +0000;1278968182
e0e1cb3c24168a03df220060741b2a2f97cda47c;e0e1cb3c24;-;-;Mon Jul 12 19:54:37 2010 +0000;1278964477;-;-;Mon Jul 12 19:54:37 2010 +0000;1278964477
df5e9b12115943c1fdc3151d8b6f0164bb1f8e5a;df5e9b1211;-;-;Mon Jul 12 19:54:05 2010 +0000;1278964445;-;-;Mon Jul 12 19:54:05 2010 +0000;1278964445
263fabb0fce0e03f6148beadbbcd9c040143e94c;263fabb0fc;-;-;Mon Jul 12 19:36:26 2010 +0000;1278963386;-;-;Mon Jul 12 19:36:26 2010 +0000;1278963386
d1d5e2d52ac732d05c5277b3337fe05b9d0cc712;d1d5e2d52a;-;-;Thu Jul 8 12:15:35 2010 +0000;1278591335;-;-;Thu Jul 8 12:15:35 2010 +0000;1278591335
96b9cf6ca9f459668fa9d027fe82f263cfcc034e;96b9cf6ca9;-;-;Thu Jul 8 11:47:30 2010 +0000;1278589650;-;-;Thu Jul 8 11:47:30 2010 +0000;1278589650
3918518779f9a76f9a5d7017a284b0fb0ca4337e;3918518779;-;-;Thu Jul 8 11:45:52 2010 +0000;1278589552;-;-;Thu Jul 8 11:45:52 2010 +0000;1278589552
7e9e8401f71517ff7d8f6f31677c7edfbd887521;7e9e8401f7;-;-;Thu Jul 8 11:45:35 2010 +0000;1278589535;-;-;Thu Jul 8 11:45:35 2010 +0000;1278589535
cb72fe1be230631ce6c3b1352383414d5286a1b5;cb72fe1be2;-;-;Tue Jul 6 21:40:25 2010 +0000;1278452425;-;-;Tue Jul 6 21:40:25 2010 +0000;1278452425
f5ced9be3852a4faa07dfa13d8d089cd613f5949;f5ced9be38;-;-;Tue Jul 6 21:00:54 2010 +0000;1278450054;-;-;Tue Jul 6 21:00:54 2010 +0000;1278450054
88560fd910f9d1ca121340a86d6449b5151f0fc0;88560fd910;-;-;Fri Jul 2 16:08:25 2010 +0000;1278086905;-;-;Fri Jul 2 16:08:25 2010 +0000;1278086905
6de707d8e0b0627220548324c501c1b6cdeed1a4;6de707d8e0;-;-;Fri Jul 2 16:07:13 2010 +0000;1278086833;-;-;Fri Jul 2 16:07:13 2010 +0000;1278086833
0c1424acb6f832b0de543157934733c9cc270ac7;0c1424acb6;-;-;Fri Jul 2 16:06:59 2010 +0000;1278086819;-;-;Fri Jul 2 16:06:59 2010 +0000;1278086819
0d405fd124c70c249e3c5c57313bd9aa9e84d12a;0d405fd124;-;-;Tue Jun 29 10:22:49 2010 +0000;1277806969;-;-;Tue Jun 29 10:22:49 2010 +0000;1277806969
45ed0ba43c022e6b65473957bb7b84d3bc692b41;45ed0ba43c;-;-;Mon Jun 28 23:20:44 2010 +0000;1277767244;-;-;Mon Jun 28 23:20:44 2010 +0000;1277767244
cd271fca431260c8ce81dd75dc6198555bca6e46;cd271fca43;-;-;Mon Jun 28 22:57:26 2010 +0000;1277765846;-;-;Mon Jun 28 22:57:26 2010 +0000;1277765846
3f31a1cf756207947eb56ad211c2c1345aef727e;3f31a1cf75;-;-;Mon Jun 28 22:08:31 2010 +0000;1277762911;-;-;Mon Jun 28 22:08:31 2010 +0000;1277762911
4d56b896198960695b7d9812c00142b2c9e31b5b;4d56b89619;-;-;Mon Jun 28 19:47:13 2010 +0000;1277754433;-;-;Mon Jun 28 19:47:13 2010 +0000;1277754433
f9017ea05dc7d1b183bfebd978077557f638cd65;f9017ea05d;-;-;Mon Jun 28 18:23:56 2010 +0000;1277749436;-;-;Mon Jun 28 18:23:56 2010 +0000;1277749436
ce6194c7c371c786e9a1aa6f0e31686148ab14b9;ce6194c7c3;-;-;Mon Jun 28 18:18:26 2010 +0000;1277749106;-;-;Mon Jun 28 18:18:26 2010 +0000;1277749106
8bd0633697ce65445357d16fddedc6cbdbf44ce0;8bd0633697;-;-;Sat Jun 26 21:13:02 2010 +0000;1277586782;-;-;Sat Jun 26 21:13:02 2010 +0000;1277586782
db7531be607c5b7f09d1f9edd79f38d147305f44;db7531be60;-;-;Sat Jun 26 21:10:20 2010 +0000;1277586620;-;-;Sat Jun 26 21:10:20 2010 +0000;1277586620
94292cad1ceb3c541f5ab3906758fe2c67cfd144;94292cad1c;-;-;Fri Jun 25 09:32:29 2010 +0000;1277458349;-;-;Fri Jun 25 09:32:29 2010 +0000;1277458349
8d5662ec7ab221a9f834d000eccd82ee36e5b242;8d5662ec7a;-;-;Thu Jun 24 11:52:44 2010 +0000;1277380364;-;-;Thu Jun 24 11:52:44 2010 +0000;1277380364
c059f5382365930c7b87ff1dbaab0eae5452808a;c059f53823;-;-;Thu Jun 24 11:42:28 2010 +0000;1277379748;-;-;Thu Jun 24 11:42:28 2010 +0000;1277379748
3160ddf0e8c43f8d27b38f82b3091314aba0579f;3160ddf0e8;-;-;Thu Jun 24 09:33:06 2010 +0000;1277371986;-;-;Thu Jun 24 09:33:06 2010 +0000;1277371986
ccdd1a9efd30c41b07a66cab63f2c58190c42478;ccdd1a9efd;-;-;Thu Jun 24 09:15:50 2010 +0000;1277370950;-;-;Thu Jun 24 09:15:50 2010 +0000;1277370950
d956da2fa11ce58c95ca2dfef9e94591d6b82403;d956da2fa1;-;-;Wed Jun 23 21:55:30 2010 +0000;1277330130;-;-;Wed Jun 23 21:55:30 2010 +0000;1277330130
9e4140e5490a57ad79d08a8fca476d8b019f0664;9e4140e549;-;-;Wed Jun 23 21:00:28 2010 +0000;1277326828;-;-;Wed Jun 23 21:00:28 2010 +0000;1277326828
942c656970df903705417b0b9631b2dd66e3bff0;942c656970;-;-;Wed Jun 23 20:05:00 2010 +0000;1277323500;-;-;Wed Jun 23 20:05:00 2010 +0000;1277323500
7faf4a6713723aff302280be3b02c170de563aab;7faf4a6713;-;-;Wed Jun 23 19:55:47 2010 +0000;1277322947;-;-;Wed Jun 23 19:55:47 2010 +0000;1277322947
41d6f8e9ed6cfb3e55eedf40e2c733c25911e2c0;41d6f8e9ed;-;-;Wed Jun 23 19:34:29 2010 +0000;1277321669;-;-;Wed Jun 23 19:34:29 2010 +0000;1277321669
0d7ce3eac5b2b367df349994934614d62c7849d8;0d7ce3eac5;-;-;Wed Jun 23 19:33:03 2010 +0000;1277321583;-;-;Wed Jun 23 19:33:03 2010 +0000;1277321583
e6b708376d1dbc44bc3d572ad02f539c3d176fcf;e6b708376d;-;-;Wed Jun 23 19:32:29 2010 +0000;1277321549;-;-;Wed Jun 23 19:32:29 2010 +0000;1277321549
8f8fc97b79be83ad54732d7a2e049ce942b48f78;8f8fc97b79;-;-;Wed Jun 23 19:31:51 2010 +0000;1277321511;-;-;Wed Jun 23 19:31:51 2010 +0000;1277321511
27b04036a9e6e7434bf3ef0942b417aa16b90574;27b04036a9;-;-;Wed Jun 23 17:29:34 2010 +0000;1277314174;-;-;Wed Jun 23 17:29:34 2010 +0000;1277314174
7f91153bba5a76099889f83d411adc6a40e8276e;7f91153bba;-;-;Wed Jun 23 17:27:37 2010 +0000;1277314057;-;-;Wed Jun 23 17:27:37 2010 +0000;1277314057
5d6937bab1c5262b461ff11bf533d30e3747ac32;5d6937bab1;-;-;Wed Jun 23 17:24:28 2010 +0000;1277313868;-;-;Wed Jun 23 17:24:28 2010 +0000;1277313868
ef3b70d40abdda89b6ef6d06be2a6a716d2637ea;ef3b70d40a;-;-;Wed Jun 23 17:23:11 2010 +0000;1277313791;-;-;Wed Jun 23 17:23:11 2010 +0000;1277313791
ab13e9b5eceb2e93d2ef467f52b7cdd9861c6519;ab13e9b5ec;-;-;Tue Jun 22 21:36:45 2010 +0000;1277242605;-;-;Tue Jun 22 21:36:45 2010 +0000;1277242605
5a1bd20864d9255eafb23d551f7dfe34ed0961e9;5a1bd20864;-;-;Tue Jun 22 21:26:03 2010 +0000;1277241963;-;-;Tue Jun 22 21:26:03 2010 +0000;1277241963
e11a40f80925d62d705dd029eff4f0ebd48906f9;e11a40f809;-;-;Tue Jun 22 12:41:59 2010 +0000;1277210519;-;-;Tue Jun 22 12:41:59 2010 +0000;1277210519
868d3a4451a674eccf72da5f637b65f1b96a3ce4;868d3a4451;-;-;Tue Jun 22 12:41:55 2010 +0000;1277210515;-;-;Tue Jun 22 12:41:55 2010 +0000;1277210515
569cb91573092b33bcab295f5f8feef8692fa344;569cb91573;-;-;Mon Jun 21 22:13:49 2010 +0000;1277158429;-;-;Mon Jun 21 22:13:49 2010 +0000;1277158429
32167790b0d34b3e4d1a10f153ff6c391b82cc65;32167790b0;-;-;Mon Jun 21 20:37:08 2010 +0000;1277152628;-;-;Mon Jun 21 20:37:08 2010 +0000;1277152628
20ea69e06bf73a3e812743e9fe0247cbd3e3abbf;20ea69e06b;-;-;Sun Jun 20 19:38:29 2010 +0000;1277062709;-;-;Sun Jun 20 19:38:29 2010 +0000;1277062709
b2204ec94e5298597022773265fa209b97f6ae4e;b2204ec94e;-;-;Sun Jun 20 19:21:00 2010 +0000;1277061660;-;-;Sun Jun 20 19:21:00 2010 +0000;1277061660
de06de11fee30a1765547135c43d76055ef2e9bd;de06de11fe;-;-;Sun Jun 20 19:11:51 2010 +0000;1277061111;-;-;Sun Jun 20 19:11:51 2010 +0000;1277061111
07e9f1775be0b0fbf2e617f9964501b8af5a2aa2;07e9f1775b;-;-;Sun Jun 20 19:11:36 2010 +0000;1277061096;-;-;Sun Jun 20 19:11:36 2010 +0000;1277061096
d49c067770241f6287abc94f9fb08d22b1966fca;d49c067770;-;-;Sun Jun 20 19:06:56 2010 +0000;1277060816;-;-;Sun Jun 20 19:06:56 2010 +0000;1277060816
89fadb987c3c4effeb6d0346e8b145336290f8ae;89fadb987c;-;-;Sun Jun 20 18:55:21 2010 +0000;1277060121;-;-;Sun Jun 20 18:55:21 2010 +0000;1277060121
037c277351fb2260ee7c15c54bf5c599c7bb998d;037c277351;-;-;Sun Jun 20 18:45:42 2010 +0000;1277059542;-;-;Sun Jun 20 18:45:42 2010 +0000;1277059542
5e5a8a09cfa977e2be35ccf057849bc28faa51a1;5e5a8a09cf;-;-;Sun Jun 20 18:28:07 2010 +0000;1277058487;-;-;Sun Jun 20 18:28:07 2010 +0000;1277058487
91560774a091fbcb75a39e5d3d01c58b9365a807;91560774a0;-;-;Sun Jun 20 18:19:51 2010 +0000;1277057991;-;-;Sun Jun 20 18:19:51 2010 +0000;1277057991
b31c34ed7d97172c7edd00f3c970d476be2b9c08;b31c34ed7d;-;-;Tue Jun 15 14:18:29 2010 +0000;1276611509;-;-;Tue Jun 15 14:18:29 2010 +0000;1276611509
7b189d11243a3632af948a86e8e7d981b0890b9b;7b189d1124;-;-;Tue Jun 15 09:35:39 2010 +0000;1276594539;-;-;Tue Jun 15 09:35:39 2010 +0000;1276594539
bd88bbab4a929dd07d4e29a08ba3d27749b8ec36;bd88bbab4a;-;-;Tue Jun 15 06:33:20 2010 +0000;1276583600;-;-;Tue Jun 15 06:33:20 2010 +0000;1276583600
420f8237c013b956dd572283ea97c9014f526960;420f8237c0;-;-;Tue Jun 15 05:33:39 2010 +0000;1276580019;-;-;Tue Jun 15 05:33:39 2010 +0000;1276580019
897aab9f59dc7df8e71623bf0b1389e9e2f8e346;897aab9f59;-;-;Tue Jun 15 05:29:48 2010 +0000;1276579788;-;-;Tue Jun 15 05:29:48 2010 +0000;1276579788
a38363363063db61a34eb9d50d0a8cd76b190f7d;a383633630;-;-;Tue Jun 15 05:29:45 2010 +0000;1276579785;-;-;Tue Jun 15 05:29:45 2010 +0000;1276579785
4a0c2f8879cdeee6c4b46985d7cd1ae0c728548a;4a0c2f8879;-;-;Mon Jun 14 23:27:15 2010 +0000;1276558035;-;-;Mon Jun 14 23:27:15 2010 +0000;1276558035
0e59fc4a158cd16b416b0c969ae319eb89f41e88;0e59fc4a15;-;-;Mon Jun 14 23:26:44 2010 +0000;1276558004;-;-;Mon Jun 14 23:26:44 2010 +0000;1276558004
96b1dc9db408f663831ba39f1f4a356a543a9a42;96b1dc9db4;-;-;Mon Jun 14 23:23:49 2010 +0000;1276557829;-;-;Mon Jun 14 23:23:49 2010 +0000;1276557829
902938e95f19b7547421064720b016ba49e3c02e;902938e95f;-;-;Mon Jun 14 22:58:18 2010 +0000;1276556298;-;-;Mon Jun 14 22:58:18 2010 +0000;1276556298
379bc5a8a6acd37930f60d558ccc5273ad30fb0f;379bc5a8a6;-;-;Fri Jun 11 21:40:56 2010 +0000;1276292456;-;-;Fri Jun 11 21:40:56 2010 +0000;1276292456
cbb90236dc3f47cff593b0feda94832c6397b7f2;cbb90236dc;-;-;Fri Jun 11 19:54:58 2010 +0000;1276286098;-;-;Fri Jun 11 19:54:58 2010 +0000;1276286098
53ed9b282b447cff9c2bd2ac34cc96b125bf29d9;53ed9b282b;-;-;Fri Jun 11 13:48:52 2010 +0000;1276264132;-;-;Fri Jun 11 13:48:52 2010 +0000;1276264132
3d3f8f3219d9e6e0af0bbea5260ebdf70035efe2;3d3f8f3219;-;-;Fri Jun 11 13:28:14 2010 +0000;1276262894;-;-;Fri Jun 11 13:28:14 2010 +0000;1276262894
28a765f32b5b9e064a35bd3c8971d7691d8d93e8;28a765f32b;-;-;Fri Jun 11 10:49:41 2010 +0000;1276253381;-;-;Fri Jun 11 10:49:41 2010 +0000;1276253381
65655b949f2529e56ad979b1a75ab8264a5860a9;65655b949f;-;-;Thu Jun 10 22:13:31 2010 +0000;1276208011;-;-;Thu Jun 10 22:13:31 2010 +0000;1276208011
c8984d2e3006420f486f92a96ea18ccfd4f3adfa;c8984d2e30;-;-;Thu Jun 10 21:49:02 2010 +0000;1276206542;-;-;Thu Jun 10 21:49:02 2010 +0000;1276206542
11330baf776e13fc914ab58564e3f50bf41556a8;11330baf77;-;-;Thu Jun 10 21:45:47 2010 +0000;1276206347;-;-;Thu Jun 10 21:45:47 2010 +0000;1276206347
433b4eff8f96f6f2de274b050d658dd632b70810;433b4eff8f;-;-;Thu Jun 10 21:06:13 2010 +0000;1276203973;-;-;Thu Jun 10 21:06:13 2010 +0000;1276203973
2f4453a99c904f820c72478b902a62d3a670bbee;2f4453a99c;-;-;Wed Jun 9 20:09:53 2010 +0000;1276114193;-;-;Wed Jun 9 20:09:53 2010 +0000;1276114193
65885d1dfdc3fc44298b83944fda6fdb2f4996e4;65885d1dfd;-;-;Wed Jun 9 10:37:17 2010 +0000;1276079837;-;-;Wed Jun 9 10:37:17 2010 +0000;1276079837
723f94fd0e59400234818ea63363bf4dc2c3c4e0;723f94fd0e;-;-;Wed Jun 9 10:35:41 2010 +0000;1276079741;-;-;Wed Jun 9 10:35:41 2010 +0000;1276079741
2a140addfd5d7fb384541f29b6bb92babbf31866;2a140addfd;-;-;Tue Jun 8 20:40:54 2010 +0000;1276029654;-;-;Tue Jun 8 20:40:54 2010 +0000;1276029654
eb3a3a6de2ed5b58ae1288b06223011be7ed44ec;eb3a3a6de2;-;-;Tue Jun 8 14:14:08 2010 +0000;1276006448;-;-;Tue Jun 8 14:14:08 2010 +0000;1276006448
e12fbd3e2b9ee031913003a0eb4022cfcb71c247;e12fbd3e2b;-;-;Tue Jun 8 11:06:02 2010 +0000;1275995162;-;-;Tue Jun 8 11:06:02 2010 +0000;1275995162
928f5423af2f64ca9578801adaa8c9612500b952;928f5423af;-;-;Tue Jun 8 10:21:05 2010 +0000;1275992465;-;-;Tue Jun 8 10:21:05 2010 +0000;1275992465
65622bd546f9b1d62e7860a925530c54fcccef72;65622bd546;-;-;Tue Jun 8 10:08:33 2010 +0000;1275991713;-;-;Tue Jun 8 10:08:33 2010 +0000;1275991713
882289b06e9f2adebd916cf8d02980327c6f9614;882289b06e;-;-;Tue Jun 8 00:05:31 2010 +0000;1275955531;-;-;Tue Jun 8 00:05:31 2010 +0000;1275955531
12cffc68c8edfb38d664c78d724a706e2fd53ccf;12cffc68c8;-;-;Mon Jun 7 23:18:34 2010 +0000;1275952714;-;-;Mon Jun 7 23:18:34 2010 +0000;1275952714
c58f46f056865f1c2ff5db78dfda600d0f8dedc2;c58f46f056;-;-;Mon Jun 7 23:01:16 2010 +0000;1275951676;-;-;Mon Jun 7 23:01:16 2010 +0000;1275951676
632c0e7c5e0c133f679cb4e83550d2f0cb50bd83;632c0e7c5e;-;-;Mon Jun 7 22:59:48 2010 +0000;1275951588;-;-;Mon Jun 7 22:59:48 2010 +0000;1275951588
392accd910623ae7caf58673674fbc4f0cb1be8a;392accd910;-;-;Mon Jun 7 22:41:21 2010 +0000;1275950481;-;-;Mon Jun 7 22:41:21 2010 +0000;1275950481
8446fd1b26719fd8ea9e8a8d8258ceec9f27b9ed;8446fd1b26;-;-;Mon Jun 7 22:36:19 2010 +0000;1275950179;-;-;Mon Jun 7 22:36:19 2010 +0000;1275950179
5f9b2db90bb0716b87d10bc5a1dbfe63a6b719cc;5f9b2db90b;-;-;Mon Jun 7 22:30:11 2010 +0000;1275949811;-;-;Mon Jun 7 22:30:11 2010 +0000;1275949811
4cef52a86f53f690d6133cb7d34154c9effe71bb;4cef52a86f;-;-;Mon Jun 7 22:21:22 2010 +0000;1275949282;-;-;Mon Jun 7 22:21:22 2010 +0000;1275949282
de866a0ff65217bf0ce984aefc7b7346747e3710;de866a0ff6;-;-;Mon Jun 7 22:15:20 2010 +0000;1275948920;-;-;Mon Jun 7 22:15:20 2010 +0000;1275948920
d684e494627190182e2bb0bd6acd9acff84d2114;d684e49462;-;-;Mon Jun 7 21:28:05 2010 +0000;1275946085;-;-;Mon Jun 7 21:28:05 2010 +0000;1275946085
fe1e7f0d6ca6a397b2d72f8776ba7e4c1dd8c21f;fe1e7f0d6c;-;-;Mon Jun 7 21:19:32 2010 +0000;1275945572;-;-;Mon Jun 7 21:19:32 2010 +0000;1275945572
857faec1f3829c50923cf45f46c8fa292e1345b4;857faec1f3;-;-;Mon Jun 7 20:57:55 2010 +0000;1275944275;-;-;Mon Jun 7 20:57:55 2010 +0000;1275944275
5b420e20c733bdbdea287932289270ddd6f8aee6;5b420e20c7;-;-;Mon Jun 7 20:52:12 2010 +0000;1275943932;-;-;Mon Jun 7 20:52:12 2010 +0000;1275943932
78c906caaadb1c41e35e2ee4b2f0377d60e97d1c;78c906caaa;-;-;Mon Jun 7 20:32:52 2010 +0000;1275942772;-;-;Mon Jun 7 20:32:52 2010 +0000;1275942772
2ef3a86c4f21ef7a5bc2db9ed32e7d057d9d260d;2ef3a86c4f;-;-;Mon Jun 7 19:23:08 2010 +0000;1275938588;-;-;Mon Jun 7 19:23:08 2010 +0000;1275938588
53cdb9dfeb89196c11239c780bfdd3655b56ad30;53cdb9dfeb;-;-;Mon Jun 7 19:22:53 2010 +0000;1275938573;-;-;Mon Jun 7 19:22:53 2010 +0000;1275938573
cc238207f9153551ebc7e229a989b4027a287dd4;cc238207f9;-;-;Mon Jun 7 18:08:44 2010 +0000;1275934124;-;-;Mon Jun 7 18:08:44 2010 +0000;1275934124
5330dc48aa584d14fc9440667c59e13078fdc616;5330dc48aa;-;-;Mon Jun 7 17:31:37 2010 +0000;1275931897;-;-;Mon Jun 7 17:31:37 2010 +0000;1275931897
4764fa53f0e1209753519dc4a7bfcd4a080c01e4;4764fa53f0;-;-;Mon Jun 7 13:33:43 2010 +0000;1275917623;-;-;Mon Jun 7 13:33:43 2010 +0000;1275917623
f72c431e8ad473b98f53d9cf980c23f7b509ef45;f72c431e8a;-;-;Mon Jun 7 13:15:07 2010 +0000;1275916507;-;-;Mon Jun 7 13:15:07 2010 +0000;1275916507
0dc29cb2d333fdb08a39adba6318e5fcec7d2821;0dc29cb2d3;-;-;Wed Jun 2 12:58:59 2010 +0000;1275483539;-;-;Wed Jun 2 12:58:59 2010 +0000;1275483539
5801af9ef59073bb4d81fa4cc98623a32722692e;5801af9ef5;-;-;Fri May 28 20:31:16 2010 +0000;1275078676;-;-;Fri May 28 20:31:16 2010 +0000;1275078676
d0393ea109b6a17905941e5d35be9f48c0ce8eb0;d0393ea109;-;-;Fri May 28 08:07:21 2010 +0000;1275034041;-;-;Fri May 28 08:07:21 2010 +0000;1275034041
75c5405d6f9438135edba5b83ba933fc630a43d5;75c5405d6f;-;-;Thu May 27 13:45:44 2010 +0000;1274967944;-;-;Thu May 27 13:45:44 2010 +0000;1274967944
3a5af35d37c79d0644d49b93f792a4c18fe8eb71;3a5af35d37;-;-;Thu May 27 13:45:21 2010 +0000;1274967921;-;-;Thu May 27 13:45:21 2010 +0000;1274967921
dea5918d66aa25ea9ad9f44598cea3f765e21f75;dea5918d66;-;-;Wed May 26 20:35:42 2010 +0000;1274906142;-;-;Wed May 26 20:35:42 2010 +0000;1274906142
2136b04b65b2c0c5a6109390bd021d968c0ec2a6;2136b04b65;-;-;Wed May 26 19:35:06 2010 +0000;1274902506;-;-;Wed May 26 19:35:06 2010 +0000;1274902506
b4af04ba9da0dc2ef6b118348e165e38d1ce37e7;b4af04ba9d;-;-;Wed May 26 17:41:54 2010 +0000;1274895714;-;-;Wed May 26 17:41:54 2010 +0000;1274895714
f0777d130f90c6dd88731492f811dbd02946fbe5;f0777d130f;-;-;Wed May 26 13:59:20 2010 +0000;1274882360;-;-;Wed May 26 13:59:20 2010 +0000;1274882360
15321197878f7b863976393a1b2cf89ba0469083;1532119787;-;-;Wed May 26 13:58:37 2010 +0000;1274882317;-;-;Wed May 26 13:58:37 2010 +0000;1274882317
6c6004a93b7bad4644b5b04ec97a25e5ce24f0f4;6c6004a93b;-;-;Wed May 26 09:46:03 2010 +0000;1274867163;-;-;Wed May 26 09:46:03 2010 +0000;1274867163
b90fa49ebc5ae54935f16037b62ea24ba7a1941f;b90fa49ebc;-;-;Tue May 25 14:23:08 2010 +0000;1274797388;-;-;Tue May 25 14:23:08 2010 +0000;1274797388
bca067abb2e9cb44031899134b44df09055c7e9b;bca067abb2;-;-;Tue May 25 14:22:49 2010 +0000;1274797369;-;-;Tue May 25 14:22:49 2010 +0000;1274797369
0c6b38b0b5749057d6e9dcb5f7917f27e6542fc3;0c6b38b0b5;-;-;Tue May 25 14:10:28 2010 +0000;1274796628;-;-;Tue May 25 14:10:28 2010 +0000;1274796628
8800bab8a660f5ab9e2b100cee51af8a462d220c;8800bab8a6;-;-;Tue May 25 13:57:56 2010 +0000;1274795876;-;-;Tue May 25 13:57:56 2010 +0000;1274795876
ed3cb4217db002e34e84bcddd931cf16f9e936fd;ed3cb4217d;-;-;Fri May 21 15:59:00 2010 +0000;1274457540;-;-;Fri May 21 15:59:00 2010 +0000;1274457540
66aca1e8b3faee270308aae739afb7b4f688d10b;66aca1e8b3;-;-;Fri May 21 15:44:10 2010 +0000;1274456650;-;-;Fri May 21 15:44:10 2010 +0000;1274456650
d7f72fbbd45798353ee5fea6686154426fd7bf65;d7f72fbbd4;-;-;Thu May 20 20:58:02 2010 +0000;1274389082;-;-;Thu May 20 20:58:02 2010 +0000;1274389082
2676771255c92873473d677381791ace10c471a1;2676771255;-;-;Thu May 20 19:18:34 2010 +0000;1274383114;-;-;Thu May 20 19:18:34 2010 +0000;1274383114
3cf303cabdfafacb1200200212505896430a7f14;3cf303cabd;-;-;Thu May 20 17:18:40 2010 +0000;1274375920;-;-;Thu May 20 17:18:40 2010 +0000;1274375920
a6d9c908410a0d41a90422816b112708f4e27894;a6d9c90841;-;-;Thu May 20 17:15:56 2010 +0000;1274375756;-;-;Thu May 20 17:15:56 2010 +0000;1274375756
0390c2b9fe21e28bca122b0ca4fcc5603f5cc370;0390c2b9fe;-;-;Thu May 20 16:49:53 2010 +0000;1274374193;-;-;Thu May 20 16:49:53 2010 +0000;1274374193
f9736ec3f69b139c0a305701eea700a8e096d6db;f9736ec3f6;-;-;Thu May 20 09:12:39 2010 +0000;1274346759;-;-;Thu May 20 09:12:39 2010 +0000;1274346759
6fe5871e91225a32bf83d5211aa3c0f98d5192ce;6fe5871e91;-;-;Thu May 20 08:30:32 2010 +0000;1274344232;-;-;Thu May 20 08:30:32 2010 +0000;1274344232
ecf2d8c5de624c09433bdbe43b34f57ac212f005;ecf2d8c5de;-;-;Thu May 20 08:16:49 2010 +0000;1274343409;-;-;Thu May 20 08:16:49 2010 +0000;1274343409
469e30b5072bdb888884631bf3803a450be6a9ed;469e30b507;-;-;Wed May 19 19:44:57 2010 +0000;1274298297;-;-;Wed May 19 19:44:57 2010 +0000;1274298297
8a3c56b6d5dad12682de174b1c652f8715b31a61;8a3c56b6d5;-;-;Wed May 19 05:52:51 2010 +0000;1274248371;-;-;Wed May 19 05:52:51 2010 +0000;1274248371
680bfbe718bc47897bb9b2aac068dd764a2a7bcb;680bfbe718;-;-;Wed May 19 05:52:47 2010 +0000;1274248367;-;-;Wed May 19 05:52:47 2010 +0000;1274248367
d600e35157e28dd6226f3fdbe45effd2f0dbeb79;d600e35157;-;-;Wed May 19 05:52:44 2010 +0000;1274248364;-;-;Wed May 19 05:52:44 2010 +0000;1274248364
101d8381ef398101d5bed2b065dc280e998b3fcf;101d8381ef;-;-;Tue May 18 18:44:40 2010 +0000;1274208280;-;-;Tue May 18 18:44:40 2010 +0000;1274208280
ae56f3a36122e28c3214c4662bbbe71f69362752;ae56f3a361;-;-;Tue May 18 11:12:54 2010 +0000;1274181174;-;-;Tue May 18 11:12:54 2010 +0000;1274181174
de326e5e95b066bfae6905fee79c6fa3fd601eec;de326e5e95;-;-;Tue May 18 08:49:09 2010 +0000;1274172549;-;-;Tue May 18 08:49:09 2010 +0000;1274172549
2c2df7f555a16f00467b5badb082fa2b9e55145c;2c2df7f555;-;-;Mon May 17 22:40:15 2010 +0000;1274136015;-;-;Mon May 17 22:40:15 2010 +0000;1274136015
2ad2022058d4a2e3d29ea793ede2cb8c09f9102e;2ad2022058;-;-;Mon May 17 21:59:02 2010 +0000;1274133542;-;-;Mon May 17 21:59:02 2010 +0000;1274133542
57a503b2744cd9c8e0d182c3ef6a38a9941b840e;57a503b274;-;-;Mon May 17 16:21:36 2010 +0000;1274113296;-;-;Mon May 17 16:21:36 2010 +0000;1274113296
0b8140b50df2b6fe244ed254ccb269b75742657a;0b8140b50d;-;-;Mon May 17 14:31:48 2010 +0000;1274106708;-;-;Mon May 17 14:31:48 2010 +0000;1274106708
a8ed98255f350c5217f897c930e4d5600a8ab17f;a8ed98255f;-;-;Mon May 17 12:41:32 2010 +0000;1274100092;-;-;Mon May 17 12:41:32 2010 +0000;1274100092
738d84f75c21873bcf6e80bcb64cd92f5da28d8e;738d84f75c;-;-;Sun May 16 19:08:12 2010 +0000;1274036892;-;-;Sun May 16 19:08:12 2010 +0000;1274036892
7f24edc3d5476139a9f4dedbcb8da5208cce357c;7f24edc3d5;-;-;Sun May 16 17:46:28 2010 +0000;1274031988;-;-;Sun May 16 17:46:28 2010 +0000;1274031988
ff4f749adb8836ac3a05d64778b3ae55a3d9820f;ff4f749adb;-;-;Sun May 16 17:32:01 2010 +0000;1274031121;-;-;Sun May 16 17:32:01 2010 +0000;1274031121
578e80c1cf5cf51f6d2b23e5c033838cac58c799;578e80c1cf;-;-;Sat May 15 09:22:56 2010 +0000;1273915376;-;-;Sat May 15 09:22:56 2010 +0000;1273915376
d9a664a5881bab964fd44ed9af2ecccada807c33;d9a664a588;-;-;Fri May 14 19:34:36 2010 +0000;1273865676;-;-;Fri May 14 19:34:36 2010 +0000;1273865676
e9ecf5d716c638778f4939004693ca1cc42f8113;e9ecf5d716;-;-;Fri May 14 19:29:44 2010 +0000;1273865384;-;-;Fri May 14 19:29:44 2010 +0000;1273865384
27be8434f14d9e23a8275458dee0dc1c045d57ea;27be8434f1;-;-;Fri May 14 16:23:48 2010 +0000;1273854228;-;-;Fri May 14 16:23:48 2010 +0000;1273854228
3f885d03021c42df9c8d5f1decbc660ee716a1fa;3f885d0302;-;-;Fri May 14 16:07:39 2010 +0000;1273853259;-;-;Fri May 14 16:07:39 2010 +0000;1273853259
9f9a27a1d87aed2a165df0fb6f51d803a6cf9570;9f9a27a1d8;-;-;Fri May 14 14:04:56 2010 +0000;1273845896;-;-;Fri May 14 14:04:56 2010 +0000;1273845896
d22a6f9da984202335d12fb150934dffce80c1e6;d22a6f9da9;-;-;Fri May 14 12:52:59 2010 +0000;1273841579;-;-;Fri May 14 12:52:59 2010 +0000;1273841579
8ccd74b6c8c2883f2887de2d3b605e8e509ab938;8ccd74b6c8;-;-;Thu May 13 23:07:11 2010 +0000;1273792031;-;-;Thu May 13 23:07:11 2010 +0000;1273792031
ceb668ac6cba288b59b3d840679ab62308a647f6;ceb668ac6c;-;-;Thu May 13 22:43:18 2010 +0000;1273790598;-;-;Thu May 13 22:43:18 2010 +0000;1273790598
68055ba4c9b2db737f9f4ec013d78ec0891b4dda;68055ba4c9;-;-;Thu May 13 22:13:29 2010 +0000;1273788809;-;-;Thu May 13 22:13:29 2010 +0000;1273788809
ad5c7aeb3198da061367cd039f490c6d70f37785;ad5c7aeb31;-;-;Thu May 13 16:33:55 2010 +0000;1273768435;-;-;Thu May 13 16:33:55 2010 +0000;1273768435
59d2d35f4a567d0ef56809e9505aeaa334c2013a;59d2d35f4a;-;-;Thu May 13 14:44:34 2010 +0000;1273761874;-;-;Thu May 13 14:44:34 2010 +0000;1273761874
103c1aa82f0c779ec29ca173a24f65863a806b96;103c1aa82f;-;-;Thu May 13 14:38:58 2010 +0000;1273761538;-;-;Thu May 13 14:38:58 2010 +0000;1273761538
a1e4f4f406dda286e9ffe7d35e6324b9e035f6aa;a1e4f4f406;-;-;Wed May 12 20:15:40 2010 +0000;1273695340;-;-;Wed May 12 20:15:40 2010 +0000;1273695340
fa7472c0571e480fbcb8fbd5b41dd8318117cca8;fa7472c057;-;-;Wed May 12 14:07:25 2010 +0000;1273673245;-;-;Wed May 12 14:07:25 2010 +0000;1273673245
bd1b559d47603748f6d57a0ff21f68505258ace5;bd1b559d47;-;-;Wed May 12 14:05:21 2010 +0000;1273673121;-;-;Wed May 12 14:05:21 2010 +0000;1273673121
15df7b11d0e55e464d45ef3dfdaac8231c2b723f;15df7b11d0;-;-;Wed May 12 13:26:03 2010 +0000;1273670763;-;-;Wed May 12 13:26:03 2010 +0000;1273670763
4955a7304787ece2e53094f0633a56ffaa0da23c;4955a73047;-;-;Wed May 12 12:32:03 2010 +0000;1273667523;-;-;Wed May 12 12:32:03 2010 +0000;1273667523
11bb7264a2144c6877283d3caf8e76f9c693d0b4;11bb7264a2;-;-;Wed May 12 08:46:55 2010 +0000;1273654015;-;-;Wed May 12 08:46:55 2010 +0000;1273654015
853eab8b4c90c090fdfe76363519dc5db38c2c46;853eab8b4c;-;-;Tue May 11 13:14:53 2010 +0000;1273583693;-;-;Tue May 11 13:14:53 2010 +0000;1273583693
15fe75b1a191ce4a9b8b254d046aabdd451a3384;15fe75b1a1;-;-;Mon May 10 21:31:13 2010 +0000;1273527073;-;-;Mon May 10 21:31:13 2010 +0000;1273527073
dad714710f7b7e2874c5106365a8ec859181516e;dad714710f;-;-;Mon May 10 18:33:31 2010 +0000;1273516411;-;-;Mon May 10 18:33:31 2010 +0000;1273516411
365737b5154acc1471a4d0d98c78f88ff0acfdd1;365737b515;-;-;Fri May 7 16:53:59 2010 +0000;1273251239;-;-;Fri May 7 16:53:59 2010 +0000;1273251239
026523d24b962d6cf27808390605c0f08fdccbdf;026523d24b;-;-;Fri May 7 15:06:27 2010 +0000;1273244787;-;-;Fri May 7 15:06:27 2010 +0000;1273244787
2b0655b459d269b636bfed628cadc68c00eeafcf;2b0655b459;-;-;Thu May 6 00:26:13 2010 +0000;1273105573;-;-;Thu May 6 00:26:13 2010 +0000;1273105573
f53621a86fd813f46c14a4394d4dabfe176149dc;f53621a86f;-;-;Wed May 5 23:52:01 2010 +0000;1273103521;-;-;Wed May 5 23:52:01 2010 +0000;1273103521
42cdfbcd89c3116622fee5d1c57435ae70fcc344;42cdfbcd89;-;-;Wed May 5 13:42:46 2010 +0000;1273066966;-;-;Wed May 5 13:42:46 2010 +0000;1273066966
9919cc976b599fda1b7ac35bed7a229065f55687;9919cc976b;-;-;Tue May 4 19:15:09 2010 +0000;1273000509;-;-;Tue May 4 19:15:09 2010 +0000;1273000509
a45d33a158a18e43287a3b6941018f05c1908c46;a45d33a158;-;-;Tue May 4 18:49:09 2010 +0000;1272998949;-;-;Tue May 4 18:49:09 2010 +0000;1272998949
c0aac20081e638064f526510ed32c2fac5aff7c2;c0aac20081;-;-;Mon May 3 14:47:38 2010 +0000;1272898058;-;-;Mon May 3 14:47:38 2010 +0000;1272898058
b0afa0c4727aff343a5e3bb43022b154fcd3fb38;b0afa0c472;-;-;Mon May 3 12:51:54 2010 +0000;1272891114;-;-;Mon May 3 12:51:54 2010 +0000;1272891114
17a1362ed898c51af002241b64c799c3b017f85f;17a1362ed8;-;-;Mon May 3 12:26:32 2010 +0000;1272889592;-;-;Mon May 3 12:26:32 2010 +0000;1272889592
dd8c18188f357eba4ce58d9c1abc3fb2b016ac3e;dd8c18188f;-;-;Mon May 3 08:58:20 2010 +0000;1272877100;-;-;Mon May 3 08:58:20 2010 +0000;1272877100
159f98728e0a26dccac9e5ccbc4adf4966b20b1b;159f98728e;-;-;Thu Apr 29 14:42:24 2010 +0000;1272552144;-;-;Thu Apr 29 14:42:24 2010 +0000;1272552144
c1f18582e7412fd9fe08c23fd172fe840df4f7e2;c1f18582e7;-;-;Thu Apr 29 11:06:31 2010 +0000;1272539191;-;-;Thu Apr 29 11:06:31 2010 +0000;1272539191
f8a05da1c94219f278c960aa86c53bc7e7ebbd94;f8a05da1c9;-;-;Thu Apr 29 09:20:44 2010 +0000;1272532844;-;-;Thu Apr 29 09:20:44 2010 +0000;1272532844
a910ce68ff132e425e7f7d5e13254b1d6e0dd810;a910ce68ff;-;-;Thu Apr 29 08:04:36 2010 +0000;1272528276;-;-;Thu Apr 29 08:04:36 2010 +0000;1272528276
aa216672ae3bf21acbdaf43484a230688f6dae06;aa216672ae;-;-;Wed Apr 28 11:05:08 2010 +0000;1272452708;-;-;Wed Apr 28 11:05:08 2010 +0000;1272452708
4ddcd35d133d5274b8698f6f1758f6892ef487e2;4ddcd35d13;-;-;Wed Apr 28 10:41:03 2010 +0000;1272451263;-;-;Wed Apr 28 10:41:03 2010 +0000;1272451263
02cc37cc164e4cfce423bf311aa86154a92cb15f;02cc37cc16;-;-;Wed Apr 28 10:33:54 2010 +0000;1272450834;-;-;Wed Apr 28 10:33:54 2010 +0000;1272450834
03415960ffd78510b1afb2a9bc92cbd80ea42114;03415960ff;-;-;Wed Apr 28 10:29:21 2010 +0000;1272450561;-;-;Wed Apr 28 10:29:21 2010 +0000;1272450561
c2707150b12399427bd96b5932c783992f90a6ea;c2707150b1;-;-;Tue Apr 27 08:26:51 2010 +0000;1272356811;-;-;Tue Apr 27 08:26:51 2010 +0000;1272356811
8ce4037af231ca902c9c0392b666a02a5c30377a;8ce4037af2;-;-;Fri Apr 23 10:44:29 2010 +0000;1272019469;-;-;Fri Apr 23 10:44:29 2010 +0000;1272019469
101a5cd8ff6cd307cfcff08db31c62ae8e9b0082;101a5cd8ff;-;-;Thu Apr 22 21:46:56 2010 +0000;1271972816;-;-;Thu Apr 22 21:46:56 2010 +0000;1271972816
8df0403e998ddfd0f2d112e477907022b1d11d98;8df0403e99;-;-;Thu Apr 22 21:39:09 2010 +0000;1271972349;-;-;Thu Apr 22 21:39:09 2010 +0000;1271972349
07920fc3dfe682f33695c1d191fc4e1c4090422c;07920fc3df;-;-;Thu Apr 22 21:37:35 2010 +0000;1271972255;-;-;Thu Apr 22 21:37:35 2010 +0000;1271972255
87e327773ee7be8fca0c0a5f5724b42de5c512dd;87e327773e;-;-;Thu Apr 22 21:36:53 2010 +0000;1271972213;-;-;Thu Apr 22 21:36:53 2010 +0000;1271972213
b28310b05110edcf81cba09247a2f138464d28c6;b28310b051;-;-;Thu Apr 22 19:02:05 2010 +0000;1271962925;-;-;Thu Apr 22 19:02:05 2010 +0000;1271962925
20d3085dc8046fa360f3dcd34140c891c31cebd5;20d3085dc8;-;-;Thu Apr 22 17:38:49 2010 +0000;1271957929;-;-;Thu Apr 22 17:38:49 2010 +0000;1271957929
218ee6d24c991f841ee91085c2bb26d6198db8c6;218ee6d24c;-;-;Thu Apr 22 17:38:37 2010 +0000;1271957917;-;-;Thu Apr 22 17:38:37 2010 +0000;1271957917
3f06a92b6b5fbd2f92444d10a25332f306dfb499;3f06a92b6b;-;-;Thu Apr 22 16:34:36 2010 +0000;1271954076;-;-;Thu Apr 22 16:34:36 2010 +0000;1271954076
5057c4a69cc9b69523916255b0a7aed4627d623c;5057c4a69c;-;-;Thu Apr 22 13:27:16 2010 +0000;1271942836;-;-;Thu Apr 22 13:27:16 2010 +0000;1271942836
4cab4a7545c244e442ef1c0eeddd88f2ad215c68;4cab4a7545;-;-;Wed Apr 21 20:06:38 2010 +0000;1271880398;-;-;Wed Apr 21 20:06:38 2010 +0000;1271880398
3dbe38e4183595e1bed7a6d2ab5ff81876ffc34a;3dbe38e418;-;-;Wed Apr 21 18:42:59 2010 +0000;1271875379;-;-;Wed Apr 21 18:42:59 2010 +0000;1271875379
c5f83686d2de549c511b4489cc7143ba8c394d07;c5f83686d2;-;-;Wed Apr 21 11:46:26 2010 +0000;1271850386;-;-;Wed Apr 21 11:46:26 2010 +0000;1271850386
77074c6c87dd58ed97932afc9fd6fc03e0787587;77074c6c87;-;-;Wed Apr 21 09:22:20 2010 +0000;1271841740;-;-;Wed Apr 21 09:22:20 2010 +0000;1271841740
1e34e2725a729143bd98e75bcbd3ec013dfbfaf3;1e34e2725a;-;-;Wed Apr 21 07:55:56 2010 +0000;1271836556;-;-;Wed Apr 21 07:55:56 2010 +0000;1271836556
7790dedff2898afa0cc030995be60476423f9e3e;7790dedff2;-;-;Wed Apr 21 07:38:54 2010 +0000;1271835534;-;-;Wed Apr 21 07:38:54 2010 +0000;1271835534
399b388ea5f294c22f7b93e5e4713f9b85c626f7;399b388ea5;-;-;Tue Apr 20 16:15:23 2010 +0000;1271780123;-;-;Tue Apr 20 16:15:23 2010 +0000;1271780123
5af6d917e968732ede10da94e886fa19fd4cb624;5af6d917e9;-;-;Tue Apr 20 13:33:16 2010 +0000;1271770396;-;-;Tue Apr 20 13:33:16 2010 +0000;1271770396
ea9eb853fa8ec220ef9f0885d525c0ef49336d1d;ea9eb853fa;-;-;Tue Apr 20 13:32:02 2010 +0000;1271770322;-;-;Tue Apr 20 13:32:02 2010 +0000;1271770322
05360c095c74d268e6eaaa075dd4186491469c4a;05360c095c;-;-;Tue Apr 20 12:12:57 2010 +0000;1271765577;-;-;Tue Apr 20 12:12:57 2010 +0000;1271765577
1ed05eceb9046973425bac64bc8aae559be0a04f;1ed05eceb9;-;-;Tue Apr 20 11:43:20 2010 +0000;1271763800;-;-;Tue Apr 20 11:43:20 2010 +0000;1271763800
69c4cdf975eac437e832402f0363e6ca89f3eefb;69c4cdf975;-;-;Tue Apr 20 11:15:47 2010 +0000;1271762147;-;-;Tue Apr 20 11:15:47 2010 +0000;1271762147
3f6cc3f5525a4e59a69fb689f1bad9941d4acb8f;3f6cc3f552;-;-;Tue Apr 20 10:03:05 2010 +0000;1271757785;-;-;Tue Apr 20 10:03:05 2010 +0000;1271757785
e21a1c5a618834a0147e64b5e7fbe3c26cb86791;e21a1c5a61;-;-;Mon Apr 19 20:35:57 2010 +0000;1271709357;-;-;Mon Apr 19 20:35:57 2010 +0000;1271709357
86906d1b4de83fd48ee30d6606de918bbc4a13fd;86906d1b4d;-;-;Mon Apr 19 20:22:01 2010 +0000;1271708521;-;-;Mon Apr 19 20:22:01 2010 +0000;1271708521
6e13cc9eaa90ff2caca9eb3cc01dd39bae4305b6;6e13cc9eaa;-;-;Mon Apr 19 19:22:35 2010 +0000;1271704955;-;-;Mon Apr 19 19:22:35 2010 +0000;1271704955
b25462ddf9dcbf0bdc940e7ab1c796520d694093;b25462ddf9;-;-;Mon Apr 19 08:28:10 2010 +0000;1271665690;-;-;Mon Apr 19 08:28:10 2010 +0000;1271665690
e60389283dc8e1f32b1b358dafa807d3784448b1;e60389283d;-;-;Mon Apr 19 03:58:28 2010 +0000;1271649508;-;-;Mon Apr 19 03:58:28 2010 +0000;1271649508
066b4d542b17cbe50bd47d6f20ca5e4892b476e3;066b4d542b;-;-;Mon Apr 19 01:47:34 2010 +0000;1271641654;-;-;Mon Apr 19 01:47:34 2010 +0000;1271641654
594596f361da63f4063e52c15e7dd9ae64540e40;594596f361;-;-;Mon Apr 19 01:45:27 2010 +0000;1271641527;-;-;Mon Apr 19 01:45:27 2010 +0000;1271641527
bf03d0d56f9fcfc4757bd3ab35e40c3f528fe710;bf03d0d56f;-;-;Sun Apr 18 21:43:00 2010 +0000;1271626980;-;-;Sun Apr 18 21:43:00 2010 +0000;1271626980
33252495cfea895f61aef38c56b59a660ef5ae75;33252495cf;-;-;Sun Apr 18 18:48:24 2010 +0000;1271616504;-;-;Sun Apr 18 18:48:24 2010 +0000;1271616504
a71514222a621e879256a8a583cdecfd94f66e47;a71514222a;-;-;Sun Apr 18 14:09:41 2010 +0000;1271599781;-;-;Sun Apr 18 14:09:41 2010 +0000;1271599781
8464ac90c713c7648e90224de606585ba6219cec;8464ac90c7;-;-;Sat Apr 17 20:22:30 2010 +0000;1271535750;-;-;Sat Apr 17 20:22:30 2010 +0000;1271535750
ebbf63f4e0aec8c99d123a9f575775c78028e7ab;ebbf63f4e0;-;-;Sat Apr 17 06:47:08 2010 +0000;1271486828;-;-;Sat Apr 17 06:47:08 2010 +0000;1271486828
e6018afe8b05028e71ae58d030e87042e68c4575;e6018afe8b;-;-;Sat Apr 17 06:31:34 2010 +0000;1271485894;-;-;Sat Apr 17 06:31:34 2010 +0000;1271485894
b9aeba23ef82b4c69d740462b190b6e1ad24c3b6;b9aeba23ef;-;-;Sat Apr 17 06:28:06 2010 +0000;1271485686;-;-;Sat Apr 17 06:28:06 2010 +0000;1271485686
d98da7d240025b6c17eacf16aca3220d3f1824ce;d98da7d240;-;-;Sat Apr 17 04:50:01 2010 +0000;1271479801;-;-;Sat Apr 17 04:50:01 2010 +0000;1271479801
e7c99b2b62bb70d74b33b32f630f92df3ee5c113;e7c99b2b62;-;-;Sat Apr 17 04:43:54 2010 +0000;1271479434;-;-;Sat Apr 17 04:43:54 2010 +0000;1271479434
64d6a42dfd94a5a4dfae195e2576ad3d3212d1ac;64d6a42dfd;-;-;Sat Apr 17 04:43:28 2010 +0000;1271479408;-;-;Sat Apr 17 04:43:28 2010 +0000;1271479408
bf1a95c771302d6db322717a2c27deadc0b46916;bf1a95c771;-;-;Fri Apr 16 21:10:23 2010 +0000;1271452223;-;-;Fri Apr 16 21:10:23 2010 +0000;1271452223
f6b56a591c111bac1a3117afda546cffe99f7272;f6b56a591c;-;-;Fri Apr 16 15:39:23 2010 +0000;1271432363;-;-;Fri Apr 16 15:39:23 2010 +0000;1271432363
2a19148eed5388e0d3e7daa3fe60fb22b4a411f0;2a19148eed;-;-;Thu Apr 15 22:16:17 2010 +0000;1271369777;-;-;Thu Apr 15 22:16:17 2010 +0000;1271369777
7048f326661e67786a061e07209a87e6ed116994;7048f32666;-;-;Thu Apr 15 16:13:50 2010 +0000;1271348030;-;-;Thu Apr 15 16:13:50 2010 +0000;1271348030
b3b5b356d2d6aba6213460472072844794b0ff49;b3b5b356d2;-;-;Thu Apr 15 14:57:08 2010 +0000;1271343428;-;-;Thu Apr 15 14:57:08 2010 +0000;1271343428
7355dff9678cd027685e54865ab7281a25e31343;7355dff967;-;-;Thu Apr 15 14:56:37 2010 +0000;1271343397;-;-;Thu Apr 15 14:56:37 2010 +0000;1271343397
eb7f8309e241020f5058e9dceee909d33c843607;eb7f8309e2;-;-;Thu Apr 15 10:26:14 2010 +0000;1271327174;-;-;Thu Apr 15 10:26:14 2010 +0000;1271327174
67ba18f956378beff32cb70b1da9a4958e1678d6;67ba18f956;-;-;Wed Apr 14 12:18:05 2010 +0000;1271247485;-;-;Wed Apr 14 12:18:05 2010 +0000;1271247485
12ce250c6ce911774a7983905fd6e006b5a1eac1;12ce250c6c;-;-;Wed Apr 14 12:11:56 2010 +0000;1271247116;-;-;Wed Apr 14 12:11:56 2010 +0000;1271247116
e6b0a1d4d7d5eea5136f236502ef84614c730333;e6b0a1d4d7;-;-;Tue Apr 13 08:37:59 2010 +0000;1271147879;-;-;Tue Apr 13 08:37:59 2010 +0000;1271147879
385298b808e13a2d1b32a94f3660374a4f3dc9c9;385298b808;-;-;Mon Apr 12 14:59:27 2010 +0000;1271084367;-;-;Mon Apr 12 14:59:27 2010 +0000;1271084367
03120b70d0c2f953e21fa3ae1b208a9b0f32f646;03120b70d0;-;-;Fri Apr 9 15:26:43 2010 +0000;1270826803;-;-;Fri Apr 9 15:26:43 2010 +0000;1270826803
4d2a398cbc0f93842c5e427e4eb71fa3751e35fc;4d2a398cbc;-;-;Thu Apr 8 12:15:18 2010 +0000;1270728918;-;-;Thu Apr 8 12:15:18 2010 +0000;1270728918
353781021d135f33cc727cf43c20bbb126871dda;353781021d;-;-;Thu Apr 8 07:04:40 2010 +0000;1270710280;-;-;Thu Apr 8 07:04:40 2010 +0000;1270710280
688dd1a018d4e53edac7368c610c2a020967c77f;688dd1a018;-;-;Thu Apr 8 06:39:41 2010 +0000;1270708781;-;-;Thu Apr 8 06:39:41 2010 +0000;1270708781
d34d8764b03c35f613ee788013c16d174ea3c125;d34d8764b0;-;-;Wed Apr 7 13:51:46 2010 +0000;1270648306;-;-;Wed Apr 7 13:51:46 2010 +0000;1270648306
28da6e0d98d08ea126341750808f6963257c116d;28da6e0d98;-;-;Wed Apr 7 08:30:04 2010 +0000;1270629004;-;-;Wed Apr 7 08:30:04 2010 +0000;1270629004
4ee67353766da2a3286636ef633860f04534d4d6;4ee6735376;-;-;Tue Apr 6 15:38:40 2010 +0000;1270568320;-;-;Tue Apr 6 15:38:40 2010 +0000;1270568320
ff6abbd369a665768bdce823ceba32304fbe1538;ff6abbd369;-;-;Tue Apr 6 12:00:45 2010 +0000;1270555245;-;-;Tue Apr 6 12:00:45 2010 +0000;1270555245
ecda2aee4a4fdcf1877c17647a61de713bfd0aaf;ecda2aee4a;-;-;Tue Apr 6 11:54:50 2010 +0000;1270554890;-;-;Tue Apr 6 11:54:50 2010 +0000;1270554890
e2a9bc9c6658226c283a50c807e2de5053a21cee;e2a9bc9c66;-;-;Tue Apr 6 11:52:42 2010 +0000;1270554762;-;-;Tue Apr 6 11:52:42 2010 +0000;1270554762
b5b60cafb757e51294a96e94843ba94d46f24f38;b5b60cafb7;-;-;Tue Apr 6 11:39:50 2010 +0000;1270553990;-;-;Tue Apr 6 11:39:50 2010 +0000;1270553990
270fab4fd09c1cf47b3b39295e7ca29ecbd3a37a;270fab4fd0;-;-;Fri Apr 2 13:12:58 2010 +0000;1270213978;-;-;Fri Apr 2 13:12:58 2010 +0000;1270213978
f7f0d18e410ef59da8e1fdfc88442365ec09665b;f7f0d18e41;-;-;Fri Apr 2 10:33:46 2010 +0000;1270204426;-;-;Fri Apr 2 10:33:46 2010 +0000;1270204426
386b7507c658540dc9306be89966f297c55ba73c;386b7507c6;-;-;Fri Apr 2 08:54:00 2010 +0000;1270198440;-;-;Fri Apr 2 08:54:00 2010 +0000;1270198440
8a1a23af8361b986832be9b4befefe353afcd333;8a1a23af83;-;-;Fri Apr 2 08:39:26 2010 +0000;1270197566;-;-;Fri Apr 2 08:39:26 2010 +0000;1270197566
580dc8e72ae823ab4cf988de94fd8ae922bd2fc4;580dc8e72a;-;-;Fri Apr 2 08:00:48 2010 +0000;1270195248;-;-;Fri Apr 2 08:00:48 2010 +0000;1270195248
66d2c6698b4642260cd3177407d036be4b0fc84a;66d2c6698b;-;-;Thu Apr 1 23:37:08 2010 +0000;1270165028;-;-;Thu Apr 1 23:37:08 2010 +0000;1270165028
7f90e3bcf70ecf9893116d5d3f302694d5d1821c;7f90e3bcf7;-;-;Thu Apr 1 11:45:01 2010 +0000;1270122301;-;-;Thu Apr 1 11:45:01 2010 +0000;1270122301
bc1abe6070accfca6cbe4ab07b6c8322e9ff464d;bc1abe6070;-;-;Thu Apr 1 11:38:14 2010 +0000;1270121894;-;-;Thu Apr 1 11:38:14 2010 +0000;1270121894
6aa0e62597a152bd9086c16d69a604cb6bc6d934;6aa0e62597;-;-;Thu Apr 1 11:37:35 2010 +0000;1270121855;-;-;Thu Apr 1 11:37:35 2010 +0000;1270121855
52179d8bfb789ddc2561152b823f5c40552d8ac0;52179d8bfb;-;-;Thu Apr 1 10:59:58 2010 +0000;1270119598;-;-;Thu Apr 1 10:59:58 2010 +0000;1270119598
ee686188b70611ae43dec303da176c8e44f921a9;ee686188b7;-;-;Thu Apr 1 10:57:15 2010 +0000;1270119435;-;-;Thu Apr 1 10:57:15 2010 +0000;1270119435
4a98fcb3f72d4e1f624490eb0cb3a3d4e3287d48;4a98fcb3f7;-;-;Thu Apr 1 10:36:57 2010 +0000;1270118217;-;-;Thu Apr 1 10:36:57 2010 +0000;1270118217
29ab58c4d8a97f528b531133ad4e7a2116f19021;29ab58c4d8;-;-;Thu Apr 1 10:35:49 2010 +0000;1270118149;-;-;Thu Apr 1 10:35:49 2010 +0000;1270118149
f6d05eaad401275e03fda36ec18dff2b83e4305c;f6d05eaad4;-;-;Thu Apr 1 10:31:15 2010 +0000;1270117875;-;-;Thu Apr 1 10:31:15 2010 +0000;1270117875
51057932280ca05d725bfcaca665522d3835b380;5105793228;-;-;Thu Apr 1 10:14:20 2010 +0000;1270116860;-;-;Thu Apr 1 10:14:20 2010 +0000;1270116860
689e7b7af247d9169fc6ef8ac78946358fdf90a5;689e7b7af2;-;-;Thu Apr 1 10:08:51 2010 +0000;1270116531;-;-;Thu Apr 1 10:08:51 2010 +0000;1270116531
636e2f0f4c51a6a4605e285093d9f6632487a743;636e2f0f4c;-;-;Wed Mar 31 15:38:11 2010 +0000;1270049891;-;-;Wed Mar 31 15:38:11 2010 +0000;1270049891
461b488eeeff4bea8e6f42efd645251732fed231;461b488eee;-;-;Wed Mar 31 15:36:35 2010 +0000;1270049795;-;-;Wed Mar 31 15:36:35 2010 +0000;1270049795
6b93f41f3a6a44986847450cd0426d34c807cd1a;6b93f41f3a;-;-;Wed Mar 31 15:25:35 2010 +0000;1270049135;-;-;Wed Mar 31 15:25:35 2010 +0000;1270049135
092241a632524e67f01e2b858b4b3a96d0b5d1ce;092241a632;-;-;Wed Mar 31 15:21:48 2010 +0000;1270048908;-;-;Wed Mar 31 15:21:48 2010 +0000;1270048908
20f4e9023be5fb19465f2a35d786e40e57d48841;20f4e9023b;-;-;Wed Mar 31 14:02:27 2010 +0000;1270044147;-;-;Wed Mar 31 14:02:27 2010 +0000;1270044147
c24bafd6445cf0509d77174e7008160dbc8a5b58;c24bafd644;-;-;Wed Mar 31 13:38:15 2010 +0000;1270042695;-;-;Wed Mar 31 13:38:15 2010 +0000;1270042695
21b4526063f15aa3eedd407291bca12e3cd10303;21b4526063;-;-;Wed Mar 31 13:37:46 2010 +0000;1270042666;-;-;Wed Mar 31 13:37:46 2010 +0000;1270042666
b2ff0b1df0e0fdf26b8f6dc75eb32c94cfb5da40;b2ff0b1df0;-;-;Wed Mar 31 13:37:11 2010 +0000;1270042631;-;-;Wed Mar 31 13:37:11 2010 +0000;1270042631
87d0da2d4cb0643071a2d3ce87fbfb80ab369c89;87d0da2d4c;-;-;Tue Mar 30 23:37:29 2010 +0000;1269992249;-;-;Tue Mar 30 23:37:29 2010 +0000;1269992249
ad78b5cdb55c4b29c1907ccced38b6a697fc33fd;ad78b5cdb5;-;-;Tue Mar 30 23:35:13 2010 +0000;1269992113;-;-;Tue Mar 30 23:35:13 2010 +0000;1269992113
de84703c02ff555c16796fc36425697b515e2efe;de84703c02;-;-;Tue Mar 30 23:28:21 2010 +0000;1269991701;-;-;Tue Mar 30 23:28:21 2010 +0000;1269991701
b67b5ec40866894ad48549d6bb8b8e2e46d00b52;b67b5ec408;-;-;Tue Mar 30 21:27:40 2010 +0000;1269984460;-;-;Tue Mar 30 21:27:40 2010 +0000;1269984460
65e88449aa0f970d0d52e4e8364ce4b7faa51b94;65e88449aa;-;-;Tue Mar 30 21:17:31 2010 +0000;1269983851;-;-;Tue Mar 30 21:17:31 2010 +0000;1269983851
20de98362a481d2754aceab25150e50e8b49d15f;20de98362a;-;-;Tue Mar 30 21:13:12 2010 +0000;1269983592;-;-;Tue Mar 30 21:13:12 2010 +0000;1269983592
ea7ff5241d9f134f860dfdd1bacc751468abfd09;ea7ff5241d;-;-;Tue Mar 30 21:12:40 2010 +0000;1269983560;-;-;Tue Mar 30 21:12:40 2010 +0000;1269983560
ae877e92c7aede9043433158543ca6dddfc66097;ae877e92c7;-;-;Tue Mar 30 15:53:32 2010 +0000;1269964412;-;-;Tue Mar 30 15:53:32 2010 +0000;1269964412
16305530f2ef5c812acbe40c20f18d8aa769d3eb;16305530f2;-;-;Tue Mar 30 15:44:11 2010 +0000;1269963851;-;-;Tue Mar 30 15:44:11 2010 +0000;1269963851
282de41f06109656f4d27d8eabde2339f65b549a;282de41f06;-;-;Tue Mar 30 15:40:47 2010 +0000;1269963647;-;-;Tue Mar 30 15:40:47 2010 +0000;1269963647
16eb915c95cebe263fd3b33c99d493fd9fb84e1d;16eb915c95;-;-;Tue Mar 30 14:45:43 2010 +0000;1269960343;-;-;Tue Mar 30 14:45:43 2010 +0000;1269960343
0eabef072077bbd49dc5f757564266d1dea52255;0eabef0720;-;-;Tue Mar 30 10:46:51 2010 +0000;1269946011;-;-;Tue Mar 30 10:46:51 2010 +0000;1269946011
2c9753ad253e2280ce846ff3155bbe6706883fcf;2c9753ad25;-;-;Tue Mar 30 10:24:39 2010 +0000;1269944679;-;-;Tue Mar 30 10:24:39 2010 +0000;1269944679
81e81ce77c7565c7dbee694f56cf30297c89a6c7;81e81ce77c;-;-;Tue Mar 30 09:21:09 2010 +0000;1269940869;-;-;Tue Mar 30 09:21:09 2010 +0000;1269940869
9cecaa769e90ccecfbfe6c2dbdbfd2c86edc4baa;9cecaa769e;-;-;Tue Mar 30 08:34:29 2010 +0000;1269938069;-;-;Tue Mar 30 08:34:29 2010 +0000;1269938069
8c8eca7e059e139fd990b1d6d59187665bd4ca3e;8c8eca7e05;-;-;Mon Mar 29 23:08:32 2010 +0000;1269904112;-;-;Mon Mar 29 23:08:32 2010 +0000;1269904112
fba8bcc7dc5c91b886474596dd21ba32b1e03833;fba8bcc7dc;-;-;Mon Mar 29 23:07:53 2010 +0000;1269904073;-;-;Mon Mar 29 23:07:53 2010 +0000;1269904073
fa719ad4c58d3c172d137746675c4d6249e96e86;fa719ad4c5;-;-;Mon Mar 29 13:17:49 2010 +0000;1269868669;-;-;Mon Mar 29 13:17:49 2010 +0000;1269868669
63dc53a5ea1ab1e38c19f6f10316401c8bcfc333;63dc53a5ea;-;-;Mon Mar 29 12:25:49 2010 +0000;1269865549;-;-;Mon Mar 29 12:25:49 2010 +0000;1269865549
bc7679f9fc189479ad4aee54dc9ec9fe7438292c;bc7679f9fc;-;-;Mon Mar 29 12:02:22 2010 +0000;1269864142;-;-;Mon Mar 29 12:02:22 2010 +0000;1269864142
a6d5d7c8e2b3f93c2465358bd75cdfe6ddc438ff;a6d5d7c8e2;-;-;Mon Mar 29 11:21:55 2010 +0000;1269861715;-;-;Mon Mar 29 11:21:55 2010 +0000;1269861715
122e4346bb933107c1d0be6a5ae74c23983dc189;122e4346bb;-;-;Mon Mar 29 11:12:45 2010 +0000;1269861165;-;-;Mon Mar 29 11:12:45 2010 +0000;1269861165
c18137d40ac9ecf7b44435442cdb7bbbb860a78e;c18137d40a;-;-;Mon Mar 29 10:28:05 2010 +0000;1269858485;-;-;Mon Mar 29 10:28:05 2010 +0000;1269858485
a827ab88b160acdcb46c2d21c5dabb4b41dd57c5;a827ab88b1;-;-;Sat Mar 27 19:10:54 2010 +0000;1269717054;-;-;Sat Mar 27 19:10:54 2010 +0000;1269717054
351e72b6e258bd030fb21be253f6348319f81d0e;351e72b6e2;-;-;Fri Mar 26 12:05:36 2010 +0000;1269605136;-;-;Fri Mar 26 12:05:36 2010 +0000;1269605136
cbed1c1b4b5fd74c9cd201890f619a7079804d3f;cbed1c1b4b;-;-;Thu Mar 25 15:02:19 2010 +0000;1269529339;-;-;Thu Mar 25 15:02:19 2010 +0000;1269529339
124837e2c3ffd185a389c9c21e9a673044d22fe1;124837e2c3;-;-;Thu Mar 25 13:02:19 2010 +0000;1269522139;-;-;Thu Mar 25 13:02:19 2010 +0000;1269522139
753a54096f503f51ba6ba19f9840926dcaed249a;753a54096f;-;-;Thu Mar 25 12:29:52 2010 +0000;1269520192;-;-;Thu Mar 25 12:29:52 2010 +0000;1269520192
d50881d82b8f2ed8e0947cdffe0e4f74fd3a53dd;d50881d82b;-;-;Thu Mar 25 11:53:41 2010 +0000;1269518021;-;-;Thu Mar 25 11:53:41 2010 +0000;1269518021
f836601e0f6d55e3dd1117346773ab17dd85b5be;f836601e0f;-;-;Thu Mar 25 11:52:32 2010 +0000;1269517952;-;-;Thu Mar 25 11:52:32 2010 +0000;1269517952
fbda55f141fa46e801f82504ab133cfe91923cc7;fbda55f141;-;-;Thu Mar 25 10:33:25 2010 +0000;1269513205;-;-;Thu Mar 25 10:33:25 2010 +0000;1269513205
10c358718e13c4ee3cd5731a0e83a411c53aeba5;10c358718e;-;-;Thu Mar 25 10:22:16 2010 +0000;1269512536;-;-;Thu Mar 25 10:22:16 2010 +0000;1269512536
6f2062fb3a619e9d216723269c7a5ad5032e8237;6f2062fb3a;-;-;Thu Mar 25 10:14:11 2010 +0000;1269512051;-;-;Thu Mar 25 10:14:11 2010 +0000;1269512051
f42d4241b43ac69a64f558f660da3a1e44e56f78;f42d4241b4;-;-;Thu Mar 25 00:00:27 2010 +0000;1269475227;-;-;Thu Mar 25 00:00:27 2010 +0000;1269475227
3576bc4585bdfaf94280f548022ea202306b9fcc;3576bc4585;-;-;Wed Mar 24 23:53:02 2010 +0000;1269474782;-;-;Wed Mar 24 23:53:02 2010 +0000;1269474782
47389a0edd961ae789a83a668a0396b67e9fde7f;47389a0edd;-;-;Wed Mar 24 23:24:16 2010 +0000;1269473056;-;-;Wed Mar 24 23:24:16 2010 +0000;1269473056
ab139dffd0d8c07e84df7ccb092773eba1ca4285;ab139dffd0;-;-;Wed Mar 24 23:22:52 2010 +0000;1269472972;-;-;Wed Mar 24 23:22:52 2010 +0000;1269472972
a5f3d009774551f2c70a5284891c0f4d1ec9b599;a5f3d00977;-;-;Wed Mar 24 22:39:47 2010 +0000;1269470387;-;-;Wed Mar 24 22:39:47 2010 +0000;1269470387
53b6e1c1b0a9dc60dae2f495751e71cfff401b7e;53b6e1c1b0;-;-;Wed Mar 24 17:40:45 2010 +0000;1269452445;-;-;Wed Mar 24 17:40:45 2010 +0000;1269452445
65b0a8fcb2eab55631ebb7f8780cef4aed0bedc5;65b0a8fcb2;-;-;Wed Mar 24 16:27:33 2010 +0000;1269448053;-;-;Wed Mar 24 16:27:33 2010 +0000;1269448053
461c200ce611666106a86e670076833bd3e0c706;461c200ce6;-;-;Wed Mar 24 14:38:10 2010 +0000;1269441490;-;-;Wed Mar 24 14:38:10 2010 +0000;1269441490
a61443089903f42d9bc07c2acd05274abfa4ed05;a614430899;-;-;Wed Mar 24 14:26:00 2010 +0000;1269440760;-;-;Wed Mar 24 14:26:00 2010 +0000;1269440760
bc2440ea16f4601312a013e8cdb22ef7407a9f4d;bc2440ea16;-;-;Wed Mar 24 13:58:45 2010 +0000;1269439125;-;-;Wed Mar 24 13:58:45 2010 +0000;1269439125
6fb49f1de7c427e903abaab2fe1cb9ab22889e0e;6fb49f1de7;-;-;Wed Mar 24 10:52:20 2010 +0000;1269427940;-;-;Wed Mar 24 10:52:20 2010 +0000;1269427940
6118d67321b07bf09799559ad4e9e26e1600e5b1;6118d67321;-;-;Wed Mar 24 10:52:10 2010 +0000;1269427930;-;-;Wed Mar 24 10:52:10 2010 +0000;1269427930
cbca6e1acb468d943c2f22ebfd8bd104946c22df;cbca6e1acb;-;-;Wed Mar 24 10:39:40 2010 +0000;1269427180;-;-;Wed Mar 24 10:39:40 2010 +0000;1269427180
2c2cf32b8af9e9c6b9e58f28f26d586dc7c45441;2c2cf32b8a;-;-;Wed Mar 24 10:35:50 2010 +0000;1269426950;-;-;Wed Mar 24 10:35:50 2010 +0000;1269426950
89755542da0fa70284ecf167eef82bcd191b40b9;89755542da;-;-;Wed Mar 24 10:34:21 2010 +0000;1269426861;-;-;Wed Mar 24 10:34:21 2010 +0000;1269426861
051b5f4f4f20638ba231afc9c8e72c98afa665a4;051b5f4f4f;-;-;Wed Mar 24 10:09:58 2010 +0000;1269425398;-;-;Wed Mar 24 10:09:58 2010 +0000;1269425398
b370969690e5463374c4f47e6f8543c07c5ae4d9;b370969690;-;-;Wed Mar 24 09:36:01 2010 +0000;1269423361;-;-;Wed Mar 24 09:36:01 2010 +0000;1269423361
a1f6eabbce88a076dcc36a6b216fae00184f2d6e;a1f6eabbce;-;-;Wed Mar 24 09:27:54 2010 +0000;1269422874;-;-;Wed Mar 24 09:27:54 2010 +0000;1269422874
247c46e6ea6c710fa8a34352e1e08b4f6cc37ff8;247c46e6ea;-;-;Wed Mar 24 09:03:39 2010 +0000;1269421419;-;-;Wed Mar 24 09:03:39 2010 +0000;1269421419
915ca47cad88822ce2ce4e6a332c8683df1b9166;915ca47cad;-;-;Wed Mar 24 09:01:55 2010 +0000;1269421315;-;-;Wed Mar 24 09:01:55 2010 +0000;1269421315
0d8a020684803abcda9aa125693f3afec22c1d6e;0d8a020684;-;-;Tue Mar 23 21:44:52 2010 +0000;1269380692;-;-;Tue Mar 23 21:44:52 2010 +0000;1269380692
1e388a894eb9bfa1459941d4f12899f71d74fafe;1e388a894e;-;-;Tue Mar 23 16:44:46 2010 +0000;1269362686;-;-;Tue Mar 23 16:44:46 2010 +0000;1269362686
4e7752c9baeadbbd8631a2706b438b82e5de7cd3;4e7752c9ba;-;-;Tue Mar 23 16:27:34 2010 +0000;1269361654;-;-;Tue Mar 23 16:27:34 2010 +0000;1269361654
c13e5f9f5b764e80e52d4e4166652c64ca4d34e6;c13e5f9f5b;-;-;Tue Mar 23 15:29:35 2010 +0000;1269358175;-;-;Tue Mar 23 15:29:35 2010 +0000;1269358175
706a09c49e3006b945da1b2c75a5483454066cab;706a09c49e;-;-;Tue Mar 23 12:06:30 2010 +0000;1269345990;-;-;Tue Mar 23 12:06:30 2010 +0000;1269345990
c38c09bc351e222a9674d48c0bf74ba0a5bc63ad;c38c09bc35;-;-;Tue Mar 23 12:06:24 2010 +0000;1269345984;-;-;Tue Mar 23 12:06:24 2010 +0000;1269345984
77bb68b9675f1acb62053b52f0886ded3d0201ea;77bb68b967;-;-;Tue Mar 23 12:06:16 2010 +0000;1269345976;-;-;Tue Mar 23 12:06:16 2010 +0000;1269345976
212daa19954ec639e493554ade50149995f4e802;212daa1995;-;-;Tue Mar 23 11:15:13 2010 +0000;1269342913;-;-;Tue Mar 23 11:15:13 2010 +0000;1269342913
f7ac7a395c046dcdc606a119cea5d30dd06c2c00;f7ac7a395c;-;-;Tue Mar 23 09:50:47 2010 +0000;1269337847;-;-;Tue Mar 23 09:50:47 2010 +0000;1269337847
465e84eda44ceff3f4cd7f8a837638b3f96ca944;465e84eda4;-;-;Tue Mar 23 08:52:59 2010 +0000;1269334379;-;-;Tue Mar 23 08:52:59 2010 +0000;1269334379
ec577f8e2402fc37e4eba3ea49158e2c3d21d8d0;ec577f8e24;-;-;Tue Mar 23 08:15:57 2010 +0000;1269332157;-;-;Tue Mar 23 08:15:57 2010 +0000;1269332157
26470cc23a91108276ba5c37bddd0b71cda6ed50;26470cc23a;-;-;Mon Mar 22 18:31:41 2010 +0000;1269282701;-;-;Mon Mar 22 18:31:41 2010 +0000;1269282701
296aa96d715ccc56ab12cbc5af27004e127489a1;296aa96d71;-;-;Mon Mar 22 18:31:13 2010 +0000;1269282673;-;-;Mon Mar 22 18:31:13 2010 +0000;1269282673
a2c3274b8e798c3641486530f998ba62f47c3269;a2c3274b8e;-;-;Mon Mar 22 15:08:57 2010 +0000;1269270537;-;-;Mon Mar 22 15:08:57 2010 +0000;1269270537
5e19f2959e5f5627ea6deae1d1769f9469c6dcaf;5e19f2959e;-;-;Mon Mar 22 14:54:39 2010 +0000;1269269679;-;-;Mon Mar 22 14:54:39 2010 +0000;1269269679
5dc59aaa7b5c888b433636f322ed5dcfa7305418;5dc59aaa7b;-;-;Mon Mar 22 14:31:58 2010 +0000;1269268318;-;-;Mon Mar 22 14:31:58 2010 +0000;1269268318
c9289a4dcf778a0aae627d23ad712d84eb3b0a4a;c9289a4dcf;-;-;Mon Mar 22 14:31:27 2010 +0000;1269268287;-;-;Mon Mar 22 14:31:27 2010 +0000;1269268287
19b4618fb5eca3a9212caafecb1e7ad85ce78bd4;19b4618fb5;-;-;Mon Mar 22 14:23:02 2010 +0000;1269267782;-;-;Mon Mar 22 14:23:02 2010 +0000;1269267782
4c0744ee54447655a11bfa69583474d12a34cc61;4c0744ee54;-;-;Mon Mar 22 14:12:32 2010 +0000;1269267152;-;-;Mon Mar 22 14:12:32 2010 +0000;1269267152
b07d02f1bf08a8e50deb3274007b4094171ed609;b07d02f1bf;-;-;Mon Mar 22 10:23:39 2010 +0000;1269253419;-;-;Mon Mar 22 10:23:39 2010 +0000;1269253419
69cbadf7e93d360f41730a3e1e3dad253977e324;69cbadf7e9;-;-;Fri Mar 19 12:57:17 2010 +0000;1269003437;-;-;Fri Mar 19 12:57:17 2010 +0000;1269003437
0543036ec95c7f172a5ced2ac11389e4e05f7825;0543036ec9;-;-;Fri Mar 19 12:39:34 2010 +0000;1269002374;-;-;Fri Mar 19 12:39:34 2010 +0000;1269002374
2ff2f0205d5dd08a4b6196cec720802311da42a8;2ff2f0205d;-;-;Thu Mar 18 14:19:30 2010 +0000;1268921970;-;-;Thu Mar 18 14:19:30 2010 +0000;1268921970
e22431188b2534c9ed7ea833b535f4011424323d;e22431188b;-;-;Wed Mar 17 17:35:27 2010 +0000;1268847327;-;-;Wed Mar 17 17:35:27 2010 +0000;1268847327
b8c0e153e3f6f7beae5b4927f0bb0dff2971edf9;b8c0e153e3;-;-;Tue Mar 16 23:47:40 2010 +0000;1268783260;-;-;Tue Mar 16 23:47:40 2010 +0000;1268783260
ff094826536e0fbf51a3a4706067558b0e10fdb5;ff09482653;-;-;Tue Mar 16 23:27:18 2010 +0000;1268782038;-;-;Tue Mar 16 23:27:18 2010 +0000;1268782038
d932c043da97fb47f79ec4536e1841a7f7fc5b44;d932c043da;-;-;Mon Mar 15 18:15:48 2010 +0000;1268676948;-;-;Mon Mar 15 18:15:48 2010 +0000;1268676948
0cb7e4dcb3918e333a85e2abc0a615e6532c403e;0cb7e4dcb3;-;-;Sun Mar 14 22:19:56 2010 +0000;1268605196;-;-;Sun Mar 14 22:19:56 2010 +0000;1268605196
2e5f1c22f6215402c3beb1ce1a6f75853758dc3e;2e5f1c22f6;-;-;Sun Mar 14 17:58:46 2010 +0000;1268589526;-;-;Sun Mar 14 17:58:46 2010 +0000;1268589526
cf93e7c69eaf7ce7c7f1fda0d2c6e3ea1ce6cd19;cf93e7c69e;-;-;Sun Mar 14 11:26:06 2010 +0000;1268565966;-;-;Sun Mar 14 11:26:06 2010 +0000;1268565966
9da980d325370e3edeb0da847295899ee2964ee8;9da980d325;-;-;Fri Mar 12 23:12:40 2010 +0000;1268435560;-;-;Fri Mar 12 23:12:40 2010 +0000;1268435560
7da13e7ad1867b8ccf7947671cfb3e090654aa85;7da13e7ad1;-;-;Fri Mar 12 23:10:06 2010 +0000;1268435406;-;-;Fri Mar 12 23:10:06 2010 +0000;1268435406
a0e40a561071ab4e7bdc7f50725a49d7105959d6;a0e40a5610;-;-;Fri Mar 12 22:36:24 2010 +0000;1268433384;-;-;Fri Mar 12 22:36:24 2010 +0000;1268433384
ac5c75690ac717d054c5ec142a2bc27018e4785d;ac5c75690a;-;-;Fri Mar 12 20:55:44 2010 +0000;1268427344;-;-;Fri Mar 12 20:55:44 2010 +0000;1268427344
795a5e02cd24e306581cbb4d70db2db1151058d6;795a5e02cd;-;-;Fri Mar 12 20:45:02 2010 +0000;1268426702;-;-;Fri Mar 12 20:45:02 2010 +0000;1268426702
bb75662a7e8616cebf9cbce6440d846c7e131be6;bb75662a7e;-;-;Fri Mar 12 20:44:41 2010 +0000;1268426681;-;-;Fri Mar 12 20:44:41 2010 +0000;1268426681
23cb161fb35d58efdc5bdac64d3e4f934978aabd;23cb161fb3;-;-;Fri Mar 12 19:45:17 2010 +0000;1268423117;-;-;Fri Mar 12 19:45:17 2010 +0000;1268423117
eb1c039a6ec597edff94fe501eecac08ce3cbab6;eb1c039a6e;-;-;Fri Mar 12 19:45:05 2010 +0000;1268423105;-;-;Fri Mar 12 19:45:05 2010 +0000;1268423105
4c39f90466549563ca8da5f8b61c1d916fe5513f;4c39f90466;-;-;Fri Mar 12 19:34:45 2010 +0000;1268422485;-;-;Fri Mar 12 19:34:45 2010 +0000;1268422485
d4de1ac3467f4a78db60b2a6191bbb04858aac2e;d4de1ac346;-;-;Fri Mar 12 19:18:39 2010 +0000;1268421519;-;-;Fri Mar 12 19:18:39 2010 +0000;1268421519
4880d1d4617175cf8ff24dce872a97c363bea06d;4880d1d461;-;-;Fri Mar 12 17:46:50 2010 +0000;1268416010;-;-;Fri Mar 12 17:46:50 2010 +0000;1268416010
5a8aa5323255471668418e491ca692eb2feb5952;5a8aa53232;-;-;Fri Mar 12 16:56:16 2010 +0000;1268412976;-;-;Fri Mar 12 16:56:16 2010 +0000;1268412976
85b8befbd1e4b7b4a975c92c592577fe58ffdd8f;85b8befbd1;-;-;Fri Mar 12 16:43:57 2010 +0000;1268412237;-;-;Fri Mar 12 16:43:57 2010 +0000;1268412237
4c4f19ec94d8832136772e567285da6ffe233176;4c4f19ec94;-;-;Fri Mar 12 16:10:03 2010 +0000;1268410203;-;-;Fri Mar 12 16:10:03 2010 +0000;1268410203
145dcfd0c25b521e0e48a5bd2bc9cad698745143;145dcfd0c2;-;-;Fri Mar 12 15:09:24 2010 +0000;1268406564;-;-;Fri Mar 12 15:09:24 2010 +0000;1268406564
991c982e5b54a07e90e51b40d1773d99ce6f1dd6;991c982e5b;-;-;Fri Mar 12 09:07:29 2010 +0000;1268384849;-;-;Fri Mar 12 09:07:29 2010 +0000;1268384849
1d6f37497017cabe466aac0f752135623d584d9a;1d6f374970;-;-;Thu Mar 11 21:30:39 2010 +0000;1268343039;-;-;Thu Mar 11 21:30:39 2010 +0000;1268343039
eee72c52da7d4712c11ea1342650470453d8dc16;eee72c52da;-;-;Thu Mar 11 21:26:10 2010 +0000;1268342770;-;-;Thu Mar 11 21:26:10 2010 +0000;1268342770
b0e308163645e2ad32d4c26a02fb5afbc4714733;b0e3081636;-;-;Thu Mar 11 17:41:30 2010 +0000;1268329290;-;-;Thu Mar 11 17:41:30 2010 +0000;1268329290
886eb665bf8bd4404bb420238a92bb2eb711cac2;886eb665bf;-;-;Thu Mar 11 17:35:08 2010 +0000;1268328908;-;-;Thu Mar 11 17:35:08 2010 +0000;1268328908
70ee2ee7b16e9117e8275631a65a423f3908670a;70ee2ee7b1;-;-;Thu Mar 11 17:33:54 2010 +0000;1268328834;-;-;Thu Mar 11 17:33:54 2010 +0000;1268328834
f3f535623f79b7426bdc3da9ce929983e76449a3;f3f535623f;-;-;Thu Mar 11 16:54:47 2010 +0000;1268326487;-;-;Thu Mar 11 16:54:47 2010 +0000;1268326487
63076d0865809b42b497f762896346895194d345;63076d0865;-;-;Thu Mar 11 16:42:25 2010 +0000;1268325745;-;-;Thu Mar 11 16:42:25 2010 +0000;1268325745
fc0a6ce40c3fa5c03cdde7149632b3e743aecccd;fc0a6ce40c;-;-;Thu Mar 11 14:19:30 2010 +0000;1268317170;-;-;Thu Mar 11 14:19:30 2010 +0000;1268317170
88773ae7f15298b10dab91f030d50c701915dccd;88773ae7f1;-;-;Thu Mar 11 12:57:52 2010 +0000;1268312272;-;-;Thu Mar 11 12:57:52 2010 +0000;1268312272
81b10be1d06b6cf96b227515030f822325ab3207;81b10be1d0;-;-;Thu Mar 11 01:09:50 2010 +0000;1268269790;-;-;Thu Mar 11 01:09:50 2010 +0000;1268269790
50c55937404d1ece094dec6ccb5a89f5d3cc567e;50c5593740;-;-;Wed Mar 10 17:44:14 2010 +0000;1268243054;-;-;Wed Mar 10 17:44:14 2010 +0000;1268243054
af4b22e5b9293fc82353acff7f35e45a10be4459;af4b22e5b9;-;-;Wed Mar 10 17:31:02 2010 +0000;1268242262;-;-;Wed Mar 10 17:31:02 2010 +0000;1268242262
6e55c8cd2fbbe47ea65829b84b68b2fcbe860b20;6e55c8cd2f;-;-;Wed Mar 10 14:03:56 2010 +0000;1268229836;-;-;Wed Mar 10 14:03:56 2010 +0000;1268229836
def90d1016ae948cefa9346bd7660c134ebb168b;def90d1016;-;-;Wed Mar 10 13:53:29 2010 +0000;1268229209;-;-;Wed Mar 10 13:53:29 2010 +0000;1268229209
f30b0a86f7cb1d49a9b30e119923560c5f9f65ff;f30b0a86f7;-;-;Wed Mar 10 13:46:31 2010 +0000;1268228791;-;-;Wed Mar 10 13:46:31 2010 +0000;1268228791
95ad7168bf3fb92c54ab38c5fc4843cd31f50131;95ad7168bf;-;-;Wed Mar 10 13:38:46 2010 +0000;1268228326;-;-;Wed Mar 10 13:38:46 2010 +0000;1268228326
ccb312a9742bdec8a38def1c9bb2fb0e12941da3;ccb312a974;-;-;Wed Mar 10 12:54:52 2010 +0000;1268225692;-;-;Wed Mar 10 12:54:52 2010 +0000;1268225692
f588ab05faa083fd1530b14dcaaa3a03a4af14f9;f588ab05fa;-;-;Wed Mar 10 10:00:03 2010 +0000;1268215203;-;-;Wed Mar 10 10:00:03 2010 +0000;1268215203
2dd11343032abb93cc742d38d7784ddfca38608d;2dd1134303;-;-;Tue Mar 9 17:33:36 2010 +0000;1268156016;-;-;Tue Mar 9 17:33:36 2010 +0000;1268156016
0efb9d8023b07c6566aa1ef604574b1fe782052f;0efb9d8023;-;-;Tue Mar 9 16:15:41 2010 +0000;1268151341;-;-;Tue Mar 9 16:15:41 2010 +0000;1268151341
21fd1508949b9c3d046ee4b5290313c09666aa3f;21fd150894;-;-;Tue Mar 9 10:29:01 2010 +0000;1268130541;-;-;Tue Mar 9 10:29:01 2010 +0000;1268130541
ac9a625ccc9c70abcecc4b21c894b5363bf97040;ac9a625ccc;-;-;Tue Mar 9 09:53:51 2010 +0000;1268128431;-;-;Tue Mar 9 09:53:51 2010 +0000;1268128431
c31213e5cbcde9c95e934ae1b9e7acea5cff0a4e;c31213e5cb;-;-;Tue Mar 9 00:55:03 2010 +0000;1268096103;-;-;Tue Mar 9 00:55:03 2010 +0000;1268096103
f82cc6458bbae0e4d0f5feb13f0692e8dcc25876;f82cc6458b;-;-;Mon Mar 8 20:42:22 2010 +0000;1268080942;-;-;Mon Mar 8 20:42:22 2010 +0000;1268080942
8d7df01d73bd2ef4d440c230c0e3d444e0abc185;8d7df01d73;-;-;Mon Mar 8 12:13:30 2010 +0000;1268050410;-;-;Mon Mar 8 12:13:30 2010 +0000;1268050410
5303ab68aaf162fef3383920a71a0369da0559a1;5303ab68aa;-;-;Fri Mar 5 14:32:36 2010 +0000;1267799556;-;-;Fri Mar 5 14:32:36 2010 +0000;1267799556
c91ff130d5a772927473d2620d4ea1a7f9ca4978;c91ff130d5;-;-;Fri Mar 5 11:40:52 2010 +0000;1267789252;-;-;Fri Mar 5 11:40:52 2010 +0000;1267789252
54d03460844cbeb938a8be7ef2f9ead9f2cd1d48;54d0346084;-;-;Fri Mar 5 10:49:24 2010 +0000;1267786164;-;-;Fri Mar 5 10:49:24 2010 +0000;1267786164
4f926c82bfe43dcecae6e7c2f891bac5e4ae346a;4f926c82bf;-;-;Thu Mar 4 22:36:35 2010 +0000;1267742195;-;-;Thu Mar 4 22:36:35 2010 +0000;1267742195
b07b1469658e4a28b3b1b3460e86e62a54e8c86f;b07b146965;-;-;Thu Mar 4 22:33:59 2010 +0000;1267742039;-;-;Thu Mar 4 22:33:59 2010 +0000;1267742039
cfbc5224e3c89aaed4243ac249618def82e6e3cc;cfbc5224e3;-;-;Thu Mar 4 22:22:47 2010 +0000;1267741367;-;-;Thu Mar 4 22:22:47 2010 +0000;1267741367
a0c41a0e038b020e1d16aee0ca90cc5aeb2bfb1a;a0c41a0e03;-;-;Thu Mar 4 15:17:09 2010 +0000;1267715829;-;-;Thu Mar 4 15:17:09 2010 +0000;1267715829
8fe5151f84a95ba41f2ff67e3090bf7f783d5943;8fe5151f84;-;-;Thu Mar 4 13:58:23 2010 +0000;1267711103;-;-;Thu Mar 4 13:58:23 2010 +0000;1267711103
77f8b070cd12523db393f7b620811703290e1501;77f8b070cd;-;-;Thu Mar 4 13:58:02 2010 +0000;1267711082;-;-;Thu Mar 4 13:58:02 2010 +0000;1267711082
4f4f3fab7d23a571ff267bf4b11ed33aedea26dc;4f4f3fab7d;-;-;Thu Mar 4 13:54:24 2010 +0000;1267710864;-;-;Thu Mar 4 13:54:24 2010 +0000;1267710864
0444ab236ae5529514a71cffa4d2686e8e1a2d37;0444ab236a;-;-;Thu Mar 4 13:50:43 2010 +0000;1267710643;-;-;Thu Mar 4 13:50:43 2010 +0000;1267710643
9ede9fe697ffdf6878519d32b20eb15079c14ecd;9ede9fe697;-;-;Thu Mar 4 11:27:09 2010 +0000;1267702029;-;-;Thu Mar 4 11:27:09 2010 +0000;1267702029
3e98b26b772eff6d71f5211907f8c71ab2486326;3e98b26b77;-;-;Thu Mar 4 11:17:12 2010 +0000;1267701432;-;-;Thu Mar 4 11:17:12 2010 +0000;1267701432
0aee6e9f5bd996282c3dddc2ba4f4afdd8e7ccdc;0aee6e9f5b;-;-;Thu Mar 4 11:13:28 2010 +0000;1267701208;-;-;Thu Mar 4 11:13:28 2010 +0000;1267701208
eddc5b8898851956e61b1ffaf0c6701f1b00c95c;eddc5b8898;-;-;Thu Mar 4 10:51:27 2010 +0000;1267699887;-;-;Thu Mar 4 10:51:27 2010 +0000;1267699887
57993d871ea137247004c68780f52dbe6dae7df2;57993d871e;-;-;Wed Mar 3 16:26:47 2010 +0000;1267633607;-;-;Wed Mar 3 16:26:47 2010 +0000;1267633607
3c8a47bd06023cf8eba681f56720c7dc5d532662;3c8a47bd06;-;-;Wed Mar 3 11:14:30 2010 +0000;1267614870;-;-;Wed Mar 3 11:14:30 2010 +0000;1267614870
7f8c91a52dcea4810acebb0f9ebe86233a3d2063;7f8c91a52d;-;-;Wed Mar 3 10:33:58 2010 +0000;1267612438;-;-;Wed Mar 3 10:33:58 2010 +0000;1267612438
62f9f477f5887c3c6237472d7d8db04510675ceb;62f9f477f5;-;-;Wed Mar 3 10:18:59 2010 +0000;1267611539;-;-;Wed Mar 3 10:18:59 2010 +0000;1267611539
894875ce8d47d6cd3e0f64f5c20e831a8f960ee9;894875ce8d;-;-;Tue Mar 2 12:49:31 2010 +0000;1267534171;-;-;Tue Mar 2 12:49:31 2010 +0000;1267534171
9d1c3fa9acf2e89fe550d0d06ac5cdfa3dbbdf97;9d1c3fa9ac;-;-;Tue Mar 2 11:56:22 2010 +0000;1267530982;-;-;Tue Mar 2 11:56:22 2010 +0000;1267530982
d207c2294dd51c7d54234718f77a8226a624acad;d207c2294d;-;-;Tue Mar 2 11:30:36 2010 +0000;1267529436;-;-;Tue Mar 2 11:30:36 2010 +0000;1267529436
e653a9cd03ad351d30368b0f90415eec152a4e4f;e653a9cd03;-;-;Tue Mar 2 10:53:15 2010 +0000;1267527195;-;-;Tue Mar 2 10:53:15 2010 +0000;1267527195
5675046cb78ffc960eae4f85d7f33637ee480733;5675046cb7;-;-;Tue Mar 2 09:52:43 2010 +0000;1267523563;-;-;Tue Mar 2 09:52:43 2010 +0000;1267523563
20a803964212774dd7cd57bafd7401cdcd39793e;20a8039642;-;-;Thu Feb 25 15:46:54 2010 +0000;1267112814;-;-;Thu Feb 25 15:46:54 2010 +0000;1267112814
4bda92fd8a309c308b066233672db17e3100c0c7;4bda92fd8a;-;-;Wed Feb 24 14:32:22 2010 +0000;1267021942;-;-;Wed Feb 24 14:32:22 2010 +0000;1267021942
97adfdd39815122c72f55d92f8187e7816175aa3;97adfdd398;-;-;Tue Feb 23 23:07:44 2010 +0000;1266966464;-;-;Tue Feb 23 23:07:44 2010 +0000;1266966464
a5b5df450e305be9b0082d4f4d61126e2445caf2;a5b5df450e;-;-;Tue Feb 23 17:44:59 2010 +0000;1266947099;-;-;Tue Feb 23 17:44:59 2010 +0000;1266947099
80b8fb8b83aa63c149a731e8d0274f52e19906b5;80b8fb8b83;-;-;Tue Feb 23 17:43:00 2010 +0000;1266946980;-;-;Tue Feb 23 17:43:00 2010 +0000;1266946980
ef227c5d0171834e9166ed0b48ed342a4fd2dff6;ef227c5d01;-;-;Tue Feb 23 16:13:04 2010 +0000;1266941584;-;-;Tue Feb 23 16:13:04 2010 +0000;1266941584
9e5b129ba55107d446cfb54637ebf0d5ba5645b0;9e5b129ba5;-;-;Tue Feb 23 15:46:52 2010 +0000;1266940012;-;-;Tue Feb 23 15:46:52 2010 +0000;1266940012
12b30843c5d28739dcf6bc73a43f3ba1bac779e3;12b30843c5;-;-;Tue Feb 23 13:00:12 2010 +0000;1266930012;-;-;Tue Feb 23 13:00:12 2010 +0000;1266930012
09f02bc620fbc1d8e7b753097e0a280b7858c8f9;09f02bc620;-;-;Tue Feb 23 10:47:51 2010 +0000;1266922071;-;-;Tue Feb 23 10:47:51 2010 +0000;1266922071
3d2611484ab50bc0696da3ab01bc226dfb3dee86;3d2611484a;-;-;Mon Feb 22 23:52:56 2010 +0000;1266882776;-;-;Mon Feb 22 23:52:56 2010 +0000;1266882776
6af91773ee24fe3d4a12fa5f4d642600c350d847;6af91773ee;-;-;Mon Feb 22 13:50:41 2010 +0000;1266846641;-;-;Mon Feb 22 13:50:41 2010 +0000;1266846641
9e71af86f8e9287cee59368ccc8bc0b45fa908ee;9e71af86f8;-;-;Mon Feb 22 11:49:19 2010 +0000;1266839359;-;-;Mon Feb 22 11:49:19 2010 +0000;1266839359
60ff93e5ac9d33a5381928cc48feb94f419fe663;60ff93e5ac;-;-;Mon Feb 22 11:48:08 2010 +0000;1266839288;-;-;Mon Feb 22 11:48:08 2010 +0000;1266839288
f25d2a94162af798de04cf7f9b101de7d6ff636b;f25d2a9416;-;-;Mon Feb 22 01:55:38 2010 +0000;1266803738;-;-;Mon Feb 22 01:55:38 2010 +0000;1266803738
fd4b9cf6a333a8eb1affe204370ebff6a9f5c114;fd4b9cf6a3;-;-;Sun Feb 21 17:51:48 2010 +0000;1266774708;-;-;Sun Feb 21 17:51:48 2010 +0000;1266774708
1a351db6e0b62f5b4bc74f7dfc3acb9cba40f4c3;1a351db6e0;-;-;Sun Feb 21 15:32:18 2010 +0000;1266766338;-;-;Sun Feb 21 15:32:18 2010 +0000;1266766338
5b537e96042aa6228c754002f1150e329161fcb1;5b537e9604;-;-;Sun Feb 21 02:13:41 2010 +0000;1266718421;-;-;Sun Feb 21 02:13:41 2010 +0000;1266718421
6c69f47acfa6fd8f6008ebbe15e1ee26261b1a29;6c69f47acf;-;-;Sat Feb 20 16:29:07 2010 +0000;1266683347;-;-;Sat Feb 20 16:29:07 2010 +0000;1266683347
44ef114981ac50769d58f731c27ce0291ac78ddf;44ef114981;-;-;Sat Feb 20 16:14:14 2010 +0000;1266682454;-;-;Sat Feb 20 16:14:14 2010 +0000;1266682454
67b342d923c900323df169c32e27d9aa80fb8108;67b342d923;-;-;Sat Feb 20 15:53:09 2010 +0000;1266681189;-;-;Sat Feb 20 15:53:09 2010 +0000;1266681189
5063c6dd008b6194b31a2f63a7c0a27772e9b913;5063c6dd00;-;-;Fri Feb 19 13:58:19 2010 +0000;1266587899;-;-;Fri Feb 19 13:58:19 2010 +0000;1266587899
8d0bb00188f3bd6c57115b3efd762b5e77466bdf;8d0bb00188;-;-;Fri Feb 19 09:43:22 2010 +0000;1266572602;-;-;Fri Feb 19 09:43:22 2010 +0000;1266572602
fe59d4a787741c648f0da128ba5ac353d29f4874;fe59d4a787;-;-;Thu Feb 18 17:42:14 2010 +0000;1266514934;-;-;Thu Feb 18 17:42:14 2010 +0000;1266514934
e65610555ea36df6edb67bdce87a778c7cad14f9;e65610555e;-;-;Thu Feb 18 11:29:28 2010 +0000;1266492568;-;-;Thu Feb 18 11:29:28 2010 +0000;1266492568
68b4c7df6efedb03849cc15525eadb871f520382;68b4c7df6e;-;-;Thu Feb 18 11:15:17 2010 +0000;1266491717;-;-;Thu Feb 18 11:15:17 2010 +0000;1266491717
103ac0359d1b725bab3bb8e64df04255c0846338;103ac0359d;-;-;Thu Feb 18 10:47:22 2010 +0000;1266490042;-;-;Thu Feb 18 10:47:22 2010 +0000;1266490042
fff4c77dbef44942915dbf606a1622c1db93858a;fff4c77dbe;-;-;Thu Feb 18 10:26:35 2010 +0000;1266488795;-;-;Thu Feb 18 10:26:35 2010 +0000;1266488795
b960bd579dca920e1981501de9c741a2bc9ea934;b960bd579d;-;-;Thu Feb 18 00:07:02 2010 +0000;1266451622;-;-;Thu Feb 18 00:07:02 2010 +0000;1266451622
5f7f37f1c10c1183a6da91ceb3afea9d7992c951;5f7f37f1c1;-;-;Thu Feb 18 00:06:16 2010 +0000;1266451576;-;-;Thu Feb 18 00:06:16 2010 +0000;1266451576
572abbcff9b7da07c08a7491c804a9654a1cb854;572abbcff9;-;-;Thu Feb 18 00:04:08 2010 +0000;1266451448;-;-;Thu Feb 18 00:04:08 2010 +0000;1266451448
e74b33242b7e0f720183da7eb43fb020aabd55bf;e74b33242b;-;-;Wed Feb 17 23:26:06 2010 +0000;1266449166;-;-;Wed Feb 17 23:26:06 2010 +0000;1266449166
b54a099f4968e269f6b8ae9ba4bfc5fbfdac39ab;b54a099f49;-;-;Wed Feb 17 22:50:01 2010 +0000;1266447001;-;-;Wed Feb 17 22:50:01 2010 +0000;1266447001
c39b529c9387c58826aa0d2f73b123ea11071ba7;c39b529c93;-;-;Wed Feb 17 22:19:49 2010 +0000;1266445189;-;-;Wed Feb 17 22:19:49 2010 +0000;1266445189
54acebd086306e7f7b875f09082c2b703857880b;54acebd086;-;-;Wed Feb 17 21:58:56 2010 +0000;1266443936;-;-;Wed Feb 17 21:58:56 2010 +0000;1266443936
36940c5fc8ec34e56775d17152b34b136c80d9b8;36940c5fc8;-;-;Wed Feb 17 21:54:21 2010 +0000;1266443661;-;-;Wed Feb 17 21:54:21 2010 +0000;1266443661
6aa05994aee334d90ec5e75d1aeb583b364d7ad4;6aa05994ae;-;-;Wed Feb 17 15:59:52 2010 +0000;1266422392;-;-;Wed Feb 17 15:59:52 2010 +0000;1266422392
d3560706df3577e5e92bef9ecd6da7312f304260;d3560706df;-;-;Tue Feb 16 18:21:50 2010 +0000;1266344510;-;-;Tue Feb 16 18:21:50 2010 +0000;1266344510
64f0200675470dc75a517938e65cff83b617073b;64f0200675;-;-;Tue Feb 16 18:21:25 2010 +0000;1266344485;-;-;Tue Feb 16 18:21:25 2010 +0000;1266344485
64fc4c23eaaba31a81cd7dd8fc708dad76f41d9a;64fc4c23ea;-;-;Tue Feb 16 18:16:47 2010 +0000;1266344207;-;-;Tue Feb 16 18:16:47 2010 +0000;1266344207
4ae1709313bece1c34646ec29a0189c58bf88584;4ae1709313;-;-;Tue Feb 16 17:46:16 2010 +0000;1266342376;-;-;Tue Feb 16 17:46:16 2010 +0000;1266342376
19cdd558d3d519e025411022fbe4de94caf977c8;19cdd558d3;-;-;Tue Feb 16 14:25:55 2010 +0000;1266330355;-;-;Tue Feb 16 14:25:55 2010 +0000;1266330355
58f63f61423b7f7bf7773e06781d51fbf0f65cde;58f63f6142;-;-;Tue Feb 16 14:13:18 2010 +0000;1266329598;-;-;Tue Feb 16 14:13:18 2010 +0000;1266329598
60ac23909163a6588c2b792ea5424ca6ee0fd826;60ac239091;-;-;Tue Feb 16 11:59:29 2010 +0000;1266321569;-;-;Tue Feb 16 11:59:29 2010 +0000;1266321569
c0f4d9c8932f64ee5c4126f62cbc157a4d6bdf4e;c0f4d9c893;-;-;Mon Feb 15 22:45:26 2010 +0000;1266273926;-;-;Mon Feb 15 22:45:26 2010 +0000;1266273926
ccc7d0f53fbf1211864b3dda4fdb2e4b5263f3d6;ccc7d0f53f;-;-;Mon Feb 15 18:27:30 2010 +0000;1266258450;-;-;Mon Feb 15 18:27:30 2010 +0000;1266258450
87eb3f970ebc59983b1cfc39dff77e244f596823;87eb3f970e;-;-;Mon Feb 15 18:02:19 2010 +0000;1266256939;-;-;Mon Feb 15 18:02:19 2010 +0000;1266256939
db2d323d962e70252a18f3b6bb7f3587427f47a0;db2d323d96;-;-;Mon Feb 15 17:58:52 2010 +0000;1266256732;-;-;Mon Feb 15 17:58:52 2010 +0000;1266256732
0598eafb844355f4a3c141fa8b805c1de0efc26a;0598eafb84;-;-;Mon Feb 15 17:37:57 2010 +0000;1266255477;-;-;Mon Feb 15 17:37:57 2010 +0000;1266255477
b5e826976cd66ed45df94a0feacd86401ae01807;b5e826976c;-;-;Mon Feb 15 17:37:44 2010 +0000;1266255464;-;-;Mon Feb 15 17:37:44 2010 +0000;1266255464
5e1065838b602a1c19ba2bc42d7b99d317db2788;5e1065838b;-;-;Mon Feb 15 17:04:13 2010 +0000;1266253453;-;-;Mon Feb 15 17:04:13 2010 +0000;1266253453
a6af91f7b2518ac0e9eee926c4dfb4409b07aac0;a6af91f7b2;-;-;Mon Feb 15 13:45:47 2010 +0000;1266241547;-;-;Mon Feb 15 13:45:47 2010 +0000;1266241547
e8a4ddd3e0f9f4331d9b73a8064f476616c35c09;e8a4ddd3e0;-;-;Mon Feb 15 13:23:47 2010 +0000;1266240227;-;-;Mon Feb 15 13:23:47 2010 +0000;1266240227
18bd4a83375a1815dbf83aca384cf7f5c27e93f5;18bd4a8337;-;-;Mon Feb 15 13:01:46 2010 +0000;1266238906;-;-;Mon Feb 15 13:01:46 2010 +0000;1266238906
97059f4e18da89106ea02d218e3f97a649162ddc;97059f4e18;-;-;Mon Feb 15 12:10:55 2010 +0000;1266235855;-;-;Mon Feb 15 12:10:55 2010 +0000;1266235855
83231997c018946234a8508bbd26e92b22fd3a28;83231997c0;-;-;Mon Feb 15 00:50:21 2010 +0000;1266195021;-;-;Mon Feb 15 00:50:21 2010 +0000;1266195021
870507cc36ca1ec699591b33aecd6fbcd5e3c4a3;870507cc36;-;-;Mon Feb 15 00:42:39 2010 +0000;1266194559;-;-;Mon Feb 15 00:42:39 2010 +0000;1266194559
9adb01a4a6325f9c63cf6be69c1cfb4e4dcea2a0;9adb01a4a6;-;-;Mon Feb 15 00:22:06 2010 +0000;1266193326;-;-;Mon Feb 15 00:22:06 2010 +0000;1266193326
b3b4c7aaadd18017e7c56aa7821c23ed6d9059eb;b3b4c7aaad;-;-;Mon Feb 15 00:17:50 2010 +0000;1266193070;-;-;Mon Feb 15 00:17:50 2010 +0000;1266193070
cdee53812995abd232beb0e66c6efb2a9286a7ea;cdee538129;-;-;Mon Feb 15 00:04:30 2010 +0000;1266192270;-;-;Mon Feb 15 00:04:30 2010 +0000;1266192270
d9112d071bcbd6c498f1ca946e4af2598c3b0ed2;d9112d071b;-;-;Sun Feb 14 23:59:53 2010 +0000;1266191993;-;-;Sun Feb 14 23:59:53 2010 +0000;1266191993
f4631b1cb68130c81f580f9b3b60d22abcb05795;f4631b1cb6;-;-;Fri Feb 12 20:43:55 2010 +0000;1266007435;-;-;Fri Feb 12 20:43:55 2010 +0000;1266007435
d075b823729b7fbf678013d7df6aa35acaf43fff;d075b82372;-;-;Fri Feb 12 20:43:40 2010 +0000;1266007420;-;-;Fri Feb 12 20:43:40 2010 +0000;1266007420
62eb6cb473b1299454856f3f6f8b2138ad88482c;62eb6cb473;-;-;Fri Feb 12 20:42:35 2010 +0000;1266007355;-;-;Fri Feb 12 20:42:35 2010 +0000;1266007355
9c35130fdc42c4377f90a8a60fddb4970331f67e;9c35130fdc;-;-;Fri Feb 12 20:03:23 2010 +0000;1266005003;-;-;Fri Feb 12 20:03:23 2010 +0000;1266005003
b825e398ae896020dd5f00faab7cbc04871e0cd4;b825e398ae;-;-;Fri Feb 12 17:54:13 2010 +0000;1265997253;-;-;Fri Feb 12 17:54:13 2010 +0000;1265997253
6390e897b8f44780773022424b1d618b7afa6467;6390e897b8;-;-;Fri Feb 12 17:42:41 2010 +0000;1265996561;-;-;Fri Feb 12 17:42:41 2010 +0000;1265996561
117b1382333bd7e2ae26a85359b3cda89df9afef;117b138233;-;-;Fri Feb 12 01:50:52 2010 +0000;1265939452;-;-;Fri Feb 12 01:50:52 2010 +0000;1265939452
0f65a0f23995f31851c056b56ddd46e9527c22b1;0f65a0f239;-;-;Fri Feb 12 00:43:27 2010 +0000;1265935407;-;-;Fri Feb 12 00:43:27 2010 +0000;1265935407
e1a0625a15b846f21138b0875cc1ff0f966e2a91;e1a0625a15;-;-;Fri Feb 12 00:33:27 2010 +0000;1265934807;-;-;Fri Feb 12 00:33:27 2010 +0000;1265934807
315c16de5f2de43c8570de4a48681357827363a8;315c16de5f;-;-;Fri Feb 12 00:02:32 2010 +0000;1265932952;-;-;Fri Feb 12 00:02:32 2010 +0000;1265932952
5f781e6266c7979747be38521834acba4f3e4fa5;5f781e6266;-;-;Thu Feb 11 23:24:45 2010 +0000;1265930685;-;-;Thu Feb 11 23:24:45 2010 +0000;1265930685
09998b243453e3ef89d73ebc137cfdc727e9da40;09998b2434;-;-;Thu Feb 11 23:15:15 2010 +0000;1265930115;-;-;Thu Feb 11 23:15:15 2010 +0000;1265930115
daa45dd4240ea6c7f63d291455544e967d09e37c;daa45dd424;-;-;Thu Feb 11 23:10:18 2010 +0000;1265929818;-;-;Thu Feb 11 23:10:18 2010 +0000;1265929818
c927e7dc7c587fd18a5005cfa4ecb834337b4f5d;c927e7dc7c;-;-;Thu Feb 11 23:01:58 2010 +0000;1265929318;-;-;Thu Feb 11 23:01:58 2010 +0000;1265929318
f23b55dc132482300e7962c489a591005550cb33;f23b55dc13;-;-;Thu Feb 11 22:53:49 2010 +0000;1265928829;-;-;Thu Feb 11 22:53:49 2010 +0000;1265928829
16aa399040e8d60e4d15becc253ee3ab5632ab1f;16aa399040;-;-;Thu Feb 11 17:03:37 2010 +0000;1265907817;-;-;Thu Feb 11 17:03:37 2010 +0000;1265907817
3db5a299bb2f490fa23e2409150c5df07ad4f696;3db5a299bb;-;-;Thu Feb 11 12:23:57 2010 +0000;1265891037;-;-;Thu Feb 11 12:23:57 2010 +0000;1265891037
cef44f6d5356adcb924f8c60d9de66ede5daeef6;cef44f6d53;-;-;Thu Feb 11 11:36:33 2010 +0000;1265888193;-;-;Thu Feb 11 11:36:33 2010 +0000;1265888193
caaa45c9ef0a465e2d1023fa941ece33bf4255f5;caaa45c9ef;-;-;Thu Feb 11 11:35:39 2010 +0000;1265888139;-;-;Thu Feb 11 11:35:39 2010 +0000;1265888139
6389097ac1b33466a8fdd401a884d2b6e4059adc;6389097ac1;-;-;Thu Feb 11 10:38:59 2010 +0000;1265884739;-;-;Thu Feb 11 10:38:59 2010 +0000;1265884739
c9975504c6e2f5c186eb3aaf4b9c37d4e3631e21;c9975504c6;-;-;Thu Feb 11 10:38:33 2010 +0000;1265884713;-;-;Thu Feb 11 10:38:33 2010 +0000;1265884713
06cd013b314bb7ce60bde8875bcb82faa01a03e3;06cd013b31;-;-;Wed Feb 10 23:25:43 2010 +0000;1265844343;-;-;Wed Feb 10 23:25:43 2010 +0000;1265844343
99c5a70ce3a3e7c4b0c36c70bdf37013be4e67ed;99c5a70ce3;-;-;Wed Feb 10 23:02:31 2010 +0000;1265842951;-;-;Wed Feb 10 23:02:31 2010 +0000;1265842951
d87a947ef20d005244528cddb15568a08ada9a2c;d87a947ef2;-;-;Wed Feb 10 21:45:13 2010 +0000;1265838313;-;-;Wed Feb 10 21:45:13 2010 +0000;1265838313
69cb15f27fb0c19e48ba3e03d7da748a2385e942;69cb15f27f;-;-;Wed Feb 10 21:35:26 2010 +0000;1265837726;-;-;Wed Feb 10 21:35:26 2010 +0000;1265837726
ef024db3188cfbc066f3262260588db9de5279b5;ef024db318;-;-;Wed Feb 10 21:29:13 2010 +0000;1265837353;-;-;Wed Feb 10 21:29:13 2010 +0000;1265837353
bef30a838cb3c02134b8e8ef4e2f969f49dbb99c;bef30a838c;-;-;Wed Feb 10 21:26:42 2010 +0000;1265837202;-;-;Wed Feb 10 21:26:42 2010 +0000;1265837202
bfd61d6303a4254e5c3b869b468545f29dfefe42;bfd61d6303;-;-;Wed Feb 10 20:16:38 2010 +0000;1265832998;-;-;Wed Feb 10 20:16:38 2010 +0000;1265832998
61958b6b3b19235b03d985673072d357e993b3f9;61958b6b3b;-;-;Wed Feb 10 15:38:54 2010 +0000;1265816334;-;-;Wed Feb 10 15:38:54 2010 +0000;1265816334
03e9e4568f919240c56ecb3faf95b00c5bfc2215;03e9e4568f;-;-;Wed Feb 10 13:49:51 2010 +0000;1265809791;-;-;Wed Feb 10 13:49:51 2010 +0000;1265809791
63f574e7419fb58ccb73cb7bedb94c05cd28e954;63f574e741;-;-;Wed Feb 10 11:38:33 2010 +0000;1265801913;-;-;Wed Feb 10 11:38:33 2010 +0000;1265801913
b670b194294db12cde62430af2b352c1b5b44a19;b670b19429;-;-;Tue Feb 9 15:54:48 2010 +0000;1265730888;-;-;Tue Feb 9 15:54:48 2010 +0000;1265730888
aafe8ef9be12528eba45603ecdc04e41f8f8ef31;aafe8ef9be;-;-;Tue Feb 9 15:39:54 2010 +0000;1265729994;-;-;Tue Feb 9 15:39:54 2010 +0000;1265729994
f0bb45ae2869920cfa29a46ea7704b1a6c69ab37;f0bb45ae28;-;-;Tue Feb 9 14:57:17 2010 +0000;1265727437;-;-;Tue Feb 9 14:57:17 2010 +0000;1265727437
3322368106f3e3bca23b5f52e690d80ed052bb40;3322368106;-;-;Tue Feb 9 12:32:32 2010 +0000;1265718752;-;-;Tue Feb 9 12:32:32 2010 +0000;1265718752
7aec01bbac39a9f010160f83aadef9656fb97985;7aec01bbac;-;-;Tue Feb 9 12:23:12 2010 +0000;1265718192;-;-;Tue Feb 9 12:23:12 2010 +0000;1265718192
a9386f5c79e1687adfe6d3d2c5971718c6b0c5cf;a9386f5c79;-;-;Tue Feb 9 11:17:07 2010 +0000;1265714227;-;-;Tue Feb 9 11:17:07 2010 +0000;1265714227
c5c38c6664d65a76d4a1c3880c73383b06f5a89b;c5c38c6664;-;-;Mon Feb 8 18:32:38 2010 +0000;1265653958;-;-;Mon Feb 8 18:32:38 2010 +0000;1265653958
6c0d934b92c86cd2b20a85621cee688991dfbbcd;6c0d934b92;-;-;Mon Feb 8 12:29:21 2010 +0000;1265632161;-;-;Mon Feb 8 12:29:21 2010 +0000;1265632161
81649d5c3b678a134cb2f9c5266e4a94a63cc119;81649d5c3b;-;-;Sun Feb 7 15:57:57 2010 +0000;1265558277;-;-;Sun Feb 7 15:57:57 2010 +0000;1265558277
b25dc7cc55ae13ba66daf94007aac9b7ef34dade;b25dc7cc55;-;-;Sat Feb 6 16:15:12 2010 +0000;1265472912;-;-;Sat Feb 6 16:15:12 2010 +0000;1265472912
3833444778e6cd091eb49445fc5a277bd1653d54;3833444778;-;-;Thu Feb 4 20:32:36 2010 +0000;1265315556;-;-;Thu Feb 4 20:32:36 2010 +0000;1265315556
d7b79dc9a96c4a2a99351de8d83ba723ab77403c;d7b79dc9a9;-;-;Thu Feb 4 18:40:39 2010 +0000;1265308839;-;-;Thu Feb 4 18:40:39 2010 +0000;1265308839
4778c4b750e888c72dcaba6c6bddd4a33e8dbec2;4778c4b750;-;-;Thu Feb 4 18:36:21 2010 +0000;1265308581;-;-;Thu Feb 4 18:36:21 2010 +0000;1265308581
05901845572ab412a928155fe1e2ac62df68ba6d;0590184557;-;-;Thu Feb 4 17:10:31 2010 +0000;1265303431;-;-;Thu Feb 4 17:10:31 2010 +0000;1265303431
5279a076731cd2b3428a4b3b3a999c13ac1296dd;5279a07673;-;-;Thu Feb 4 16:53:44 2010 +0000;1265302424;-;-;Thu Feb 4 16:53:44 2010 +0000;1265302424
59360f4f65e6a85e69c51290e1506ca7da20502c;59360f4f65;-;-;Thu Feb 4 16:47:57 2010 +0000;1265302077;-;-;Thu Feb 4 16:47:57 2010 +0000;1265302077
5f166f6799b248fb51f2cf77b522ccd0dcba36db;5f166f6799;-;-;Thu Feb 4 15:52:15 2010 +0000;1265298735;-;-;Thu Feb 4 15:52:15 2010 +0000;1265298735
56e119e822c88efd43fcc9b203f4bd7414803b02;56e119e822;-;-;Thu Feb 4 15:39:58 2010 +0000;1265297998;-;-;Thu Feb 4 15:39:58 2010 +0000;1265297998
7832381dd2a907369533be82ef3000d02cf73f48;7832381dd2;-;-;Thu Feb 4 14:19:11 2010 +0000;1265293151;-;-;Thu Feb 4 14:19:11 2010 +0000;1265293151
0f7f749ada1b07e817640c54a55f204348c37a49;0f7f749ada;-;-;Thu Feb 4 13:45:14 2010 +0000;1265291114;-;-;Thu Feb 4 13:45:14 2010 +0000;1265291114
82178b8d93c2eefcb912220c6367c0ed07e689a1;82178b8d93;-;-;Thu Feb 4 12:30:39 2010 +0000;1265286639;-;-;Thu Feb 4 12:30:39 2010 +0000;1265286639
0fd4a45070328c257039973db2153ca3572c8d34;0fd4a45070;-;-;Thu Feb 4 11:46:21 2010 +0000;1265283981;-;-;Thu Feb 4 11:46:21 2010 +0000;1265283981
ac93b81a78e57a27c7ef2410117690a01b816ffa;ac93b81a78;-;-;Thu Feb 4 11:33:58 2010 +0000;1265283238;-;-;Thu Feb 4 11:33:58 2010 +0000;1265283238
2047b9b6b3faa030291370dd85a4f405511f8672;2047b9b6b3;-;-;Thu Feb 4 11:08:09 2010 +0000;1265281689;-;-;Thu Feb 4 11:08:09 2010 +0000;1265281689
4f0876de39b39b79ef79c609f81c1c2dda4ac527;4f0876de39;-;-;Thu Feb 4 10:13:04 2010 +0000;1265278384;-;-;Thu Feb 4 10:13:04 2010 +0000;1265278384
fab29dfee743758aafa24912f9865ae235a0bc96;fab29dfee7;-;-;Thu Feb 4 10:05:54 2010 +0000;1265277954;-;-;Thu Feb 4 10:05:54 2010 +0000;1265277954
0224cbc3de497bfde0ae705429f6feb4234fca6e;0224cbc3de;-;-;Thu Feb 4 10:04:48 2010 +0000;1265277888;-;-;Thu Feb 4 10:04:48 2010 +0000;1265277888
44626054ce681a7295e055e2ca0a06e0bdb3451e;44626054ce;-;-;Thu Feb 4 09:47:52 2010 +0000;1265276872;-;-;Thu Feb 4 09:47:52 2010 +0000;1265276872
4d09809f1707765375f7c05726a426decf815f2f;4d09809f17;-;-;Wed Feb 3 23:52:56 2010 +0000;1265241176;-;-;Wed Feb 3 23:52:56 2010 +0000;1265241176
ce6f14bd8b8294df4928cc9a0b356daa26759000;ce6f14bd8b;-;-;Wed Feb 3 23:09:42 2010 +0000;1265238582;-;-;Wed Feb 3 23:09:42 2010 +0000;1265238582
d96a6914a8e82b726f8a35badf26a7713e83a17b;d96a6914a8;-;-;Wed Feb 3 22:54:59 2010 +0000;1265237699;-;-;Wed Feb 3 22:54:59 2010 +0000;1265237699
4d897e7ab5ca713afd386664acde33ed1996b6f0;4d897e7ab5;-;-;Wed Feb 3 21:56:17 2010 +0000;1265234177;-;-;Wed Feb 3 21:56:17 2010 +0000;1265234177
41ecbc6814fa930a6ea68f336b5a12bc662578bb;41ecbc6814;-;-;Wed Feb 3 19:41:14 2010 +0000;1265226074;-;-;Wed Feb 3 19:41:14 2010 +0000;1265226074
6e21c172538b562e494cb44f0f03ba42003cea8f;6e21c17253;-;-;Wed Feb 3 14:02:44 2010 +0000;1265205764;-;-;Wed Feb 3 14:02:44 2010 +0000;1265205764
0135a9451a751203fa1fc7b683bcbf49daac5863;0135a9451a;-;-;Wed Feb 3 13:52:39 2010 +0000;1265205159;-;-;Wed Feb 3 13:52:39 2010 +0000;1265205159
0c6b99e489689521e7661fb6ee53acdca444e827;0c6b99e489;-;-;Wed Feb 3 11:38:31 2010 +0000;1265197111;-;-;Wed Feb 3 11:38:31 2010 +0000;1265197111
a44ec9f4f70704f0dfb06410dbd2cd9506eaf772;a44ec9f4f7;-;-;Wed Feb 3 00:29:49 2010 +0000;1265156989;-;-;Wed Feb 3 00:29:49 2010 +0000;1265156989
5ca1f11ce2dbc70d4e3e6306c2f5a26666a1504a;5ca1f11ce2;-;-;Tue Feb 2 21:38:33 2010 +0000;1265146713;-;-;Tue Feb 2 21:38:33 2010 +0000;1265146713
66f708392e463a564ecf99caf057add20f6ff395;66f708392e;-;-;Tue Feb 2 19:38:44 2010 +0000;1265139524;-;-;Tue Feb 2 19:38:44 2010 +0000;1265139524
4343714c6d834121210bc10ec01ab5de4ff57252;4343714c6d;-;-;Tue Feb 2 13:14:19 2010 +0000;1265116459;-;-;Tue Feb 2 13:14:19 2010 +0000;1265116459
644f3065b6af1d0847044dd7f99e63fe8e730f76;644f3065b6;-;-;Mon Feb 1 20:13:08 2010 +0000;1265055188;-;-;Mon Feb 1 20:13:08 2010 +0000;1265055188
45f79530db7d6345fc12c6aa37af1e84a66611a2;45f79530db;-;-;Mon Feb 1 19:59:05 2010 +0000;1265054345;-;-;Mon Feb 1 19:59:05 2010 +0000;1265054345
4c35697c79a944c2083a067fd9ec5082a54dafcf;4c35697c79;-;-;Mon Feb 1 19:53:34 2010 +0000;1265054014;-;-;Mon Feb 1 19:53:34 2010 +0000;1265054014
e3cdabfaac6e1b2fca9b3da1715ebe3142492196;e3cdabfaac;-;-;Mon Feb 1 17:56:03 2010 +0000;1265046963;-;-;Mon Feb 1 17:56:03 2010 +0000;1265046963
abdc35c893568642ffcdddd767dd5a495cd24bbb;abdc35c893;-;-;Mon Feb 1 16:51:46 2010 +0000;1265043106;-;-;Mon Feb 1 16:51:46 2010 +0000;1265043106
56d2c9daf513e130fe92d78bb93d68054c1fa639;56d2c9daf5;-;-;Mon Feb 1 16:30:21 2010 +0000;1265041821;-;-;Mon Feb 1 16:30:21 2010 +0000;1265041821
208c2d9c8b62b296b61094e89e238195d3d14570;208c2d9c8b;-;-;Mon Feb 1 15:25:29 2010 +0000;1265037929;-;-;Mon Feb 1 15:25:29 2010 +0000;1265037929
1dbb64580c32709af472c9115a9f12cf98eb3661;1dbb64580c;-;-;Mon Feb 1 14:52:43 2010 +0000;1265035963;-;-;Mon Feb 1 14:52:43 2010 +0000;1265035963
5f5e7c326222853634fa02a70d67dbaeac627b9c;5f5e7c3262;-;-;Mon Feb 1 14:51:54 2010 +0000;1265035914;-;-;Mon Feb 1 14:51:54 2010 +0000;1265035914
db71811c5a2427af512022ea60bf3240c020fa15;db71811c5a;-;-;Mon Feb 1 14:48:18 2010 +0000;1265035698;-;-;Mon Feb 1 14:48:18 2010 +0000;1265035698
df54c8613d1fb8750ebbbfff4284555e44226ba0;df54c8613d;-;-;Mon Feb 1 14:45:11 2010 +0000;1265035511;-;-;Mon Feb 1 14:45:11 2010 +0000;1265035511
2d525901ff6b11d6d26dc072f640b6a4d698cee8;2d525901ff;-;-;Mon Feb 1 14:43:35 2010 +0000;1265035415;-;-;Mon Feb 1 14:43:35 2010 +0000;1265035415
dcf0244566d687cca6037f8121a18b787765cba1;dcf0244566;-;-;Mon Feb 1 14:36:38 2010 +0000;1265034998;-;-;Mon Feb 1 14:36:38 2010 +0000;1265034998
83c018a0b4ac77dfd64f15dc76a0c9366cf25ecf;83c018a0b4;-;-;Sun Jan 31 16:10:11 2010 +0000;1264954211;-;-;Sun Jan 31 16:10:11 2010 +0000;1264954211
b53ccb3807b711df2e6ed7be2389c7f33f1957d2;b53ccb3807;-;-;Sun Jan 31 16:01:14 2010 +0000;1264953674;-;-;Sun Jan 31 16:01:14 2010 +0000;1264953674
8ab9da446129218607d4e3a6f4fd466a407c2896;8ab9da4461;-;-;Sun Jan 31 15:58:27 2010 +0000;1264953507;-;-;Sun Jan 31 15:58:27 2010 +0000;1264953507
a897e3f01f56c9379b76c36855802eab914d2226;a897e3f01f;-;-;Sun Jan 31 15:52:13 2010 +0000;1264953133;-;-;Sun Jan 31 15:52:13 2010 +0000;1264953133
59b8a139d72463fbf324e851a9e6daf918fe1b22;59b8a139d7;-;-;Sun Jan 31 14:59:27 2010 +0000;1264949967;-;-;Sun Jan 31 14:59:27 2010 +0000;1264949967
9c44f9252d9fe3fe99265f5e0db788e293550d42;9c44f9252d;-;-;Sun Jan 31 14:17:44 2010 +0000;1264947464;-;-;Sun Jan 31 14:17:44 2010 +0000;1264947464
6070a498fe65d849371664947f638033355a1b97;6070a498fe;-;-;Sun Jan 31 14:12:48 2010 +0000;1264947168;-;-;Sun Jan 31 14:12:48 2010 +0000;1264947168
6b2b5c4c233bba63fa5da2b11146ffaf66f9de80;6b2b5c4c23;-;-;Sun Jan 31 14:05:28 2010 +0000;1264946728;-;-;Sun Jan 31 14:05:28 2010 +0000;1264946728
2d6ea2f4feab6a76148b28cbbd8e5f3bef64ec7b;2d6ea2f4fe;-;-;Sun Jan 31 12:59:59 2010 +0000;1264942799;-;-;Sun Jan 31 12:59:59 2010 +0000;1264942799
fbd797e50b2f1c5b0dfef944ee218d826f1a0694;fbd797e50b;-;-;Fri Jan 29 23:31:53 2010 +0000;1264807913;-;-;Fri Jan 29 23:31:53 2010 +0000;1264807913
110b032ad9dddcb643a36b28dba94e4ed548b556;110b032ad9;-;-;Fri Jan 29 20:55:03 2010 +0000;1264798503;-;-;Fri Jan 29 20:55:03 2010 +0000;1264798503
5fdee478417057a14a0d72c7d4a7f2cb889df02e;5fdee47841;-;-;Fri Jan 29 19:48:25 2010 +0000;1264794505;-;-;Fri Jan 29 19:48:25 2010 +0000;1264794505
ee2b1cde82ff9539c7059796033b4f889cc78719;ee2b1cde82;-;-;Fri Jan 29 14:27:49 2010 +0000;1264775269;-;-;Fri Jan 29 14:27:49 2010 +0000;1264775269
39f81760f8c5634e4b7e0660e68583b354762ceb;39f81760f8;-;-;Thu Jan 28 16:03:07 2010 +0000;1264694587;-;-;Thu Jan 28 16:03:07 2010 +0000;1264694587
b32c4cfb8a8e4f7c06af9567d096b1f174168408;b32c4cfb8a;-;-;Thu Jan 28 15:51:20 2010 +0000;1264693880;-;-;Thu Jan 28 15:51:20 2010 +0000;1264693880
f2fdf9fa6b3ea96790051518032fee802296130a;f2fdf9fa6b;-;-;Thu Jan 28 09:23:34 2010 +0000;1264670614;-;-;Thu Jan 28 09:23:34 2010 +0000;1264670614
1cda8cb6fa82d4f965d653d811a42dd245cb2fa7;1cda8cb6fa;-;-;Thu Jan 28 03:42:42 2010 +0000;1264650162;-;-;Thu Jan 28 03:42:42 2010 +0000;1264650162
d13f0c8052d2a34178a32fa8a8d04ae57ce02d83;d13f0c8052;-;-;Wed Jan 27 13:48:57 2010 +0000;1264600137;-;-;Wed Jan 27 13:48:57 2010 +0000;1264600137
0a4a09a09d286f0815dcb68808343b410cc09e18;0a4a09a09d;-;-;Wed Jan 27 13:02:02 2010 +0000;1264597322;-;-;Wed Jan 27 13:02:02 2010 +0000;1264597322
1bbe93e535679b608c06f526e70896e47a19627f;1bbe93e535;-;-;Wed Jan 27 12:25:04 2010 +0000;1264595104;-;-;Wed Jan 27 12:25:04 2010 +0000;1264595104
b1e2a2ec3c12e896824dfeb71f0e44b4a85c736f;b1e2a2ec3c;-;-;Wed Jan 27 10:52:08 2010 +0000;1264589528;-;-;Wed Jan 27 10:52:08 2010 +0000;1264589528
71d7b22d5e3b7379be61f28b251c60200512f121;71d7b22d5e;-;-;Tue Jan 26 17:02:21 2010 +0000;1264525341;-;-;Tue Jan 26 17:02:21 2010 +0000;1264525341
1152d51c6f0ec31146d3f31d181c7295d7dfef28;1152d51c6f;-;-;Tue Jan 26 14:31:44 2010 +0000;1264516304;-;-;Tue Jan 26 14:31:44 2010 +0000;1264516304
ead5df45460972c8a8ad2ee6a429bc440c61ebfa;ead5df4546;-;-;Tue Jan 26 10:47:36 2010 +0000;1264502856;-;-;Tue Jan 26 10:47:36 2010 +0000;1264502856
2f840b10975ae6d6380a10ef3b9f63fb78414c9c;2f840b1097;-;-;Tue Jan 26 10:07:40 2010 +0000;1264500460;-;-;Tue Jan 26 10:07:40 2010 +0000;1264500460
0968e9fbd063c3200586e2454322f2ede6cc7ee8;0968e9fbd0;-;-;Mon Jan 25 20:04:01 2010 +0000;1264449841;-;-;Mon Jan 25 20:04:01 2010 +0000;1264449841
bc37c509726ab8ee5cfb4a33cd280bc3d25072d4;bc37c50972;-;-;Mon Jan 25 17:03:05 2010 +0000;1264438985;-;-;Mon Jan 25 17:03:05 2010 +0000;1264438985
0c2a71078724c19635d3caa92d2d46f0523e6bc5;0c2a710787;-;-;Sat Jan 23 17:27:51 2010 +0000;1264267671;-;-;Sat Jan 23 17:27:51 2010 +0000;1264267671
f6141504213d36126c55b94473ce37b39ef70592;f614150421;-;-;Sat Jan 23 12:01:54 2010 +0000;1264248114;-;-;Sat Jan 23 12:01:54 2010 +0000;1264248114
2afb58e74efe701a2dc503c21fee7f92caa45039;2afb58e74e;-;-;Sat Jan 23 09:28:22 2010 +0000;1264238902;-;-;Sat Jan 23 09:28:22 2010 +0000;1264238902
693a83ba888c676035e534f729eb560f70c92c14;693a83ba88;-;-;Sat Jan 23 00:15:00 2010 +0000;1264205700;-;-;Sat Jan 23 00:15:00 2010 +0000;1264205700
1305d6ac11e62097797df2695ff1fc2b5c0bf6ee;1305d6ac11;-;-;Sat Jan 23 00:03:05 2010 +0000;1264204985;-;-;Sat Jan 23 00:03:05 2010 +0000;1264204985
265b82013d0ee24424939bcfd443faafd218dfcd;265b82013d;-;-;Fri Jan 22 20:16:25 2010 +0000;1264191385;-;-;Fri Jan 22 20:16:25 2010 +0000;1264191385
8c791b529b5043a5d74a35473fd2e8a363e100bc;8c791b529b;-;-;Fri Jan 22 19:23:11 2010 +0000;1264188191;-;-;Fri Jan 22 19:23:11 2010 +0000;1264188191
0f75210408abdbee5c7931fd576567e266711725;0f75210408;-;-;Fri Jan 22 19:10:19 2010 +0000;1264187419;-;-;Fri Jan 22 19:10:19 2010 +0000;1264187419
dd93a40e7af07060c72c6c065e31b48cb01f828a;dd93a40e7a;-;-;Fri Jan 22 16:03:17 2010 +0000;1264176197;-;-;Fri Jan 22 16:03:17 2010 +0000;1264176197
6fcca3cd939af78b83bc80cd295996df2d198b81;6fcca3cd93;-;-;Fri Jan 22 10:03:13 2010 +0000;1264154593;-;-;Fri Jan 22 10:03:13 2010 +0000;1264154593
3339356a552a446d9115c70f4f84290b32643f78;3339356a55;-;-;Fri Jan 22 10:02:12 2010 +0000;1264154532;-;-;Fri Jan 22 10:02:12 2010 +0000;1264154532
b7f143ae581289b541d81be1661b015de2a0b408;b7f143ae58;-;-;Thu Jan 21 16:49:05 2010 +0000;1264092545;-;-;Thu Jan 21 16:49:05 2010 +0000;1264092545
bcfef8a4e17121110535916d914589d010da03b2;bcfef8a4e1;-;-;Thu Jan 21 12:04:26 2010 +0000;1264075466;-;-;Thu Jan 21 12:04:26 2010 +0000;1264075466
975dcd7bbf950db1ab76a50a03d538997ed4c6cb;975dcd7bbf;-;-;Wed Jan 20 22:19:13 2010 +0000;1264025953;-;-;Wed Jan 20 22:19:13 2010 +0000;1264025953
0a6f2348b8b0549c6a9ba64499d70be7964450ff;0a6f2348b8;-;-;Wed Jan 20 22:09:13 2010 +0000;1264025353;-;-;Wed Jan 20 22:09:13 2010 +0000;1264025353
1b6f3f1f226d381f460aec4680e87bebb7521547;1b6f3f1f22;-;-;Wed Jan 20 15:39:17 2010 +0000;1264001957;-;-;Wed Jan 20 15:39:17 2010 +0000;1264001957
081d81e5b09ba3d1497aa38223ec0acf64f2194c;081d81e5b0;-;-;Wed Jan 20 15:31:20 2010 +0000;1264001480;-;-;Wed Jan 20 15:31:20 2010 +0000;1264001480
5abd3b99b995383794884f4bbe186737fd9438d3;5abd3b99b9;-;-;Wed Jan 20 15:10:22 2010 +0000;1264000222;-;-;Wed Jan 20 15:10:22 2010 +0000;1264000222
a70bb40b3df1a45fcc2438694918e8097a594b59;a70bb40b3d;-;-;Wed Jan 20 11:13:50 2010 +0000;1263986030;-;-;Wed Jan 20 11:13:50 2010 +0000;1263986030
8bf2e2459e16b94c1161d9f5673ecd518f4724f3;8bf2e2459e;-;-;Wed Jan 20 09:32:03 2010 +0000;1263979923;-;-;Wed Jan 20 09:32:03 2010 +0000;1263979923
45448463b87629bdd85cb375d3faa391bfaf147f;45448463b8;-;-;Wed Jan 20 09:29:50 2010 +0000;1263979790;-;-;Wed Jan 20 09:29:50 2010 +0000;1263979790
1896efd048bd656228cf8a0508a3fe2f7fc95377;1896efd048;-;-;Wed Jan 20 09:24:31 2010 +0000;1263979471;-;-;Wed Jan 20 09:24:31 2010 +0000;1263979471
6ffb75017113e69281e89e74052d9a33cb4499a0;6ffb750171;-;-;Wed Jan 20 09:20:30 2010 +0000;1263979230;-;-;Wed Jan 20 09:20:30 2010 +0000;1263979230
d9ed1e953e46d8398686e8a8833049ed8c735c37;d9ed1e953e;-;-;Tue Jan 19 14:40:50 2010 +0000;1263912050;-;-;Tue Jan 19 14:40:50 2010 +0000;1263912050
9e642e75b2eb17fcc27d5870eaaebde81495841b;9e642e75b2;-;-;Tue Jan 19 14:20:54 2010 +0000;1263910854;-;-;Tue Jan 19 14:20:54 2010 +0000;1263910854
a6769d60c08f0dbc3379d287371a54f61826abae;a6769d60c0;-;-;Mon Jan 18 19:26:52 2010 +0000;1263842812;-;-;Mon Jan 18 19:26:52 2010 +0000;1263842812
7a792f6c232cf3b6b06f714fb0be5eb3dc189e73;7a792f6c23;-;-;Mon Jan 18 19:17:52 2010 +0000;1263842272;-;-;Mon Jan 18 19:17:52 2010 +0000;1263842272
95c695eb2f205c13b870e06091e764a1153d1d62;95c695eb2f;-;-;Mon Jan 18 18:51:28 2010 +0000;1263840688;-;-;Mon Jan 18 18:51:28 2010 +0000;1263840688
7097a9e965005372169a2038b265a23b3bcd80dc;7097a9e965;-;-;Mon Jan 18 18:27:30 2010 +0000;1263839250;-;-;Mon Jan 18 18:27:30 2010 +0000;1263839250
c31f245dc9931a41102ebdb3debec68a2d893bad;c31f245dc9;-;-;Mon Jan 18 15:52:52 2010 +0000;1263829972;-;-;Mon Jan 18 15:52:52 2010 +0000;1263829972
88ff3c9a23c71a545ee80b3edfa86c495060b04f;88ff3c9a23;-;-;Mon Jan 18 15:51:00 2010 +0000;1263829860;-;-;Mon Jan 18 15:51:00 2010 +0000;1263829860
f82563fb6f70688ae1ec6ad7476c7fc7b7dab997;f82563fb6f;-;-;Mon Jan 18 15:45:10 2010 +0000;1263829510;-;-;Mon Jan 18 15:45:10 2010 +0000;1263829510
4c05eaeb1622a66bac98a06faf971fcc3b871cb4;4c05eaeb16;-;-;Mon Jan 18 08:54:45 2010 +0000;1263804885;-;-;Mon Jan 18 08:54:45 2010 +0000;1263804885
1cd0a9750da46d35a6ff8eadccb4d3be22afeb9e;1cd0a9750d;-;-;Fri Jan 15 16:37:58 2010 +0000;1263573478;-;-;Fri Jan 15 16:37:58 2010 +0000;1263573478
0cb9271b9528cf863f43fc67977ec60f1cda2067;0cb9271b95;-;-;Fri Jan 15 11:17:27 2010 +0000;1263554247;-;-;Fri Jan 15 11:17:27 2010 +0000;1263554247
8d5fc2bf919d809a12d5572406235ac769bfe57e;8d5fc2bf91;-;-;Fri Jan 15 10:23:59 2010 +0000;1263551039;-;-;Fri Jan 15 10:23:59 2010 +0000;1263551039
f7952fccc8257319bca85907d4cc54aabcfa4e39;f7952fccc8;-;-;Thu Jan 14 17:01:40 2010 +0000;1263488500;-;-;Thu Jan 14 17:01:40 2010 +0000;1263488500
23b0f82173790e266ae3e2c6eeb8e2b89ec3a49a;23b0f82173;-;-;Thu Jan 14 16:55:33 2010 +0000;1263488133;-;-;Thu Jan 14 16:55:33 2010 +0000;1263488133
0cc0a9bc2b07e95ccf73adebc36caa65d8b3e90d;0cc0a9bc2b;-;-;Thu Jan 14 11:17:15 2010 +0000;1263467835;-;-;Thu Jan 14 11:17:15 2010 +0000;1263467835
998aa149810da4bd0fdf5ab7b9029970ca175684;998aa14981;-;-;Wed Jan 13 18:24:16 2010 +0000;1263407056;-;-;Wed Jan 13 18:24:16 2010 +0000;1263407056
b077d5ba975debea0f75b76441c562b0b54e4294;b077d5ba97;-;-;Wed Jan 13 11:07:08 2010 +0000;1263380828;-;-;Wed Jan 13 11:07:08 2010 +0000;1263380828
e4d8651aa94cf8611b4096ae37bfa7b5953d0e84;e4d8651aa9;-;-;Wed Jan 13 11:00:41 2010 +0000;1263380441;-;-;Wed Jan 13 11:00:41 2010 +0000;1263380441
e195c39d3c95c27aaeaff61c20f97648a0b363d1;e195c39d3c;-;-;Tue Jan 12 19:50:18 2010 +0000;1263325818;-;-;Tue Jan 12 19:50:18 2010 +0000;1263325818
7cbd9e1d93b712f5ac098f06b7407dfc90e0d1d8;7cbd9e1d93;-;-;Tue Jan 12 15:31:30 2010 +0000;1263310290;-;-;Tue Jan 12 15:31:30 2010 +0000;1263310290
1ff99f25694167d3a9d800d80acb04aba7a3709c;1ff99f2569;-;-;Tue Jan 12 15:10:07 2010 +0000;1263309007;-;-;Tue Jan 12 15:10:07 2010 +0000;1263309007
2e032889ef77e2aafce32e9236440cafa5717aec;2e032889ef;-;-;Tue Jan 12 13:26:22 2010 +0000;1263302782;-;-;Tue Jan 12 13:26:22 2010 +0000;1263302782
fd3a39dc9875e21ecee6d015cbd26855967f441d;fd3a39dc98;-;-;Tue Jan 12 13:19:50 2010 +0000;1263302390;-;-;Tue Jan 12 13:19:50 2010 +0000;1263302390
38cf127c8b1d37f1c7299cb59eccfdb3628230e9;38cf127c8b;-;-;Tue Jan 12 12:49:16 2010 +0000;1263300556;-;-;Tue Jan 12 12:49:16 2010 +0000;1263300556
0ba83755467dabdc6c133d663ece66815407913d;0ba8375546;-;-;Tue Jan 12 12:39:56 2010 +0000;1263299996;-;-;Tue Jan 12 12:39:56 2010 +0000;1263299996
5c41e2c6e1f06b4b0d55527a683054a93d334c6e;5c41e2c6e1;-;-;Tue Jan 12 10:15:04 2010 +0000;1263291304;-;-;Tue Jan 12 10:15:04 2010 +0000;1263291304
410dd0aa9fa5a0970aa60849cfcac94dc540ddb4;410dd0aa9f;-;-;Mon Jan 11 20:20:33 2010 +0000;1263241233;-;-;Mon Jan 11 20:20:33 2010 +0000;1263241233
1284086ffad7eccc43b883c865d72e58de83c905;1284086ffa;-;-;Mon Jan 11 18:36:48 2010 +0000;1263235008;-;-;Mon Jan 11 18:36:48 2010 +0000;1263235008
543515e36cf2cdc1cae518c6de96d5e1d9a61d46;543515e36c;-;-;Mon Jan 11 16:05:12 2010 +0000;1263225912;-;-;Mon Jan 11 16:05:12 2010 +0000;1263225912
bb3c8e5c8774512ee72ab93e656c9b1b0d1c3c78;bb3c8e5c87;-;-;Mon Jan 11 11:27:43 2010 +0000;1263209263;-;-;Mon Jan 11 11:27:43 2010 +0000;1263209263
a70f525d4e94674a28d36888aa8cb5ac400630eb;a70f525d4e;-;-;Sat Jan 9 18:39:03 2010 +0000;1263062343;-;-;Sat Jan 9 18:39:03 2010 +0000;1263062343
4ca54fb4158da6337060cac9faba6911f192aa1e;4ca54fb415;-;-;Fri Jan 8 16:00:07 2010 +0000;1262966407;-;-;Fri Jan 8 16:00:07 2010 +0000;1262966407
2ef40d24220b2e275b990c6523525508aaf2cfb2;2ef40d2422;-;-;Fri Jan 8 15:47:20 2010 +0000;1262965640;-;-;Fri Jan 8 15:47:20 2010 +0000;1262965640
b9a3d3f392e796ab81bc5be92d9960e7b49fd5a2;b9a3d3f392;-;-;Thu Jan 7 23:29:13 2010 +0000;1262906953;-;-;Thu Jan 7 23:29:13 2010 +0000;1262906953
38f5c7a1d5002d0560665989fe777c2523cf4ca4;38f5c7a1d5;-;-;Thu Jan 7 23:28:25 2010 +0000;1262906905;-;-;Thu Jan 7 23:28:25 2010 +0000;1262906905
b56328aa9e0565bf2053a9cd6a8acdfd0e4255e4;b56328aa9e;-;-;Thu Jan 7 13:32:42 2010 +0000;1262871162;-;-;Thu Jan 7 13:32:42 2010 +0000;1262871162
4a90266f8e62c1072011b8beb595d17f0d704aee;4a90266f8e;-;-;Thu Jan 7 13:27:40 2010 +0000;1262870860;-;-;Thu Jan 7 13:27:40 2010 +0000;1262870860
8af7f279428e6b07d7251e67b5c68e92e4500481;8af7f27942;-;-;Thu Jan 7 12:58:18 2010 +0000;1262869098;-;-;Thu Jan 7 12:58:18 2010 +0000;1262869098
8bda9cd2bf2ddd2e23230a4631412f5e03f6a2d2;8bda9cd2bf;-;-;Thu Jan 7 11:59:31 2010 +0000;1262865571;-;-;Thu Jan 7 11:59:31 2010 +0000;1262865571
a939c4ea4e9da907a461980c49988ab5db6e04bb;a939c4ea4e;-;-;Wed Jan 6 22:24:30 2010 +0000;1262816670;-;-;Wed Jan 6 22:24:30 2010 +0000;1262816670
c270d347cf5d5357aa227fe2828cc49ff3e556dd;c270d347cf;-;-;Wed Jan 6 22:23:55 2010 +0000;1262816635;-;-;Wed Jan 6 22:23:55 2010 +0000;1262816635
2ba1dd47b099970be707f81e4e515a9d122304e7;2ba1dd47b0;-;-;Wed Jan 6 22:15:58 2010 +0000;1262816158;-;-;Wed Jan 6 22:15:58 2010 +0000;1262816158
431fd5bb222c321957ae8853ff8e47891fafe093;431fd5bb22;-;-;Wed Jan 6 19:48:48 2010 +0000;1262807328;-;-;Wed Jan 6 19:48:48 2010 +0000;1262807328
819f4be08eb58378554ff6a50ff26aa091e4b64a;819f4be08e;-;-;Wed Jan 6 19:35:15 2010 +0000;1262806515;-;-;Wed Jan 6 19:35:15 2010 +0000;1262806515
4ab4fa704245f33bae20157e24ead42e67b84d6a;4ab4fa7042;-;-;Tue Jan 5 22:27:47 2010 +0000;1262730467;-;-;Tue Jan 5 22:27:47 2010 +0000;1262730467
265084cb6cf81bac948bae28ff0cd91fa6f537c9;265084cb6c;-;-;Tue Jan 5 14:46:15 2010 +0000;1262702775;-;-;Tue Jan 5 14:46:15 2010 +0000;1262702775
a7a03356f4f9ecf594ebfdb890836128fdfab07d;a7a03356f4;-;-;Tue Jan 5 14:03:27 2010 +0000;1262700207;-;-;Tue Jan 5 14:03:27 2010 +0000;1262700207
4931e8b229f5357b360accf46198123e30568aa9;4931e8b229;-;-;Tue Jan 5 14:01:30 2010 +0000;1262700090;-;-;Tue Jan 5 14:01:30 2010 +0000;1262700090
b5941924255265a2d500d583bfb5b091c7897983;b594192425;-;-;Tue Jan 5 13:27:53 2010 +0000;1262698073;-;-;Tue Jan 5 13:27:53 2010 +0000;1262698073
e5d4ffc166cf1bf2f1b9ce97d09761b02878d119;e5d4ffc166;-;-;Tue Jan 5 13:09:03 2010 +0000;1262696943;-;-;Tue Jan 5 13:09:03 2010 +0000;1262696943
f7b0a2c0a218a1278ae1c71d340a99e60d69128e;f7b0a2c0a2;-;-;Tue Jan 5 12:58:41 2010 +0000;1262696321;-;-;Tue Jan 5 12:58:41 2010 +0000;1262696321
9ca6003533558b27f47af3c1d06f95a3978c5bf4;9ca6003533;-;-;Tue Jan 5 12:52:28 2010 +0000;1262695948;-;-;Tue Jan 5 12:52:28 2010 +0000;1262695948
e328083d118670e9853d73ee04ffd139488543e8;e328083d11;-;-;Tue Jan 5 12:50:22 2010 +0000;1262695822;-;-;Tue Jan 5 12:50:22 2010 +0000;1262695822
d1b3f57320d5567ff8f6420c9bcf07521ea5e2b9;d1b3f57320;-;-;Wed Dec 30 19:42:12 2009 +0000;1262202132;-;-;Wed Dec 30 19:42:12 2009 +0000;1262202132
75d0f9b95cbaa7d4ea025f314ab55e3074611a2c;75d0f9b95c;-;-;Mon Dec 28 18:58:07 2009 +0000;1262026687;-;-;Mon Dec 28 18:58:07 2009 +0000;1262026687
0fb4af6b599c9bda39211d0732a71b81cf179da0;0fb4af6b59;-;-;Mon Dec 28 18:57:15 2009 +0000;1262026635;-;-;Mon Dec 28 18:57:15 2009 +0000;1262026635
d2f28ccf41814f5b529e5c82449a2525830ebf72;d2f28ccf41;-;-;Mon Dec 28 07:00:49 2009 +0000;1261983649;-;-;Mon Dec 28 07:00:49 2009 +0000;1261983649
bddb38d787452e7d0619237070a72168a5b2e201;bddb38d787;-;-;Wed Dec 23 19:11:19 2009 +0000;1261595479;-;-;Wed Dec 23 19:11:19 2009 +0000;1261595479
f3274624b3b018e900b47c45b86d2383a3a6da47;f3274624b3;-;-;Tue Dec 22 16:52:33 2009 +0000;1261500753;-;-;Tue Dec 22 16:52:33 2009 +0000;1261500753
4160fc85f26e820f72c6f6a0f205b5d8038c50f0;4160fc85f2;-;-;Thu Dec 17 10:53:15 2009 +0000;1261047195;-;-;Thu Dec 17 10:53:15 2009 +0000;1261047195
f6228b91e578ca9c995d0d5aec2a5ad452c012fe;f6228b91e5;-;-;Wed Dec 16 08:44:54 2009 +0000;1260953094;-;-;Wed Dec 16 08:44:54 2009 +0000;1260953094
f208988563b2f5592f16fc8b5285fe12c935e9e2;f208988563;-;-;Tue Dec 15 21:37:59 2009 +0000;1260913079;-;-;Tue Dec 15 21:37:59 2009 +0000;1260913079
fd1bfeefe4e912b6dd76444b54ae05563d56d117;fd1bfeefe4;-;-;Tue Dec 15 21:20:51 2009 +0000;1260912051;-;-;Tue Dec 15 21:20:51 2009 +0000;1260912051
198911e0d2072e260d67b81103889850d2ec5b9e;198911e0d2;-;-;Tue Dec 15 20:45:45 2009 +0000;1260909945;-;-;Tue Dec 15 20:45:45 2009 +0000;1260909945
776f0490f9804d79922cdca0e726dc8f1e3da245;776f0490f9;-;-;Tue Dec 15 20:21:07 2009 +0000;1260908467;-;-;Tue Dec 15 20:21:07 2009 +0000;1260908467
2ec39f50005f1609757296ca455e04125e668142;2ec39f5000;-;-;Tue Dec 15 20:19:24 2009 +0000;1260908364;-;-;Tue Dec 15 20:19:24 2009 +0000;1260908364
dc99df297274d8c1291cdaed5d9dd508910584d3;dc99df2972;-;-;Tue Dec 15 20:18:31 2009 +0000;1260908311;-;-;Tue Dec 15 20:18:31 2009 +0000;1260908311
7fb19d658b62b54bf2886325589b9b0703efc9d9;7fb19d658b;-;-;Tue Dec 15 19:55:10 2009 +0000;1260906910;-;-;Tue Dec 15 19:55:10 2009 +0000;1260906910
2fef141a00e825b7b62c6d248a43248f3acb3614;2fef141a00;-;-;Tue Dec 15 19:41:52 2009 +0000;1260906112;-;-;Tue Dec 15 19:41:52 2009 +0000;1260906112
f37d7082a2a0c8630fef757b321d144274b6cbe7;f37d7082a2;-;-;Tue Dec 15 18:51:28 2009 +0000;1260903088;-;-;Tue Dec 15 18:51:28 2009 +0000;1260903088
39325958bcb2d4fa3172068e4916bd53e94e17c6;39325958bc;-;-;Tue Dec 15 18:50:17 2009 +0000;1260903017;-;-;Tue Dec 15 18:50:17 2009 +0000;1260903017
d6f4f4c7b4d06dc3653d74c492645242f8eb76dc;d6f4f4c7b4;-;-;Tue Dec 15 18:04:44 2009 +0000;1260900284;-;-;Tue Dec 15 18:04:44 2009 +0000;1260900284
943c46b07ddb3fc67f7d61256cca6de16420743b;943c46b07d;-;-;Tue Dec 15 17:52:52 2009 +0000;1260899572;-;-;Tue Dec 15 17:52:52 2009 +0000;1260899572
8ff801648de53fe8ca743c09132f07fd167248bb;8ff801648d;-;-;Tue Dec 15 16:07:43 2009 +0000;1260893263;-;-;Tue Dec 15 16:07:43 2009 +0000;1260893263
5c7c56a6b3ce5405750f30d9f205425e2352274e;5c7c56a6b3;-;-;Tue Dec 15 15:53:11 2009 +0000;1260892391;-;-;Tue Dec 15 15:53:11 2009 +0000;1260892391
b64945988b1dd2c9f3af59bbf29c33cdba5f923c;b64945988b;-;-;Tue Dec 15 15:09:25 2009 +0000;1260889765;-;-;Tue Dec 15 15:09:25 2009 +0000;1260889765
bb93f5967f2286fb9674b0374031d9d75f07e212;bb93f5967f;-;-;Tue Dec 15 14:00:27 2009 +0000;1260885627;-;-;Tue Dec 15 14:00:27 2009 +0000;1260885627
1c33206042c09a4344e5e4a1c6b759eb6180274c;1c33206042;-;-;Tue Dec 15 12:53:36 2009 +0000;1260881616;-;-;Tue Dec 15 12:53:36 2009 +0000;1260881616
2153b2fbd5aa4bff9b233fddb6c1c50cc879dcde;2153b2fbd5;-;-;Tue Dec 15 12:36:22 2009 +0000;1260880582;-;-;Tue Dec 15 12:36:22 2009 +0000;1260880582
5f9f69958ec258cf51efe6cc024594536c8a0dcd;5f9f69958e;-;-;Tue Dec 15 11:34:19 2009 +0000;1260876859;-;-;Tue Dec 15 11:34:19 2009 +0000;1260876859
0057481a0aa2c0d1d768ab28a02a153b5b918963;0057481a0a;-;-;Tue Dec 15 11:04:25 2009 +0000;1260875065;-;-;Tue Dec 15 11:04:25 2009 +0000;1260875065
f52986ea151d1c7d7821fe986fa21f30febf80cb;f52986ea15;-;-;Tue Dec 15 10:21:16 2009 +0000;1260872476;-;-;Tue Dec 15 10:21:16 2009 +0000;1260872476
1b0c6b848d29c6dd3b2fb92435e87590f0575e46;1b0c6b848d;-;-;Tue Dec 15 09:59:11 2009 +0000;1260871151;-;-;Tue Dec 15 09:59:11 2009 +0000;1260871151
2764024351db5082ce5e8f1664a37d1629a56a69;2764024351;-;-;Tue Dec 15 07:24:12 2009 +0000;1260861852;-;-;Tue Dec 15 07:24:12 2009 +0000;1260861852
83a7cb917770496a96ef821ea348f3cd68ad6e9a;83a7cb9177;-;-;Tue Dec 15 02:05:34 2009 +0000;1260842734;-;-;Tue Dec 15 02:05:34 2009 +0000;1260842734
086aeb0aac8b9472e9683bb3bd5c172f365aeb8f;086aeb0aac;-;-;Tue Dec 15 02:03:16 2009 +0000;1260842596;-;-;Tue Dec 15 02:03:16 2009 +0000;1260842596
b5b19625308c5b3b3c31c3e0c97e25c1583aac51;b5b1962530;-;-;Tue Dec 15 00:51:32 2009 +0000;1260838292;-;-;Tue Dec 15 00:51:32 2009 +0000;1260838292
5b87793521164348b74d6a33beb01bd451464971;5b87793521;-;-;Tue Dec 15 00:18:46 2009 +0000;1260836326;-;-;Tue Dec 15 00:18:46 2009 +0000;1260836326
18b5cd101e6472015af08af004a30163c70c3c87;18b5cd101e;-;-;Mon Dec 14 21:42:54 2009 +0000;1260826974;-;-;Mon Dec 14 21:42:54 2009 +0000;1260826974
86475593bbb7e660e0e34f8fd119a95c4581a35b;86475593bb;-;-;Mon Dec 14 21:42:17 2009 +0000;1260826937;-;-;Mon Dec 14 21:42:17 2009 +0000;1260826937
26b3443299b1fad469c6ce42c6894918cf3b6a4e;26b3443299;-;-;Mon Dec 14 21:32:26 2009 +0000;1260826346;-;-;Mon Dec 14 21:32:26 2009 +0000;1260826346
6622c719352b8bc7f86cd70ce2822ec6ea686b25;6622c71935;-;-;Mon Dec 14 21:14:26 2009 +0000;1260825266;-;-;Mon Dec 14 21:14:26 2009 +0000;1260825266
c2e1f113f58d52b0817fd594f21bf80831162d64;c2e1f113f5;-;-;Mon Dec 14 18:56:16 2009 +0000;1260816976;-;-;Mon Dec 14 18:56:16 2009 +0000;1260816976
77a70f256c1b0df6abcee319ffb24259e37de835;77a70f256c;-;-;Mon Dec 14 17:27:27 2009 +0000;1260811647;-;-;Mon Dec 14 17:27:27 2009 +0000;1260811647
56dcd9296a16d3cd37915e34c9a69b5e42cd3a90;56dcd9296a;-;-;Mon Dec 14 17:09:52 2009 +0000;1260810592;-;-;Mon Dec 14 17:09:52 2009 +0000;1260810592
cb4bc58dbd55408b07425bd7f71e510f837638e0;cb4bc58dbd;-;-;Mon Dec 14 15:52:01 2009 +0000;1260805921;-;-;Mon Dec 14 15:52:01 2009 +0000;1260805921
b963906bd1f2f397b715e2a8710358aeae1ed931;b963906bd1;-;-;Mon Dec 14 15:51:33 2009 +0000;1260805893;-;-;Mon Dec 14 15:51:33 2009 +0000;1260805893
d016a1cc2fde82a62e9b4ec6a8c672e964484ceb;d016a1cc2f;-;-;Mon Dec 14 12:58:09 2009 +0000;1260795489;-;-;Mon Dec 14 12:58:09 2009 +0000;1260795489
c8d65f078b23ed45e45f1fd22da063b9f9053bac;c8d65f078b;-;-;Mon Dec 14 07:17:36 2009 +0000;1260775056;-;-;Mon Dec 14 07:17:36 2009 +0000;1260775056
d7a8d499be08d8f693882221e62ba844bed0c185;d7a8d499be;-;-;Mon Dec 14 02:02:09 2009 +0000;1260756129;-;-;Mon Dec 14 02:02:09 2009 +0000;1260756129
2f539cded9917b62b30537d95b6af6dbc926f17c;2f539cded9;-;-;Mon Dec 14 00:58:44 2009 +0000;1260752324;-;-;Mon Dec 14 00:58:44 2009 +0000;1260752324
6635a5d96d2ca5ac247242e5c770e06279014128;6635a5d96d;-;-;Mon Dec 14 00:58:04 2009 +0000;1260752284;-;-;Mon Dec 14 00:58:04 2009 +0000;1260752284
cb9619f62b229a04449afb6b226d14ad6674bd73;cb9619f62b;-;-;Mon Dec 14 00:53:56 2009 +0000;1260752036;-;-;Mon Dec 14 00:53:56 2009 +0000;1260752036
59d9f73f46c147856479f17faef65317ce6eacea;59d9f73f46;-;-;Sun Dec 13 23:50:48 2009 +0000;1260748248;-;-;Sun Dec 13 23:50:48 2009 +0000;1260748248
3cfac84bff556d1d96fa2ea2bc2e1a571091e5a3;3cfac84bff;-;-;Sun Dec 13 23:45:16 2009 +0000;1260747916;-;-;Sun Dec 13 23:45:16 2009 +0000;1260747916
1b8a67d5d7a43d51c4719a88b7aa7a4cc54a0f23;1b8a67d5d7;-;-;Sun Dec 13 23:30:07 2009 +0000;1260747007;-;-;Sun Dec 13 23:30:07 2009 +0000;1260747007
dc6c1dc727bbde9a4d6709018ea47898ce54de49;dc6c1dc727;-;-;Sun Dec 13 23:28:07 2009 +0000;1260746887;-;-;Sun Dec 13 23:28:07 2009 +0000;1260746887
db6e807421e1655b4001f4c4a00e5e5cdef97cca;db6e807421;-;-;Sun Dec 13 23:24:43 2009 +0000;1260746683;-;-;Sun Dec 13 23:24:43 2009 +0000;1260746683
d7a16303817d3735cdad277c2202a583ba146463;d7a1630381;-;-;Sun Dec 13 23:23:34 2009 +0000;1260746614;-;-;Sun Dec 13 23:23:34 2009 +0000;1260746614
929665d28479780150cc8d88280c1e7d914207d6;929665d284;-;-;Sun Dec 13 16:07:03 2009 +0000;1260720423;-;-;Sun Dec 13 16:07:03 2009 +0000;1260720423
9d2f7934deadbb08f7324dab08d6871d0eb1a402;9d2f7934de;-;-;Sun Dec 13 15:47:52 2009 +0000;1260719272;-;-;Sun Dec 13 15:47:52 2009 +0000;1260719272
35354ad52021556d8e806ca24cd93ff288657335;35354ad520;-;-;Sun Dec 13 15:30:52 2009 +0000;1260718252;-;-;Sun Dec 13 15:30:52 2009 +0000;1260718252
42c7be45904be7480e8fcd8653e6f9607e438cd6;42c7be4590;-;-;Sun Dec 13 15:28:34 2009 +0000;1260718114;-;-;Sun Dec 13 15:28:34 2009 +0000;1260718114
a0c4d2c13c7cbe8216bdb8d3b2ecd7c2ff83d23b;a0c4d2c13c;-;-;Sun Dec 13 14:08:08 2009 +0000;1260713288;-;-;Sun Dec 13 14:08:08 2009 +0000;1260713288
5f9b4443194d3aa3948d76956897c0a1d918d546;5f9b444319;-;-;Sun Dec 13 13:21:30 2009 +0000;1260710490;-;-;Sun Dec 13 13:21:30 2009 +0000;1260710490
b497f6ccad3eebcc6d475071bb7dd2741557d5e0;b497f6ccad;-;-;Sun Dec 13 12:31:34 2009 +0000;1260707494;-;-;Sun Dec 13 12:31:34 2009 +0000;1260707494
63996cbb063fc7cb4bd3b6e5d7dd04243aea0986;63996cbb06;-;-;Sun Dec 13 10:03:59 2009 +0000;1260698639;-;-;Sun Dec 13 10:03:59 2009 +0000;1260698639
7c6c1c3ad8c51f4931685ac7ce0c059e8fd45dce;7c6c1c3ad8;-;-;Fri Dec 11 23:03:49 2009 +0000;1260572629;-;-;Fri Dec 11 23:03:49 2009 +0000;1260572629
14b69148f91388eb76b9554fd66abead86dba4ca;14b69148f9;-;-;Fri Dec 11 19:01:25 2009 +0000;1260558085;-;-;Fri Dec 11 19:01:25 2009 +0000;1260558085
b673087a876fb6bfa0eb9a2913d406981d1f0d1e;b673087a87;-;-;Fri Dec 11 18:26:12 2009 +0000;1260555972;-;-;Fri Dec 11 18:26:12 2009 +0000;1260555972
541cf2de8047f726b780fb1343a7ac9adff77e29;541cf2de80;-;-;Fri Dec 11 18:24:44 2009 +0000;1260555884;-;-;Fri Dec 11 18:24:44 2009 +0000;1260555884
753d0b0c911985621136ffd820589456beab3041;753d0b0c91;-;-;Fri Dec 11 18:19:43 2009 +0000;1260555583;-;-;Fri Dec 11 18:19:43 2009 +0000;1260555583
027bd242603e5d4c85e5182349176ac4ac0a7163;027bd24260;-;-;Fri Dec 11 18:16:38 2009 +0000;1260555398;-;-;Fri Dec 11 18:16:38 2009 +0000;1260555398
4f4732df451721402d8fb1854ade0efb6b72eda8;4f4732df45;-;-;Fri Dec 11 17:56:41 2009 +0000;1260554201;-;-;Fri Dec 11 17:56:41 2009 +0000;1260554201
8d4b9c081062acd12488079d7c21f369bc06fb5d;8d4b9c0810;-;-;Fri Dec 11 16:55:33 2009 +0000;1260550533;-;-;Fri Dec 11 16:55:33 2009 +0000;1260550533
5ce16e01eb7dd2b7ee8318ffb971e64682eb0275;5ce16e01eb;-;-;Fri Dec 11 14:45:21 2009 +0000;1260542721;-;-;Fri Dec 11 14:45:21 2009 +0000;1260542721
143ce57e7683287237a358558dd7cd28f8534ff2;143ce57e76;-;-;Fri Dec 11 06:23:46 2009 +0000;1260512626;-;-;Fri Dec 11 06:23:46 2009 +0000;1260512626
e1d5c7310a9ba5b997a14cc199cb79f083446320;e1d5c7310a;-;-;Thu Dec 10 21:42:48 2009 +0000;1260481368;-;-;Thu Dec 10 21:42:48 2009 +0000;1260481368
859f422cbfb98c9276e96498250f8b48e6fb69c7;859f422cbf;-;-;Thu Dec 10 20:40:02 2009 +0000;1260477602;-;-;Thu Dec 10 20:40:02 2009 +0000;1260477602
77f07da49d15c3331f254977fc35527b7f6d1265;77f07da49d;-;-;Thu Dec 10 18:42:59 2009 +0000;1260470579;-;-;Thu Dec 10 18:42:59 2009 +0000;1260470579
96de14ef2e7018cb0c6cf889b83503c50efc2c72;96de14ef2e;-;-;Thu Dec 10 17:36:58 2009 +0000;1260466618;-;-;Thu Dec 10 17:36:58 2009 +0000;1260466618
dd1bbde891dbeeccccf32ae1ca22621cee9faa82;dd1bbde891;-;-;Thu Dec 10 16:21:30 2009 +0000;1260462090;-;-;Thu Dec 10 16:21:30 2009 +0000;1260462090
04e08d69527705a38fea3a5bd52dd595440afe08;04e08d6952;-;-;Thu Dec 10 15:22:55 2009 +0000;1260458575;-;-;Thu Dec 10 15:22:55 2009 +0000;1260458575
4c76b48fd6c7ebf3f0d24e653ad2113da0d8f424;4c76b48fd6;-;-;Thu Dec 10 12:37:28 2009 +0000;1260448648;-;-;Thu Dec 10 12:37:28 2009 +0000;1260448648
dc1b500430d527dbea43b659a08a5f1aad50b11b;dc1b500430;-;-;Wed Dec 9 22:44:11 2009 +0000;1260398651;-;-;Wed Dec 9 22:44:11 2009 +0000;1260398651
1e1964a0606d50d70e77aee016e44594812f04d0;1e1964a060;-;-;Wed Dec 9 22:29:43 2009 +0000;1260397783;-;-;Wed Dec 9 22:29:43 2009 +0000;1260397783
2ce5090d00ebbf38746e3a52484092a1e8eee824;2ce5090d00;-;-;Wed Dec 9 17:54:02 2009 +0000;1260381242;-;-;Wed Dec 9 17:54:02 2009 +0000;1260381242
8334a03e03314da56e2d4b4e177f5e58dd451f88;8334a03e03;-;-;Wed Dec 9 17:53:25 2009 +0000;1260381205;-;-;Wed Dec 9 17:53:25 2009 +0000;1260381205
bc6b707a220aebff7e41802d3a6e9d33d86dcddd;bc6b707a22;-;-;Wed Dec 9 17:52:19 2009 +0000;1260381139;-;-;Wed Dec 9 17:52:19 2009 +0000;1260381139
010e72c35a65ce5ff77cdee3e4dcfbe6ef0e3498;010e72c35a;-;-;Wed Dec 9 16:16:55 2009 +0000;1260375415;-;-;Wed Dec 9 16:16:55 2009 +0000;1260375415
ad29a2376dcd677131e7188fdbde9c8da9ae1133;ad29a2376d;-;-;Wed Dec 9 16:09:12 2009 +0000;1260374952;-;-;Wed Dec 9 16:09:12 2009 +0000;1260374952
3ffc2ba48d1dffc4b87f754e61ff5eaebeeb36f9;3ffc2ba48d;-;-;Wed Dec 9 15:32:58 2009 +0000;1260372778;-;-;Wed Dec 9 15:32:58 2009 +0000;1260372778
31144591b0580b902d08b15216a6d29af66d2ae6;31144591b0;-;-;Wed Dec 9 15:24:47 2009 +0000;1260372287;-;-;Wed Dec 9 15:24:47 2009 +0000;1260372287
8b0a4921d98ff392ec4c09a185cd102a3773641c;8b0a4921d9;-;-;Wed Dec 9 14:59:44 2009 +0000;1260370784;-;-;Wed Dec 9 14:59:44 2009 +0000;1260370784
74022861c5a93f5049e8ada44f6a3280d2ae0479;74022861c5;-;-;Wed Dec 9 10:57:54 2009 +0000;1260356274;-;-;Wed Dec 9 10:57:54 2009 +0000;1260356274
481dd31006659f7a5868ec8b54d08de922626c1f;481dd31006;-;-;Tue Dec 8 15:29:27 2009 +0000;1260286167;-;-;Tue Dec 8 15:29:27 2009 +0000;1260286167
736c7212dbaf357bb1f45c546b94c7c2669a369e;736c7212db;-;-;Tue Dec 8 13:27:15 2009 +0000;1260278835;-;-;Tue Dec 8 13:27:15 2009 +0000;1260278835
93b17042a2bd165e89c7ce3a5c3afb92b6d36d07;93b17042a2;-;-;Tue Dec 8 12:17:01 2009 +0000;1260274621;-;-;Tue Dec 8 12:17:01 2009 +0000;1260274621
e65ba99e237a10db8ffd066b3f9f0d9682f11b02;e65ba99e23;-;-;Tue Dec 8 10:17:27 2009 +0000;1260267447;-;-;Tue Dec 8 10:17:27 2009 +0000;1260267447
95ddeff17dae1cc255b0554834e46268777a1e8d;95ddeff17d;-;-;Tue Dec 8 09:19:32 2009 +0000;1260263972;-;-;Tue Dec 8 09:19:32 2009 +0000;1260263972
085aecd51f663d7f5d968656876c70b5c5fd7192;085aecd51f;-;-;Tue Dec 8 08:57:48 2009 +0000;1260262668;-;-;Tue Dec 8 08:57:48 2009 +0000;1260262668
c4d8f6b3eb5c6a008d86c871b624d4a7ece9e323;c4d8f6b3eb;-;-;Mon Dec 7 20:53:21 2009 +0000;1260219201;-;-;Mon Dec 7 20:53:21 2009 +0000;1260219201
5fdc29f1524836d914a8a4f9d4cd5a6148c8ff25;5fdc29f152;-;-;Mon Dec 7 20:33:33 2009 +0000;1260218013;-;-;Mon Dec 7 20:33:33 2009 +0000;1260218013
1d005e12afc014dd461a1cea19e118118b3a7045;1d005e12af;-;-;Mon Dec 7 20:33:03 2009 +0000;1260217983;-;-;Mon Dec 7 20:33:03 2009 +0000;1260217983
61f23710ebed6d7feb1e7b477d301d952d3cde5f;61f23710eb;-;-;Mon Dec 7 18:57:32 2009 +0000;1260212252;-;-;Mon Dec 7 18:57:32 2009 +0000;1260212252
27e06425435d4476ac8e840dc4217921e3ae01a3;27e0642543;-;-;Mon Dec 7 16:44:51 2009 +0000;1260204291;-;-;Mon Dec 7 16:44:51 2009 +0000;1260204291
09a55c8edec4af7abc59b2193e2eb2109ccd84c3;09a55c8ede;-;-;Mon Dec 7 15:16:36 2009 +0000;1260198996;-;-;Mon Dec 7 15:16:36 2009 +0000;1260198996
231c8337d2eb4065732c88235314e9b89cf29d5b;231c8337d2;-;-;Mon Dec 7 14:41:30 2009 +0000;1260196890;-;-;Mon Dec 7 14:41:30 2009 +0000;1260196890
93abbd0ef76a4e7c35ed5fd4a6307ef1da34b1d5;93abbd0ef7;-;-;Mon Dec 7 14:27:27 2009 +0000;1260196047;-;-;Mon Dec 7 14:27:27 2009 +0000;1260196047
8678652f3e5e9f53cc63486544bcb54cb13bf672;8678652f3e;-;-;Mon Dec 7 14:25:21 2009 +0000;1260195921;-;-;Mon Dec 7 14:25:21 2009 +0000;1260195921
976f920db2773864e657ff5e5f6c0cf71f27665a;976f920db2;-;-;Mon Dec 7 13:59:07 2009 +0000;1260194347;-;-;Mon Dec 7 13:59:07 2009 +0000;1260194347
f36e8252c88a1f0a6318f0f5dcbb6eb66d36bb9c;f36e8252c8;-;-;Mon Dec 7 09:43:16 2009 +0000;1260178996;-;-;Mon Dec 7 09:43:16 2009 +0000;1260178996
f72769a62107f229e9b562304660e2eb4350bd18;f72769a621;-;-;Mon Dec 7 09:42:44 2009 +0000;1260178964;-;-;Mon Dec 7 09:42:44 2009 +0000;1260178964
abf6a7ee18d65ecafdf3cbdf7dced6f18b1c8201;abf6a7ee18;-;-;Mon Dec 7 09:16:00 2009 +0000;1260177360;-;-;Mon Dec 7 09:16:00 2009 +0000;1260177360
33a7bbb4850e69a3b9ac812411bb12d81346f37a;33a7bbb485;-;-;Sun Dec 6 23:21:07 2009 +0000;1260141667;-;-;Sun Dec 6 23:21:07 2009 +0000;1260141667
e01c2eafa16927bd319bd61da259d9011763b357;e01c2eafa1;-;-;Fri Dec 4 23:31:28 2009 +0000;1259969488;-;-;Fri Dec 4 23:31:28 2009 +0000;1259969488
f4763a801fe0a8f57aafeb2f9fb97d0d9fad43a5;f4763a801f;-;-;Fri Dec 4 21:39:32 2009 +0000;1259962772;-;-;Fri Dec 4 21:39:32 2009 +0000;1259962772
11d29217675eac9cb53812ca00b893bc2e0f0d18;11d2921767;-;-;Fri Dec 4 20:43:45 2009 +0000;1259959425;-;-;Fri Dec 4 20:43:45 2009 +0000;1259959425
0ea5b5ef0bac5510ca74771c98774535903b868a;0ea5b5ef0b;-;-;Fri Dec 4 18:29:53 2009 +0000;1259951393;-;-;Fri Dec 4 18:29:53 2009 +0000;1259951393
ad3fa505f33d3533f226ad32ddb833b757343400;ad3fa505f3;-;-;Fri Dec 4 18:26:25 2009 +0000;1259951185;-;-;Fri Dec 4 18:26:25 2009 +0000;1259951185
1202f67cc8afbdc7d49a43ea8a86a549fbfbb37a;1202f67cc8;-;-;Fri Dec 4 18:25:31 2009 +0000;1259951131;-;-;Fri Dec 4 18:25:31 2009 +0000;1259951131
12892eef98912a4cdc93052e07a98cbebf97324b;12892eef98;-;-;Fri Dec 4 17:29:06 2009 +0000;1259947746;-;-;Fri Dec 4 17:29:06 2009 +0000;1259947746
0d413c7e36c3f93dd8835846ed6258125776aa89;0d413c7e36;-;-;Fri Dec 4 17:19:47 2009 +0000;1259947187;-;-;Fri Dec 4 17:19:47 2009 +0000;1259947187
604a9f077d5081865a7189124a17a840d2a83d42;604a9f077d;-;-;Fri Dec 4 16:15:20 2009 +0000;1259943320;-;-;Fri Dec 4 16:15:20 2009 +0000;1259943320
fae06dc156250ebea80594f4ca15ffd32e8f3c4b;fae06dc156;-;-;Fri Dec 4 15:21:51 2009 +0000;1259940111;-;-;Fri Dec 4 15:21:51 2009 +0000;1259940111
5013664ec577cc64e99bdf3c6fe21f397d98cf22;5013664ec5;-;-;Fri Dec 4 14:00:58 2009 +0000;1259935258;-;-;Fri Dec 4 14:00:58 2009 +0000;1259935258
ebd15e32876e0266c57faaf77ff66987e9bf813a;ebd15e3287;-;-;Fri Dec 4 12:47:47 2009 +0000;1259930867;-;-;Fri Dec 4 12:47:47 2009 +0000;1259930867
0400ccc11fa19b29c4b2a5e2b0f10b85679feed6;0400ccc11f;-;-;Fri Dec 4 11:33:56 2009 +0000;1259926436;-;-;Fri Dec 4 11:33:56 2009 +0000;1259926436
d1dfa873b7ca4880fcdacf2ffe3dba3636b654c8;d1dfa873b7;-;-;Fri Dec 4 11:21:04 2009 +0000;1259925664;-;-;Fri Dec 4 11:21:04 2009 +0000;1259925664
95fb766d102db3da561107919ae887d5e0621ada;95fb766d10;-;-;Fri Dec 4 00:58:38 2009 +0000;1259888318;-;-;Fri Dec 4 00:58:38 2009 +0000;1259888318
e161c93f8dd9fdf7d7685e3ae7a31de03331ae86;e161c93f8d;-;-;Fri Dec 4 00:34:40 2009 +0000;1259886880;-;-;Fri Dec 4 00:34:40 2009 +0000;1259886880
388edd7aaa4810fe3ff80b0aaabfbaaaa69cc01d;388edd7aaa;-;-;Thu Dec 3 23:34:37 2009 +0000;1259883277;-;-;Thu Dec 3 23:34:37 2009 +0000;1259883277
0a36596468bba8abb6538db5bad89f3859744d5b;0a36596468;-;-;Thu Dec 3 23:26:08 2009 +0000;1259882768;-;-;Thu Dec 3 23:26:08 2009 +0000;1259882768
73a75220a8ba7b494868b9fff22652c36a38cdd9;73a75220a8;-;-;Thu Dec 3 22:41:44 2009 +0000;1259880104;-;-;Thu Dec 3 22:41:44 2009 +0000;1259880104
ac3a1d913237bee8c271dc5606b94ddff6e07603;ac3a1d9132;-;-;Thu Dec 3 16:30:51 2009 +0000;1259857851;-;-;Thu Dec 3 16:30:51 2009 +0000;1259857851
fcfe94139c5ee509df76b96484bfef40fb96bb5a;fcfe94139c;-;-;Thu Dec 3 13:18:39 2009 +0000;1259846319;-;-;Thu Dec 3 13:18:39 2009 +0000;1259846319
b16e502c167cb7445e3696e898be9dff95ff186c;b16e502c16;-;-;Thu Dec 3 13:17:08 2009 +0000;1259846228;-;-;Thu Dec 3 13:17:08 2009 +0000;1259846228
0b577dd5586bd1c96890e2303e4c3d486894257c;0b577dd558;-;-;Thu Dec 3 13:15:33 2009 +0000;1259846133;-;-;Thu Dec 3 13:15:33 2009 +0000;1259846133
409393527541df26f0bad54616d647fc54ace180;4093935275;-;-;Wed Dec 2 09:34:12 2009 +0000;1259746452;-;-;Wed Dec 2 09:34:12 2009 +0000;1259746452
277d15360483e3a95bb90fabf59fc4d7a82025ea;277d153604;-;-;Wed Dec 2 08:26:13 2009 +0000;1259742373;-;-;Wed Dec 2 08:26:13 2009 +0000;1259742373
cb9e877e4ad6a06087dd581fd1e40a0faa35c126;cb9e877e4a;-;-;Tue Dec 1 02:58:38 2009 +0000;1259636318;-;-;Tue Dec 1 02:58:38 2009 +0000;1259636318
132bb8a672b3bfff00b257ba2e90e885464b74b2;132bb8a672;-;-;Tue Dec 1 02:45:12 2009 +0000;1259635512;-;-;Tue Dec 1 02:45:12 2009 +0000;1259635512
126f83959b3b72344cecd921446edf958039faf4;126f83959b;-;-;Tue Dec 1 02:26:23 2009 +0000;1259634383;-;-;Tue Dec 1 02:26:23 2009 +0000;1259634383
69124f9392dc0692191c9200230ada76531b5ef5;69124f9392;-;-;Tue Dec 1 02:25:48 2009 +0000;1259634348;-;-;Tue Dec 1 02:25:48 2009 +0000;1259634348
5165465821677c9e69cc31328a828c8331496984;5165465821;-;-;Tue Dec 1 01:32:51 2009 +0000;1259631171;-;-;Tue Dec 1 01:32:51 2009 +0000;1259631171
d67e655c17ec206fcba3e97a9b4384c0f0f1de89;d67e655c17;-;-;Mon Nov 30 17:55:24 2009 +0000;1259603724;-;-;Mon Nov 30 17:55:24 2009 +0000;1259603724
fdfbf2a01b2a06d363b740c70b4133e8f2950c1c;fdfbf2a01b;-;-;Mon Nov 30 17:54:50 2009 +0000;1259603690;-;-;Mon Nov 30 17:54:50 2009 +0000;1259603690
b7b52fffea17f8fa9b136eeb9f31fc50161afbc2;b7b52fffea;-;-;Mon Nov 30 16:32:59 2009 +0000;1259598779;-;-;Mon Nov 30 16:32:59 2009 +0000;1259598779
7a1c4d23b4bdac16ca3b8c85a2036ba595a989e9;7a1c4d23b4;-;-;Mon Nov 30 13:18:16 2009 +0000;1259587096;-;-;Mon Nov 30 13:18:16 2009 +0000;1259587096
b7e37ddb072b0b0a57659761e5fceddb3a854bc0;b7e37ddb07;-;-;Mon Nov 30 12:57:11 2009 +0000;1259585831;-;-;Mon Nov 30 12:57:11 2009 +0000;1259585831
1a06b6a0ab2f7744324de0e8dbdb167c3c83e126;1a06b6a0ab;-;-;Mon Nov 30 12:56:25 2009 +0000;1259585785;-;-;Mon Nov 30 12:56:25 2009 +0000;1259585785
81d7f5bc5aaf44e11b126ae116b74dbeac57e16b;81d7f5bc5a;-;-;Mon Nov 30 12:21:13 2009 +0000;1259583673;-;-;Mon Nov 30 12:21:13 2009 +0000;1259583673
666700f7f3816c39d5929e5c503393af9eaf1121;666700f7f3;-;-;Mon Nov 30 12:17:28 2009 +0000;1259583448;-;-;Mon Nov 30 12:17:28 2009 +0000;1259583448
cc3239987853251f825054f5da97fd24630911a0;cc32399878;-;-;Mon Nov 30 10:29:27 2009 +0000;1259576967;-;-;Mon Nov 30 10:29:27 2009 +0000;1259576967
541aae12ef82767479bcd53afb3681b46dd890a5;541aae12ef;-;-;Mon Nov 30 10:16:14 2009 +0000;1259576174;-;-;Mon Nov 30 10:16:14 2009 +0000;1259576174
73b54f4efe43dbe674621ba81c7ab7e04e1157c8;73b54f4efe;-;-;Mon Nov 30 10:10:27 2009 +0000;1259575827;-;-;Mon Nov 30 10:10:27 2009 +0000;1259575827
c8d63608558465ae23683dbf81a61faf915e3ac7;c8d6360855;-;-;Mon Nov 30 07:51:29 2009 +0000;1259567489;-;-;Mon Nov 30 07:51:29 2009 +0000;1259567489
d4a21f1db8ce522464d991af17be21b7a9948f78;d4a21f1db8;-;-;Mon Nov 30 02:55:02 2009 +0000;1259549702;-;-;Mon Nov 30 02:55:02 2009 +0000;1259549702
0be647331604e0ac1d14261dff860fcb7b26275a;0be6473316;-;-;Sat Nov 28 21:16:01 2009 +0000;1259442961;-;-;Sat Nov 28 21:16:01 2009 +0000;1259442961
fbfa67e8a6ab0b4fb35fe8884b76b64cdd74f5b4;fbfa67e8a6;-;-;Sat Nov 28 07:20:20 2009 +0000;1259392820;-;-;Sat Nov 28 07:20:20 2009 +0000;1259392820
f6a2e58d9559a993d3ba65cd0661af134cd0c0b3;f6a2e58d95;-;-;Sat Nov 28 00:02:30 2009 +0000;1259366550;-;-;Sat Nov 28 00:02:30 2009 +0000;1259366550
a64f0f1ebedf317b6ff3b34ec615fa9ea85a1931;a64f0f1ebe;-;-;Fri Nov 27 20:38:43 2009 +0000;1259354323;-;-;Fri Nov 27 20:38:43 2009 +0000;1259354323
1ac7b95c1dcc1792b4f351a6700dd42363f9f1e0;1ac7b95c1d;-;-;Fri Nov 27 18:16:08 2009 +0000;1259345768;-;-;Fri Nov 27 18:16:08 2009 +0000;1259345768
dc24944cd9a237d7496e6f5db21e98692263502a;dc24944cd9;-;-;Fri Nov 27 17:42:30 2009 +0000;1259343750;-;-;Fri Nov 27 17:42:30 2009 +0000;1259343750
b4442205641365292f55ca0f6091df0d5d2a491f;b444220564;-;-;Fri Nov 27 17:30:35 2009 +0000;1259343035;-;-;Fri Nov 27 17:30:35 2009 +0000;1259343035
57f0a7d94b43cdba0de9c34dd6be7a9200759d8b;57f0a7d94b;-;-;Fri Nov 27 17:04:48 2009 +0000;1259341488;-;-;Fri Nov 27 17:04:48 2009 +0000;1259341488
5e1c00ceb261b901e570a0df7bdd2ceda1c5db9d;5e1c00ceb2;-;-;Fri Nov 27 15:59:12 2009 +0000;1259337552;-;-;Fri Nov 27 15:59:12 2009 +0000;1259337552
e664779f3e5e04b028efaab100332899c26bdc92;e664779f3e;-;-;Fri Nov 27 14:34:27 2009 +0000;1259332467;-;-;Fri Nov 27 14:34:27 2009 +0000;1259332467
01ce468ff263f9c8ec232a7748715cb34b948d7f;01ce468ff2;-;-;Fri Nov 27 14:14:13 2009 +0000;1259331253;-;-;Fri Nov 27 14:14:13 2009 +0000;1259331253
dc0613f487d6927d1b98d413955229ee1b47e1e4;dc0613f487;-;-;Fri Nov 27 13:23:15 2009 +0000;1259328195;-;-;Fri Nov 27 13:23:15 2009 +0000;1259328195
18c63f70c4277376bbbd55c6d1e2dea1341a676e;18c63f70c4;-;-;Fri Nov 27 04:31:09 2009 +0000;1259296269;-;-;Fri Nov 27 04:31:09 2009 +0000;1259296269
f751acea121c29c4f2b37d3d0de36b3cfe068ecb;f751acea12;-;-;Fri Nov 27 02:15:48 2009 +0000;1259288148;-;-;Fri Nov 27 02:15:48 2009 +0000;1259288148
7e5106d1ac0c988ae2f698a6f9475207f9fcad58;7e5106d1ac;-;-;Fri Nov 27 01:58:31 2009 +0000;1259287111;-;-;Fri Nov 27 01:58:31 2009 +0000;1259287111
a1916ca765e436da99e7121cc283de05d79e8dbc;a1916ca765;-;-;Fri Nov 27 01:49:18 2009 +0000;1259286558;-;-;Fri Nov 27 01:49:18 2009 +0000;1259286558
d6197b743da3e2042a20b0b83f9abaea09085dc5;d6197b743d;-;-;Fri Nov 27 01:45:53 2009 +0000;1259286353;-;-;Fri Nov 27 01:45:53 2009 +0000;1259286353
d54cf0ca374553958e3cbadb151033d2910ef3eb;d54cf0ca37;-;-;Fri Nov 27 01:43:34 2009 +0000;1259286214;-;-;Fri Nov 27 01:43:34 2009 +0000;1259286214
ac490114aee005a66eeb0fba6c3c853552fc6a94;ac490114ae;-;-;Fri Nov 27 01:43:14 2009 +0000;1259286194;-;-;Fri Nov 27 01:43:14 2009 +0000;1259286194
973fb6ce4096d344758b3e0988e90ab401275209;973fb6ce40;-;-;Fri Nov 27 01:37:43 2009 +0000;1259285863;-;-;Fri Nov 27 01:37:43 2009 +0000;1259285863
9400fb3e78507dc7810aeae9f2228a4a407dd373;9400fb3e78;-;-;Fri Nov 27 01:35:45 2009 +0000;1259285745;-;-;Fri Nov 27 01:35:45 2009 +0000;1259285745
cc0bd730eb3baf47bbdf031499e8b2832dd2ced3;cc0bd730eb;-;-;Fri Nov 27 01:34:56 2009 +0000;1259285696;-;-;Fri Nov 27 01:34:56 2009 +0000;1259285696
bc06ffb6b860f201f445ea233368c0d4c8d32999;bc06ffb6b8;-;-;Fri Nov 27 01:28:54 2009 +0000;1259285334;-;-;Fri Nov 27 01:28:54 2009 +0000;1259285334
5e68cc5a589dbfdf4c73566b0a7cb388e77013fe;5e68cc5a58;-;-;Fri Nov 27 01:03:48 2009 +0000;1259283828;-;-;Fri Nov 27 01:03:48 2009 +0000;1259283828
34d4e3cbe0a02e9637c934ba514361f089aab746;34d4e3cbe0;-;-;Thu Nov 26 16:09:48 2009 +0000;1259251788;-;-;Thu Nov 26 16:09:48 2009 +0000;1259251788
fbee526a409e4c44cfdff49a35885c58e423daaf;fbee526a40;-;-;Thu Nov 26 15:44:29 2009 +0000;1259250269;-;-;Thu Nov 26 15:44:29 2009 +0000;1259250269
218051464d9ef258f4982e0b5abd25b2439e0abf;218051464d;-;-;Thu Nov 26 12:12:14 2009 +0000;1259237534;-;-;Thu Nov 26 12:12:14 2009 +0000;1259237534
1cf0c126745aace71bb0b47bdf72ce551e5b5a64;1cf0c12674;-;-;Thu Nov 26 11:08:22 2009 +0000;1259233702;-;-;Thu Nov 26 11:08:22 2009 +0000;1259233702
8546e64b03bf6b1291942031fabd39e1d2726b2c;8546e64b03;-;-;Thu Nov 26 10:41:22 2009 +0000;1259232082;-;-;Thu Nov 26 10:41:22 2009 +0000;1259232082
8259d45583b8790905cadaed396386c728cbd8e5;8259d45583;-;-;Thu Nov 26 08:39:46 2009 +0000;1259224786;-;-;Thu Nov 26 08:39:46 2009 +0000;1259224786
de1d54872565a8e62e90a4993b20251c372c0fe7;de1d548725;-;-;Thu Nov 26 08:27:42 2009 +0000;1259224062;-;-;Thu Nov 26 08:27:42 2009 +0000;1259224062
6c89946d421b37b4fed9218958d354cade5cdea2;6c89946d42;-;-;Wed Nov 25 16:55:13 2009 +0000;1259168113;-;-;Wed Nov 25 16:55:13 2009 +0000;1259168113
e10161182b7c555a495e1ae11b7945f80b4a0d53;e10161182b;-;-;Wed Nov 25 13:18:31 2009 +0000;1259155111;-;-;Wed Nov 25 13:18:31 2009 +0000;1259155111
89975c8b79f052fa218e247d3c33e3ad1fb1bcf5;89975c8b79;-;-;Wed Nov 25 11:12:03 2009 +0000;1259147523;-;-;Wed Nov 25 11:12:03 2009 +0000;1259147523
5d2d2bcf396035cb89076bd870b4b526599ac3e4;5d2d2bcf39;-;-;Wed Nov 25 00:36:50 2009 +0000;1259109410;-;-;Wed Nov 25 00:36:50 2009 +0000;1259109410
bb97ca32c460ed1763384edba57cf615b3bb193c;bb97ca32c4;-;-;Wed Nov 25 00:17:29 2009 +0000;1259108249;-;-;Wed Nov 25 00:17:29 2009 +0000;1259108249
9a2f9ccde4369f7f9896705a119d2f8dfe8bb5e1;9a2f9ccde4;-;-;Wed Nov 25 00:08:57 2009 +0000;1259107737;-;-;Wed Nov 25 00:08:57 2009 +0000;1259107737
fce03610524127e162fa1844339e13971708cb50;fce0361052;-;-;Tue Nov 24 23:58:03 2009 +0000;1259107083;-;-;Tue Nov 24 23:58:03 2009 +0000;1259107083
da2ddca34cc7b488f4c3f2dc50c0bf398a50a4fe;da2ddca34c;-;-;Tue Nov 24 23:46:44 2009 +0000;1259106404;-;-;Tue Nov 24 23:46:44 2009 +0000;1259106404
021663b12ffb07f87dc27552e60ec74d048f51cb;021663b12f;-;-;Tue Nov 24 16:07:23 2009 +0000;1259078843;-;-;Tue Nov 24 16:07:23 2009 +0000;1259078843
1f5568fa81d7b41c6c871015c3410d238bfd55cf;1f5568fa81;-;-;Tue Nov 24 14:32:18 2009 +0000;1259073138;-;-;Tue Nov 24 14:32:18 2009 +0000;1259073138
ef50082cadd5fd835136c4c45a5d7e1c71f78098;ef50082cad;-;-;Tue Nov 24 13:53:37 2009 +0000;1259070817;-;-;Tue Nov 24 13:53:37 2009 +0000;1259070817
be60908d6db536af5dbbf1af7733940343067cf7;be60908d6d;-;-;Tue Nov 24 09:33:39 2009 +0000;1259055219;-;-;Tue Nov 24 09:33:39 2009 +0000;1259055219
35517b62a0139855e70c926739039ea7265f4b16;35517b62a0;-;-;Tue Nov 24 09:24:03 2009 +0000;1259054643;-;-;Tue Nov 24 09:24:03 2009 +0000;1259054643
2e9683aa7cd8c1883696ed70168ee29144701c7f;2e9683aa7c;-;-;Mon Nov 23 21:50:49 2009 +0000;1259013049;-;-;Mon Nov 23 21:50:49 2009 +0000;1259013049
12e8f31b3866bf0595a6bfef0d88a223fc1146c0;12e8f31b38;-;-;Mon Nov 23 00:07:39 2009 +0000;1258934859;-;-;Mon Nov 23 00:07:39 2009 +0000;1258934859
064b6db666f4e1de3bc25392e9802511fe02054a;064b6db666;-;-;Sun Nov 22 15:40:41 2009 +0000;1258904441;-;-;Sun Nov 22 15:40:41 2009 +0000;1258904441
48e1ed0a24dd56d667dcc63239f1a98baae57a28;48e1ed0a24;-;-;Sat Nov 21 18:36:40 2009 +0000;1258828600;-;-;Sat Nov 21 18:36:40 2009 +0000;1258828600
c3044e122c49c738d867fe2074cecc9ba648beeb;c3044e122c;-;-;Sat Nov 21 18:34:04 2009 +0000;1258828444;-;-;Sat Nov 21 18:34:04 2009 +0000;1258828444
9d354192ef413b066a39afeef4a01b49771b73e5;9d354192ef;-;-;Sat Nov 21 18:30:34 2009 +0000;1258828234;-;-;Sat Nov 21 18:30:34 2009 +0000;1258828234
e3462aeef3177e92b930b988d018eedb0924aa1f;e3462aeef3;-;-;Sat Nov 21 17:55:28 2009 +0000;1258826128;-;-;Sat Nov 21 17:55:28 2009 +0000;1258826128
94eeb99333ccbc878d24fad4c7d65cb1b141fb21;94eeb99333;-;-;Sat Nov 21 17:26:07 2009 +0000;1258824367;-;-;Sat Nov 21 17:26:07 2009 +0000;1258824367
7309b118497c54099bc0ccbc4eff89b890ab0f5f;7309b11849;-;-;Sat Nov 21 16:00:53 2009 +0000;1258819253;-;-;Sat Nov 21 16:00:53 2009 +0000;1258819253
44fcc572a7848e6a0cf1089a9183a7a89285fcbe;44fcc572a7;-;-;Sat Nov 21 15:17:26 2009 +0000;1258816646;-;-;Sat Nov 21 15:17:26 2009 +0000;1258816646
602118f1a34ed2d94372c4050347bc14407744e5;602118f1a3;-;-;Sat Nov 21 00:30:50 2009 +0000;1258763450;-;-;Sat Nov 21 00:30:50 2009 +0000;1258763450
a6b6ba88dc96b4121d103bb54471acf49320bc3b;a6b6ba88dc;-;-;Fri Nov 20 22:21:45 2009 +0000;1258755705;-;-;Fri Nov 20 22:21:45 2009 +0000;1258755705
196000d76594c0201933f55c07f2c392d5eea83a;196000d765;-;-;Fri Nov 20 21:57:01 2009 +0000;1258754221;-;-;Fri Nov 20 21:57:01 2009 +0000;1258754221
937de9f032d19ef133b4b50ba31dc0d686cec6ef;937de9f032;-;-;Fri Nov 20 21:37:03 2009 +0000;1258753023;-;-;Fri Nov 20 21:37:03 2009 +0000;1258753023
3562858736c70943403b850654648e3842994589;3562858736;-;-;Fri Nov 20 21:36:05 2009 +0000;1258752965;-;-;Fri Nov 20 21:36:05 2009 +0000;1258752965
5fbd87d939776590264f1b8332b5b3a69fe7cb0f;5fbd87d939;-;-;Fri Nov 20 21:24:30 2009 +0000;1258752270;-;-;Fri Nov 20 21:24:30 2009 +0000;1258752270
12a237a459ef8e17109591bb6abee03ace827ff2;12a237a459;-;-;Fri Nov 20 20:40:55 2009 +0000;1258749655;-;-;Fri Nov 20 20:40:55 2009 +0000;1258749655
502c0e905576b2adaffaf850ebcb65c8e1a0787e;502c0e9055;-;-;Fri Nov 20 20:23:21 2009 +0000;1258748601;-;-;Fri Nov 20 20:23:21 2009 +0000;1258748601
38d6b55363bbbfd35e981af0d55ed913a37a9404;38d6b55363;-;-;Fri Nov 20 20:04:13 2009 +0000;1258747453;-;-;Fri Nov 20 20:04:13 2009 +0000;1258747453
c6f361341101bda493262b97bd36bd6a3968fcb6;c6f3613411;-;-;Fri Nov 20 18:09:14 2009 +0000;1258740554;-;-;Fri Nov 20 18:09:14 2009 +0000;1258740554
6653f25e81c22e98dc6ce765e20ea7aa07f345b3;6653f25e81;-;-;Fri Nov 20 17:48:13 2009 +0000;1258739293;-;-;Fri Nov 20 17:48:13 2009 +0000;1258739293
5a158fb76f8d0cbf79b358de5a82bf3b60248a42;5a158fb76f;-;-;Fri Nov 20 17:45:26 2009 +0000;1258739126;-;-;Fri Nov 20 17:45:26 2009 +0000;1258739126
d9aab1079c29c78867204f5a671722f63c87985a;d9aab1079c;-;-;Fri Nov 20 14:57:40 2009 +0000;1258729060;-;-;Fri Nov 20 14:57:40 2009 +0000;1258729060
692b1ef636ec9b5525c5f800288a483b8760fdc8;692b1ef636;-;-;Fri Nov 20 14:43:12 2009 +0000;1258728192;-;-;Fri Nov 20 14:43:12 2009 +0000;1258728192
4024b6792685bbdae9402ba5f339d3c882292e79;4024b67926;-;-;Fri Nov 20 14:28:38 2009 +0000;1258727318;-;-;Fri Nov 20 14:28:38 2009 +0000;1258727318
2cb6e211611e665e6c48243364a1ba19fe411d06;2cb6e21161;-;-;Fri Nov 20 14:21:48 2009 +0000;1258726908;-;-;Fri Nov 20 14:21:48 2009 +0000;1258726908
f49a8d2e3e6f6e60ad8a5188736ed34b82cacff1;f49a8d2e3e;-;-;Fri Nov 20 13:36:57 2009 +0000;1258724217;-;-;Fri Nov 20 13:36:57 2009 +0000;1258724217
af674bfac47f839161e9155200fa5ce553fa8d45;af674bfac4;-;-;Fri Nov 20 12:36:02 2009 +0000;1258720562;-;-;Fri Nov 20 12:36:02 2009 +0000;1258720562
571636093673e74fc3202f9c4230cc3642ee5e82;5716360936;-;-;Fri Nov 20 05:07:33 2009 +0000;1258693653;-;-;Fri Nov 20 05:07:33 2009 +0000;1258693653
b896457586c7cf6f8eb2dd442f6cea81f0c06284;b896457586;-;-;Fri Nov 20 05:00:28 2009 +0000;1258693228;-;-;Fri Nov 20 05:00:28 2009 +0000;1258693228
3b9605bc57f5d456be4471cac5e7073fe3657a79;3b9605bc57;-;-;Thu Nov 19 23:49:10 2009 +0000;1258674550;-;-;Thu Nov 19 23:49:10 2009 +0000;1258674550
4375b9c89abe802ed36a1a38885fc0def6b557e1;4375b9c89a;-;-;Thu Nov 19 23:01:36 2009 +0000;1258671696;-;-;Thu Nov 19 23:01:36 2009 +0000;1258671696
4efa91d2f077a8d33ba2bf60aa40dd9225247c9a;4efa91d2f0;-;-;Thu Nov 19 22:34:24 2009 +0000;1258670064;-;-;Thu Nov 19 22:34:24 2009 +0000;1258670064
a9d4a58294674d419143e7d44fbe64f59569b0a5;a9d4a58294;-;-;Thu Nov 19 22:33:15 2009 +0000;1258669995;-;-;Thu Nov 19 22:33:15 2009 +0000;1258669995
46cd0839765778502488d2ddd8e0789a4fa23c3e;46cd083976;-;-;Thu Nov 19 22:30:35 2009 +0000;1258669835;-;-;Thu Nov 19 22:30:35 2009 +0000;1258669835
a300aa19b6e1db8e5abe9d32d427b7f9c9462242;a300aa19b6;-;-;Thu Nov 19 22:16:22 2009 +0000;1258668982;-;-;Thu Nov 19 22:16:22 2009 +0000;1258668982
34a75c1ae6ee89452debeacbc073410407b73382;34a75c1ae6;-;-;Thu Nov 19 22:16:06 2009 +0000;1258668966;-;-;Thu Nov 19 22:16:06 2009 +0000;1258668966
ab5e4a4ff39161bff450cdc38d870a9381389fbe;ab5e4a4ff3;-;-;Thu Nov 19 20:28:16 2009 +0000;1258662496;-;-;Thu Nov 19 20:28:16 2009 +0000;1258662496
856fefeaad8be5c456c1c517252c86408e5f9bf2;856fefeaad;-;-;Thu Nov 19 19:27:40 2009 +0000;1258658860;-;-;Thu Nov 19 19:27:40 2009 +0000;1258658860
b41e3956bcbefb4c00f92e6d8f9afe98f80d7181;b41e3956bc;-;-;Thu Nov 19 18:32:10 2009 +0000;1258655530;-;-;Thu Nov 19 18:32:10 2009 +0000;1258655530
ee5330801def4f7efaad065d8f5a6f578bc44c63;ee5330801d;-;-;Thu Nov 19 16:40:06 2009 +0000;1258648806;-;-;Thu Nov 19 16:40:06 2009 +0000;1258648806
a7414104219a1bfde0f252588f02c2e34597b220;a741410421;-;-;Thu Nov 19 16:36:15 2009 +0000;1258648575;-;-;Thu Nov 19 16:36:15 2009 +0000;1258648575
eb0b4f0cbd6d981e6864d4f02bc04b678be4cd1c;eb0b4f0cbd;-;-;Thu Nov 19 15:39:11 2009 +0000;1258645151;-;-;Thu Nov 19 15:39:11 2009 +0000;1258645151
f2477c4bf515dfae1c322f7eb7098316a532eb25;f2477c4bf5;-;-;Thu Nov 19 15:27:15 2009 +0000;1258644435;-;-;Thu Nov 19 15:27:15 2009 +0000;1258644435
da5432fbf5dbc305527bb503172525da13ffd90f;da5432fbf5;-;-;Thu Nov 19 15:23:56 2009 +0000;1258644236;-;-;Thu Nov 19 15:23:56 2009 +0000;1258644236
7b561c76fec87f936f608830ae8ac5553272a900;7b561c76fe;-;-;Thu Nov 19 15:22:44 2009 +0000;1258644164;-;-;Thu Nov 19 15:22:44 2009 +0000;1258644164
6c66406f7f041dbc5eed3117fec23d24b6961b50;6c66406f7f;-;-;Thu Nov 19 14:48:41 2009 +0000;1258642121;-;-;Thu Nov 19 14:48:41 2009 +0000;1258642121
08f9f8b8fb4d2fd09669cd61321468b9c5bbd4e4;08f9f8b8fb;-;-;Thu Nov 19 13:01:20 2009 +0000;1258635680;-;-;Thu Nov 19 13:01:20 2009 +0000;1258635680
3bfbcd727684ab7898a6923dfa6df850270a073f;3bfbcd7276;-;-;Thu Nov 19 09:11:19 2009 +0000;1258621879;-;-;Thu Nov 19 09:11:19 2009 +0000;1258621879
d85dc01e282d0e215cf6db0f8b45eb04eecf3eca;d85dc01e28;-;-;Thu Nov 19 09:10:51 2009 +0000;1258621851;-;-;Thu Nov 19 09:10:51 2009 +0000;1258621851
211e36c249c90031baebefd8c0655bfc7a7a2a71;211e36c249;-;-;Wed Nov 18 14:02:29 2009 +0000;1258552949;-;-;Wed Nov 18 14:02:29 2009 +0000;1258552949
7ac0e2ba02eb16fad4dc97236cbef2a1c8c6804c;7ac0e2ba02;-;-;Wed Nov 18 07:54:19 2009 +0000;1258530859;-;-;Wed Nov 18 07:54:19 2009 +0000;1258530859
66939ded0ffe646f417abe08a8a4e70167d6410e;66939ded0f;-;-;Tue Nov 17 09:53:10 2009 +0000;1258451590;-;-;Tue Nov 17 09:53:10 2009 +0000;1258451590
17887d24a1ad2db722b737b579ec131e57751695;17887d24a1;-;-;Tue Nov 17 08:36:37 2009 +0000;1258446997;-;-;Tue Nov 17 08:36:37 2009 +0000;1258446997
7519162e658acb98e79ca22465dfad1d2891c84b;7519162e65;-;-;Tue Nov 17 07:57:35 2009 +0000;1258444655;-;-;Tue Nov 17 07:57:35 2009 +0000;1258444655
3f65721ba855a4816e53286f2308c6efd4294322;3f65721ba8;-;-;Tue Nov 17 00:47:34 2009 +0000;1258418854;-;-;Tue Nov 17 00:47:34 2009 +0000;1258418854
222ae3366677e665c857d334ab84a6074b16cc14;222ae33666;-;-;Mon Nov 16 13:24:00 2009 +0000;1258377840;-;-;Mon Nov 16 13:24:00 2009 +0000;1258377840
35472300aeed02b4ef744587fe61adc4d41ac92a;35472300ae;-;-;Sun Nov 15 13:17:42 2009 +0000;1258291062;-;-;Sun Nov 15 13:17:42 2009 +0000;1258291062
35d4d7bbac2e3ae5fb3218c4b47e7d13c345e457;35d4d7bbac;-;-;Sun Nov 15 11:57:52 2009 +0000;1258286272;-;-;Sun Nov 15 11:57:52 2009 +0000;1258286272
efb2647978aafb85cf496dfeef7e5320d9bb6492;efb2647978;-;-;Sat Nov 14 09:04:24 2009 +0000;1258189464;-;-;Sat Nov 14 09:04:24 2009 +0000;1258189464
534f8a4705c232dbb9e64ce038b8e95d474ca2bf;534f8a4705;-;-;Sat Nov 14 09:02:03 2009 +0000;1258189323;-;-;Sat Nov 14 09:02:03 2009 +0000;1258189323
aac9107f6bafb1552dfd2032c7e75e0852558438;aac9107f6b;-;-;Sat Nov 14 05:44:46 2009 +0000;1258177486;-;-;Sat Nov 14 05:44:46 2009 +0000;1258177486
4877a0412c1939722980a1cf7bd10ab08bf49747;4877a0412c;-;-;Fri Nov 13 19:45:57 2009 +0000;1258141557;-;-;Fri Nov 13 19:45:57 2009 +0000;1258141557
95ad3c923a3e328a9bfbaa0a0ca2f394ba9c47b8;95ad3c923a;-;-;Fri Nov 13 17:32:33 2009 +0000;1258133553;-;-;Fri Nov 13 17:32:33 2009 +0000;1258133553
5008f7fdec785bcaf00de4052393e9ecf1e49fc8;5008f7fdec;-;-;Fri Nov 13 17:29:33 2009 +0000;1258133373;-;-;Fri Nov 13 17:29:33 2009 +0000;1258133373
ef02feed55428d7122994f0bf9411b2200456e90;ef02feed55;-;-;Fri Nov 13 17:18:13 2009 +0000;1258132693;-;-;Fri Nov 13 17:18:13 2009 +0000;1258132693
a0b71d867f926d60078331b620e883632bcdf1a4;a0b71d867f;-;-;Fri Nov 13 15:40:17 2009 +0000;1258126817;-;-;Fri Nov 13 15:40:17 2009 +0000;1258126817
fc2d8ba73f53f5cc4520851a1559bcaeb002f9b9;fc2d8ba73f;-;-;Fri Nov 13 07:48:33 2009 +0000;1258098513;-;-;Fri Nov 13 07:48:33 2009 +0000;1258098513
e8845c7ead81a0ff7ac0e1fce583fc188025fbbd;e8845c7ead;-;-;Fri Nov 13 02:04:22 2009 +0000;1258077862;-;-;Fri Nov 13 02:04:22 2009 +0000;1258077862
a5be9c5cf51222d546af6e2e2708533c00e421f6;a5be9c5cf5;-;-;Fri Nov 13 01:49:56 2009 +0000;1258076996;-;-;Fri Nov 13 01:49:56 2009 +0000;1258076996
58841f3c668c1a31da4810b0ecd57fb3bfd1d208;58841f3c66;-;-;Fri Nov 13 01:39:20 2009 +0000;1258076360;-;-;Fri Nov 13 01:39:20 2009 +0000;1258076360
130ef7948d991039380a48a027b0260ef89b9fdd;130ef7948d;-;-;Fri Nov 13 01:37:40 2009 +0000;1258076260;-;-;Fri Nov 13 01:37:40 2009 +0000;1258076260
60d2fdfcea4e46ded5760581bcc440aa7d1a01d6;60d2fdfcea;-;-;Fri Nov 13 01:27:54 2009 +0000;1258075674;-;-;Fri Nov 13 01:27:54 2009 +0000;1258075674
8be36fafefea62124b615fc6d5e83d018d9919c2;8be36fafef;-;-;Fri Nov 13 00:36:39 2009 +0000;1258072599;-;-;Fri Nov 13 00:36:39 2009 +0000;1258072599
4fb68bef043d5f8fd49c50a7197716169fa37bdc;4fb68bef04;-;-;Fri Nov 13 00:10:37 2009 +0000;1258071037;-;-;Fri Nov 13 00:10:37 2009 +0000;1258071037
56778110cdb9e6b39683284457bcec667902331f;56778110cd;-;-;Fri Nov 13 00:05:54 2009 +0000;1258070754;-;-;Fri Nov 13 00:05:54 2009 +0000;1258070754
4e35c59a20034285bf370d6e8752ff03298e1e3e;4e35c59a20;-;-;Thu Nov 12 22:43:22 2009 +0000;1258065802;-;-;Thu Nov 12 22:43:22 2009 +0000;1258065802
3361de38755e3eec3c1e2868fd23dda55145c739;3361de3875;-;-;Thu Nov 12 21:18:17 2009 +0000;1258060697;-;-;Thu Nov 12 21:18:17 2009 +0000;1258060697
61a8fa0ebd5bc4dbba37a99128627e193337cf3e;61a8fa0ebd;-;-;Thu Nov 12 20:56:21 2009 +0000;1258059381;-;-;Thu Nov 12 20:56:21 2009 +0000;1258059381
3faf28ebaf73c1067edadcbc3d1974c25dfca80a;3faf28ebaf;-;-;Thu Nov 12 20:51:00 2009 +0000;1258059060;-;-;Thu Nov 12 20:51:00 2009 +0000;1258059060
e27330ec5d4d80f305e2113a401ac36428f3e120;e27330ec5d;-;-;Thu Nov 12 20:47:48 2009 +0000;1258058868;-;-;Thu Nov 12 20:47:48 2009 +0000;1258058868
b88db7a594e86721f247dc89ee83732e35e6032c;b88db7a594;-;-;Thu Nov 12 19:39:39 2009 +0000;1258054779;-;-;Thu Nov 12 19:39:39 2009 +0000;1258054779
5491a63f2ecade5d1898ad9d6d9b66f8dad43c65;5491a63f2e;-;-;Thu Nov 12 19:11:46 2009 +0000;1258053106;-;-;Thu Nov 12 19:11:46 2009 +0000;1258053106
5ebdf110f59968ddc81c5a4a8c60a9d1c862f56d;5ebdf110f5;-;-;Thu Nov 12 18:23:09 2009 +0000;1258050189;-;-;Thu Nov 12 18:23:09 2009 +0000;1258050189
150c0adc7458fb570c8fbee8e066c05afba03331;150c0adc74;-;-;Thu Nov 12 17:55:41 2009 +0000;1258048541;-;-;Thu Nov 12 17:55:41 2009 +0000;1258048541
0e1b04d0829caa3a64ccab655c971312491f46ba;0e1b04d082;-;-;Thu Nov 12 17:47:34 2009 +0000;1258048054;-;-;Thu Nov 12 17:47:34 2009 +0000;1258048054
94aad0b537ae8c5a450c0eedd36ea59362644d4e;94aad0b537;-;-;Thu Nov 12 16:55:49 2009 +0000;1258044949;-;-;Thu Nov 12 16:55:49 2009 +0000;1258044949
4fe21b71a2caebf5fce664d98f77798653b01168;4fe21b71a2;-;-;Thu Nov 12 16:55:13 2009 +0000;1258044913;-;-;Thu Nov 12 16:55:13 2009 +0000;1258044913
afe87ea881e0c7502d3d145f77dc7ae1446def3a;afe87ea881;-;-;Thu Nov 12 16:53:06 2009 +0000;1258044786;-;-;Thu Nov 12 16:53:06 2009 +0000;1258044786
a6bba67bcadcd11b27692637bc70556321544fa0;a6bba67bca;-;-;Thu Nov 12 16:35:29 2009 +0000;1258043729;-;-;Thu Nov 12 16:35:29 2009 +0000;1258043729
1ddbfe0759751e1b44b8e1b85610416a88c0fb4b;1ddbfe0759;-;-;Thu Nov 12 16:22:42 2009 +0000;1258042962;-;-;Thu Nov 12 16:22:42 2009 +0000;1258042962
5d772554aeacc790a6ef18a079485ac0ccce4bde;5d772554ae;-;-;Thu Nov 12 16:22:42 2009 +0000;1258042962;-;-;Thu Nov 12 16:22:42 2009 +0000;1258042962
d66fd9843e77817a6dfb8d486a9b76dfbcc17f4e;d66fd9843e;-;-;Thu Nov 12 16:20:36 2009 +0000;1258042836;-;-;Thu Nov 12 16:20:36 2009 +0000;1258042836
bee051ece6bcbfebb831e5b7f98013be999798aa;bee051ece6;-;-;Thu Nov 12 16:09:08 2009 +0000;1258042148;-;-;Thu Nov 12 16:09:08 2009 +0000;1258042148
86934e2403126661c266fd7fd52103b4e942a06c;86934e2403;-;-;Thu Nov 12 15:25:32 2009 +0000;1258039532;-;-;Thu Nov 12 15:25:32 2009 +0000;1258039532
747300f34ce80dca644b82d314b8ebb727b4882e;747300f34c;-;-;Thu Nov 12 15:15:36 2009 +0000;1258038936;-;-;Thu Nov 12 15:15:36 2009 +0000;1258038936
9d59db79440474be91fed8d163cb6865e80f9fde;9d59db7944;-;-;Thu Nov 12 14:25:14 2009 +0000;1258035914;-;-;Thu Nov 12 14:25:14 2009 +0000;1258035914
f595b67618487b930a1869d5d86b15171743f578;f595b67618;-;-;Thu Nov 12 14:10:35 2009 +0000;1258035035;-;-;Thu Nov 12 14:10:35 2009 +0000;1258035035
613b4d182b23b474db4e43257cf75ef8454e6bdf;613b4d182b;-;-;Thu Nov 12 13:42:07 2009 +0000;1258033327;-;-;Thu Nov 12 13:42:07 2009 +0000;1258033327
6ee17d28267ad387c1cee5eb853a493e242ceeaa;6ee17d2826;-;-;Thu Nov 12 13:10:10 2009 +0000;1258031410;-;-;Thu Nov 12 13:10:10 2009 +0000;1258031410
568e6a3b3889a75a8c2d03795f39b88b77975d4c;568e6a3b38;-;-;Thu Nov 12 11:20:51 2009 +0000;1258024851;-;-;Thu Nov 12 11:20:51 2009 +0000;1258024851
38f138385350ef3bd64ffcf5ace561131766eb0f;38f1383853;-;-;Thu Nov 12 11:07:15 2009 +0000;1258024035;-;-;Thu Nov 12 11:07:15 2009 +0000;1258024035
7685b516f1b4d7a9d3355f63497c4f9179e2efe7;7685b516f1;-;-;Thu Nov 12 07:55:02 2009 +0000;1258012502;-;-;Thu Nov 12 07:55:02 2009 +0000;1258012502
ac551f756d3c0668965816d41c938b2c877712fc;ac551f756d;-;-;Thu Nov 12 07:50:46 2009 +0000;1258012246;-;-;Thu Nov 12 07:50:46 2009 +0000;1258012246
b53f180c143b1c9fd8f8d4ad3d7a3392464dbbf5;b53f180c14;-;-;Thu Nov 12 07:34:50 2009 +0000;1258011290;-;-;Thu Nov 12 07:34:50 2009 +0000;1258011290
2eff486b364b7c3f73cd8617289daaa3c97027a2;2eff486b36;-;-;Thu Nov 12 07:34:02 2009 +0000;1258011242;-;-;Thu Nov 12 07:34:02 2009 +0000;1258011242
a2d19f1a2de61430387b7d5fca1dd915f6fbb5eb;a2d19f1a2d;-;-;Thu Nov 12 07:33:29 2009 +0000;1258011209;-;-;Thu Nov 12 07:33:29 2009 +0000;1258011209
9f07b151853f21bc363340fd3056ec14118a1e89;9f07b15185;-;-;Thu Nov 12 07:29:52 2009 +0000;1258010992;-;-;Thu Nov 12 07:29:52 2009 +0000;1258010992
2e12907fe41cc07dc0c705000cd5a83fcaf71866;2e12907fe4;-;-;Thu Nov 12 07:28:24 2009 +0000;1258010904;-;-;Thu Nov 12 07:28:24 2009 +0000;1258010904
fefaf123e64d956d279eb177727c75718e062fa7;fefaf123e6;-;-;Thu Nov 12 07:15:24 2009 +0000;1258010124;-;-;Thu Nov 12 07:15:24 2009 +0000;1258010124
7e90e7a4d5ee1b3368db2b529f7f83b360e8e06f;7e90e7a4d5;-;-;Thu Nov 12 07:13:00 2009 +0000;1258009980;-;-;Thu Nov 12 07:13:00 2009 +0000;1258009980
eee2a2115a8364254ff17eade660c8b6203d229a;eee2a2115a;-;-;Thu Nov 12 07:11:08 2009 +0000;1258009868;-;-;Thu Nov 12 07:11:08 2009 +0000;1258009868
70fe75384d9e387de6ae7abf1d513ed9e4cfc03a;70fe75384d;-;-;Thu Nov 12 06:57:51 2009 +0000;1258009071;-;-;Thu Nov 12 06:57:51 2009 +0000;1258009071
c58378603a15815c4bda75a9c2af0bf837f358e9;c58378603a;-;-;Thu Nov 12 06:22:35 2009 +0000;1258006955;-;-;Thu Nov 12 06:22:35 2009 +0000;1258006955
b163f123ce7fb288ebc5f8cad8b2023f1ca4f587;b163f123ce;-;-;Thu Nov 12 05:25:03 2009 +0000;1258003503;-;-;Thu Nov 12 05:25:03 2009 +0000;1258003503
b5cda8db7b27a1497b4e5fed1727af5ddceae414;b5cda8db7b;-;-;Thu Nov 12 03:54:19 2009 +0000;1257998059;-;-;Thu Nov 12 03:54:19 2009 +0000;1257998059
3cdb942cbe7aaedb89d5f87d311ed10544440293;3cdb942cbe;-;-;Thu Nov 12 03:53:59 2009 +0000;1257998039;-;-;Thu Nov 12 03:53:59 2009 +0000;1257998039
6ef9c2d7101d26d84dac4d670bb587deb868fb39;6ef9c2d710;-;-;Thu Nov 12 02:36:53 2009 +0000;1257993413;-;-;Thu Nov 12 02:36:53 2009 +0000;1257993413
e52e4c5717d40e7a895416a1c3053cf2c148f06d;e52e4c5717;-;-;Thu Nov 12 02:31:50 2009 +0000;1257993110;-;-;Thu Nov 12 02:31:50 2009 +0000;1257993110
c495cbb1bfdce46a946e753d4682c312ae32df9c;c495cbb1bf;-;-;Thu Nov 12 02:30:12 2009 +0000;1257993012;-;-;Thu Nov 12 02:30:12 2009 +0000;1257993012
4e321b1a3c27d16e701dd9cc340e762b766f185d;4e321b1a3c;-;-;Thu Nov 12 02:29:08 2009 +0000;1257992948;-;-;Thu Nov 12 02:29:08 2009 +0000;1257992948
1dc1d5ef9a74a84838a1258f2d255a2268bcc47c;1dc1d5ef9a;-;-;Thu Nov 12 02:28:42 2009 +0000;1257992922;-;-;Thu Nov 12 02:28:42 2009 +0000;1257992922
155f6b1aa1efe03c428e90b40dde21c76f8b6c67;155f6b1aa1;-;-;Thu Nov 12 02:27:31 2009 +0000;1257992851;-;-;Thu Nov 12 02:27:31 2009 +0000;1257992851
1c839dbe9c6d78f4dd962ad40ede569336c7c13c;1c839dbe9c;-;-;Thu Nov 12 02:14:01 2009 +0000;1257992041;-;-;Thu Nov 12 02:14:01 2009 +0000;1257992041
08323346482662d61d89a23df3f39e5bf97ed60a;0832334648;-;-;Thu Nov 12 02:11:12 2009 +0000;1257991872;-;-;Thu Nov 12 02:11:12 2009 +0000;1257991872
a884a407aa8a7d3c930dd560e4c03fc371f673e4;a884a407aa;-;-;Thu Nov 12 02:10:59 2009 +0000;1257991859;-;-;Thu Nov 12 02:10:59 2009 +0000;1257991859
fcaf692225b79db08f4359680ae9b5a6d4910554;fcaf692225;-;-;Thu Nov 12 02:10:44 2009 +0000;1257991844;-;-;Thu Nov 12 02:10:44 2009 +0000;1257991844
535ec5cffd5808c8aff3e485e28c3ef1b265caf4;535ec5cffd;-;-;Thu Nov 12 02:09:44 2009 +0000;1257991784;-;-;Thu Nov 12 02:09:44 2009 +0000;1257991784
d666f0a7d6a88858eb63e0ae02fb31749b4d7fce;d666f0a7d6;-;-;Thu Nov 12 01:59:15 2009 +0000;1257991155;-;-;Thu Nov 12 01:59:15 2009 +0000;1257991155
7428014ca3278eb0b4dd301783310df47fe3bd8d;7428014ca3;-;-;Thu Nov 12 01:43:34 2009 +0000;1257990214;-;-;Thu Nov 12 01:43:34 2009 +0000;1257990214
190aee17d85a710c4fe1329b2859db6facbb64f9;190aee17d8;-;-;Thu Nov 12 01:28:32 2009 +0000;1257989312;-;-;Thu Nov 12 01:28:32 2009 +0000;1257989312
846c7f60003d4d7912e6a5b9fb54c8e1f26a263e;846c7f6000;-;-;Thu Nov 12 01:25:39 2009 +0000;1257989139;-;-;Thu Nov 12 01:25:39 2009 +0000;1257989139
d0b689127595179019831b1f117fed8b9a74c396;d0b6891275;-;-;Thu Nov 12 00:09:05 2009 +0000;1257984545;-;-;Thu Nov 12 00:09:05 2009 +0000;1257984545
4a25e2dde0adf856114d8112330f167eac769e89;4a25e2dde0;-;-;Wed Nov 11 23:27:34 2009 +0000;1257982054;-;-;Wed Nov 11 23:27:34 2009 +0000;1257982054
e97c2bd7e9ded9b996e944b8a4355a3d2c9ca8d9;e97c2bd7e9;-;-;Wed Nov 11 23:10:04 2009 +0000;1257981004;-;-;Wed Nov 11 23:10:04 2009 +0000;1257981004
48cfb73f159375f2a8a68b6da261e1521ecc45d7;48cfb73f15;-;-;Wed Nov 11 23:04:21 2009 +0000;1257980661;-;-;Wed Nov 11 23:04:21 2009 +0000;1257980661
5f9ec55512cc69a7292bbd37b98b880f74fff6ad;5f9ec55512;-;-;Wed Nov 11 23:04:09 2009 +0000;1257980649;-;-;Wed Nov 11 23:04:09 2009 +0000;1257980649
035a2beaf5ce8d3d5b29e5545f95e1142a4f87ed;035a2beaf5;-;-;Wed Nov 11 22:39:35 2009 +0000;1257979175;-;-;Wed Nov 11 22:39:35 2009 +0000;1257979175
a90bf29765358e6e2d023649c24aba7a73fc4d8a;a90bf29765;-;-;Wed Nov 11 22:37:59 2009 +0000;1257979079;-;-;Wed Nov 11 22:37:59 2009 +0000;1257979079
d45f9df3c4f98dcc64b7eee67f1d3827a6fef7e1;d45f9df3c4;-;-;Wed Nov 11 21:46:00 2009 +0000;1257975960;-;-;Wed Nov 11 21:46:00 2009 +0000;1257975960
7a10b7530eb9880cd40bd7b31dc8f4f3bd2d2984;7a10b7530e;-;-;Wed Nov 11 21:44:36 2009 +0000;1257975876;-;-;Wed Nov 11 21:44:36 2009 +0000;1257975876
d6bab3b674a955cf145166417232c97bac48c66a;d6bab3b674;-;-;Wed Nov 11 21:19:20 2009 +0000;1257974360;-;-;Wed Nov 11 21:19:20 2009 +0000;1257974360
f8dd5fb5dce13e7bd3bd17faa1f37460aa35b23e;f8dd5fb5dc;-;-;Wed Nov 11 21:14:25 2009 +0000;1257974065;-;-;Wed Nov 11 21:14:25 2009 +0000;1257974065
14495315a2f152031ef13142fd2dd82ac8f8c93a;14495315a2;-;-;Wed Nov 11 21:08:32 2009 +0000;1257973712;-;-;Wed Nov 11 21:08:32 2009 +0000;1257973712
2415ec77f86226dcd73bbb00a745b2e8d592be03;2415ec77f8;-;-;Wed Nov 11 20:46:36 2009 +0000;1257972396;-;-;Wed Nov 11 20:46:36 2009 +0000;1257972396
2aac0aace4b175b86592adc0b3d3fb610f8cff3e;2aac0aace4;-;-;Wed Nov 11 20:44:32 2009 +0000;1257972272;-;-;Wed Nov 11 20:44:32 2009 +0000;1257972272
a8058193603a4f2793937386d3a139281b7c51f7;a805819360;-;-;Wed Nov 11 19:47:31 2009 +0000;1257968851;-;-;Wed Nov 11 19:47:31 2009 +0000;1257968851
022b8b4d1f19ca693420586d0e579e25f620b6e3;022b8b4d1f;-;-;Wed Nov 11 19:42:12 2009 +0000;1257968532;-;-;Wed Nov 11 19:42:12 2009 +0000;1257968532
5aefb2ce77016400efec032b434d8717c0dc3db7;5aefb2ce77;-;-;Wed Nov 11 19:41:13 2009 +0000;1257968473;-;-;Wed Nov 11 19:41:13 2009 +0000;1257968473
a06adf7203a5f95fc77aab58fb1ef39f3e2251b7;a06adf7203;-;-;Wed Nov 11 19:24:43 2009 +0000;1257967483;-;-;Wed Nov 11 19:24:43 2009 +0000;1257967483
bbd7fb3969b7fd93c814380209d8f28e2a9c6714;bbd7fb3969;-;-;Wed Nov 11 19:11:41 2009 +0000;1257966701;-;-;Wed Nov 11 19:11:41 2009 +0000;1257966701
afdb96ab2c7d188a301be782177a4a2c14fe4dc5;afdb96ab2c;-;-;Wed Nov 11 19:04:21 2009 +0000;1257966261;-;-;Wed Nov 11 19:04:21 2009 +0000;1257966261
6f8eb57dfa6f0d6b719e67ddba87339aa6a65077;6f8eb57dfa;-;-;Wed Nov 11 19:02:57 2009 +0000;1257966177;-;-;Wed Nov 11 19:02:57 2009 +0000;1257966177
35944af7e165c9a472b4ac7bee59114b3e8beeb8;35944af7e1;-;-;Wed Nov 11 19:00:52 2009 +0000;1257966052;-;-;Wed Nov 11 19:00:52 2009 +0000;1257966052
522bb6ee56b63f7f40f182f55bd59741b2eac40b;522bb6ee56;-;-;Wed Nov 11 18:57:52 2009 +0000;1257965872;-;-;Wed Nov 11 18:57:52 2009 +0000;1257965872
7e63df9ea88f9a7c9fbc06367794c45a41e1adf6;7e63df9ea8;-;-;Wed Nov 11 18:53:28 2009 +0000;1257965608;-;-;Wed Nov 11 18:53:28 2009 +0000;1257965608
b56a47da97dcc1e5e5faf650024ad21e371f7cce;b56a47da97;-;-;Wed Nov 11 18:53:02 2009 +0000;1257965582;-;-;Wed Nov 11 18:53:02 2009 +0000;1257965582
bfffb5125734694e791b888f472ac62b703387d5;bfffb51257;-;-;Wed Nov 11 18:19:47 2009 +0000;1257963587;-;-;Wed Nov 11 18:19:47 2009 +0000;1257963587
d46c1f600a97e41307e96225223d780b0e9c49f7;d46c1f600a;-;-;Wed Nov 11 18:19:16 2009 +0000;1257963556;-;-;Wed Nov 11 18:19:16 2009 +0000;1257963556
2b962e7730f6f188ee8e4a0bf98bd98b4980cf75;2b962e7730;-;-;Wed Nov 11 18:16:41 2009 +0000;1257963401;-;-;Wed Nov 11 18:16:41 2009 +0000;1257963401
68f57aa953015d3145efa2bacdeff97e2448ee88;68f57aa953;-;-;Wed Nov 11 16:39:20 2009 +0000;1257957560;-;-;Wed Nov 11 16:39:20 2009 +0000;1257957560
7844a633b52ea6f22e78643f92c28e9a15b25611;7844a633b5;-;-;Wed Nov 11 16:29:31 2009 +0000;1257956971;-;-;Wed Nov 11 16:29:31 2009 +0000;1257956971
f38b8975c5afe7aec7a4e620fb4c26dc60748374;f38b8975c5;-;-;Wed Nov 11 16:25:34 2009 +0000;1257956734;-;-;Wed Nov 11 16:25:34 2009 +0000;1257956734
fdabfefe32ee33b85120654b4f10d81b9f3b933d;fdabfefe32;-;-;Wed Nov 11 15:51:43 2009 +0000;1257954703;-;-;Wed Nov 11 15:51:43 2009 +0000;1257954703
a725717261c347366e5bc36d95ade9b3ec0109a9;a725717261;-;-;Wed Nov 11 15:43:57 2009 +0000;1257954237;-;-;Wed Nov 11 15:43:57 2009 +0000;1257954237
cb8b603bdfe6ad62200dc2767b68f3755b2bbff0;cb8b603bdf;-;-;Wed Nov 11 15:42:53 2009 +0000;1257954173;-;-;Wed Nov 11 15:42:53 2009 +0000;1257954173
e690bf0c62f6ac5620691827306249c396aba226;e690bf0c62;-;-;Wed Nov 11 15:28:29 2009 +0000;1257953309;-;-;Wed Nov 11 15:28:29 2009 +0000;1257953309
6f3dfe13d06c6b2c5374c3bcd75241221f13b93b;6f3dfe13d0;-;-;Wed Nov 11 15:26:08 2009 +0000;1257953168;-;-;Wed Nov 11 15:26:08 2009 +0000;1257953168
89d997a5bcc396d1bf666ccc8d7b11e092e32b75;89d997a5bc;-;-;Wed Nov 11 14:03:09 2009 +0000;1257948189;-;-;Wed Nov 11 14:03:09 2009 +0000;1257948189
2663ab99757a59a1260b6de3e8b925d179bf5c7e;2663ab9975;-;-;Wed Nov 11 01:38:26 2009 +0000;1257903506;-;-;Wed Nov 11 01:38:26 2009 +0000;1257903506
ee553f7804c9cc2ac89b963bcff58974503c20fe;ee553f7804;-;-;Wed Nov 11 00:48:30 2009 +0000;1257900510;-;-;Wed Nov 11 00:48:30 2009 +0000;1257900510
81efd48352d0fade47e40e8a9c8cf49d4ee269b5;81efd48352;-;-;Tue Nov 10 23:25:29 2009 +0000;1257895529;-;-;Tue Nov 10 23:25:29 2009 +0000;1257895529
7d2b3f2e7e2fb7fe4d5f7b83649347f7cd9ee8da;7d2b3f2e7e;-;-;Tue Nov 10 23:14:54 2009 +0000;1257894894;-;-;Tue Nov 10 23:14:54 2009 +0000;1257894894
36e00054b65c9ec258a5988bec61a188ba47f2bc;36e00054b6;-;-;Tue Nov 10 20:46:06 2009 +0000;1257885966;-;-;Tue Nov 10 20:46:06 2009 +0000;1257885966
417939774cd7ad2e9e8fc5d87ebc05bb194409e7;417939774c;-;-;Tue Nov 10 20:43:49 2009 +0000;1257885829;-;-;Tue Nov 10 20:43:49 2009 +0000;1257885829
04dee9ab762d7e9378e339eac0866d586372d73c;04dee9ab76;-;-;Tue Nov 10 20:43:10 2009 +0000;1257885790;-;-;Tue Nov 10 20:43:10 2009 +0000;1257885790
17bbdfc13fe84437bc464341171cad9625aea10d;17bbdfc13f;-;-;Tue Nov 10 20:42:33 2009 +0000;1257885753;-;-;Tue Nov 10 20:42:33 2009 +0000;1257885753
4b76cdd1a3c0ba635d7735eef59787d24f55056f;4b76cdd1a3;-;-;Tue Nov 10 20:34:59 2009 +0000;1257885299;-;-;Tue Nov 10 20:34:59 2009 +0000;1257885299
ae3e0c0bda8080832f7411368d94df89fa6803fc;ae3e0c0bda;-;-;Tue Nov 10 20:26:49 2009 +0000;1257884809;-;-;Tue Nov 10 20:26:49 2009 +0000;1257884809
1bb007c321635cd93f8c1bdc80df7a462a48f26a;1bb007c321;-;-;Tue Nov 10 19:15:32 2009 +0000;1257880532;-;-;Tue Nov 10 19:15:32 2009 +0000;1257880532
4a5a2b18aca8e60228dfb4507fc7aa540ff64727;4a5a2b18ac;-;-;Tue Nov 10 19:03:17 2009 +0000;1257879797;-;-;Tue Nov 10 19:03:17 2009 +0000;1257879797
d293c2248c1be2b4c0283c5d1161f0fb8c713fcc;d293c2248c;-;-;Tue Nov 10 18:44:56 2009 +0000;1257878696;-;-;Tue Nov 10 18:44:56 2009 +0000;1257878696
f91d44691ec4a7dbeea6459786aecd60348a0032;f91d44691e;-;-;Tue Nov 10 16:19:03 2009 +0000;1257869943;-;-;Tue Nov 10 16:19:03 2009 +0000;1257869943
edf331b5a6d9a0b0d892f9538505c65e824e5dbb;edf331b5a6;-;-;Tue Nov 10 14:29:30 2009 +0000;1257863370;-;-;Tue Nov 10 14:29:30 2009 +0000;1257863370
d5fd22c8fe1e8436d7093bd0e51f26fba24c7d48;d5fd22c8fe;-;-;Tue Nov 10 12:59:50 2009 +0000;1257857990;-;-;Tue Nov 10 12:59:50 2009 +0000;1257857990
a15a9600b76c6fe9950f718cfe37c0d6e33f2711;a15a9600b7;-;-;Tue Nov 10 04:52:56 2009 +0000;1257828776;-;-;Tue Nov 10 04:52:56 2009 +0000;1257828776
a7c1f6b730dec82f4d8ae381c283b3ec096b9283;a7c1f6b730;-;-;Tue Nov 10 04:49:13 2009 +0000;1257828553;-;-;Tue Nov 10 04:49:13 2009 +0000;1257828553
91dd752e7133631da956f52316af1a672229bd25;91dd752e71;-;-;Tue Nov 10 04:32:48 2009 +0000;1257827568;-;-;Tue Nov 10 04:32:48 2009 +0000;1257827568
5b088f5cb43eee10340826a744f20edf19c9bcab;5b088f5cb4;-;-;Tue Nov 10 04:00:42 2009 +0000;1257825642;-;-;Tue Nov 10 04:00:42 2009 +0000;1257825642
566516b89a73bf1ee15d17df1f247afa723dfa2e;566516b89a;-;-;Mon Nov 9 21:59:59 2009 +0000;1257803999;-;-;Mon Nov 9 21:59:59 2009 +0000;1257803999
835b958911d064840af5b6c549e3de54ba377e81;835b958911;-;-;Mon Nov 9 21:10:51 2009 +0000;1257801051;-;-;Mon Nov 9 21:10:51 2009 +0000;1257801051
6f4112af80540690f651f6e8b5044f48b1f9c17a;6f4112af80;-;-;Mon Nov 9 21:07:41 2009 +0000;1257800861;-;-;Mon Nov 9 21:07:41 2009 +0000;1257800861
7ed6c164b6c8b5c6de8304ed18dbacb084039843;7ed6c164b6;-;-;Mon Nov 9 20:25:03 2009 +0000;1257798303;-;-;Mon Nov 9 20:25:03 2009 +0000;1257798303
90f8e5dcf85051604cb46ad148ebf502a360bcbe;90f8e5dcf8;-;-;Mon Nov 9 19:59:27 2009 +0000;1257796767;-;-;Mon Nov 9 19:59:27 2009 +0000;1257796767
c3bf658058dbd6603658c77fdf31b9995b16f3b3;c3bf658058;-;-;Mon Nov 9 19:11:41 2009 +0000;1257793901;-;-;Mon Nov 9 19:11:41 2009 +0000;1257793901
af0a529bb509ce8284fd62b4caca946a0cc24a9a;af0a529bb5;-;-;Mon Nov 9 18:27:10 2009 +0000;1257791230;-;-;Mon Nov 9 18:27:10 2009 +0000;1257791230
bcc6413ef75b563e93bf815153babe730da64918;bcc6413ef7;-;-;Mon Nov 9 15:59:08 2009 +0000;1257782348;-;-;Mon Nov 9 15:59:08 2009 +0000;1257782348
077055c8f2121c9d9f649b417a20991b32321e89;077055c8f2;-;-;Mon Nov 9 12:15:17 2009 +0000;1257768917;-;-;Mon Nov 9 12:15:17 2009 +0000;1257768917
24a9ecd4a30c66c6f3441594505fcd9b477177b6;24a9ecd4a3;-;-;Mon Nov 9 12:02:42 2009 +0000;1257768162;-;-;Mon Nov 9 12:02:42 2009 +0000;1257768162
9a111e504fcf5744347914776f70d6969796df96;9a111e504f;-;-;Mon Nov 9 11:51:30 2009 +0000;1257767490;-;-;Mon Nov 9 11:51:30 2009 +0000;1257767490
7ec9f1506a3d93a5dacc66c00aec5ca6943a5ae7;7ec9f1506a;-;-;Mon Nov 9 09:15:49 2009 +0000;1257758149;-;-;Mon Nov 9 09:15:49 2009 +0000;1257758149
2cc6155dec638efcbb91b97c3ecd62c4d61d2aa3;2cc6155dec;-;-;Sun Nov 8 14:27:47 2009 +0000;1257690467;-;-;Sun Nov 8 14:27:47 2009 +0000;1257690467
076b912f0590aa3ef334f8b281f7af1db4ea99a1;076b912f05;-;-;Sat Nov 7 19:46:46 2009 +0000;1257623206;-;-;Sat Nov 7 19:46:46 2009 +0000;1257623206
46aabf0b65105d49218289b7d442e83aa81595a6;46aabf0b65;-;-;Sat Nov 7 03:53:58 2009 +0000;1257566038;-;-;Sat Nov 7 03:53:58 2009 +0000;1257566038
7bd34a6cb10d388cd5ea2bd6b14ac45bc9a10eae;7bd34a6cb1;-;-;Sat Nov 7 03:53:38 2009 +0000;1257566018;-;-;Sat Nov 7 03:53:38 2009 +0000;1257566018
2922b1fcb9c015da7b746bfb8323f9ba778dae92;2922b1fcb9;-;-;Sat Nov 7 01:32:31 2009 +0000;1257557551;-;-;Sat Nov 7 01:32:31 2009 +0000;1257557551
15777818c4b64e68b7372bf88d806f962eb9afef;15777818c4;-;-;Sat Nov 7 01:32:18 2009 +0000;1257557538;-;-;Sat Nov 7 01:32:18 2009 +0000;1257557538
2a0b3cf3c9e6e2e1c52d1c0b33c19065118c1a1c;2a0b3cf3c9;-;-;Sat Nov 7 01:30:50 2009 +0000;1257557450;-;-;Sat Nov 7 01:30:50 2009 +0000;1257557450
205b5a477b32ce5cbc7b52b18d64d2629f8cd343;205b5a477b;-;-;Sat Nov 7 01:29:50 2009 +0000;1257557390;-;-;Sat Nov 7 01:29:50 2009 +0000;1257557390
4e233047c805b56c4e101f5fcce97b4d66c29234;4e233047c8;-;-;Sat Nov 7 01:16:40 2009 +0000;1257556600;-;-;Sat Nov 7 01:16:40 2009 +0000;1257556600
b321376703ce0621fab9f61beff842cf2b411160;b321376703;-;-;Sat Nov 7 01:11:53 2009 +0000;1257556313;-;-;Sat Nov 7 01:11:53 2009 +0000;1257556313
a62068461fb5fdfbd740a61a5cb8a0b972f98fda;a62068461f;-;-;Sat Nov 7 01:09:02 2009 +0000;1257556142;-;-;Sat Nov 7 01:09:02 2009 +0000;1257556142
fe4f41d33cb517d58c07f8a0cdedbefa335706da;fe4f41d33c;-;-;Sat Nov 7 00:41:08 2009 +0000;1257554468;-;-;Sat Nov 7 00:41:08 2009 +0000;1257554468
8ece98c6942000d9922ab2c3e27c1ecf188a78f0;8ece98c694;-;-;Sat Nov 7 00:40:50 2009 +0000;1257554450;-;-;Sat Nov 7 00:40:50 2009 +0000;1257554450
0a4463fb71e6901a943a5bafc9d1957da2229333;0a4463fb71;-;-;Sat Nov 7 00:32:40 2009 +0000;1257553960;-;-;Sat Nov 7 00:32:40 2009 +0000;1257553960
20ec13ded5f35460c7a75b15abeb34d8e587c3f9;20ec13ded5;-;-;Fri Nov 6 23:15:35 2009 +0000;1257549335;-;-;Fri Nov 6 23:15:35 2009 +0000;1257549335
ca0b590bb949e6cb4c669cbce61a6a9916a3ac79;ca0b590bb9;-;-;Fri Nov 6 23:13:15 2009 +0000;1257549195;-;-;Fri Nov 6 23:13:15 2009 +0000;1257549195
6494041849c58a99eba644649b5abf5fa4c7c5e0;6494041849;-;-;Fri Nov 6 16:42:14 2009 +0000;1257525734;-;-;Fri Nov 6 16:42:14 2009 +0000;1257525734
ee15bbb494f5d48f0496240c191686ce52c95d55;ee15bbb494;-;-;Fri Nov 6 15:38:08 2009 +0000;1257521888;-;-;Fri Nov 6 15:38:08 2009 +0000;1257521888
d96bea9f6a73abff1be0c4665be29f362d62f477;d96bea9f6a;-;-;Fri Nov 6 15:24:12 2009 +0000;1257521052;-;-;Fri Nov 6 15:24:12 2009 +0000;1257521052
d415d3619230217f926ca66df0ff35718ce06aad;d415d36192;-;-;Fri Nov 6 11:52:53 2009 +0000;1257508373;-;-;Fri Nov 6 11:52:53 2009 +0000;1257508373
91297d98636fee4c4e84fc720e6073e70127c62e;91297d9863;-;-;Thu Nov 5 23:41:01 2009 +0000;1257464461;-;-;Thu Nov 5 23:41:01 2009 +0000;1257464461
40720ab0f150ca8e27eb96b015c09276005e1ea7;40720ab0f1;-;-;Thu Nov 5 22:05:52 2009 +0000;1257458752;-;-;Thu Nov 5 22:05:52 2009 +0000;1257458752
389ad03e84d33194addb2e50d7b0ccce36ddf918;389ad03e84;-;-;Thu Nov 5 21:49:46 2009 +0000;1257457786;-;-;Thu Nov 5 21:49:46 2009 +0000;1257457786
733be4f4008dcd0c73ea0822140218cbda871b71;733be4f400;-;-;Thu Nov 5 21:49:21 2009 +0000;1257457761;-;-;Thu Nov 5 21:49:21 2009 +0000;1257457761
fed96f85ae9c056af430fe9d9d2c11a2a7292e0f;fed96f85ae;-;-;Thu Nov 5 19:17:53 2009 +0000;1257448673;-;-;Thu Nov 5 19:17:53 2009 +0000;1257448673
b6ec4e30d9438b04e37330bf0151c4240204b8fc;b6ec4e30d9;-;-;Thu Nov 5 17:48:54 2009 +0000;1257443334;-;-;Thu Nov 5 17:48:54 2009 +0000;1257443334
d65454175d09c811c1572e4593df0c30a71926c9;d65454175d;-;-;Thu Nov 5 17:18:54 2009 +0000;1257441534;-;-;Thu Nov 5 17:18:54 2009 +0000;1257441534
8de34c6fa7b2e6494b42b6f6a75c7ee10f6d73ed;8de34c6fa7;-;-;Thu Nov 5 15:42:24 2009 +0000;1257435744;-;-;Thu Nov 5 15:42:24 2009 +0000;1257435744
a62b413be4f69566fdcf52e804cbb5d955d8562a;a62b413be4;-;-;Thu Nov 5 15:21:22 2009 +0000;1257434482;-;-;Thu Nov 5 15:21:22 2009 +0000;1257434482
f0de1c3069aea81a529555e5045ab44f553f586c;f0de1c3069;-;-;Thu Nov 5 14:52:57 2009 +0000;1257432777;-;-;Thu Nov 5 14:52:57 2009 +0000;1257432777
c812cd370bcd13b3d9057891bc44f73aa17ee0ae;c812cd370b;-;-;Thu Nov 5 13:44:52 2009 +0000;1257428692;-;-;Thu Nov 5 13:44:52 2009 +0000;1257428692
db252cd0af9dfeb62c9a000372f6a13488b3009e;db252cd0af;-;-;Thu Nov 5 13:32:14 2009 +0000;1257427934;-;-;Thu Nov 5 13:32:14 2009 +0000;1257427934
f1075c7b049bea41e5cb241ccbc9eccde524c04e;f1075c7b04;-;-;Thu Nov 5 10:17:37 2009 +0000;1257416257;-;-;Thu Nov 5 10:17:37 2009 +0000;1257416257
bc4d52a7e3067641b71fcfd79795fda8c7b12650;bc4d52a7e3;-;-;Thu Nov 5 05:24:50 2009 +0000;1257398690;-;-;Thu Nov 5 05:24:50 2009 +0000;1257398690
2405848c4ccb0f35d65b7e14d7df8c54660e6343;2405848c4c;-;-;Thu Nov 5 05:21:19 2009 +0000;1257398479;-;-;Thu Nov 5 05:21:19 2009 +0000;1257398479
ba0f1da96f3750b8ddae3dedd3203c66984ca967;ba0f1da96f;-;-;Thu Nov 5 05:19:27 2009 +0000;1257398367;-;-;Thu Nov 5 05:19:27 2009 +0000;1257398367
8a15486de3b61b293391af50402d92fa1734abec;8a15486de3;-;-;Wed Nov 4 23:12:24 2009 +0000;1257376344;-;-;Wed Nov 4 23:12:24 2009 +0000;1257376344
ff39bc376f2e618aabb28973252e6a42fbe02fb1;ff39bc376f;-;-;Wed Nov 4 23:02:10 2009 +0000;1257375730;-;-;Wed Nov 4 23:02:10 2009 +0000;1257375730
9ec337b736cb0dc1b087f1070fff34e11b8ccd08;9ec337b736;-;-;Wed Nov 4 22:53:26 2009 +0000;1257375206;-;-;Wed Nov 4 22:53:26 2009 +0000;1257375206
791832789d35f344497b696299891e213516cb11;791832789d;-;-;Wed Nov 4 17:38:17 2009 +0000;1257356297;-;-;Wed Nov 4 17:38:17 2009 +0000;1257356297
0df1bac33c64013163c13b748ce085cd48d7828b;0df1bac33c;-;-;Wed Nov 4 17:33:09 2009 +0000;1257355989;-;-;Wed Nov 4 17:33:09 2009 +0000;1257355989
9fdd11c89c3f4a44d704db1eac6d7703cf561558;9fdd11c89c;-;-;Wed Nov 4 17:25:37 2009 +0000;1257355537;-;-;Wed Nov 4 17:25:37 2009 +0000;1257355537
6d020502b97a9c5d98102719ecabdce6438b909e;6d020502b9;-;-;Wed Nov 4 17:23:31 2009 +0000;1257355411;-;-;Wed Nov 4 17:23:31 2009 +0000;1257355411
53f3d0b755d16e0a58dc2353d3380bf7076e1822;53f3d0b755;-;-;Wed Nov 4 17:22:09 2009 +0000;1257355329;-;-;Wed Nov 4 17:22:09 2009 +0000;1257355329
374ea0502832aad5d2d4d361e286b16c3278b7d6;374ea05028;-;-;Wed Nov 4 17:08:51 2009 +0000;1257354531;-;-;Wed Nov 4 17:08:51 2009 +0000;1257354531
ffbfa2992ce809cd3273c90334340741a006b4a5;ffbfa2992c;-;-;Wed Nov 4 17:07:25 2009 +0000;1257354445;-;-;Wed Nov 4 17:07:25 2009 +0000;1257354445
0a78287a8f0c0e80481fdaa586e9341d95f0a79e;0a78287a8f;-;-;Wed Nov 4 00:08:47 2009 +0000;1257293327;-;-;Wed Nov 4 00:08:47 2009 +0000;1257293327
2e4fa28ca6ffeb9f6a50b4f642065fc5741854ac;2e4fa28ca6;-;-;Tue Nov 3 23:19:26 2009 +0000;1257290366;-;-;Tue Nov 3 23:19:26 2009 +0000;1257290366
f1d012bffa826550a18a64d6015d610ef30a6da6;f1d012bffa;-;-;Tue Nov 3 23:05:41 2009 +0000;1257289541;-;-;Tue Nov 3 23:05:41 2009 +0000;1257289541
6c80dbaa9e58b3eec45968d6a439585bfbbcf241;6c80dbaa9e;-;-;Tue Nov 3 21:02:22 2009 +0000;1257282142;-;-;Tue Nov 3 21:02:22 2009 +0000;1257282142
67b5781dab2004905de4fe504e7583f59495ee1e;67b5781dab;-;-;Tue Nov 3 21:01:23 2009 +0000;1257282083;-;-;Tue Nov 3 21:01:23 2009 +0000;1257282083
868cf09b2d2bcc4d9ee1b5617b601a17f2d26563;868cf09b2d;-;-;Tue Nov 3 00:51:22 2009 +0000;1257209482;-;-;Tue Nov 3 00:51:22 2009 +0000;1257209482
04a76562928ee268ba4df5c4cb59600d198b6b4f;04a7656292;-;-;Sun Nov 1 17:02:08 2009 +0000;1257094928;-;-;Sun Nov 1 17:02:08 2009 +0000;1257094928
470302ecc60f9d40c5cadf3dace5cdb0b2d02809;470302ecc6;-;-;Fri Oct 30 20:35:29 2009 +0000;1256934929;-;-;Fri Oct 30 20:35:29 2009 +0000;1256934929
c8fd4a45fc8bdbcd4ee6efda8fc4368e4d238363;c8fd4a45fc;-;-;Fri Oct 30 19:59:31 2009 +0000;1256932771;-;-;Fri Oct 30 19:59:31 2009 +0000;1256932771
f1cab9acda45ed8b8346fe94768cfcccc1256492;f1cab9acda;-;-;Fri Oct 30 19:52:19 2009 +0000;1256932339;-;-;Fri Oct 30 19:52:19 2009 +0000;1256932339
4151c52af6244bd996fb2fbd1cd1c2d5492558db;4151c52af6;-;-;Fri Oct 30 19:34:55 2009 +0000;1256931295;-;-;Fri Oct 30 19:34:55 2009 +0000;1256931295
7a4ca36413cdf71206f60330e6fd2b30e943f0ae;7a4ca36413;-;-;Fri Oct 30 19:34:21 2009 +0000;1256931261;-;-;Fri Oct 30 19:34:21 2009 +0000;1256931261
0b46950818f19340382c28879a74fa460d426f60;0b46950818;-;-;Fri Oct 30 19:26:39 2009 +0000;1256930799;-;-;Fri Oct 30 19:26:39 2009 +0000;1256930799
a2be2e15e9bc4a7f68ad369a80b31347018fb297;a2be2e15e9;-;-;Fri Oct 30 19:19:27 2009 +0000;1256930367;-;-;Fri Oct 30 19:19:27 2009 +0000;1256930367
3a3edb53f600abf31c060a25f071ec6d9ea78cf3;3a3edb53f6;-;-;Fri Oct 30 19:01:48 2009 +0000;1256929308;-;-;Fri Oct 30 19:01:48 2009 +0000;1256929308
913bc03a3b65d1aabf89dd4fe58310416dee495e;913bc03a3b;-;-;Fri Oct 30 18:44:40 2009 +0000;1256928280;-;-;Fri Oct 30 18:44:40 2009 +0000;1256928280
471fbf7ebfcc8085db37d31a9f92e5966665ccde;471fbf7ebf;-;-;Fri Oct 30 17:11:26 2009 +0000;1256922686;-;-;Fri Oct 30 17:11:26 2009 +0000;1256922686
14e7b46163f6ae4bdb23c4a789eb20041863b8b7;14e7b46163;-;-;Fri Oct 30 11:51:50 2009 +0000;1256903510;-;-;Fri Oct 30 11:51:50 2009 +0000;1256903510
e9a37e4400398051843780234d9cc7c486ab240d;e9a37e4400;-;-;Fri Oct 30 11:26:45 2009 +0000;1256902005;-;-;Fri Oct 30 11:26:45 2009 +0000;1256902005
747f71f9d299648f9abb334a36278695bf2b9c9b;747f71f9d2;-;-;Fri Oct 30 11:09:49 2009 +0000;1256900989;-;-;Fri Oct 30 11:09:49 2009 +0000;1256900989
0c8a320130ee6fbc398900d19bd128cd32e1292f;0c8a320130;-;-;Fri Oct 30 10:32:15 2009 +0000;1256898735;-;-;Fri Oct 30 10:32:15 2009 +0000;1256898735
0db68e1b576c78b9c43fb53129c1c5a5db83a3c2;0db68e1b57;-;-;Fri Oct 30 10:31:37 2009 +0000;1256898697;-;-;Fri Oct 30 10:31:37 2009 +0000;1256898697
ab403468f92403a8ac905347cbc78adcdb339119;ab403468f9;-;-;Thu Oct 29 17:18:49 2009 +0000;1256836729;-;-;Thu Oct 29 17:18:49 2009 +0000;1256836729
f839969b6c551b6777a5c827134956fc013d6fb5;f839969b6c;-;-;Thu Oct 29 12:32:17 2009 +0000;1256819537;-;-;Thu Oct 29 12:32:17 2009 +0000;1256819537
2288b2523eb87e6f1f86eae454af29734f28d7cd;2288b2523e;-;-;Thu Oct 29 11:18:43 2009 +0000;1256815123;-;-;Thu Oct 29 11:18:43 2009 +0000;1256815123
53eb612a68ea184bba3a5daeb6e7dff0761bacff;53eb612a68;-;-;Wed Oct 28 23:14:29 2009 +0000;1256771669;-;-;Wed Oct 28 23:14:29 2009 +0000;1256771669
4a315ba6d1a9066db6cecb625a9d9e0449160082;4a315ba6d1;-;-;Wed Oct 28 22:25:58 2009 +0000;1256768758;-;-;Wed Oct 28 22:25:58 2009 +0000;1256768758
f4460dcbf77e1844870d2e3207f118f25ada79b4;f4460dcbf7;-;-;Wed Oct 28 21:57:09 2009 +0000;1256767029;-;-;Wed Oct 28 21:57:09 2009 +0000;1256767029
a2cd9093069c4f18fb1f5d99e5043fef4e6e3d61;a2cd909306;-;-;Wed Oct 28 19:40:32 2009 +0000;1256758832;-;-;Wed Oct 28 19:40:32 2009 +0000;1256758832
84c1b56e35b4369680bb89cf32542e0171c22cd0;84c1b56e35;-;-;Wed Oct 28 17:14:47 2009 +0000;1256750087;-;-;Wed Oct 28 17:14:47 2009 +0000;1256750087
0baa29f1ac327300b2ae3f64f8ba37614022ec06;0baa29f1ac;-;-;Wed Oct 28 14:45:31 2009 +0000;1256741131;-;-;Wed Oct 28 14:45:31 2009 +0000;1256741131
0400b68afbbacc6229a25c6b278cc8cb23be6dc3;0400b68afb;-;-;Wed Oct 28 14:36:01 2009 +0000;1256740561;-;-;Wed Oct 28 14:36:01 2009 +0000;1256740561
0e85c66f2f42bde85dd83b4d2482bfe8d7bff488;0e85c66f2f;-;-;Wed Oct 28 13:56:11 2009 +0000;1256738171;-;-;Wed Oct 28 13:56:11 2009 +0000;1256738171
b58069655003bf6dba077d9e49b57a2670a0ce8a;b580696550;-;-;Wed Oct 28 13:43:55 2009 +0000;1256737435;-;-;Wed Oct 28 13:43:55 2009 +0000;1256737435
bce723d9e3f0b8b7ac730852963a027854cc6db7;bce723d9e3;-;-;Wed Oct 28 13:43:27 2009 +0000;1256737407;-;-;Wed Oct 28 13:43:27 2009 +0000;1256737407
3346752cfdccf80d993e4d3c90cca5431ec4ffaf;3346752cfd;-;-;Wed Oct 28 03:42:36 2009 +0000;1256701356;-;-;Wed Oct 28 03:42:36 2009 +0000;1256701356
65f10cceb9be2f7da8808dc85b215437f82f7ef2;65f10cceb9;-;-;Wed Oct 28 01:28:28 2009 +0000;1256693308;-;-;Wed Oct 28 01:28:28 2009 +0000;1256693308
92d6dfbe8d9862420723b5ec4649b2d7ec7728e1;92d6dfbe8d;-;-;Wed Oct 28 01:23:43 2009 +0000;1256693023;-;-;Wed Oct 28 01:23:43 2009 +0000;1256693023
776edbcae3fda64a977b734602fb16b05a164b74;776edbcae3;-;-;Tue Oct 27 23:59:46 2009 +0000;1256687986;-;-;Tue Oct 27 23:59:46 2009 +0000;1256687986
d1f3772ca1f4e06339d7257389ba9bc223381680;d1f3772ca1;-;-;Tue Oct 27 19:35:01 2009 +0000;1256672101;-;-;Tue Oct 27 19:35:01 2009 +0000;1256672101
6aa97d5a3a6395bd198c60989bba9f60508c3435;6aa97d5a3a;-;-;Tue Oct 27 19:24:15 2009 +0000;1256671455;-;-;Tue Oct 27 19:24:15 2009 +0000;1256671455
66261ecb8ce0c9363dfd6508851f998fab831d0b;66261ecb8c;-;-;Tue Oct 27 19:15:54 2009 +0000;1256670954;-;-;Tue Oct 27 19:15:54 2009 +0000;1256670954
2c0cf49b94ee041c08a84e08466ead8b5d183539;2c0cf49b94;-;-;Tue Oct 27 18:39:42 2009 +0000;1256668782;-;-;Tue Oct 27 18:39:42 2009 +0000;1256668782
89424579ae3f6748dd05a4f4446925c2d8720f8c;89424579ae;-;-;Tue Oct 27 18:25:18 2009 +0000;1256667918;-;-;Tue Oct 27 18:25:18 2009 +0000;1256667918
092a25d0d86516bddc8bceff67ef24389cb1abaa;092a25d0d8;-;-;Tue Oct 27 18:03:38 2009 +0000;1256666618;-;-;Tue Oct 27 18:03:38 2009 +0000;1256666618
dee410c0c4d34e551d7033b6ff1100bb463a48f6;dee410c0c4;-;-;Tue Oct 27 17:38:50 2009 +0000;1256665130;-;-;Tue Oct 27 17:38:50 2009 +0000;1256665130
064343d056ecdb86ec024bd2c5e91311f1d1a0f6;064343d056;-;-;Tue Oct 27 17:23:23 2009 +0000;1256664203;-;-;Tue Oct 27 17:23:23 2009 +0000;1256664203
451bbce3456b5aac5627399bd624f568df431032;451bbce345;-;-;Tue Oct 27 17:16:02 2009 +0000;1256663762;-;-;Tue Oct 27 17:16:02 2009 +0000;1256663762
57afe3baab5adde998794a4129acc21a9701d7c4;57afe3baab;-;-;Tue Oct 27 15:48:59 2009 +0000;1256658539;-;-;Tue Oct 27 15:48:59 2009 +0000;1256658539
0cf31f012d59c07c8cb4b1edbdba8bc501d09ee6;0cf31f012d;-;-;Tue Oct 27 15:33:59 2009 +0000;1256657639;-;-;Tue Oct 27 15:33:59 2009 +0000;1256657639
f23921153d59f8fc88d454b4fa3ed06d747cc028;f23921153d;-;-;Tue Oct 27 15:23:13 2009 +0000;1256656993;-;-;Tue Oct 27 15:23:13 2009 +0000;1256656993
dec2ca30c20c15a47f76d53f32d5f8c048391958;dec2ca30c2;-;-;Tue Oct 27 15:22:36 2009 +0000;1256656956;-;-;Tue Oct 27 15:22:36 2009 +0000;1256656956
1a9599c81550154600d8af49471f862e10694e58;1a9599c815;-;-;Tue Oct 27 14:49:10 2009 +0000;1256654950;-;-;Tue Oct 27 14:49:10 2009 +0000;1256654950
b250c65c45d965f93f995f191494839a81031e24;b250c65c45;-;-;Tue Oct 27 13:57:48 2009 +0000;1256651868;-;-;Tue Oct 27 13:57:48 2009 +0000;1256651868
4be237dd84c37cfa31b8c6c07a2773b77aa8387d;4be237dd84;-;-;Tue Oct 27 13:41:22 2009 +0000;1256650882;-;-;Tue Oct 27 13:41:22 2009 +0000;1256650882
a29253f2ca81375707734b89f279b3270aba1544;a29253f2ca;-;-;Tue Oct 27 13:38:29 2009 +0000;1256650709;-;-;Tue Oct 27 13:38:29 2009 +0000;1256650709
c63cdb2444f10b53ac662cf7d80a4bff1c1ad85b;c63cdb2444;-;-;Tue Oct 27 12:32:14 2009 +0000;1256646734;-;-;Tue Oct 27 12:32:14 2009 +0000;1256646734
2978a4d0eb2b267b45ff25ae3d5555c73c05ea95;2978a4d0eb;-;-;Tue Oct 27 11:59:59 2009 +0000;1256644799;-;-;Tue Oct 27 11:59:59 2009 +0000;1256644799
46818b038ab2d6d7d4682f4f05c77f2a60b12444;46818b038a;-;-;Tue Oct 27 11:56:06 2009 +0000;1256644566;-;-;Tue Oct 27 11:56:06 2009 +0000;1256644566
d0893c425e2e19a37872e8ccf9c1c6e0fec0f9a5;d0893c425e;-;-;Tue Oct 27 11:42:36 2009 +0000;1256643756;-;-;Tue Oct 27 11:42:36 2009 +0000;1256643756
d54a975af403aa79866e2cf34ac2809e298bfafd;d54a975af4;-;-;Tue Oct 27 10:50:45 2009 +0000;1256640645;-;-;Tue Oct 27 10:50:45 2009 +0000;1256640645
a86baca9cbe6914ed9db305598555f1be5e4341e;a86baca9cb;-;-;Mon Oct 26 22:48:35 2009 +0000;1256597315;-;-;Mon Oct 26 22:48:35 2009 +0000;1256597315
8b2a7c8be80a5f04816183581721c799cf8ac31e;8b2a7c8be8;-;-;Mon Oct 26 22:38:08 2009 +0000;1256596688;-;-;Mon Oct 26 22:38:08 2009 +0000;1256596688
560e07a966d031f0383debe8667d7ee200fc43bc;560e07a966;-;-;Mon Oct 26 22:37:45 2009 +0000;1256596665;-;-;Mon Oct 26 22:37:45 2009 +0000;1256596665
3c9eed1c22ded2b42467ef253f9c8f0502e31d62;3c9eed1c22;-;-;Mon Oct 26 22:37:04 2009 +0000;1256596624;-;-;Mon Oct 26 22:37:04 2009 +0000;1256596624
7b54746a5012c3620b9fd46bc78d947f6fddd7b8;7b54746a50;-;-;Mon Oct 26 15:28:09 2009 +0000;1256570889;-;-;Mon Oct 26 15:28:09 2009 +0000;1256570889
1b92a2fae113493543526e60b1ac7b72bd2865b7;1b92a2fae1;-;-;Mon Oct 26 13:38:59 2009 +0000;1256564339;-;-;Mon Oct 26 13:38:59 2009 +0000;1256564339
02dfe943964672de91bf99dd5c590f6e263353cf;02dfe94396;-;-;Mon Oct 26 13:00:04 2009 +0000;1256562004;-;-;Mon Oct 26 13:00:04 2009 +0000;1256562004
381d1d5a94ae03e1a5dcec4a8e71e8c41d54f1bf;381d1d5a94;-;-;Sun Oct 25 04:52:26 2009 +0000;1256446346;-;-;Sun Oct 25 04:52:26 2009 +0000;1256446346
d868785b5f820a3b57131622b5333d50578da42a;d868785b5f;-;-;Sat Oct 24 19:37:10 2009 +0000;1256413030;-;-;Sat Oct 24 19:37:10 2009 +0000;1256413030
83f3df14bd8bc8bbadac23fe8a925fc49196732d;83f3df14bd;-;-;Sat Oct 24 19:32:05 2009 +0000;1256412725;-;-;Sat Oct 24 19:32:05 2009 +0000;1256412725
e651c69a4457e355786e1355d1197ae93450c9bc;e651c69a44;-;-;Sat Oct 24 19:25:09 2009 +0000;1256412309;-;-;Sat Oct 24 19:25:09 2009 +0000;1256412309
f14c2de5e96915ab05d3df71c59fb5d4b295b328;f14c2de5e9;-;-;Sat Oct 24 18:58:39 2009 +0000;1256410719;-;-;Sat Oct 24 18:58:39 2009 +0000;1256410719
dc897e7b342df89e72dc34ca5a1efc27f53f1ab3;dc897e7b34;-;-;Sat Oct 24 17:33:23 2009 +0000;1256405603;-;-;Sat Oct 24 17:33:23 2009 +0000;1256405603
d13d556260c1a664e9ec6121b7ed1eee2abcd106;d13d556260;-;-;Sat Oct 24 17:04:52 2009 +0000;1256403892;-;-;Sat Oct 24 17:04:52 2009 +0000;1256403892
642549a1e7605eee20480c5600ce0eae742f005f;642549a1e7;-;-;Sat Oct 24 17:04:08 2009 +0000;1256403848;-;-;Sat Oct 24 17:04:08 2009 +0000;1256403848
8a09c8e7da7b0128e34c139e99490369691b4ad4;8a09c8e7da;-;-;Fri Oct 23 17:46:16 2009 +0000;1256319976;-;-;Fri Oct 23 17:46:16 2009 +0000;1256319976
87b2f23692c48eff7a33d2f2a366f670ba368cb1;87b2f23692;-;-;Fri Oct 23 17:26:12 2009 +0000;1256318772;-;-;Fri Oct 23 17:26:12 2009 +0000;1256318772
cc07b8d002af84e8272e2fa1fec48f45892aa0c4;cc07b8d002;-;-;Thu Oct 22 13:17:39 2009 +0000;1256217459;-;-;Thu Oct 22 13:17:39 2009 +0000;1256217459
2a4fe95e24878e4abf6a56e5e973778d2fca3073;2a4fe95e24;-;-;Thu Oct 22 12:54:34 2009 +0000;1256216074;-;-;Thu Oct 22 12:54:34 2009 +0000;1256216074
a995c6f65f9a6bf6f0845beb79b721978b246a59;a995c6f65f;-;-;Thu Oct 22 12:53:03 2009 +0000;1256215983;-;-;Thu Oct 22 12:53:03 2009 +0000;1256215983
50f96a268e57c8e194bf4f6b2a082d5a0fe6d39f;50f96a268e;-;-;Tue Oct 20 22:27:04 2009 +0000;1256077624;-;-;Tue Oct 20 22:27:04 2009 +0000;1256077624
a789bf2f1ef68afe81817c9b679f51a7e6d6879c;a789bf2f1e;-;-;Tue Oct 20 21:56:22 2009 +0000;1256075782;-;-;Tue Oct 20 21:56:22 2009 +0000;1256075782
ee8ed4e410adbbc86e5cb6583c7d5e24f8ea0578;ee8ed4e410;-;-;Tue Oct 20 20:14:49 2009 +0000;1256069689;-;-;Tue Oct 20 20:14:49 2009 +0000;1256069689
cf580f024ac455844f352401f9bf8ffcc5457233;cf580f024a;-;-;Tue Oct 20 19:52:30 2009 +0000;1256068350;-;-;Tue Oct 20 19:52:30 2009 +0000;1256068350
a83756f771e04743477e624b8fb9514c074d9412;a83756f771;-;-;Tue Oct 20 18:35:35 2009 +0000;1256063735;-;-;Tue Oct 20 18:35:35 2009 +0000;1256063735
54221500c1aed3b4d25cacf7f208ddef8ad98bfd;54221500c1;-;-;Tue Oct 20 18:30:55 2009 +0000;1256063455;-;-;Tue Oct 20 18:30:55 2009 +0000;1256063455
94533976d0db9604fb9265d0eed20cedd4a42650;94533976d0;-;-;Tue Oct 20 18:18:25 2009 +0000;1256062705;-;-;Tue Oct 20 18:18:25 2009 +0000;1256062705
a429e230b632c40cf3167cbac54ea87b6ad87297;a429e230b6;-;-;Tue Oct 20 16:53:24 2009 +0000;1256057604;-;-;Tue Oct 20 16:53:24 2009 +0000;1256057604
ccb103417d377ba9a74d8db3199ff4fb9d036cb5;ccb103417d;-;-;Mon Oct 19 22:32:15 2009 +0000;1255991535;-;-;Mon Oct 19 22:32:15 2009 +0000;1255991535
32fb767c87be9b92baa961afba9b1ff207fe291e;32fb767c87;-;-;Mon Oct 19 18:26:02 2009 +0000;1255976762;-;-;Mon Oct 19 18:26:02 2009 +0000;1255976762
c399cb1b2721915a440dff50232c0d114c9dbaf2;c399cb1b27;-;-;Mon Oct 19 18:23:51 2009 +0000;1255976631;-;-;Mon Oct 19 18:23:51 2009 +0000;1255976631
a7f0d50643dd9ac19037227c9881317a0bcf782c;a7f0d50643;-;-;Mon Oct 19 12:59:17 2009 +0000;1255957157;-;-;Mon Oct 19 12:59:17 2009 +0000;1255957157
db2ff40e4b9f1fc0b04da9e08061f7ffa4eb8f15;db2ff40e4b;-;-;Mon Oct 19 02:42:29 2009 +0000;1255920149;-;-;Mon Oct 19 02:42:29 2009 +0000;1255920149
1c0f188adc2ed2f6e5ad7f6efc793d24b96735da;1c0f188adc;-;-;Mon Oct 19 02:14:34 2009 +0000;1255918474;-;-;Mon Oct 19 02:14:34 2009 +0000;1255918474
e4f50f5b7396a88471869c387f2a7fbf2c424a65;e4f50f5b73;-;-;Mon Oct 19 01:06:44 2009 +0000;1255914404;-;-;Mon Oct 19 01:06:44 2009 +0000;1255914404
2fe600392323c8775f7c157c9c2a7e5b9654bf8f;2fe6003923;-;-;Mon Oct 19 00:13:30 2009 +0000;1255911210;-;-;Mon Oct 19 00:13:30 2009 +0000;1255911210
0e4064feccbe51124a71d6c11e7416e2823bafb7;0e4064fecc;-;-;Sun Oct 18 22:20:53 2009 +0000;1255904453;-;-;Sun Oct 18 22:20:53 2009 +0000;1255904453
206963bcba3b4b97c3b051ab09a69a118f9cb6a0;206963bcba;-;-;Sun Oct 18 21:35:56 2009 +0000;1255901756;-;-;Sun Oct 18 21:35:56 2009 +0000;1255901756
66e6560560ae845ce14c15ce83a5216a0ad585f1;66e6560560;-;-;Sat Oct 17 06:39:35 2009 +0000;1255761575;-;-;Sat Oct 17 06:39:35 2009 +0000;1255761575
44a238616cafc9baf5a8f7b13c657f50eac4f046;44a238616c;-;-;Sat Oct 17 06:10:59 2009 +0000;1255759859;-;-;Sat Oct 17 06:10:59 2009 +0000;1255759859
db9f25d6de68f78adb1ba62395f881f995342530;db9f25d6de;-;-;Sat Oct 17 06:10:29 2009 +0000;1255759829;-;-;Sat Oct 17 06:10:29 2009 +0000;1255759829
be94b4563630ea5184b7447702b9dca33a17ab5a;be94b45636;-;-;Sat Oct 17 05:54:36 2009 +0000;1255758876;-;-;Sat Oct 17 05:54:36 2009 +0000;1255758876
bd0356a7121c1476f790ad3928bcc3368103c918;bd0356a712;-;-;Sat Oct 17 05:49:28 2009 +0000;1255758568;-;-;Sat Oct 17 05:49:28 2009 +0000;1255758568
9584a81687702b9ff3f6da05ddb0b8eab5eef626;9584a81687;-;-;Sat Oct 17 05:33:04 2009 +0000;1255757584;-;-;Sat Oct 17 05:33:04 2009 +0000;1255757584
3c4596a424fdda0fdcccc06608ee1a53de63ab6f;3c4596a424;-;-;Sat Oct 17 05:32:30 2009 +0000;1255757550;-;-;Sat Oct 17 05:32:30 2009 +0000;1255757550
f63c3d5313304d81e152df199340c0ecb7cab839;f63c3d5313;-;-;Sat Oct 17 04:03:56 2009 +0000;1255752236;-;-;Sat Oct 17 04:03:56 2009 +0000;1255752236
f55b54ec3b179b93c35e45a3dd490735b797f0d6;f55b54ec3b;-;-;Fri Oct 16 23:15:48 2009 +0000;1255734948;-;-;Fri Oct 16 23:15:48 2009 +0000;1255734948
c833269aa3363a8044c32f0da87f1c508862d5ae;c833269aa3;-;-;Fri Oct 16 23:14:01 2009 +0000;1255734841;-;-;Fri Oct 16 23:14:01 2009 +0000;1255734841
106847e7391caa94262422829466fa1619a0447c;106847e739;-;-;Fri Oct 16 23:11:24 2009 +0000;1255734684;-;-;Fri Oct 16 23:11:24 2009 +0000;1255734684
a221fb57185437f232e8aedd3723adf64fe48b4a;a221fb5718;-;-;Fri Oct 16 22:44:54 2009 +0000;1255733094;-;-;Fri Oct 16 22:44:54 2009 +0000;1255733094
5616770a27dfc259b12d191f673d52a5e00a1cc4;5616770a27;-;-;Fri Oct 16 21:29:30 2009 +0000;1255728570;-;-;Fri Oct 16 21:29:30 2009 +0000;1255728570
c6860357738b30fed47694b315d42f27c5f5ac3f;c686035773;-;-;Fri Oct 16 10:16:25 2009 +0000;1255688185;-;-;Fri Oct 16 10:16:25 2009 +0000;1255688185
c29cbc18ee1af0f0f9fdc2f5a740caa3992400ba;c29cbc18ee;-;-;Fri Oct 16 10:11:10 2009 +0000;1255687870;-;-;Fri Oct 16 10:11:10 2009 +0000;1255687870
ad1bfbcbfd6452e002a44e4b6662896d14ae6381;ad1bfbcbfd;-;-;Thu Oct 15 23:24:38 2009 +0000;1255649078;-;-;Thu Oct 15 23:24:38 2009 +0000;1255649078
3fb3549997ddee7a273f6f07645b3a07c7e08789;3fb3549997;-;-;Thu Oct 15 15:49:26 2009 +0000;1255621766;-;-;Thu Oct 15 15:49:26 2009 +0000;1255621766
e99cda3739e462afc815388d12995c93fbc1dc47;e99cda3739;-;-;Thu Oct 15 14:31:41 2009 +0000;1255617101;-;-;Thu Oct 15 14:31:41 2009 +0000;1255617101
b42cf25599fe9a497ce8da47e1cd06475f2a80e5;b42cf25599;-;-;Thu Oct 15 14:04:13 2009 +0000;1255615453;-;-;Thu Oct 15 14:04:13 2009 +0000;1255615453
7031c3190406448640357a902779db7adbf6dcb3;7031c31904;-;-;Thu Oct 15 13:57:28 2009 +0000;1255615048;-;-;Thu Oct 15 13:57:28 2009 +0000;1255615048
7461d7058298c7e707c670b6e43f716a3bfb8f84;7461d70582;-;-;Thu Oct 15 10:50:58 2009 +0000;1255603858;-;-;Thu Oct 15 10:50:58 2009 +0000;1255603858
11d987009a982852a5ae4e7489cc9025c011519d;11d987009a;-;-;Thu Oct 15 10:33:05 2009 +0000;1255602785;-;-;Thu Oct 15 10:33:05 2009 +0000;1255602785
7fa910509672270f952a250c4ed64b7db69ccdac;7fa9105096;-;-;Thu Oct 15 10:31:47 2009 +0000;1255602707;-;-;Thu Oct 15 10:31:47 2009 +0000;1255602707
e24e76805479a3a8ab3b4b2a73b8c272afa36baa;e24e768054;-;-;Thu Oct 15 09:18:14 2009 +0000;1255598294;-;-;Thu Oct 15 09:18:14 2009 +0000;1255598294
64ded0484eafcb4a3563c44f3e156f8c1d9f7581;64ded0484e;-;-;Thu Oct 15 00:38:18 2009 +0000;1255567098;-;-;Thu Oct 15 00:38:18 2009 +0000;1255567098
402f0924daa4a7286e2a755d2acc3123cccd5eb3;402f0924da;-;-;Thu Oct 15 00:36:31 2009 +0000;1255566991;-;-;Thu Oct 15 00:36:31 2009 +0000;1255566991
66d901b9fe4655ce669403891c0a49e5f6e2a54a;66d901b9fe;-;-;Thu Oct 15 00:33:17 2009 +0000;1255566797;-;-;Thu Oct 15 00:33:17 2009 +0000;1255566797
4563cb2804688de1e7a6554d5751fab189470320;4563cb2804;-;-;Thu Oct 15 00:20:14 2009 +0000;1255566014;-;-;Thu Oct 15 00:20:14 2009 +0000;1255566014
d5a954833c5ba59be50c58e5679213211f043cf6;d5a954833c;-;-;Wed Oct 14 22:47:14 2009 +0000;1255560434;-;-;Wed Oct 14 22:47:14 2009 +0000;1255560434
bc207042d08a660cc595e01cecdb179376dfb2c5;bc207042d0;-;-;Wed Oct 14 22:22:21 2009 +0000;1255558941;-;-;Wed Oct 14 22:22:21 2009 +0000;1255558941
62d73696070d17f714ee0f4b31f5c61f3360755c;62d7369607;-;-;Wed Oct 14 22:06:51 2009 +0000;1255558011;-;-;Wed Oct 14 22:06:51 2009 +0000;1255558011
4d9bf3a45f9e83c8ff4991104df80d0506537cc4;4d9bf3a45f;-;-;Wed Oct 14 21:37:57 2009 +0000;1255556277;-;-;Wed Oct 14 21:37:57 2009 +0000;1255556277
dc076ee6fe285af7d5deb138f2eb289487d5621f;dc076ee6fe;-;-;Wed Oct 14 20:45:53 2009 +0000;1255553153;-;-;Wed Oct 14 20:45:53 2009 +0000;1255553153
728a1415d9912ab4292e211ebf2b5684d47b668c;728a1415d9;-;-;Wed Oct 14 18:57:36 2009 +0000;1255546656;-;-;Wed Oct 14 18:57:36 2009 +0000;1255546656
a696a4fec9095afc94ab6f0fd13e39d0d2f56046;a696a4fec9;-;-;Wed Oct 14 14:49:24 2009 +0000;1255531764;-;-;Wed Oct 14 14:49:24 2009 +0000;1255531764
52f03fc75951501e072768d77974a737cddd180c;52f03fc759;-;-;Wed Oct 14 14:47:17 2009 +0000;1255531637;-;-;Wed Oct 14 14:47:17 2009 +0000;1255531637
704d4b785b4d5de108b97ad754336d960e38cdb5;704d4b785b;-;-;Wed Oct 14 14:07:48 2009 +0000;1255529268;-;-;Wed Oct 14 14:07:48 2009 +0000;1255529268
986ccbe2c6f55a65704cf58a6a069ed1bbb5e110;986ccbe2c6;-;-;Wed Oct 14 14:03:11 2009 +0000;1255528991;-;-;Wed Oct 14 14:03:11 2009 +0000;1255528991
17d5b31af3d81d664d556ba90c1d1753d5821b10;17d5b31af3;-;-;Wed Oct 14 12:24:04 2009 +0000;1255523044;-;-;Wed Oct 14 12:24:04 2009 +0000;1255523044
52ad49b3ae538ebc0ac10993abd317fb71217a48;52ad49b3ae;-;-;Wed Oct 14 10:48:00 2009 +0000;1255517280;-;-;Wed Oct 14 10:48:00 2009 +0000;1255517280
53100357000e46c388919baf6e1e2c0e9954454f;5310035700;-;-;Wed Oct 14 10:46:29 2009 +0000;1255517189;-;-;Wed Oct 14 10:46:29 2009 +0000;1255517189
0f06771249e58be3e90c061a963bb75f4448ac4b;0f06771249;-;-;Wed Oct 14 10:45:17 2009 +0000;1255517117;-;-;Wed Oct 14 10:45:17 2009 +0000;1255517117
523dba7285163c96934030387817a0a7ff290fb2;523dba7285;-;-;Wed Oct 14 10:31:59 2009 +0000;1255516319;-;-;Wed Oct 14 10:31:59 2009 +0000;1255516319
8738fd7b7bd2c3710d15603debf09ddff6a670cf;8738fd7b7b;-;-;Wed Oct 14 09:53:25 2009 +0000;1255514005;-;-;Wed Oct 14 09:53:25 2009 +0000;1255514005
74f4749372050556ba9c3636380d183fbadaba0f;74f4749372;-;-;Tue Oct 13 23:10:48 2009 +0000;1255475448;-;-;Tue Oct 13 23:10:48 2009 +0000;1255475448
b2129577b9cd1126e291e69a216e41b1079b3c02;b2129577b9;-;-;Tue Oct 13 22:48:25 2009 +0000;1255474105;-;-;Tue Oct 13 22:48:25 2009 +0000;1255474105
cfa7216facedfb2b3ef5a0886451ce9b52615800;cfa7216fac;-;-;Tue Oct 13 21:52:44 2009 +0000;1255470764;-;-;Tue Oct 13 21:52:44 2009 +0000;1255470764
3331f16ef709400d277a13506d1858febc92c712;3331f16ef7;-;-;Tue Oct 13 21:39:27 2009 +0000;1255469967;-;-;Tue Oct 13 21:39:27 2009 +0000;1255469967
e2af25b891f295949ff7748908b726985af0920c;e2af25b891;-;-;Tue Oct 13 21:37:05 2009 +0000;1255469825;-;-;Tue Oct 13 21:37:05 2009 +0000;1255469825
b4ffdcdf180d4fd9e806f9fb4ed76a0b6a1bea41;b4ffdcdf18;-;-;Tue Oct 13 20:59:10 2009 +0000;1255467550;-;-;Tue Oct 13 20:59:10 2009 +0000;1255467550
84447cdf9493a5f6ead3450627d8938af1b7ac5f;84447cdf94;-;-;Tue Oct 13 20:55:57 2009 +0000;1255467357;-;-;Tue Oct 13 20:55:57 2009 +0000;1255467357
a293f508519665f7ba083c6efb3992199bbcc0a6;a293f50851;-;-;Tue Oct 13 20:51:59 2009 +0000;1255467119;-;-;Tue Oct 13 20:51:59 2009 +0000;1255467119
49b647ca931863609853cb3166c81a897c7b82e7;49b647ca93;-;-;Tue Oct 13 20:51:01 2009 +0000;1255467061;-;-;Tue Oct 13 20:51:01 2009 +0000;1255467061
677baaceb8d4418ce7c3950d485a5063f9d40205;677baaceb8;-;-;Tue Oct 13 20:49:34 2009 +0000;1255466974;-;-;Tue Oct 13 20:49:34 2009 +0000;1255466974
c9057fd1daae0d01e1e5072e09ae15e1d93630ab;c9057fd1da;-;-;Tue Oct 13 18:11:34 2009 +0000;1255457494;-;-;Tue Oct 13 18:11:34 2009 +0000;1255457494
06286b19ce98a6610da59c560bf6e4742ecc8fa8;06286b19ce;-;-;Tue Oct 13 14:20:24 2009 +0000;1255443624;-;-;Tue Oct 13 14:20:24 2009 +0000;1255443624
6aee6a16ab7fa97f278aa293c13e49ce0dc62fb1;6aee6a16ab;-;-;Tue Oct 13 11:46:40 2009 +0000;1255434400;-;-;Tue Oct 13 11:46:40 2009 +0000;1255434400
c8b8cf45b45ea5aea720eaa6a74dc6e156123fe1;c8b8cf45b4;-;-;Tue Oct 13 11:20:32 2009 +0000;1255432832;-;-;Tue Oct 13 11:20:32 2009 +0000;1255432832
9cb3fb7012e1eb7dfdca160f51eaed7ff28be5ab;9cb3fb7012;-;-;Tue Oct 13 11:19:35 2009 +0000;1255432775;-;-;Tue Oct 13 11:19:35 2009 +0000;1255432775
9c3a0569c9142455851fe3866fc5c3cafc801ea0;9c3a0569c9;-;-;Mon Oct 12 19:38:55 2009 +0000;1255376335;-;-;Mon Oct 12 19:38:55 2009 +0000;1255376335
b781a39b46d5576be8a310e6581bcb657bc471d5;b781a39b46;-;-;Mon Oct 12 19:25:35 2009 +0000;1255375535;-;-;Mon Oct 12 19:25:35 2009 +0000;1255375535
16d294c2c0beb864f61f81c579ac5e0902038771;16d294c2c0;-;-;Mon Oct 12 19:14:45 2009 +0000;1255374885;-;-;Mon Oct 12 19:14:45 2009 +0000;1255374885
b287d5a9f1c30ab7edee7c29e067e58204721345;b287d5a9f1;-;-;Sun Oct 11 18:31:19 2009 +0000;1255285879;-;-;Sun Oct 11 18:31:19 2009 +0000;1255285879
3dfb1d5c9cca05222aaab64f4bbd6845b89b9198;3dfb1d5c9c;-;-;Sun Oct 11 18:24:36 2009 +0000;1255285476;-;-;Sun Oct 11 18:24:36 2009 +0000;1255285476
2e59673e73fb61b99c069eeef41e965dbe47d51c;2e59673e73;-;-;Sun Oct 11 18:23:26 2009 +0000;1255285406;-;-;Sun Oct 11 18:23:26 2009 +0000;1255285406
f57d70237086dbe6f6963811ef0847907d5d5e38;f57d702370;-;-;Sun Oct 11 18:08:44 2009 +0000;1255284524;-;-;Sun Oct 11 18:08:44 2009 +0000;1255284524
0b069ebe460a68f539ab22cc6f724e169cb1c26e;0b069ebe46;-;-;Sun Oct 11 15:53:51 2009 +0000;1255276431;-;-;Sun Oct 11 15:53:51 2009 +0000;1255276431
8fe497ef539390e3bed6d49fe9d805a6d4a06878;8fe497ef53;-;-;Sun Oct 11 15:30:56 2009 +0000;1255275056;-;-;Sun Oct 11 15:30:56 2009 +0000;1255275056
7983ded6e0e7b7b0d7b370b75801841eb4d947ff;7983ded6e0;-;-;Sun Oct 11 15:06:29 2009 +0000;1255273589;-;-;Sun Oct 11 15:06:29 2009 +0000;1255273589
a3c3b257e12986abf51944c9f551cf40c7e4b4aa;a3c3b257e1;-;-;Sun Oct 11 15:03:18 2009 +0000;1255273398;-;-;Sun Oct 11 15:03:18 2009 +0000;1255273398
a75a975219f9b5760579fb33c14f93fae497629d;a75a975219;-;-;Sun Oct 11 15:02:24 2009 +0000;1255273344;-;-;Sun Oct 11 15:02:24 2009 +0000;1255273344
2827f80d346d6f3c098fb74c8669762c9bcd6a0e;2827f80d34;-;-;Thu Oct 8 13:32:49 2009 +0000;1255008769;-;-;Thu Oct 8 13:32:49 2009 +0000;1255008769
66550c3340846d565643faa2ff82cf240354d3d3;66550c3340;-;-;Thu Oct 8 13:25:43 2009 +0000;1255008343;-;-;Thu Oct 8 13:25:43 2009 +0000;1255008343
96cfa0c37d59eecd4a943b3b2fa0f4790f09ace2;96cfa0c37d;-;-;Wed Oct 7 21:33:53 2009 +0000;1254951233;-;-;Wed Oct 7 21:33:53 2009 +0000;1254951233
8fd3de9397cd194babe5d7e67dfdc65ac1ecb5d0;8fd3de9397;-;-;Wed Oct 7 20:27:48 2009 +0000;1254947268;-;-;Wed Oct 7 20:27:48 2009 +0000;1254947268
e3983fe796524cf766148d474c36d168eeb06991;e3983fe796;-;-;Wed Oct 7 19:37:07 2009 +0000;1254944227;-;-;Wed Oct 7 19:37:07 2009 +0000;1254944227
8fe055b0e0a2679280f62a35bb322c671f8c2f7a;8fe055b0e0;-;-;Wed Oct 7 19:28:39 2009 +0000;1254943719;-;-;Wed Oct 7 19:28:39 2009 +0000;1254943719
a73324bc24b0b7c960cae3d695a6d8c867031f11;a73324bc24;-;-;Wed Oct 7 19:11:22 2009 +0000;1254942682;-;-;Wed Oct 7 19:11:22 2009 +0000;1254942682
a4476e5e0e3ce90652df7418c3362bd72754f9db;a4476e5e0e;-;-;Wed Oct 7 19:03:33 2009 +0000;1254942213;-;-;Wed Oct 7 19:03:33 2009 +0000;1254942213
f692c765d24d674d50e4bef8bcb05a095775ae3d;f692c765d2;-;-;Wed Oct 7 17:50:03 2009 +0000;1254937803;-;-;Wed Oct 7 17:50:03 2009 +0000;1254937803
3450c5de0b9591c0fab834781156d61efa283c26;3450c5de0b;-;-;Wed Oct 7 17:36:30 2009 +0000;1254936990;-;-;Wed Oct 7 17:36:30 2009 +0000;1254936990
ec04357580ebc5bfc747e2836b74fcb47377b1ae;ec04357580;-;-;Wed Oct 7 17:28:28 2009 +0000;1254936508;-;-;Wed Oct 7 17:28:28 2009 +0000;1254936508
9cf508d80de28c91cf6911b2df5bdc7cabc34100;9cf508d80d;-;-;Wed Oct 7 17:18:10 2009 +0000;1254935890;-;-;Wed Oct 7 17:18:10 2009 +0000;1254935890
ba5335f66ee640de03abdcdaf608284ddfc9d867;ba5335f66e;-;-;Wed Oct 7 17:03:02 2009 +0000;1254934982;-;-;Wed Oct 7 17:03:02 2009 +0000;1254934982
c33349408599c34f5a0786070ffd4f4cb4fd58f1;c333494085;-;-;Wed Oct 7 17:02:22 2009 +0000;1254934942;-;-;Wed Oct 7 17:02:22 2009 +0000;1254934942
6d31db10170ff1ce0e947abb0a145dcabb35b1f1;6d31db1017;-;-;Wed Oct 7 16:56:13 2009 +0000;1254934573;-;-;Wed Oct 7 16:56:13 2009 +0000;1254934573
acf574c3e351814a44ff4a1fbc5ad61a37cb7309;acf574c3e3;-;-;Wed Oct 7 16:54:36 2009 +0000;1254934476;-;-;Wed Oct 7 16:54:36 2009 +0000;1254934476
c9f0e68c82c57ca1f16aba0287979e46005f4b3d;c9f0e68c82;-;-;Wed Oct 7 02:54:44 2009 +0000;1254884084;-;-;Wed Oct 7 02:54:44 2009 +0000;1254884084
04373056696f62405955d26a18cee8ba8f72f49a;0437305669;-;-;Tue Oct 6 21:40:59 2009 +0000;1254865259;-;-;Tue Oct 6 21:40:59 2009 +0000;1254865259
0f5074db2b5fd37f25976449d6e270ccd47fab93;0f5074db2b;-;-;Tue Oct 6 21:31:49 2009 +0000;1254864709;-;-;Tue Oct 6 21:31:49 2009 +0000;1254864709
2c2d79a4bfc3ca1eee2ccf5fa99454e429eb3c0a;2c2d79a4bf;-;-;Tue Oct 6 21:11:51 2009 +0000;1254863511;-;-;Tue Oct 6 21:11:51 2009 +0000;1254863511
b7e36461cabd669f39303946b5deae32b5b9b499;b7e36461ca;-;-;Tue Oct 6 21:10:56 2009 +0000;1254863456;-;-;Tue Oct 6 21:10:56 2009 +0000;1254863456
c20071507608cd168b259d9a1e64e0e3f915adb0;c200715076;-;-;Tue Oct 6 21:10:06 2009 +0000;1254863406;-;-;Tue Oct 6 21:10:06 2009 +0000;1254863406
d020d73118b57a16d56d799f5364413e4ca64313;d020d73118;-;-;Tue Oct 6 04:30:26 2009 +0000;1254803426;-;-;Tue Oct 6 04:30:26 2009 +0000;1254803426
cbadf350e1a378eeb6a0a90e14afd5e3df7657e7;cbadf350e1;-;-;Tue Oct 6 01:38:16 2009 +0000;1254793096;-;-;Tue Oct 6 01:38:16 2009 +0000;1254793096
ab10d37fae338d1709febb90654fed8bffbd33f6;ab10d37fae;-;-;Mon Oct 5 22:24:42 2009 +0000;1254781482;-;-;Mon Oct 5 22:24:42 2009 +0000;1254781482
710ae3a9d2fbcb6767872656d82b2edaeb6e0656;710ae3a9d2;-;-;Mon Oct 5 22:08:01 2009 +0000;1254780481;-;-;Mon Oct 5 22:08:01 2009 +0000;1254780481
0a843e60a67419284afe78350ab9dc2170170e0d;0a843e60a6;-;-;Mon Oct 5 20:28:10 2009 +0000;1254774490;-;-;Mon Oct 5 20:28:10 2009 +0000;1254774490
fd8935ba0babaace88b7987293c1f95891aee1f3;fd8935ba0b;-;-;Mon Oct 5 05:27:30 2009 +0000;1254720450;-;-;Mon Oct 5 05:27:30 2009 +0000;1254720450
772a74a636d17ca3a132edc038ea4b5a08acdd5d;772a74a636;-;-;Mon Oct 5 03:29:20 2009 +0000;1254713360;-;-;Mon Oct 5 03:29:20 2009 +0000;1254713360
8c5f78c0d62b26dadba0a3ab3dc0587f0af20b43;8c5f78c0d6;-;-;Mon Oct 5 00:51:19 2009 +0000;1254703879;-;-;Mon Oct 5 00:51:19 2009 +0000;1254703879
a48234cf5f3964f982115167a1bc6f22fe6ca117;a48234cf5f;-;-;Mon Oct 5 00:35:17 2009 +0000;1254702917;-;-;Mon Oct 5 00:35:17 2009 +0000;1254702917
e7c8f1ef8b87b7763b9c27caf3e028321d5c5b62;e7c8f1ef8b;-;-;Sun Oct 4 04:13:27 2009 +0000;1254629607;-;-;Sun Oct 4 04:13:27 2009 +0000;1254629607
6ea83afe1e95967dfab03d67fb1682309d94c7b5;6ea83afe1e;-;-;Sat Oct 3 23:45:23 2009 +0000;1254613523;-;-;Sat Oct 3 23:45:23 2009 +0000;1254613523
0860f3bb8ccd9132b4b5c8cd8d1704068485e971;0860f3bb8c;-;-;Sat Oct 3 22:23:41 2009 +0000;1254608621;-;-;Sat Oct 3 22:23:41 2009 +0000;1254608621
f08d15c86f1168dfd115b51e97f3ad46a88a33b8;f08d15c86f;-;-;Sat Oct 3 22:19:21 2009 +0000;1254608361;-;-;Sat Oct 3 22:19:21 2009 +0000;1254608361
06872dd465aeb665e42e24714220901a6f9dbaab;06872dd465;-;-;Sat Oct 3 22:18:50 2009 +0000;1254608330;-;-;Sat Oct 3 22:18:50 2009 +0000;1254608330
341835a14224688a69a800cc02553e859b35d5a4;341835a142;-;-;Fri Oct 2 16:28:53 2009 +0000;1254500933;-;-;Fri Oct 2 16:28:53 2009 +0000;1254500933
5c055ed6dd07193c8fbc7c6c3da78af13133754c;5c055ed6dd;-;-;Thu Oct 1 23:28:27 2009 +0000;1254439707;-;-;Thu Oct 1 23:28:27 2009 +0000;1254439707
0eda92a51ad68b05c43f28c83c85d1ef5740507e;0eda92a51a;-;-;Thu Oct 1 22:52:46 2009 +0000;1254437566;-;-;Thu Oct 1 22:52:46 2009 +0000;1254437566
076fc89a50126a4ec039b89c33ca37f69549629f;076fc89a50;-;-;Thu Oct 1 19:39:20 2009 +0000;1254425960;-;-;Thu Oct 1 19:39:20 2009 +0000;1254425960
10e26e6dc7bbf6a12cc0666d718ee04fe307d0a3;10e26e6dc7;-;-;Thu Oct 1 19:05:11 2009 +0000;1254423911;-;-;Thu Oct 1 19:05:11 2009 +0000;1254423911
71a045328c820b0e690a978c09af053772e79d85;71a045328c;-;-;Thu Oct 1 15:20:31 2009 +0000;1254410431;-;-;Thu Oct 1 15:20:31 2009 +0000;1254410431
b152ac34fd98ea7db4b83f8a779d9a33be34657e;b152ac34fd;-;-;Thu Oct 1 13:40:55 2009 +0000;1254404455;-;-;Thu Oct 1 13:40:55 2009 +0000;1254404455
0c47a01953d060a6aa8f306b03730078a60ddf39;0c47a01953;-;-;Thu Oct 1 12:06:58 2009 +0000;1254398818;-;-;Thu Oct 1 12:06:58 2009 +0000;1254398818
7a700edaa7ccee1786f64ba71688a69119c87d4f;7a700edaa7;-;-;Thu Oct 1 11:18:48 2009 +0000;1254395928;-;-;Thu Oct 1 11:18:48 2009 +0000;1254395928
b465f204bd6abc3e69746669f84fa88ec225905b;b465f204bd;-;-;Thu Oct 1 11:07:22 2009 +0000;1254395242;-;-;Thu Oct 1 11:07:22 2009 +0000;1254395242
0543a294ee1c60fa14a33fc435c56c3f2c5d374f;0543a294ee;-;-;Thu Oct 1 11:05:45 2009 +0000;1254395145;-;-;Thu Oct 1 11:05:45 2009 +0000;1254395145
784068346df62225661d9ce1bbd1a32a1fddde66;784068346d;-;-;Wed Sep 30 15:04:31 2009 +0000;1254323071;-;-;Wed Sep 30 15:04:31 2009 +0000;1254323071
3fa533ddd85f8a33c11eda70387c347e2b4ce0ee;3fa533ddd8;-;-;Tue Sep 29 19:54:35 2009 +0000;1254254075;-;-;Tue Sep 29 19:54:35 2009 +0000;1254254075
832db0abbce85d8b19ddcee42c8216655ea09494;832db0abbc;-;-;Mon Sep 28 20:56:13 2009 +0000;1254171373;-;-;Mon Sep 28 20:56:13 2009 +0000;1254171373
191293f2ef147efec75612d17237f97ce789b497;191293f2ef;-;-;Mon Sep 28 20:55:12 2009 +0000;1254171312;-;-;Mon Sep 28 20:55:12 2009 +0000;1254171312
f95dff69757e2781282990a2f671e2c1de2f5035;f95dff6975;-;-;Sat Sep 26 21:02:58 2009 +0000;1253998978;-;-;Sat Sep 26 21:02:58 2009 +0000;1253998978
bfddb0938b32ae2b03cdff48a618c1d2f4faef72;bfddb0938b;-;-;Sat Sep 26 20:58:50 2009 +0000;1253998730;-;-;Sat Sep 26 20:58:50 2009 +0000;1253998730
72d964080192accc8b47bf1518fe52cab7543fde;72d9640801;-;-;Fri Sep 25 15:00:43 2009 +0000;1253890843;-;-;Fri Sep 25 15:00:43 2009 +0000;1253890843
270fc84923efd8edcbb07ac28e35b7fce4ef4284;270fc84923;-;-;Fri Sep 25 14:48:21 2009 +0000;1253890101;-;-;Fri Sep 25 14:48:21 2009 +0000;1253890101
4d29f65a9c2df6603b494f4402f4a02d7d40767b;4d29f65a9c;-;-;Fri Sep 25 14:45:35 2009 +0000;1253889935;-;-;Fri Sep 25 14:45:35 2009 +0000;1253889935
76122c931d55bda72434e2658a7f6d4bfd11b01c;76122c931d;-;-;Fri Sep 25 14:25:56 2009 +0000;1253888756;-;-;Fri Sep 25 14:25:56 2009 +0000;1253888756
22e1305cf04d0f165a49c65eb2b96d13a88f2501;22e1305cf0;-;-;Fri Sep 25 14:21:49 2009 +0000;1253888509;-;-;Fri Sep 25 14:21:49 2009 +0000;1253888509
80ac130dfe6077a81c097086e288b9c02a029b7c;80ac130dfe;-;-;Fri Sep 25 14:19:42 2009 +0000;1253888382;-;-;Fri Sep 25 14:19:42 2009 +0000;1253888382
cafc106ccca01155e4ffd07f58be1cddfdcca33d;cafc106ccc;-;-;Fri Sep 25 12:51:58 2009 +0000;1253883118;-;-;Fri Sep 25 12:51:58 2009 +0000;1253883118
72f45729301484843ada7fbf57d781945ba83d46;72f4572930;-;-;Fri Sep 25 11:03:57 2009 +0000;1253876637;-;-;Fri Sep 25 11:03:57 2009 +0000;1253876637
e408cbeecd43542d7f9af2f68e483fcd2092b3b0;e408cbeecd;-;-;Fri Sep 25 10:57:40 2009 +0000;1253876260;-;-;Fri Sep 25 10:57:40 2009 +0000;1253876260
ea40fb9bcd84e55c12bf1415feefe95e18eb5b57;ea40fb9bcd;-;-;Fri Sep 25 10:46:38 2009 +0000;1253875598;-;-;Fri Sep 25 10:46:38 2009 +0000;1253875598
9cb1338b94583e21d7738208a505d15fae201ece;9cb1338b94;-;-;Fri Sep 25 10:42:49 2009 +0000;1253875369;-;-;Fri Sep 25 10:42:49 2009 +0000;1253875369
e49869ea78c1571e4f854350777018f22ea4ee28;e49869ea78;-;-;Fri Sep 25 10:34:54 2009 +0000;1253874894;-;-;Fri Sep 25 10:34:54 2009 +0000;1253874894
5b12503c477a99eaddb25710a8b3a88d00e1c552;5b12503c47;-;-;Fri Sep 25 10:23:06 2009 +0000;1253874186;-;-;Fri Sep 25 10:23:06 2009 +0000;1253874186
6fe0e36fe0e89d37ab59c2e1f4d765c8f016d53c;6fe0e36fe0;-;-;Fri Sep 25 09:59:17 2009 +0000;1253872757;-;-;Fri Sep 25 09:59:17 2009 +0000;1253872757
ce4e3784d1ce8eb058e005c003b67d0771c3fa78;ce4e3784d1;-;-;Fri Sep 25 09:58:54 2009 +0000;1253872734;-;-;Fri Sep 25 09:58:54 2009 +0000;1253872734
39a97a61af3a4e7ff236bca19b7fdebcb68b1735;39a97a61af;-;-;Fri Sep 25 09:53:30 2009 +0000;1253872410;-;-;Fri Sep 25 09:53:30 2009 +0000;1253872410
aec2bc097e56995abf39b60678b6f5e45e1cd85c;aec2bc097e;-;-;Fri Sep 25 09:45:10 2009 +0000;1253871910;-;-;Fri Sep 25 09:45:10 2009 +0000;1253871910
09e6a85edd23525fb5d4283ed17b9849aa1c0fc9;09e6a85edd;-;-;Fri Sep 25 08:47:18 2009 +0000;1253868438;-;-;Fri Sep 25 08:47:18 2009 +0000;1253868438
04fa5d4b99989d96a478fd788b0e821aba9f32d6;04fa5d4b99;-;-;Fri Sep 25 08:45:58 2009 +0000;1253868358;-;-;Fri Sep 25 08:45:58 2009 +0000;1253868358
d8245c800bd8be235cbe9b363d4f6fe7dc4a5e77;d8245c800b;-;-;Fri Sep 25 08:17:12 2009 +0000;1253866632;-;-;Fri Sep 25 08:17:12 2009 +0000;1253866632
7ae8be05d1da7d889f4e9dbded15f43f282dd29e;7ae8be05d1;-;-;Fri Sep 25 07:20:45 2009 +0000;1253863245;-;-;Fri Sep 25 07:20:45 2009 +0000;1253863245
c6cd1a528e8acc657c4419c1a4b68e632703b802;c6cd1a528e;-;-;Fri Sep 25 05:16:55 2009 +0000;1253855815;-;-;Fri Sep 25 05:16:55 2009 +0000;1253855815
cd1df84d7d59af6661648820dce8ffc6b800b58c;cd1df84d7d;-;-;Thu Sep 24 23:16:35 2009 +0000;1253834195;-;-;Thu Sep 24 23:16:35 2009 +0000;1253834195
34d2a69a82c54826c8bd1dcde2953cb3ea1e4db4;34d2a69a82;-;-;Thu Sep 24 22:58:15 2009 +0000;1253833095;-;-;Thu Sep 24 22:58:15 2009 +0000;1253833095
60acaf5671a789dd9b08f6bd7e95bd38e4ea040d;60acaf5671;-;-;Thu Sep 24 22:55:21 2009 +0000;1253832921;-;-;Thu Sep 24 22:55:21 2009 +0000;1253832921
5c1b0e6caf3eff321273b85e21cfccd7da03cde9;5c1b0e6caf;-;-;Thu Sep 24 22:54:35 2009 +0000;1253832875;-;-;Thu Sep 24 22:54:35 2009 +0000;1253832875
a59d205b36e3b2b4c49de65578614fba5d6e7cdd;a59d205b36;-;-;Thu Sep 24 22:53:17 2009 +0000;1253832797;-;-;Thu Sep 24 22:53:17 2009 +0000;1253832797
2781b876d2a1ee828cc4c1677bd6caebce919fee;2781b876d2;-;-;Thu Sep 24 22:51:38 2009 +0000;1253832698;-;-;Thu Sep 24 22:51:38 2009 +0000;1253832698
0f43d6c592aa703257559377170057cb972ea75b;0f43d6c592;-;-;Thu Sep 24 22:34:02 2009 +0000;1253831642;-;-;Thu Sep 24 22:34:02 2009 +0000;1253831642
8eca898d448f7d92f0d012101023d1af330d3e86;8eca898d44;-;-;Thu Sep 24 15:56:00 2009 +0000;1253807760;-;-;Thu Sep 24 15:56:00 2009 +0000;1253807760
c761082eeae23e290dc59b3d27d438db8fe29354;c761082eea;-;-;Thu Sep 24 15:48:48 2009 +0000;1253807328;-;-;Thu Sep 24 15:48:48 2009 +0000;1253807328
89aa13e8e54980b8294e92a989bc79caf6efb5b7;89aa13e8e5;-;-;Thu Sep 24 15:35:28 2009 +0000;1253806528;-;-;Thu Sep 24 15:35:28 2009 +0000;1253806528
0463c612b5106c92e2fc2bc169e09f6ce65a5f51;0463c612b5;-;-;Thu Sep 24 15:31:10 2009 +0000;1253806270;-;-;Thu Sep 24 15:31:10 2009 +0000;1253806270
811e9fc0434298be1e1115ccef4bdd84d844c010;811e9fc043;-;-;Thu Sep 24 15:09:57 2009 +0000;1253804997;-;-;Thu Sep 24 15:09:57 2009 +0000;1253804997
e2093a841403eb23aae067aaf08a9004777e8ee9;e2093a8414;-;-;Thu Sep 24 14:59:26 2009 +0000;1253804366;-;-;Thu Sep 24 14:59:26 2009 +0000;1253804366
ad492e906e4c9c994cad733d366ec9c30950ed92;ad492e906e;-;-;Thu Sep 24 14:40:13 2009 +0000;1253803213;-;-;Thu Sep 24 14:40:13 2009 +0000;1253803213
557dd1f1c448627c420f73ad355a9a2adc2700f2;557dd1f1c4;-;-;Thu Sep 24 14:02:40 2009 +0000;1253800960;-;-;Thu Sep 24 14:02:40 2009 +0000;1253800960
49bf85baaaccbd69753cc85c77744c0774493d1d;49bf85baaa;-;-;Thu Sep 24 12:51:52 2009 +0000;1253796712;-;-;Thu Sep 24 12:51:52 2009 +0000;1253796712
b8c1130eec0732091426908a90db66e4eddeb25c;b8c1130eec;-;-;Thu Sep 24 10:45:56 2009 +0000;1253789156;-;-;Thu Sep 24 10:45:56 2009 +0000;1253789156
38110d35d292314cba870f6f335119474b027c9e;38110d35d2;-;-;Thu Sep 24 10:21:40 2009 +0000;1253787700;-;-;Thu Sep 24 10:21:40 2009 +0000;1253787700
501a1ea9afcd739b0145f47b137b5199c9cd4c61;501a1ea9af;-;-;Thu Sep 24 08:31:33 2009 +0000;1253781093;-;-;Thu Sep 24 08:31:33 2009 +0000;1253781093
bd098ce1dbf694cccfc5a4944b7bbf620d8016f9;bd098ce1db;-;-;Thu Sep 24 06:09:54 2009 +0000;1253772594;-;-;Thu Sep 24 06:09:54 2009 +0000;1253772594
616a48acc2e030ff9503ebfd3fec391ade77e3da;616a48acc2;-;-;Wed Sep 23 22:06:46 2009 +0000;1253743606;-;-;Wed Sep 23 22:06:46 2009 +0000;1253743606
33265eecbd44b6d609990da53cbc77c9a528a60c;33265eecbd;-;-;Wed Sep 23 21:19:28 2009 +0000;1253740768;-;-;Wed Sep 23 21:19:28 2009 +0000;1253740768
9508f41a91782afec3f88cdbd87aad3f4b8d6a13;9508f41a91;-;-;Wed Sep 23 21:17:30 2009 +0000;1253740650;-;-;Wed Sep 23 21:17:30 2009 +0000;1253740650
d4c16e91dfaf17ef63d6df2081014736e6f75efc;d4c16e91df;-;-;Wed Sep 23 20:53:21 2009 +0000;1253739201;-;-;Wed Sep 23 20:53:21 2009 +0000;1253739201
64bf3b74b5c4eba445b6d283022aa4a84b457789;64bf3b74b5;-;-;Wed Sep 23 19:35:44 2009 +0000;1253734544;-;-;Wed Sep 23 19:35:44 2009 +0000;1253734544
2bd30a49ad890c8f0d02550a7cecb12f41c1102b;2bd30a49ad;-;-;Wed Sep 23 18:36:11 2009 +0000;1253730971;-;-;Wed Sep 23 18:36:11 2009 +0000;1253730971
7a6dafd5ad99e16dc20a116d3ee83836b959db76;7a6dafd5ad;-;-;Wed Sep 23 18:25:04 2009 +0000;1253730304;-;-;Wed Sep 23 18:25:04 2009 +0000;1253730304
ce800fb45a16bffd860b49abc2f3181e38720cc4;ce800fb45a;-;-;Wed Sep 23 18:14:20 2009 +0000;1253729660;-;-;Wed Sep 23 18:14:20 2009 +0000;1253729660
dc05ef6548e31f24bb0f781e669f543ee98f2c04;dc05ef6548;-;-;Wed Sep 23 17:05:39 2009 +0000;1253725539;-;-;Wed Sep 23 17:05:39 2009 +0000;1253725539
e56aa91bd79df004ad56de69eb9268d9e3503cca;e56aa91bd7;-;-;Wed Sep 23 16:16:40 2009 +0000;1253722600;-;-;Wed Sep 23 16:16:40 2009 +0000;1253722600
c8022534023136372f9d7d812c79337c9ac6e59c;c802253402;-;-;Wed Sep 23 15:58:38 2009 +0000;1253721518;-;-;Wed Sep 23 15:58:38 2009 +0000;1253721518
2eb6f497a971bfa25929a87bf73994dfa33ef39c;2eb6f497a9;-;-;Wed Sep 23 14:59:21 2009 +0000;1253717961;-;-;Wed Sep 23 14:59:21 2009 +0000;1253717961
6fc190ec258eda64c5e1fbcedb50a2a9ecebb58f;6fc190ec25;-;-;Wed Sep 23 13:51:14 2009 +0000;1253713874;-;-;Wed Sep 23 13:51:14 2009 +0000;1253713874
438f128db697a03b3aa6252062c12d287f267546;438f128db6;-;-;Wed Sep 23 04:50:03 2009 +0000;1253681403;-;-;Wed Sep 23 04:50:03 2009 +0000;1253681403
187d025c1909b1c2fcbbcba14ad3b80f148a49b7;187d025c19;-;-;Wed Sep 23 04:45:04 2009 +0000;1253681104;-;-;Wed Sep 23 04:45:04 2009 +0000;1253681104
1ee4ac1b523aee6dcc4fa03e1d98a9b16ba5d0c9;1ee4ac1b52;-;-;Wed Sep 23 04:20:23 2009 +0000;1253679623;-;-;Wed Sep 23 04:20:23 2009 +0000;1253679623
dedecf7ae9b3326b96540f2b72aca465a8e8c85c;dedecf7ae9;-;-;Wed Sep 23 00:44:58 2009 +0000;1253666698;-;-;Wed Sep 23 00:44:58 2009 +0000;1253666698
e2c36fd5923d005a837d104b22d2dfca3a45d3d2;e2c36fd592;-;-;Tue Sep 22 23:52:27 2009 +0000;1253663547;-;-;Tue Sep 22 23:52:27 2009 +0000;1253663547
e6c3227d2d1e95777941e0eed356f0ddff91a86c;e6c3227d2d;-;-;Tue Sep 22 20:28:23 2009 +0000;1253651303;-;-;Tue Sep 22 20:28:23 2009 +0000;1253651303
ed611be838cd83129c80b40a37e2f2a95ff01da2;ed611be838;-;-;Tue Sep 22 15:37:26 2009 +0000;1253633846;-;-;Tue Sep 22 15:37:26 2009 +0000;1253633846
871fc14fbbfe528d1d91a6dede52fc28795de887;871fc14fbb;-;-;Tue Sep 22 13:37:32 2009 +0000;1253626652;-;-;Tue Sep 22 13:37:32 2009 +0000;1253626652
0698947e6db694701fa0b4a46af4273ad9fe31d5;0698947e6d;-;-;Tue Sep 22 13:31:56 2009 +0000;1253626316;-;-;Tue Sep 22 13:31:56 2009 +0000;1253626316
c693f216f10b35017ee089b2f6693e14b8ca8e31;c693f216f1;-;-;Mon Sep 21 22:59:48 2009 +0000;1253573988;-;-;Mon Sep 21 22:59:48 2009 +0000;1253573988
e9416db4722cae44cfe82276e625a62c519c16a4;e9416db472;-;-;Mon Sep 21 22:35:39 2009 +0000;1253572539;-;-;Mon Sep 21 22:35:39 2009 +0000;1253572539
01e900c33a2f4be526cd24000acdbf3f5c8ee27b;01e900c33a;-;-;Mon Sep 21 22:24:36 2009 +0000;1253571876;-;-;Mon Sep 21 22:24:36 2009 +0000;1253571876
a6e28f4eb5822892133bc4bdd32d12f42a8c00ed;a6e28f4eb5;-;-;Mon Sep 21 21:32:01 2009 +0000;1253568721;-;-;Mon Sep 21 21:32:01 2009 +0000;1253568721
6ce33dba7564a71c5ccca6696f3c20083a1e34d0;6ce33dba75;-;-;Mon Sep 21 21:24:37 2009 +0000;1253568277;-;-;Mon Sep 21 21:24:37 2009 +0000;1253568277
5faa4d90ac8bc14bbabc0af6d03b7f349a430501;5faa4d90ac;-;-;Mon Sep 21 14:27:22 2009 +0000;1253543242;-;-;Mon Sep 21 14:27:22 2009 +0000;1253543242
4f94f45ec4dfcf9b82515fcf7bb8162b0ac013f8;4f94f45ec4;-;-;Mon Sep 21 07:37:30 2009 +0000;1253518650;-;-;Mon Sep 21 07:37:30 2009 +0000;1253518650
fe525f5100e9b296a5fdc7292528265901f551f3;fe525f5100;-;-;Mon Sep 21 05:51:10 2009 +0000;1253512270;-;-;Mon Sep 21 05:51:10 2009 +0000;1253512270
5bae005366dc5562a8501b3612950bfbdbb53b96;5bae005366;-;-;Mon Sep 21 05:40:55 2009 +0000;1253511655;-;-;Mon Sep 21 05:40:55 2009 +0000;1253511655
17f7796d42d9a579bbb841e4d68ad0dd602da294;17f7796d42;-;-;Mon Sep 21 05:39:16 2009 +0000;1253511556;-;-;Mon Sep 21 05:39:16 2009 +0000;1253511556
cb548697260605b690a58933ee460bb686ee3d7b;cb54869726;-;-;Mon Sep 21 05:30:54 2009 +0000;1253511054;-;-;Mon Sep 21 05:30:54 2009 +0000;1253511054
67c02f6c35cc94625381ed7debd7bf89932c8d05;67c02f6c35;-;-;Mon Sep 21 05:14:14 2009 +0000;1253510054;-;-;Mon Sep 21 05:14:14 2009 +0000;1253510054
982ece595c5dc0f9f0c8b6c0c37f2db8539790a8;982ece595c;-;-;Mon Sep 21 02:48:00 2009 +0000;1253501280;-;-;Mon Sep 21 02:48:00 2009 +0000;1253501280
566eeba8cac45b1f5bfedb710865a22bb04e3597;566eeba8ca;-;-;Sun Sep 20 22:22:35 2009 +0000;1253485355;-;-;Sun Sep 20 22:22:35 2009 +0000;1253485355
9f75eb4f445152d7e8a07029e2c1f4810cda075e;9f75eb4f44;-;-;Sun Sep 20 21:12:41 2009 +0000;1253481161;-;-;Sun Sep 20 21:12:41 2009 +0000;1253481161
fada1518785f66317f58c668dfddd4044b5f9a9d;fada151878;-;-;Fri Sep 18 23:15:33 2009 +0000;1253315733;-;-;Fri Sep 18 23:15:33 2009 +0000;1253315733
d37c5aba943663d266c48b6fbd93c069244ab6d8;d37c5aba94;-;-;Fri Sep 18 23:06:29 2009 +0000;1253315189;-;-;Fri Sep 18 23:06:29 2009 +0000;1253315189
48bc060a77bb02caf319d1ad9aa618a1bfac7d1c;48bc060a77;-;-;Fri Sep 18 23:02:52 2009 +0000;1253314972;-;-;Fri Sep 18 23:02:52 2009 +0000;1253314972
2ca694350e1c3e3e3abbc998546a5a1c0aa823e0;2ca694350e;-;-;Fri Sep 18 22:18:41 2009 +0000;1253312321;-;-;Fri Sep 18 22:18:41 2009 +0000;1253312321
6c4fb857530ffe8774140f822522b391995df5b5;6c4fb85753;-;-;Fri Sep 18 21:34:25 2009 +0000;1253309665;-;-;Fri Sep 18 21:34:25 2009 +0000;1253309665
66ce8248b5aba77b8ed9264dc184d15d24f868a5;66ce8248b5;-;-;Fri Sep 18 21:30:30 2009 +0000;1253309430;-;-;Fri Sep 18 21:30:30 2009 +0000;1253309430
25854bd7643f00a4ddbad85e5aee8afd3a215f02;25854bd764;-;-;Fri Sep 18 21:07:53 2009 +0000;1253308073;-;-;Fri Sep 18 21:07:53 2009 +0000;1253308073
b4fd51abd50a6fc7627a5b0290539b153f184ee8;b4fd51abd5;-;-;Fri Sep 18 20:41:15 2009 +0000;1253306475;-;-;Fri Sep 18 20:41:15 2009 +0000;1253306475
45c542e51e9b01526a97a1644aebfe1e94a2342f;45c542e51e;-;-;Fri Sep 18 20:32:41 2009 +0000;1253305961;-;-;Fri Sep 18 20:32:41 2009 +0000;1253305961
b2e38379566cf788421bd387d1c5ea243692f448;b2e3837956;-;-;Fri Sep 18 20:28:36 2009 +0000;1253305716;-;-;Fri Sep 18 20:28:36 2009 +0000;1253305716
f1f4bd9fb4cc6df977bb2bd66f4d1623b7fbaa5d;f1f4bd9fb4;-;-;Fri Sep 18 20:08:45 2009 +0000;1253304525;-;-;Fri Sep 18 20:08:45 2009 +0000;1253304525
d3b43ebccb923c6d5825b10d4f4f305b54ee549d;d3b43ebccb;-;-;Fri Sep 18 19:57:59 2009 +0000;1253303879;-;-;Fri Sep 18 19:57:59 2009 +0000;1253303879
6420fd303bdae3962d4eab6326811afbca759d05;6420fd303b;-;-;Fri Sep 18 14:42:36 2009 +0000;1253284956;-;-;Fri Sep 18 14:42:36 2009 +0000;1253284956
8e800f03226747a12adc235ca80bd94513b67ca8;8e800f0322;-;-;Fri Sep 18 14:30:23 2009 +0000;1253284223;-;-;Fri Sep 18 14:30:23 2009 +0000;1253284223
ac6e26388ff4919512a25c34e02e089ed96c6ccf;ac6e26388f;-;-;Fri Sep 18 14:15:06 2009 +0000;1253283306;-;-;Fri Sep 18 14:15:06 2009 +0000;1253283306
99753f0d1c40c6de81bd4bdcf446c2b6ebed4788;99753f0d1c;-;-;Fri Sep 18 14:07:19 2009 +0000;1253282839;-;-;Fri Sep 18 14:07:19 2009 +0000;1253282839
89216a4b9a1ec378ce75927f87237438341ca27f;89216a4b9a;-;-;Fri Sep 18 14:02:24 2009 +0000;1253282544;-;-;Fri Sep 18 14:02:24 2009 +0000;1253282544
7b42a121614ec17b6a34524362d73329b27b9f72;7b42a12161;-;-;Fri Sep 18 14:01:39 2009 +0000;1253282499;-;-;Fri Sep 18 14:01:39 2009 +0000;1253282499
8d66c9076003f2f42d5fc7b86e4d246ead39624d;8d66c90760;-;-;Fri Sep 18 13:48:37 2009 +0000;1253281717;-;-;Fri Sep 18 13:48:37 2009 +0000;1253281717
1c134925bab619927fe6b2ba06a1799ca6f152f7;1c134925ba;-;-;Thu Sep 17 22:39:35 2009 +0000;1253227175;-;-;Thu Sep 17 22:39:35 2009 +0000;1253227175
d29a894d57a61f968540ff86c1531ba1b0d91be3;d29a894d57;-;-;Thu Sep 17 21:32:31 2009 +0000;1253223151;-;-;Thu Sep 17 21:32:31 2009 +0000;1253223151
563ef683f9bf9295120c20ec0a2d20f57bf7e604;563ef683f9;-;-;Thu Sep 17 21:27:57 2009 +0000;1253222877;-;-;Thu Sep 17 21:27:57 2009 +0000;1253222877
e9d53cb2e89a9f9a8169c147db68d9208cfdd365;e9d53cb2e8;-;-;Thu Sep 17 21:11:52 2009 +0000;1253221912;-;-;Thu Sep 17 21:11:52 2009 +0000;1253221912
1d9607b46581fee92369c32069e70363b479c8c2;1d9607b465;-;-;Thu Sep 17 21:03:19 2009 +0000;1253221399;-;-;Thu Sep 17 21:03:19 2009 +0000;1253221399
e26163505adb1b4315f97b5ac714de11b7f4d42b;e26163505a;-;-;Thu Sep 17 20:25:34 2009 +0000;1253219134;-;-;Thu Sep 17 20:25:34 2009 +0000;1253219134
d848d21f097dd7a5bfee9752a90a68705b210fe0;d848d21f09;-;-;Thu Sep 17 20:16:26 2009 +0000;1253218586;-;-;Thu Sep 17 20:16:26 2009 +0000;1253218586
e153a1a968d6985828375b0f6daa38cba0b8d29e;e153a1a968;-;-;Thu Sep 17 20:05:38 2009 +0000;1253217938;-;-;Thu Sep 17 20:05:38 2009 +0000;1253217938
5c3e71d4942c21dd5d4ea76c932a408aae78e43c;5c3e71d494;-;-;Thu Sep 17 19:56:19 2009 +0000;1253217379;-;-;Thu Sep 17 19:56:19 2009 +0000;1253217379
3ef485bbbe8d4b0ec028a63fe0f6d3aab5fa819b;3ef485bbbe;-;-;Thu Sep 17 19:53:17 2009 +0000;1253217197;-;-;Thu Sep 17 19:53:17 2009 +0000;1253217197
31441627de02bcc4ac2dcf307809b3c94b642e7b;31441627de;-;-;Thu Sep 17 19:48:55 2009 +0000;1253216935;-;-;Thu Sep 17 19:48:55 2009 +0000;1253216935
39c1ab923f6a196318581c66ebe8d5519b01fdb2;39c1ab923f;-;-;Thu Sep 17 19:24:35 2009 +0000;1253215475;-;-;Thu Sep 17 19:24:35 2009 +0000;1253215475
33c19b8b14b534ba423c9cee51c90536daa6e119;33c19b8b14;-;-;Thu Sep 17 19:24:07 2009 +0000;1253215447;-;-;Thu Sep 17 19:24:07 2009 +0000;1253215447
10c30f0315b41cd3168a7d6c8b984a12f49c62b1;10c30f0315;-;-;Thu Sep 17 15:58:25 2009 +0000;1253203105;-;-;Thu Sep 17 15:58:25 2009 +0000;1253203105
ad4f50a0d4e787ba129b2d7d61eb4b59b0739307;ad4f50a0d4;-;-;Thu Sep 17 15:24:24 2009 +0000;1253201064;-;-;Thu Sep 17 15:24:24 2009 +0000;1253201064
9ef1d2b1ad666ae1722f477bcb1f0722513b35ee;9ef1d2b1ad;-;-;Thu Sep 17 15:20:04 2009 +0000;1253200804;-;-;Thu Sep 17 15:20:04 2009 +0000;1253200804
6f2642f2d3782d928e8fc998a194f8b669ea65da;6f2642f2d3;-;-;Thu Sep 17 10:24:56 2009 +0000;1253183096;-;-;Thu Sep 17 10:24:56 2009 +0000;1253183096
87e939a4e9f7148a1e8a41091f45f5d8f55e2b19;87e939a4e9;-;-;Thu Sep 17 10:24:08 2009 +0000;1253183048;-;-;Thu Sep 17 10:24:08 2009 +0000;1253183048
160521074bee4219680e3ead6313fca1c4a0108c;160521074b;-;-;Thu Sep 17 10:04:36 2009 +0000;1253181876;-;-;Thu Sep 17 10:04:36 2009 +0000;1253181876
8bf1ee5e7c51870d02babe70b4bb938ffb90445a;8bf1ee5e7c;-;-;Wed Sep 16 19:25:07 2009 +0000;1253129107;-;-;Wed Sep 16 19:25:07 2009 +0000;1253129107
1c6965132f05ab9d127157d637728bddce5d0b39;1c6965132f;-;-;Wed Sep 16 19:24:56 2009 +0000;1253129096;-;-;Wed Sep 16 19:24:56 2009 +0000;1253129096
881c3ed6fab296661ee485581dfecf8f0958ee56;881c3ed6fa;-;-;Wed Sep 16 15:40:11 2009 +0000;1253115611;-;-;Wed Sep 16 15:40:11 2009 +0000;1253115611
a7ab109ab7ae7fe4a8f89ada010c80844fe9a4a4;a7ab109ab7;-;-;Wed Sep 16 11:15:37 2009 +0000;1253099737;-;-;Wed Sep 16 11:15:37 2009 +0000;1253099737
01fb1825f561e56f84324f49bad2262505463f59;01fb1825f5;-;-;Wed Sep 16 09:53:14 2009 +0000;1253094794;-;-;Wed Sep 16 09:53:14 2009 +0000;1253094794
aa08c11976766ecb752302d651d79deb599d971d;aa08c11976;-;-;Wed Sep 16 09:25:48 2009 +0000;1253093148;-;-;Wed Sep 16 09:25:48 2009 +0000;1253093148
2a0d68cb5ca874589af09591435c6d07dcbcd615;2a0d68cb5c;-;-;Tue Sep 15 22:31:08 2009 +0000;1253053868;-;-;Tue Sep 15 22:31:08 2009 +0000;1253053868
fd81aa205d88f62c82a86b4537556bbbf7fc24f5;fd81aa205d;-;-;Tue Sep 15 15:52:13 2009 +0000;1253029933;-;-;Tue Sep 15 15:52:13 2009 +0000;1253029933
fa2bb722f0c80021c35196833be1927cbe4b36f8;fa2bb722f0;-;-;Tue Sep 15 14:12:16 2009 +0000;1253023936;-;-;Tue Sep 15 14:12:16 2009 +0000;1253023936
ad1269622b13b91d4aa140ea9bfdb2fe7654657a;ad1269622b;-;-;Tue Sep 15 12:36:45 2009 +0000;1253018205;-;-;Tue Sep 15 12:36:45 2009 +0000;1253018205
e1a3e44485132b970f1742080fd7e562e86fb3bf;e1a3e44485;-;-;Tue Sep 15 12:00:55 2009 +0000;1253016055;-;-;Tue Sep 15 12:00:55 2009 +0000;1253016055
429d78b902078c5bdf1f65fab161d9084614c053;429d78b902;-;-;Tue Sep 15 11:02:44 2009 +0000;1253012564;-;-;Tue Sep 15 11:02:44 2009 +0000;1253012564
34357d2b1f4bdc605d2c033200513381007165dd;34357d2b1f;-;-;Tue Sep 15 10:51:50 2009 +0000;1253011910;-;-;Tue Sep 15 10:51:50 2009 +0000;1253011910
9f19e5e73bc711a171bfd715901970e455230429;9f19e5e73b;-;-;Tue Sep 15 09:17:10 2009 +0000;1253006230;-;-;Tue Sep 15 09:17:10 2009 +0000;1253006230
5fa7347641f7ef9819155845baaae34459165fb3;5fa7347641;-;-;Mon Sep 14 23:18:31 2009 +0000;1252970311;-;-;Mon Sep 14 23:18:31 2009 +0000;1252970311
0d6b9f1241800246a76deff7e6788d5b4ff7cd7d;0d6b9f1241;-;-;Mon Sep 14 23:17:03 2009 +0000;1252970223;-;-;Mon Sep 14 23:17:03 2009 +0000;1252970223
ca928944dbbc74325fbb4044892f6169b7dc3738;ca928944db;-;-;Mon Sep 14 23:08:32 2009 +0000;1252969712;-;-;Mon Sep 14 23:08:32 2009 +0000;1252969712
0d7f4117ab4b721111f96682e2876789df836168;0d7f4117ab;-;-;Mon Sep 14 22:51:22 2009 +0000;1252968682;-;-;Mon Sep 14 22:51:22 2009 +0000;1252968682
c0d2c6fed4acbfd1bf3a71e6b71e893f30088da7;c0d2c6fed4;-;-;Mon Sep 14 22:43:44 2009 +0000;1252968224;-;-;Mon Sep 14 22:43:44 2009 +0000;1252968224
af1c507f93151c811297a265c3d2cb62c95880da;af1c507f93;-;-;Mon Sep 14 22:40:44 2009 +0000;1252968044;-;-;Mon Sep 14 22:40:44 2009 +0000;1252968044
9e9f9df04168b037a05637f15d610a397ed0d60a;9e9f9df041;-;-;Mon Sep 14 22:25:55 2009 +0000;1252967155;-;-;Mon Sep 14 22:25:55 2009 +0000;1252967155
df7a4dba3ad584e3b4ce95a1ca622b462325d47c;df7a4dba3a;-;-;Mon Sep 14 22:00:54 2009 +0000;1252965654;-;-;Mon Sep 14 22:00:54 2009 +0000;1252965654
5c525e546cbb76389e48a21e7676054432e858b6;5c525e546c;-;-;Mon Sep 14 21:59:12 2009 +0000;1252965552;-;-;Mon Sep 14 21:59:12 2009 +0000;1252965552
90697e884d3b74194d74159c5df1d88adb32b7de;90697e884d;-;-;Mon Sep 14 21:32:13 2009 +0000;1252963933;-;-;Mon Sep 14 21:32:13 2009 +0000;1252963933
d5ed42e860be722915e37325e5dda3abb5b4cd0d;d5ed42e860;-;-;Mon Sep 14 20:54:46 2009 +0000;1252961686;-;-;Mon Sep 14 20:54:46 2009 +0000;1252961686
90652bf8ae0ec68a4756af5e0796fbce61cfed18;90652bf8ae;-;-;Mon Sep 14 15:53:05 2009 +0000;1252943585;-;-;Mon Sep 14 15:53:05 2009 +0000;1252943585
320f08ac79bcca9cf9080570c2fac95159822814;320f08ac79;-;-;Mon Sep 14 15:00:37 2009 +0000;1252940437;-;-;Mon Sep 14 15:00:37 2009 +0000;1252940437
bb70c9a4c445ad3d47fdcd44c32c51deca98705b;bb70c9a4c4;-;-;Mon Sep 14 10:48:15 2009 +0000;1252925295;-;-;Mon Sep 14 10:48:15 2009 +0000;1252925295
7835e66abb21932e67c1a6d2a2992d6bee43a67c;7835e66abb;-;-;Mon Sep 14 10:43:04 2009 +0000;1252924984;-;-;Mon Sep 14 10:43:04 2009 +0000;1252924984
ee0a59d464630f91ae310cafa05908422b808a58;ee0a59d464;-;-;Mon Sep 14 10:24:42 2009 +0000;1252923882;-;-;Mon Sep 14 10:24:42 2009 +0000;1252923882
7d37c92e4f2e924a033a619e4c80f9e79120a779;7d37c92e4f;-;-;Mon Sep 14 10:02:15 2009 +0000;1252922535;-;-;Mon Sep 14 10:02:15 2009 +0000;1252922535
582c092f0e4a25b9039ba9a5ddd53d819ee4d9b2;582c092f0e;-;-;Sun Sep 13 21:27:03 2009 +0000;1252877223;-;-;Sun Sep 13 21:27:03 2009 +0000;1252877223
f1bfcf0d25fb73061301a86bed35af559d8f1c6b;f1bfcf0d25;-;-;Sun Sep 13 13:55:34 2009 +0000;1252850134;-;-;Sun Sep 13 13:55:34 2009 +0000;1252850134
fe164471124f357d20acb18f6a6059eb5f91be07;fe16447112;-;-;Fri Sep 11 20:00:04 2009 +0000;1252699204;-;-;Fri Sep 11 20:00:04 2009 +0000;1252699204
1e9fc388ac50b3b77dd20c0e7b14ed9a3e54b69d;1e9fc388ac;-;-;Fri Sep 11 19:04:03 2009 +0000;1252695843;-;-;Fri Sep 11 19:04:03 2009 +0000;1252695843
1480202aa37d7edaf7f070a2bf45cd3a1016eea7;1480202aa3;-;-;Fri Sep 11 18:31:51 2009 +0000;1252693911;-;-;Fri Sep 11 18:31:51 2009 +0000;1252693911
f7562614bc732f737ab9521976c88ae55da235d1;f7562614bc;-;-;Fri Sep 11 15:34:32 2009 +0000;1252683272;-;-;Fri Sep 11 15:34:32 2009 +0000;1252683272
8303d4945e63d2df4f2ed5c632b630facc187580;8303d4945e;-;-;Fri Sep 11 15:11:52 2009 +0000;1252681912;-;-;Fri Sep 11 15:11:52 2009 +0000;1252681912
2d3c6fa55f8c4c82866eb037968d774693b4a9a5;2d3c6fa55f;-;-;Fri Sep 11 14:22:26 2009 +0000;1252678946;-;-;Fri Sep 11 14:22:26 2009 +0000;1252678946
64c46d48bb916bc52ff2f38b4f5d4a9ffb5b794c;64c46d48bb;-;-;Thu Sep 10 11:12:23 2009 +0000;1252581143;-;-;Thu Sep 10 11:12:23 2009 +0000;1252581143
184f63f68951ed1c199dddc27a6a266f09e9e0ce;184f63f689;-;-;Thu Sep 10 10:35:04 2009 +0000;1252578904;-;-;Thu Sep 10 10:35:04 2009 +0000;1252578904
377359b924b0bca8a67d6238b01f5c24e8c25efa;377359b924;-;-;Wed Sep 9 17:28:34 2009 +0000;1252517314;-;-;Wed Sep 9 17:28:34 2009 +0000;1252517314
aeee120431985106376dffb190769fb7e1ca1261;aeee120431;-;-;Wed Sep 9 17:28:21 2009 +0000;1252517301;-;-;Wed Sep 9 17:28:21 2009 +0000;1252517301
c1f0301433bae9121bfda608a3c929ecdf31376b;c1f0301433;-;-;Wed Sep 9 17:27:05 2009 +0000;1252517225;-;-;Wed Sep 9 17:27:05 2009 +0000;1252517225
ea674f2fa61d53c68902120dd666d6756ef5656e;ea674f2fa6;-;-;Wed Sep 9 13:25:27 2009 +0000;1252502727;-;-;Wed Sep 9 13:25:27 2009 +0000;1252502727
4be3c5d88ccaed3ef01d36e05528c8af6641cfad;4be3c5d88c;-;-;Tue Sep 8 23:05:11 2009 +0000;1252451111;-;-;Tue Sep 8 23:05:11 2009 +0000;1252451111
cfdb106910867d20ad3153b05ebcd62b26506600;cfdb106910;-;-;Tue Sep 8 23:03:22 2009 +0000;1252451002;-;-;Tue Sep 8 23:03:22 2009 +0000;1252451002
634d4b4d4c263f6a734fed142fa15ca48acb9262;634d4b4d4c;-;-;Tue Sep 8 23:01:26 2009 +0000;1252450886;-;-;Tue Sep 8 23:01:26 2009 +0000;1252450886
ee1c68ead4a0259ca2f5440be9b997e93ecb7ddf;ee1c68ead4;-;-;Tue Sep 8 22:35:55 2009 +0000;1252449355;-;-;Tue Sep 8 22:35:55 2009 +0000;1252449355
45dc856993d43abcb4126818a94b68f2bbdb0f80;45dc856993;-;-;Tue Sep 8 22:35:32 2009 +0000;1252449332;-;-;Tue Sep 8 22:35:32 2009 +0000;1252449332
414d6633eab662b877c2c8fb2006d2c02e94d194;414d6633ea;-;-;Tue Sep 8 21:57:41 2009 +0000;1252447061;-;-;Tue Sep 8 21:57:41 2009 +0000;1252447061
2b96fe8b5db0d7d5eb2f357ca1e2c9ee81feafe3;2b96fe8b5d;-;-;Tue Sep 8 21:50:26 2009 +0000;1252446626;-;-;Tue Sep 8 21:50:26 2009 +0000;1252446626
8f6a42bf646442192dcae01a9334f246508c7c99;8f6a42bf64;-;-;Tue Sep 8 21:37:02 2009 +0000;1252445822;-;-;Tue Sep 8 21:37:02 2009 +0000;1252445822
7f7173f79030f8a4d4b93762792ad42b823a0909;7f7173f790;-;-;Tue Sep 8 21:00:48 2009 +0000;1252443648;-;-;Tue Sep 8 21:00:48 2009 +0000;1252443648
209f43bee7a848dcf4fe48113d8620822c591319;209f43bee7;-;-;Tue Sep 8 20:55:00 2009 +0000;1252443300;-;-;Tue Sep 8 20:55:00 2009 +0000;1252443300
744821465764d333530bc3cfe3a40e25f9066d66;7448214657;-;-;Tue Sep 8 20:10:26 2009 +0000;1252440626;-;-;Tue Sep 8 20:10:26 2009 +0000;1252440626
f20c074ff46f7b3af18d83a5a8193a3b984940f7;f20c074ff4;-;-;Tue Sep 8 19:09:12 2009 +0000;1252436952;-;-;Tue Sep 8 19:09:12 2009 +0000;1252436952
d16faafc4f4ee45ed562bfbea768e554f8903229;d16faafc4f;-;-;Tue Sep 8 17:13:02 2009 +0000;1252429982;-;-;Tue Sep 8 17:13:02 2009 +0000;1252429982
3fe09d70cde90a592a2934315f084e4a93324248;3fe09d70cd;-;-;Tue Sep 8 16:29:43 2009 +0000;1252427383;-;-;Tue Sep 8 16:29:43 2009 +0000;1252427383
8357bcb050f27d46541cc89cedb61577eb958929;8357bcb050;-;-;Tue Sep 8 16:24:38 2009 +0000;1252427078;-;-;Tue Sep 8 16:24:38 2009 +0000;1252427078
df3881d1e87579b2cad7ac4a059e83b0f8320af9;df3881d1e8;-;-;Tue Sep 8 16:23:09 2009 +0000;1252426989;-;-;Tue Sep 8 16:23:09 2009 +0000;1252426989
ceca0db6459fca13519336ad8e62691fa1ace332;ceca0db645;-;-;Tue Sep 8 16:19:34 2009 +0000;1252426774;-;-;Tue Sep 8 16:19:34 2009 +0000;1252426774
ae461db82ac3df98fed384df40308d96d8078183;ae461db82a;-;-;Tue Sep 8 08:37:10 2009 +0000;1252399030;-;-;Tue Sep 8 08:37:10 2009 +0000;1252399030
6651ff0c5528bf60eed3a3382846ba8d59415b02;6651ff0c55;-;-;Tue Sep 8 01:35:36 2009 +0000;1252373736;-;-;Tue Sep 8 01:35:36 2009 +0000;1252373736
c63567c2ef8241949748462db2fcfb9ec26be937;c63567c2ef;-;-;Tue Sep 8 00:50:52 2009 +0000;1252371052;-;-;Tue Sep 8 00:50:52 2009 +0000;1252371052
70038bcf3c3500ed8e4b4b3f2e732b3742ac6c0e;70038bcf3c;-;-;Tue Sep 8 00:15:09 2009 +0000;1252368909;-;-;Tue Sep 8 00:15:09 2009 +0000;1252368909
0d084bd7f810645af9b9de1f4475023a8f61398b;0d084bd7f8;-;-;Tue Sep 8 00:11:28 2009 +0000;1252368688;-;-;Tue Sep 8 00:11:28 2009 +0000;1252368688
6e95b2c3116f4bcbc040614f3e1fbf3beaf37b25;6e95b2c311;-;-;Tue Sep 8 00:05:09 2009 +0000;1252368309;-;-;Tue Sep 8 00:05:09 2009 +0000;1252368309
a86a698e5b3394c9b6721a784c8fe251611ff16b;a86a698e5b;-;-;Mon Sep 7 23:58:42 2009 +0000;1252367922;-;-;Mon Sep 7 23:58:42 2009 +0000;1252367922
f9f9b431a697132af0e22311d74b90c3f01dccb7;f9f9b431a6;-;-;Mon Sep 7 21:03:32 2009 +0000;1252357412;-;-;Mon Sep 7 21:03:32 2009 +0000;1252357412
7aff0755a36602a1367cd7104e7007c2ec8ca874;7aff0755a3;-;-;Mon Sep 7 18:53:01 2009 +0000;1252349581;-;-;Mon Sep 7 18:53:01 2009 +0000;1252349581
7123e4f81e614bbe8542521dd38210b59559340e;7123e4f81e;-;-;Mon Sep 7 18:37:59 2009 +0000;1252348679;-;-;Mon Sep 7 18:37:59 2009 +0000;1252348679
efaf76b46fcd255008e020b19107c29cc21710e3;efaf76b46f;-;-;Mon Sep 7 18:37:01 2009 +0000;1252348621;-;-;Mon Sep 7 18:37:01 2009 +0000;1252348621
57f90ad4ef78614afb173c6c8b5c12f220f41988;57f90ad4ef;-;-;Mon Sep 7 18:07:17 2009 +0000;1252346837;-;-;Mon Sep 7 18:07:17 2009 +0000;1252346837
1045847cf7f2f21ccf69b1b0e1a0b532233aee8a;1045847cf7;-;-;Mon Sep 7 18:04:27 2009 +0000;1252346667;-;-;Mon Sep 7 18:04:27 2009 +0000;1252346667
e6436bbbbe7ea9e23f4d36d129c52da071f53c60;e6436bbbbe;-;-;Mon Sep 7 12:50:49 2009 +0000;1252327849;-;-;Mon Sep 7 12:50:49 2009 +0000;1252327849
c5e49fc6dc7a6f065a62eadff3e2c2163f45a850;c5e49fc6dc;-;-;Mon Sep 7 12:44:59 2009 +0000;1252327499;-;-;Mon Sep 7 12:44:59 2009 +0000;1252327499
c10342a5537c501a9f7236ea09906460df94f7ad;c10342a553;-;-;Mon Sep 7 04:06:18 2009 +0000;1252296378;-;-;Mon Sep 7 04:06:18 2009 +0000;1252296378
afd6fe90480344ddc4992a43721074f614803084;afd6fe9048;-;-;Sun Sep 6 19:09:29 2009 +0000;1252264169;-;-;Sun Sep 6 19:09:29 2009 +0000;1252264169
b18a1dc5b3cac85240cf3e56c719532beb26461d;b18a1dc5b3;-;-;Sun Sep 6 18:24:16 2009 +0000;1252261456;-;-;Sun Sep 6 18:24:16 2009 +0000;1252261456
bfa4231c9dc721f59e9dcf0d549a184518c209a7;bfa4231c9d;-;-;Fri Sep 4 18:56:26 2009 +0000;1252090586;-;-;Fri Sep 4 18:56:26 2009 +0000;1252090586
aee3f14d3ccbe805267b69c1bd0f475194819196;aee3f14d3c;-;-;Fri Sep 4 18:46:55 2009 +0000;1252090015;-;-;Fri Sep 4 18:46:55 2009 +0000;1252090015
c3546f4c782cf93de0a2f12aea5accce7448d59b;c3546f4c78;-;-;Fri Sep 4 18:44:31 2009 +0000;1252089871;-;-;Fri Sep 4 18:44:31 2009 +0000;1252089871
b482d6db121033e7ee0feed2854d277343f393e1;b482d6db12;-;-;Fri Sep 4 18:37:50 2009 +0000;1252089470;-;-;Fri Sep 4 18:37:50 2009 +0000;1252089470
019c3c253af174a331117d74cd73d864a71a8e27;019c3c253a;-;-;Fri Sep 4 18:22:37 2009 +0000;1252088557;-;-;Fri Sep 4 18:22:37 2009 +0000;1252088557
5d17db64ec58e0a6a6768a4004ef0b84ae21c4ef;5d17db64ec;-;-;Fri Sep 4 18:17:38 2009 +0000;1252088258;-;-;Fri Sep 4 18:17:38 2009 +0000;1252088258
05fe67938443b22361d158a5f00443efaa0a85c1;05fe679384;-;-;Fri Sep 4 16:59:07 2009 +0000;1252083547;-;-;Fri Sep 4 16:59:07 2009 +0000;1252083547
855eac549eb5f42c9c2f14e6a447cae1294f90a2;855eac549e;-;-;Thu Sep 3 20:09:11 2009 +0000;1252008551;-;-;Thu Sep 3 20:09:11 2009 +0000;1252008551
cd20be7a4fc37fd6f730d7330dab0609bfcedf3a;cd20be7a4f;-;-;Thu Sep 3 18:52:39 2009 +0000;1252003959;-;-;Thu Sep 3 18:52:39 2009 +0000;1252003959
80570a28c0c6e1f147b24f035742099734b2e015;80570a28c0;-;-;Thu Sep 3 16:54:24 2009 +0000;1251996864;-;-;Thu Sep 3 16:54:24 2009 +0000;1251996864
b4aa322c4c3ae9150c67fbf9d3e59ec2dc22b32a;b4aa322c4c;-;-;Thu Sep 3 16:43:44 2009 +0000;1251996224;-;-;Thu Sep 3 16:43:44 2009 +0000;1251996224
21d9b70fd843dab2f331069eff0fb9ce3714c7ff;21d9b70fd8;-;-;Thu Sep 3 16:32:09 2009 +0000;1251995529;-;-;Thu Sep 3 16:32:09 2009 +0000;1251995529
9b2f161b7e0a5070e663ebdd26458f42b3c9731c;9b2f161b7e;-;-;Thu Sep 3 16:30:46 2009 +0000;1251995446;-;-;Thu Sep 3 16:30:46 2009 +0000;1251995446
a03ca8637219b6479f0063515b11f4a8f0f233db;a03ca86372;-;-;Thu Sep 3 16:18:22 2009 +0000;1251994702;-;-;Thu Sep 3 16:18:22 2009 +0000;1251994702
ca159f6d9ae7ecba178738cf863dd957fec33832;ca159f6d9a;-;-;Thu Sep 3 15:01:54 2009 +0000;1251990114;-;-;Thu Sep 3 15:01:54 2009 +0000;1251990114
223e1e4522a95400edda857e12df10a000576fac;223e1e4522;-;-;Thu Sep 3 14:44:10 2009 +0000;1251989050;-;-;Thu Sep 3 14:44:10 2009 +0000;1251989050
35c4a4b3b0cc7f62a1e2d954a69b897aee0dbd24;35c4a4b3b0;-;-;Thu Sep 3 14:06:10 2009 +0000;1251986770;-;-;Thu Sep 3 14:06:10 2009 +0000;1251986770
d0c8545d9bf4b97c47d257b445cfe0a2ed09db88;d0c8545d9b;-;-;Thu Sep 3 12:15:19 2009 +0000;1251980119;-;-;Thu Sep 3 12:15:19 2009 +0000;1251980119
477c4d386543e47cc21463fe665ad877cd10439b;477c4d3865;-;-;Thu Sep 3 05:32:19 2009 +0000;1251955939;-;-;Thu Sep 3 05:32:19 2009 +0000;1251955939
19450cd069da189a86d54b91f66e7d65e03500e2;19450cd069;-;-;Thu Sep 3 05:30:56 2009 +0000;1251955856;-;-;Thu Sep 3 05:30:56 2009 +0000;1251955856
e7095748f3dc04a0196e39eb688f79e1ce7abba0;e7095748f3;-;-;Thu Sep 3 04:44:21 2009 +0000;1251953061;-;-;Thu Sep 3 04:44:21 2009 +0000;1251953061
421aab0fa5cf3c7d0c20f8095a60f54f5133c091;421aab0fa5;-;-;Thu Sep 3 04:41:37 2009 +0000;1251952897;-;-;Thu Sep 3 04:41:37 2009 +0000;1251952897
354e6fafe910d9dfea63c8b44fff94ebd6678b41;354e6fafe9;-;-;Thu Sep 3 04:17:18 2009 +0000;1251951438;-;-;Thu Sep 3 04:17:18 2009 +0000;1251951438
d18bc356f26dd37474ee98be908aeea10718af01;d18bc356f2;-;-;Thu Sep 3 03:40:37 2009 +0000;1251949237;-;-;Thu Sep 3 03:40:37 2009 +0000;1251949237
835ebfcd250b0bb9ef920d976392490cf8c8d301;835ebfcd25;-;-;Thu Sep 3 03:36:57 2009 +0000;1251949017;-;-;Thu Sep 3 03:36:57 2009 +0000;1251949017
70083474e1ab51832422a5db444ccbcbf41bed45;70083474e1;-;-;Wed Sep 2 23:47:21 2009 +0000;1251935241;-;-;Wed Sep 2 23:47:21 2009 +0000;1251935241
900660ae56181dbb4a1f1c062aa67dc4e00eeae0;900660ae56;-;-;Wed Sep 2 23:34:01 2009 +0000;1251934441;-;-;Wed Sep 2 23:34:01 2009 +0000;1251934441
d10be7443f1f3384fbafff4551eacfad874e51ec;d10be7443f;-;-;Wed Sep 2 20:03:12 2009 +0000;1251921792;-;-;Wed Sep 2 20:03:12 2009 +0000;1251921792
f323a5bb5d5e852179f1805b24b3c58b9e458b34;f323a5bb5d;-;-;Wed Sep 2 16:29:43 2009 +0000;1251908983;-;-;Wed Sep 2 16:29:43 2009 +0000;1251908983
0a781f3084fefe3ee54ffc1668bf4cc516c848d6;0a781f3084;-;-;Tue Sep 1 17:33:29 2009 +0000;1251826409;-;-;Tue Sep 1 17:33:29 2009 +0000;1251826409
2dee54b78abaccd0a0b63e2dc763ae634291bd71;2dee54b78a;-;-;Tue Sep 1 17:33:12 2009 +0000;1251826392;-;-;Tue Sep 1 17:33:12 2009 +0000;1251826392
ba425c34f8dbe1d98dd7b54afd5c93b25d17ae6e;ba425c34f8;-;-;Mon Aug 31 11:40:48 2009 +0000;1251718848;-;-;Mon Aug 31 11:40:48 2009 +0000;1251718848
8675281972d49a7e62acc2c2eea10582935dad17;8675281972;-;-;Mon Aug 31 11:30:30 2009 +0000;1251718230;-;-;Mon Aug 31 11:30:30 2009 +0000;1251718230
8754f0bc85e9918222fbe9456f59379930b91bc0;8754f0bc85;-;-;Mon Aug 31 11:25:54 2009 +0000;1251717954;-;-;Mon Aug 31 11:25:54 2009 +0000;1251717954
19bccaaa1191e0f50034f6ea3fbd854867c7ce9f;19bccaaa11;-;-;Mon Aug 31 05:36:34 2009 +0000;1251696994;-;-;Mon Aug 31 05:36:34 2009 +0000;1251696994
7b6029d51524e037f6b6f139f96de4e2f5025eea;7b6029d515;-;-;Sat Aug 29 03:17:02 2009 +0000;1251515822;-;-;Sat Aug 29 03:17:02 2009 +0000;1251515822
a45d1dec653cb01bc11c21127a976bcc9b1f8f90;a45d1dec65;-;-;Fri Aug 28 17:29:37 2009 +0000;1251480577;-;-;Fri Aug 28 17:29:37 2009 +0000;1251480577
984504735ef90342291380f7adeae76038c4fcbf;984504735e;-;-;Fri Aug 28 17:28:25 2009 +0000;1251480505;-;-;Fri Aug 28 17:28:25 2009 +0000;1251480505
e0c63d8cbabc987b00a749f509ca1e3a5e68a2c2;e0c63d8cba;-;-;Fri Aug 28 12:44:54 2009 +0000;1251463494;-;-;Fri Aug 28 12:44:54 2009 +0000;1251463494
eda193fc9852089ffd18140a26c0e9c1fe085e2e;eda193fc98;-;-;Fri Aug 28 09:23:02 2009 +0000;1251451382;-;-;Fri Aug 28 09:23:02 2009 +0000;1251451382
66a799552f9eae321226598714dead2d4d74f15a;66a799552f;-;-;Fri Aug 28 09:15:19 2009 +0000;1251450919;-;-;Fri Aug 28 09:15:19 2009 +0000;1251450919
ae8c0535685208757bb452eb550483c73f0aebf2;ae8c053568;-;-;Fri Aug 28 05:43:12 2009 +0000;1251438192;-;-;Fri Aug 28 05:43:12 2009 +0000;1251438192
773bdcded5df628d2127991fb155e2850301d4cd;773bdcded5;-;-;Thu Aug 27 13:53:00 2009 +0000;1251381180;-;-;Thu Aug 27 13:53:00 2009 +0000;1251381180
e1b73ade8a75edc008a67e01e9e577f0ef91b0ba;e1b73ade8a;-;-;Thu Aug 27 13:51:47 2009 +0000;1251381107;-;-;Thu Aug 27 13:51:47 2009 +0000;1251381107
904c2358cdfd9cd8337da0950b8c8d6fc7099839;904c2358cd;-;-;Thu Aug 27 10:45:46 2009 +0000;1251369946;-;-;Thu Aug 27 10:45:46 2009 +0000;1251369946
636c4901c060d372d098b54cbb9601a646d0e97d;636c4901c0;-;-;Thu Aug 27 10:30:47 2009 +0000;1251369047;-;-;Thu Aug 27 10:30:47 2009 +0000;1251369047
fb7fd4bb5217d636d562e3b447d3e70a862ef04d;fb7fd4bb52;-;-;Thu Aug 27 10:23:04 2009 +0000;1251368584;-;-;Thu Aug 27 10:23:04 2009 +0000;1251368584
015284af7cf8eff979cd0c5e5ad3d189915e98a9;015284af7c;-;-;Thu Aug 27 09:47:15 2009 +0000;1251366435;-;-;Thu Aug 27 09:47:15 2009 +0000;1251366435
c870e017572a8b117194816f07c76c6b4d3f0341;c870e01757;-;-;Thu Aug 27 09:26:01 2009 +0000;1251365161;-;-;Thu Aug 27 09:26:01 2009 +0000;1251365161
157a87e9103642ec49bc07dff2bcc15df4049009;157a87e910;-;-;Thu Aug 27 09:05:36 2009 +0000;1251363936;-;-;Thu Aug 27 09:05:36 2009 +0000;1251363936
52b51888f998305b8da3e42f6b26e2c8ad201763;52b51888f9;-;-;Thu Aug 27 01:01:25 2009 +0000;1251334885;-;-;Thu Aug 27 01:01:25 2009 +0000;1251334885
83289cb8b020a64cd83e621c5d26feedc67c60a6;83289cb8b0;-;-;Thu Aug 27 00:51:47 2009 +0000;1251334307;-;-;Thu Aug 27 00:51:47 2009 +0000;1251334307
d3a6c48cf09e7ad6a51e6a397ad7cc760adfc4c6;d3a6c48cf0;-;-;Thu Aug 27 00:17:08 2009 +0000;1251332228;-;-;Thu Aug 27 00:17:08 2009 +0000;1251332228
b5661ebd122b52d261e014b64da2cb395bf75c5d;b5661ebd12;-;-;Wed Aug 26 23:48:47 2009 +0000;1251330527;-;-;Wed Aug 26 23:48:47 2009 +0000;1251330527
a07da0d950811d0186e0600a6257046592fc3c56;a07da0d950;-;-;Wed Aug 26 23:23:07 2009 +0000;1251328987;-;-;Wed Aug 26 23:23:07 2009 +0000;1251328987
eb5d47c64e3177156c29d305023320df8e755e6d;eb5d47c64e;-;-;Wed Aug 26 22:06:34 2009 +0000;1251324394;-;-;Wed Aug 26 22:06:34 2009 +0000;1251324394
ce3c72f8c2e1b0a3ff610fe4252e05fd351cd17d;ce3c72f8c2;-;-;Wed Aug 26 15:20:53 2009 +0000;1251300053;-;-;Wed Aug 26 15:20:53 2009 +0000;1251300053
4a7c299761ae6c6e7859b7cb844c863b52f748e1;4a7c299761;-;-;Wed Aug 26 14:46:28 2009 +0000;1251297988;-;-;Wed Aug 26 14:46:28 2009 +0000;1251297988
e0bb838259a9ff85fb5286233c76b95826469a5c;e0bb838259;-;-;Wed Aug 26 13:42:28 2009 +0000;1251294148;-;-;Wed Aug 26 13:42:28 2009 +0000;1251294148
8fb53c801ecebbb7f0ef2137b952d05a484f1886;8fb53c801e;-;-;Wed Aug 26 13:13:06 2009 +0000;1251292386;-;-;Wed Aug 26 13:13:06 2009 +0000;1251292386
da3eb580f672d7a49f23430f9182b4f73015690e;da3eb580f6;-;-;Wed Aug 26 12:37:59 2009 +0000;1251290279;-;-;Wed Aug 26 12:37:59 2009 +0000;1251290279
5a55b8384a377580762eee74bebdcf462afce627;5a55b8384a;-;-;Wed Aug 26 12:01:51 2009 +0000;1251288111;-;-;Wed Aug 26 12:01:51 2009 +0000;1251288111
5c2d63745fb3b1b21b59a41e07724a86853d0d05;5c2d63745f;-;-;Wed Aug 26 09:36:50 2009 +0000;1251279410;-;-;Wed Aug 26 09:36:50 2009 +0000;1251279410
04cd95ff50f78f4b8ff738f6ca183abe06b366ee;04cd95ff50;-;-;Tue Aug 25 13:49:10 2009 +0000;1251208150;-;-;Tue Aug 25 13:49:10 2009 +0000;1251208150
9a48f3f3a896cad821e5847a93d91c997905e325;9a48f3f3a8;-;-;Tue Aug 25 13:29:22 2009 +0000;1251206962;-;-;Tue Aug 25 13:29:22 2009 +0000;1251206962
b118aae971950df7e928366a64af4081efb2b577;b118aae971;-;-;Tue Aug 25 05:10:42 2009 +0000;1251177042;-;-;Tue Aug 25 05:10:42 2009 +0000;1251177042
a7acea232952700b132d5d163a8265d9655e989c;a7acea2329;-;-;Mon Aug 24 23:09:25 2009 +0000;1251155365;-;-;Mon Aug 24 23:09:25 2009 +0000;1251155365
0179c66d2abf2de251808fe45ce0362dd469454b;0179c66d2a;-;-;Mon Aug 24 15:53:48 2009 +0000;1251129228;-;-;Mon Aug 24 15:53:48 2009 +0000;1251129228
04b619ebfbc1e08a9e9bdc54263b3ece21f4aa7f;04b619ebfb;-;-;Mon Aug 24 13:48:21 2009 +0000;1251121701;-;-;Mon Aug 24 13:48:21 2009 +0000;1251121701
427edfe93cf1649c85ae04757bd16230262e756c;427edfe93c;-;-;Mon Aug 24 13:36:32 2009 +0000;1251120992;-;-;Mon Aug 24 13:36:32 2009 +0000;1251120992
fee838a65e87f5da4b65b04ea5101681d6308104;fee838a65e;-;-;Mon Aug 24 13:30:42 2009 +0000;1251120642;-;-;Mon Aug 24 13:30:42 2009 +0000;1251120642
9f9f2349cd6cffc0633b83ab9ea284bd7a8ae47f;9f9f2349cd;-;-;Mon Aug 24 12:14:57 2009 +0000;1251116097;-;-;Mon Aug 24 12:14:57 2009 +0000;1251116097
77821845a7bfdeb442f4a6ad132099d1ad85b9dc;77821845a7;-;-;Sat Aug 22 21:50:02 2009 +0000;1250977802;-;-;Sat Aug 22 21:50:02 2009 +0000;1250977802
9eb19ac81644a09a7e5f39ac89ca24d134e006a8;9eb19ac816;-;-;Fri Aug 21 11:44:38 2009 +0000;1250855078;-;-;Fri Aug 21 11:44:38 2009 +0000;1250855078
a1b3b87540b741fe2eb8cac75f81c3501d60302e;a1b3b87540;-;-;Thu Aug 20 03:53:49 2009 +0000;1250740429;-;-;Thu Aug 20 03:53:49 2009 +0000;1250740429
641407cb4d2abd12b138fda190d7d3dca10268a9;641407cb4d;-;-;Thu Aug 20 03:51:20 2009 +0000;1250740280;-;-;Thu Aug 20 03:51:20 2009 +0000;1250740280
901e88c575c2dd4273772b17f4d444e86062a545;901e88c575;-;-;Thu Aug 20 03:45:08 2009 +0000;1250739908;-;-;Thu Aug 20 03:45:08 2009 +0000;1250739908
78304c0ccfeef00e48e6c9f167501a3721764487;78304c0ccf;-;-;Thu Aug 20 03:40:23 2009 +0000;1250739623;-;-;Thu Aug 20 03:40:23 2009 +0000;1250739623
2bd664f7ee54f110d5e1bbbc47e5fe974a6a192d;2bd664f7ee;-;-;Wed Aug 19 15:02:50 2009 +0000;1250694170;-;-;Wed Aug 19 15:02:50 2009 +0000;1250694170
704cc79cee653e8aa0a7bde4594bd0f17de71646;704cc79cee;-;-;Wed Aug 19 14:43:20 2009 +0000;1250693000;-;-;Wed Aug 19 14:43:20 2009 +0000;1250693000
8d7d3cff1b4de85ca08977676fa3601b5ee588fe;8d7d3cff1b;-;-;Wed Aug 19 11:03:28 2009 +0000;1250679808;-;-;Wed Aug 19 11:03:28 2009 +0000;1250679808
3b7691d52521992081b888cba003699532b3481f;3b7691d525;-;-;Tue Aug 18 14:37:23 2009 +0000;1250606243;-;-;Tue Aug 18 14:37:23 2009 +0000;1250606243
5680cd4a19c9aae40f433210ce38c9e799cb901a;5680cd4a19;-;-;Tue Aug 18 10:45:20 2009 +0000;1250592320;-;-;Tue Aug 18 10:45:20 2009 +0000;1250592320
20f5f99e9a44bbafabe29a56f12e8fe7cb7c8925;20f5f99e9a;-;-;Mon Aug 17 23:13:29 2009 +0000;1250550809;-;-;Mon Aug 17 23:13:29 2009 +0000;1250550809
db40e15a3e0fd932731de1c2751ae236f97763b8;db40e15a3e;-;-;Mon Aug 17 18:43:47 2009 +0000;1250534627;-;-;Mon Aug 17 18:43:47 2009 +0000;1250534627
2381452e9a1f850a743216ab4ae9b18d0bb4c418;2381452e9a;-;-;Mon Aug 17 18:35:04 2009 +0000;1250534104;-;-;Mon Aug 17 18:35:04 2009 +0000;1250534104
839e94618d206f78406f6ce85a28726752431d21;839e94618d;-;-;Mon Aug 17 08:50:41 2009 +0000;1250499041;-;-;Mon Aug 17 08:50:41 2009 +0000;1250499041
601120979b43b4cdc6f00b588636a81bf81e5f49;601120979b;-;-;Tue Aug 11 10:31:06 2009 +0000;1249986666;-;-;Tue Aug 11 10:31:06 2009 +0000;1249986666
42638585b5109d58916298a401f9758d9213b3d2;42638585b5;-;-;Tue Aug 11 10:12:20 2009 +0000;1249985540;-;-;Tue Aug 11 10:12:20 2009 +0000;1249985540
5d17515dc5d254f448811db613ac838b308eefda;5d17515dc5;-;-;Tue Aug 11 09:26:40 2009 +0000;1249982800;-;-;Tue Aug 11 09:26:40 2009 +0000;1249982800
7b26ae479be2ffa40604c48b35d9a9f601dee2bc;7b26ae479b;-;-;Mon Aug 10 23:31:56 2009 +0000;1249947116;-;-;Mon Aug 10 23:31:56 2009 +0000;1249947116
2df7ceac169160215816035ffef8c522729c1d64;2df7ceac16;-;-;Mon Aug 10 09:00:11 2009 +0000;1249894811;-;-;Mon Aug 10 09:00:11 2009 +0000;1249894811
8dbf86fb7aa66bd1102562e91934d23f471645a7;8dbf86fb7a;-;-;Sun Aug 9 08:47:24 2009 +0000;1249807644;-;-;Sun Aug 9 08:47:24 2009 +0000;1249807644
2d7c2d6fff6c1bedbc7ffd4ba78e1619ee21550d;2d7c2d6fff;-;-;Sun Aug 9 06:36:16 2009 +0000;1249799776;-;-;Sun Aug 9 06:36:16 2009 +0000;1249799776
d41344eb1fa8cae9c51c4d42dfd3947bdd2263a7;d41344eb1f;-;-;Sun Aug 9 01:00:23 2009 +0000;1249779623;-;-;Sun Aug 9 01:00:23 2009 +0000;1249779623
dd679001090c1f2ab92670e4444464b3f35c1db1;dd67900109;-;-;Sun Aug 9 00:52:41 2009 +0000;1249779161;-;-;Sun Aug 9 00:52:41 2009 +0000;1249779161
45a0cadf8e7fc5cc082c11ef03f77dc017af64c4;45a0cadf8e;-;-;Sun Aug 9 00:46:49 2009 +0000;1249778809;-;-;Sun Aug 9 00:46:49 2009 +0000;1249778809
e9823b57b4ff5a8a0b82e56b5720a96b5e5bbbd3;e9823b57b4;-;-;Sat Aug 8 20:37:47 2009 +0000;1249763867;-;-;Sat Aug 8 20:37:47 2009 +0000;1249763867
3ac3a72e910ce4734459e9359f979fbed8cb64a1;3ac3a72e91;-;-;Sat Aug 8 13:57:05 2009 +0000;1249739825;-;-;Sat Aug 8 13:57:05 2009 +0000;1249739825
6e25ca817552075db098930f3a960fd5169e65a4;6e25ca8175;-;-;Sat Aug 8 01:33:01 2009 +0000;1249695181;-;-;Sat Aug 8 01:33:01 2009 +0000;1249695181
23a1d07fbf0b2da2bd98bc979faf06903f7fe4cf;23a1d07fbf;-;-;Sat Aug 8 01:25:02 2009 +0000;1249694702;-;-;Sat Aug 8 01:25:02 2009 +0000;1249694702
83bd56c6de077c469da4964cbcb71e6d821e7fa0;83bd56c6de;-;-;Sat Aug 8 01:01:39 2009 +0000;1249693299;-;-;Sat Aug 8 01:01:39 2009 +0000;1249693299
6b824d9af7bc13c6306fee2a25da9276c936189c;6b824d9af7;-;-;Sat Aug 8 00:48:55 2009 +0000;1249692535;-;-;Sat Aug 8 00:48:55 2009 +0000;1249692535
33bb81b3ab8b6c45d9f93a9f2605b5e696f4e401;33bb81b3ab;-;-;Fri Aug 7 13:41:40 2009 +0000;1249652500;-;-;Fri Aug 7 13:41:40 2009 +0000;1249652500
9a0108ac6a39a1c797b1218312467abdcc6fd76e;9a0108ac6a;-;-;Fri Aug 7 10:00:27 2009 +0000;1249639227;-;-;Fri Aug 7 10:00:27 2009 +0000;1249639227
2cd71758ed80522315187242d3cc0e7baf73edd1;2cd71758ed;-;-;Fri Aug 7 03:41:34 2009 +0000;1249616494;-;-;Fri Aug 7 03:41:34 2009 +0000;1249616494
19dc0d32d64c77ce315555a693640aa7e4516a49;19dc0d32d6;-;-;Fri Aug 7 03:23:47 2009 +0000;1249615427;-;-;Fri Aug 7 03:23:47 2009 +0000;1249615427
14e983ff9af8ef453a19ac85a9fc4afcb674301b;14e983ff9a;-;-;Thu Aug 6 22:50:13 2009 +0000;1249599013;-;-;Thu Aug 6 22:50:13 2009 +0000;1249599013
af6275a56ee401d51697a1cdba1882a75ee8247c;af6275a56e;-;-;Thu Aug 6 22:44:04 2009 +0000;1249598644;-;-;Thu Aug 6 22:44:04 2009 +0000;1249598644
af8af8c633ba016eca671bc9468eba006e8834b1;af8af8c633;-;-;Thu Aug 6 22:31:57 2009 +0000;1249597917;-;-;Thu Aug 6 22:31:57 2009 +0000;1249597917
81eb11486dad59e4a42566f9f7760d85396790b0;81eb11486d;-;-;Thu Aug 6 19:08:14 2009 +0000;1249585694;-;-;Thu Aug 6 19:08:14 2009 +0000;1249585694
65e00f7540ad27a92e2402a806886c07f6970e3c;65e00f7540;-;-;Thu Aug 6 16:36:15 2009 +0000;1249576575;-;-;Thu Aug 6 16:36:15 2009 +0000;1249576575
d5d3104b7b13ce249bf9c877f7160cd2137ec209;d5d3104b7b;-;-;Thu Aug 6 16:34:39 2009 +0000;1249576479;-;-;Thu Aug 6 16:34:39 2009 +0000;1249576479
fe5b5022f0de144d05da65b63015229241cf58b2;fe5b5022f0;-;-;Thu Aug 6 16:27:20 2009 +0000;1249576040;-;-;Thu Aug 6 16:27:20 2009 +0000;1249576040
c6edc5869a84786020550d26a0ea9ff955dd817f;c6edc5869a;-;-;Thu Aug 6 16:26:36 2009 +0000;1249575996;-;-;Thu Aug 6 16:26:36 2009 +0000;1249575996
3081396c158e4427f25dda0d415fad40560f866e;3081396c15;-;-;Thu Aug 6 06:04:56 2009 +0000;1249538696;-;-;Thu Aug 6 06:04:56 2009 +0000;1249538696
a7a97316e7456c3b1a2b756269d5c71b75ddacf1;a7a97316e7;-;-;Wed Aug 5 22:01:46 2009 +0000;1249509706;-;-;Wed Aug 5 22:01:46 2009 +0000;1249509706
ed61da9112d19734a2897fcb9ccb83278fa89cd6;ed61da9112;-;-;Wed Aug 5 21:17:40 2009 +0000;1249507060;-;-;Wed Aug 5 21:17:40 2009 +0000;1249507060
eed7bdfb413e32a0d28fb21cea00627dadd45fa5;eed7bdfb41;-;-;Wed Aug 5 20:42:15 2009 +0000;1249504935;-;-;Wed Aug 5 20:42:15 2009 +0000;1249504935
3005ad3029ebe0c80a84faacdab8fca94f7786da;3005ad3029;-;-;Wed Aug 5 20:37:33 2009 +0000;1249504653;-;-;Wed Aug 5 20:37:33 2009 +0000;1249504653
3e02887dd25a8f2aa1f8884dbd7872ad8f43bc17;3e02887dd2;-;-;Wed Aug 5 19:02:55 2009 +0000;1249498975;-;-;Wed Aug 5 19:02:55 2009 +0000;1249498975
97e3b5ca8c24e7954382b572ed30ad7094b107cc;97e3b5ca8c;-;-;Wed Aug 5 17:48:53 2009 +0000;1249494533;-;-;Wed Aug 5 17:48:53 2009 +0000;1249494533
f9016fdbe40e92671d539e1f40711356def66ab3;f9016fdbe4;-;-;Wed Aug 5 17:44:54 2009 +0000;1249494294;-;-;Wed Aug 5 17:44:54 2009 +0000;1249494294
16831794342df314ddefa4158e06130ed384428a;1683179434;-;-;Wed Aug 5 17:44:08 2009 +0000;1249494248;-;-;Wed Aug 5 17:44:08 2009 +0000;1249494248
8d1fdd8c3ca7ab3702424498454bd7448ab01ec0;8d1fdd8c3c;-;-;Wed Aug 5 17:41:54 2009 +0000;1249494114;-;-;Wed Aug 5 17:41:54 2009 +0000;1249494114
bdd43f5f9fc24f0c5ab551af7db19f8a842ec44a;bdd43f5f9f;-;-;Wed Aug 5 15:51:59 2009 +0000;1249487519;-;-;Wed Aug 5 15:51:59 2009 +0000;1249487519
3ae3196ca795eafd188ca3062d4281eabee96d4c;3ae3196ca7;-;-;Wed Aug 5 15:29:26 2009 +0000;1249486166;-;-;Wed Aug 5 15:29:26 2009 +0000;1249486166
00f90cd81676f0b7837fe3e6075596b94e91d2ca;00f90cd816;-;-;Wed Aug 5 15:25:54 2009 +0000;1249485954;-;-;Wed Aug 5 15:25:54 2009 +0000;1249485954
93e99556c036d952daa4a468497822242dcebd04;93e99556c0;-;-;Wed Aug 5 12:16:11 2009 +0000;1249474571;-;-;Wed Aug 5 12:16:11 2009 +0000;1249474571
7043dff97bbba78d2b653b37899df2d78c9547e7;7043dff97b;-;-;Wed Aug 5 11:54:07 2009 +0000;1249473247;-;-;Wed Aug 5 11:54:07 2009 +0000;1249473247
8db13bb44541a87ad424b444a44561338e01ec3b;8db13bb445;-;-;Wed Aug 5 11:51:13 2009 +0000;1249473073;-;-;Wed Aug 5 11:51:13 2009 +0000;1249473073
b95f3f6792e5184d9ff5ef817cdb3923fb18ded3;b95f3f6792;-;-;Wed Aug 5 11:31:11 2009 +0000;1249471871;-;-;Wed Aug 5 11:31:11 2009 +0000;1249471871
7d75082b223303036c1198fb2403b2a999ad542a;7d75082b22;-;-;Tue Aug 4 17:26:28 2009 +0000;1249406788;-;-;Tue Aug 4 17:26:28 2009 +0000;1249406788
4afcddcbc7b959e60ea0fb1049c44678dcd6dbad;4afcddcbc7;-;-;Tue Aug 4 15:58:54 2009 +0000;1249401534;-;-;Tue Aug 4 15:58:54 2009 +0000;1249401534
43519a57db9ba7ccb82fe19efe1162a9960b94cd;43519a57db;-;-;Tue Aug 4 13:44:09 2009 +0000;1249393449;-;-;Tue Aug 4 13:44:09 2009 +0000;1249393449
1915192d9aee20d9525c565cb1471627d0632297;1915192d9a;-;-;Tue Aug 4 12:41:36 2009 +0000;1249389696;-;-;Tue Aug 4 12:41:36 2009 +0000;1249389696
372173f9680ef351fae6c05a29cf4842c361f09d;372173f968;-;-;Tue Aug 4 12:06:14 2009 +0000;1249387574;-;-;Tue Aug 4 12:06:14 2009 +0000;1249387574
4267f8488fed193a3d4fc80b5d4240ce51c728cb;4267f8488f;-;-;Tue Aug 4 08:07:24 2009 +0000;1249373244;-;-;Tue Aug 4 08:07:24 2009 +0000;1249373244
54d403e6b85cfef27f66c4a6b52a3ef45ba75f17;54d403e6b8;-;-;Tue Aug 4 03:42:12 2009 +0000;1249357332;-;-;Tue Aug 4 03:42:12 2009 +0000;1249357332
7c06ea99bbc05876e1b9e57225bcce7279a99319;7c06ea99bb;-;-;Mon Aug 3 20:19:19 2009 +0000;1249330759;-;-;Mon Aug 3 20:19:19 2009 +0000;1249330759
791faf4e633e6181773ef053d3bad8d3776e3cdd;791faf4e63;-;-;Mon Aug 3 15:38:48 2009 +0000;1249313928;-;-;Mon Aug 3 15:38:48 2009 +0000;1249313928
3d29023ef387f14f59c4686dba2c3b64eb0d412c;3d29023ef3;-;-;Mon Aug 3 09:21:44 2009 +0000;1249291304;-;-;Mon Aug 3 09:21:44 2009 +0000;1249291304
50956e0d37ae58f040c3e7f5272daf42868e3bb1;50956e0d37;-;-;Sat Aug 1 03:12:19 2009 +0000;1249096339;-;-;Sat Aug 1 03:12:19 2009 +0000;1249096339
970fcab5de23d40fea3993fbac10c8fc3b4e1b80;970fcab5de;-;-;Sat Aug 1 02:57:15 2009 +0000;1249095435;-;-;Sat Aug 1 02:57:15 2009 +0000;1249095435
228e1d80fa26944ed8d424b0fdeec0ede3a3fad9;228e1d80fa;-;-;Fri Jul 31 18:49:18 2009 +0000;1249066158;-;-;Fri Jul 31 18:49:18 2009 +0000;1249066158
c9cc30a37935ec96c322b5e224d1aaff8475f408;c9cc30a379;-;-;Fri Jul 31 13:25:06 2009 +0000;1249046706;-;-;Fri Jul 31 13:25:06 2009 +0000;1249046706
a6330ca61efece34184a3723d52e3eb0b1986a46;a6330ca61e;-;-;Fri Jul 31 04:31:59 2009 +0000;1249014719;-;-;Fri Jul 31 04:31:59 2009 +0000;1249014719
77b294fe5928e85a5fa05bc38e5110ce9f5445ba;77b294fe59;-;-;Fri Jul 31 04:15:23 2009 +0000;1249013723;-;-;Fri Jul 31 04:15:23 2009 +0000;1249013723
9ed535394798f2c15ffbb08602cce898a03f171c;9ed5353947;-;-;Fri Jul 31 04:10:55 2009 +0000;1249013455;-;-;Fri Jul 31 04:10:55 2009 +0000;1249013455
d456a9326e8f5837fb2b59fc654dbe26a22b482b;d456a9326e;-;-;Fri Jul 31 04:10:22 2009 +0000;1249013422;-;-;Fri Jul 31 04:10:22 2009 +0000;1249013422
9eb85af234e28414303d461ba96f2b59116cde21;9eb85af234;-;-;Fri Jul 31 03:44:59 2009 +0000;1249011899;-;-;Fri Jul 31 03:44:59 2009 +0000;1249011899
e986434a25c1e527ef4755ee3b44c6682a93b99c;e986434a25;-;-;Fri Jul 31 02:38:10 2009 +0000;1249007890;-;-;Fri Jul 31 02:38:10 2009 +0000;1249007890
4bf3a9c9bda619463e3d19f7233a11f6daf11a81;4bf3a9c9bd;-;-;Thu Jul 30 18:32:05 2009 +0000;1248978725;-;-;Thu Jul 30 18:32:05 2009 +0000;1248978725
40c4941cbfb5a7131476ba3c5e0f27abd90d3274;40c4941cbf;-;-;Thu Jul 30 18:31:00 2009 +0000;1248978660;-;-;Thu Jul 30 18:31:00 2009 +0000;1248978660
dd96d6d249237e0ab5ec784e7c749282ba558596;dd96d6d249;-;-;Thu Jul 30 18:29:56 2009 +0000;1248978596;-;-;Thu Jul 30 18:29:56 2009 +0000;1248978596
fc7c49a284164896342829dde4797f2e6fb71da1;fc7c49a284;-;-;Thu Jul 30 11:28:28 2009 +0000;1248953308;-;-;Thu Jul 30 11:28:28 2009 +0000;1248953308
e020b5752a8b98465a7699e771afc5c359f5ce9a;e020b5752a;-;-;Thu Jul 30 11:18:39 2009 +0000;1248952719;-;-;Thu Jul 30 11:18:39 2009 +0000;1248952719
44cf4e207ac412888997a0dcaa171666d0c8246b;44cf4e207a;-;-;Thu Jul 30 10:10:36 2009 +0000;1248948636;-;-;Thu Jul 30 10:10:36 2009 +0000;1248948636
db487b6d42aefbbc24308bbcfad074a8ab7dc15d;db487b6d42;-;-;Wed Jul 29 21:30:48 2009 +0000;1248903048;-;-;Wed Jul 29 21:30:48 2009 +0000;1248903048
17dfc8b0fcf3e2a02ab0db48af1d309981bbe6c2;17dfc8b0fc;-;-;Wed Jul 29 16:43:12 2009 +0000;1248885792;-;-;Wed Jul 29 16:43:12 2009 +0000;1248885792
c7661d53412249a428c8765dcb23b5c7550aa37b;c7661d5341;-;-;Wed Jul 29 15:51:18 2009 +0000;1248882678;-;-;Wed Jul 29 15:51:18 2009 +0000;1248882678
5d009a2a985b7c6f844adc4c0138990fe256f944;5d009a2a98;-;-;Wed Jul 29 15:15:47 2009 +0000;1248880547;-;-;Wed Jul 29 15:15:47 2009 +0000;1248880547
12e43ff92dbaaf6606305c675ca0ab983d2e9b58;12e43ff92d;-;-;Wed Jul 29 12:57:56 2009 +0000;1248872276;-;-;Wed Jul 29 12:57:56 2009 +0000;1248872276
2d4ae59ff166d87f83f63c3e26b61caabb230cf9;2d4ae59ff1;-;-;Wed Jul 29 12:49:54 2009 +0000;1248871794;-;-;Wed Jul 29 12:49:54 2009 +0000;1248871794
9eb962d9415fa876ee8ba41fb2247017242cf24d;9eb962d941;-;-;Wed Jul 29 09:37:34 2009 +0000;1248860254;-;-;Wed Jul 29 09:37:34 2009 +0000;1248860254
dc59ca427c16c40f327a683253e704ecad2c4675;dc59ca427c;-;-;Wed Jul 29 08:37:59 2009 +0000;1248856679;-;-;Wed Jul 29 08:37:59 2009 +0000;1248856679
7c6ea9b80d321f2c637f1c891ad7e357ad33f764;7c6ea9b80d;-;-;Tue Jul 28 22:03:09 2009 +0000;1248818589;-;-;Tue Jul 28 22:03:09 2009 +0000;1248818589
3cb073abce659c130abc9adc0662b75380fcc7f3;3cb073abce;-;-;Tue Jul 28 14:43:37 2009 +0000;1248792217;-;-;Tue Jul 28 14:43:37 2009 +0000;1248792217
1d6a7e57c1e6806309a40533fbe3e2ccd485c5aa;1d6a7e57c1;-;-;Tue Jul 28 14:01:55 2009 +0000;1248789715;-;-;Tue Jul 28 14:01:55 2009 +0000;1248789715
b11970ed8d3a1ee051ba0cb22d57bce144bd650b;b11970ed8d;-;-;Tue Jul 28 13:12:12 2009 +0000;1248786732;-;-;Tue Jul 28 13:12:12 2009 +0000;1248786732
de234e6839ea0e70c84eee3dfbf804a91b4488b7;de234e6839;-;-;Mon Jul 27 22:23:50 2009 +0000;1248733430;-;-;Mon Jul 27 22:23:50 2009 +0000;1248733430
d2d1de5457b5722d3e1814d3d7ac091a8747c37e;d2d1de5457;-;-;Mon Jul 27 22:20:07 2009 +0000;1248733207;-;-;Mon Jul 27 22:20:07 2009 +0000;1248733207
f0ca94d5f3cf5cf8d256558ff37ddb06d1cda4ef;f0ca94d5f3;-;-;Mon Jul 27 21:49:09 2009 +0000;1248731349;-;-;Mon Jul 27 21:49:09 2009 +0000;1248731349
0f434883ddae5ecaf3084136dd5ea5869d44df0e;0f434883dd;-;-;Mon Jul 27 21:25:51 2009 +0000;1248729951;-;-;Mon Jul 27 21:25:51 2009 +0000;1248729951
cd9f0bc10c84f1eefc84fe71e584018cd6430514;cd9f0bc10c;-;-;Mon Jul 27 18:23:33 2009 +0000;1248719013;-;-;Mon Jul 27 18:23:33 2009 +0000;1248719013
522475a05ba2a2d6677a0f0239cd6f5b90c2ff88;522475a05b;-;-;Mon Jul 27 15:57:16 2009 +0000;1248710236;-;-;Mon Jul 27 15:57:16 2009 +0000;1248710236
fa1676460abf400f8533b81735de0d04f3befd1a;fa1676460a;-;-;Mon Jul 27 14:39:20 2009 +0000;1248705560;-;-;Mon Jul 27 14:39:20 2009 +0000;1248705560
1eabe2b4416ee7619bd863fcdc1e6f6ada766400;1eabe2b441;-;-;Mon Jul 27 14:09:42 2009 +0000;1248703782;-;-;Mon Jul 27 14:09:42 2009 +0000;1248703782
e85ad67fd010c06c0b04f9d3947533780c52d223;e85ad67fd0;-;-;Mon Jul 27 12:39:23 2009 +0000;1248698363;-;-;Mon Jul 27 12:39:23 2009 +0000;1248698363
ca060cea423807219814c64627d8d87899507241;ca060cea42;-;-;Mon Jul 27 12:36:16 2009 +0000;1248698176;-;-;Mon Jul 27 12:36:16 2009 +0000;1248698176
880eb9e2b22f266d2ccd9fbba1da39b63cdabbef;880eb9e2b2;-;-;Mon Jul 27 11:24:46 2009 +0000;1248693886;-;-;Mon Jul 27 11:24:46 2009 +0000;1248693886
307fb0aec8c455d4c24aedb07e54e523bbf09428;307fb0aec8;-;-;Mon Jul 27 11:15:43 2009 +0000;1248693343;-;-;Mon Jul 27 11:15:43 2009 +0000;1248693343
ac56f1f9b14e6758bb8a3e9d038ce43a74bd39a4;ac56f1f9b1;-;-;Mon Jul 27 01:10:53 2009 +0000;1248657053;-;-;Mon Jul 27 01:10:53 2009 +0000;1248657053
88a68042baff94f0d5083180d5386545b616331f;88a68042ba;-;-;Mon Jul 27 01:05:46 2009 +0000;1248656746;-;-;Mon Jul 27 01:05:46 2009 +0000;1248656746
110ada762659589b43e7b20faa8349dd164d3aa3;110ada7626;-;-;Sun Jul 26 21:28:53 2009 +0000;1248643733;-;-;Sun Jul 26 21:28:53 2009 +0000;1248643733
0124224ebff98dc3183f2808e9cddc3fe7c4790c;0124224ebf;-;-;Sun Jul 26 21:27:58 2009 +0000;1248643678;-;-;Sun Jul 26 21:27:58 2009 +0000;1248643678
ce8f07994db45d2143f39a6eeb830586dc996c7d;ce8f07994d;-;-;Sun Jul 26 21:25:39 2009 +0000;1248643539;-;-;Sun Jul 26 21:25:39 2009 +0000;1248643539
505f3c245a4d81a4ce0509b97f27d5d993f54657;505f3c245a;-;-;Sun Jul 26 21:24:00 2009 +0000;1248643440;-;-;Sun Jul 26 21:24:00 2009 +0000;1248643440
da7e596b2a62828392ab3220adfeb5c79be7764a;da7e596b2a;-;-;Sun Jul 26 21:22:13 2009 +0000;1248643333;-;-;Sun Jul 26 21:22:13 2009 +0000;1248643333
4ed3924e6f67cc49a39f845ccd327248e622895d;4ed3924e6f;-;-;Sun Jul 26 20:57:22 2009 +0000;1248641842;-;-;Sun Jul 26 20:57:22 2009 +0000;1248641842
e6b6743c444923e762ab672c5583349eba5766b0;e6b6743c44;-;-;Sun Jul 26 20:24:44 2009 +0000;1248639884;-;-;Sun Jul 26 20:24:44 2009 +0000;1248639884
a66aa8c3205e6552e18435898373480b544b2311;a66aa8c320;-;-;Sun Jul 26 20:23:51 2009 +0000;1248639831;-;-;Sun Jul 26 20:23:51 2009 +0000;1248639831
ccb0a30169f7a5ce879c1990452c2f5929b4b6c9;ccb0a30169;-;-;Sat Jul 25 23:03:24 2009 +0000;1248563004;-;-;Sat Jul 25 23:03:24 2009 +0000;1248563004
755b514468b80d422ca5be03f687b611b39a2cdd;755b514468;-;-;Sat Jul 25 22:41:16 2009 +0000;1248561676;-;-;Sat Jul 25 22:41:16 2009 +0000;1248561676
16b06306e08b4997aa6b5672fc673a57f68e40c6;16b06306e0;-;-;Sat Jul 25 17:40:42 2009 +0000;1248543642;-;-;Sat Jul 25 17:40:42 2009 +0000;1248543642
dbf41e630bd43753e5a875082f1da803fc2fbefe;dbf41e630b;-;-;Sat Jul 25 17:39:35 2009 +0000;1248543575;-;-;Sat Jul 25 17:39:35 2009 +0000;1248543575
edd7bb8d03754e4123d8b15d2df1a4c2c6bd1dd1;edd7bb8d03;-;-;Sat Jul 25 04:42:58 2009 +0000;1248496978;-;-;Sat Jul 25 04:42:58 2009 +0000;1248496978
990d446c84fc08e3505125e49b2aac89ad6ad624;990d446c84;-;-;Sat Jul 25 04:40:31 2009 +0000;1248496831;-;-;Sat Jul 25 04:40:31 2009 +0000;1248496831
726d3464c1f16a6377604d49cbc8d9923d6554fa;726d3464c1;-;-;Sat Jul 25 04:23:01 2009 +0000;1248495781;-;-;Sat Jul 25 04:23:01 2009 +0000;1248495781
4a1d51f082ce0817f881bb5e29f2d4316288f32f;4a1d51f082;-;-;Sat Jul 25 04:21:44 2009 +0000;1248495704;-;-;Sat Jul 25 04:21:44 2009 +0000;1248495704
63336ff4a402df98e3affb11089c3de132d1e0b0;63336ff4a4;-;-;Sat Jul 25 04:14:43 2009 +0000;1248495283;-;-;Sat Jul 25 04:14:43 2009 +0000;1248495283
934d4a5fe084e0e0d005e686ad2ade2d36763f11;934d4a5fe0;-;-;Sat Jul 25 04:07:21 2009 +0000;1248494841;-;-;Sat Jul 25 04:07:21 2009 +0000;1248494841
de5528840d3cbcb71a5c979f5854ee624b0a0609;de5528840d;-;-;Fri Jul 24 23:20:49 2009 +0000;1248477649;-;-;Fri Jul 24 23:20:49 2009 +0000;1248477649
8709959a98f102af7fe09ed954c8ddc3e1810ed7;8709959a98;-;-;Fri Jul 24 21:01:57 2009 +0000;1248469317;-;-;Fri Jul 24 21:01:57 2009 +0000;1248469317
5f9a541386e3651fa87114eb21dd91917ef851fd;5f9a541386;-;-;Fri Jul 24 21:01:33 2009 +0000;1248469293;-;-;Fri Jul 24 21:01:33 2009 +0000;1248469293
55aae08e324821fff0767e22ddb197cfd93b6d2f;55aae08e32;-;-;Fri Jul 24 20:14:51 2009 +0000;1248466491;-;-;Fri Jul 24 20:14:51 2009 +0000;1248466491
1bfb26e4b2774e305cb335d9dbca6c18c42ed0ae;1bfb26e4b2;-;-;Fri Jul 24 20:09:01 2009 +0000;1248466141;-;-;Fri Jul 24 20:09:01 2009 +0000;1248466141
f261b5c3c4ab064679af317683e7da17f849e796;f261b5c3c4;-;-;Fri Jul 24 20:07:20 2009 +0000;1248466040;-;-;Fri Jul 24 20:07:20 2009 +0000;1248466040
a7465c1475e2089915c283bd3efd6fc63ad5c1bf;a7465c1475;-;-;Fri Jul 24 19:40:11 2009 +0000;1248464411;-;-;Fri Jul 24 19:40:11 2009 +0000;1248464411
bbe4c2b611759841e3f34dcc953d15f19b8a0942;bbe4c2b611;-;-;Fri Jul 24 19:32:34 2009 +0000;1248463954;-;-;Fri Jul 24 19:32:34 2009 +0000;1248463954
a6cd69dc7cbe24db65d90e0070c2a737592e49ea;a6cd69dc7c;-;-;Fri Jul 24 19:17:47 2009 +0000;1248463067;-;-;Fri Jul 24 19:17:47 2009 +0000;1248463067
9bdbad55e54883bc77851cdd140d9190d378af66;9bdbad55e5;-;-;Fri Jul 24 19:11:54 2009 +0000;1248462714;-;-;Fri Jul 24 19:11:54 2009 +0000;1248462714
4255b7b1b2c1a3bb74ed1dcf5b51118d90a82cfe;4255b7b1b2;-;-;Fri Jul 24 16:16:13 2009 +0000;1248452173;-;-;Fri Jul 24 16:16:13 2009 +0000;1248452173
5cb5169237a912f64bcc22cb139d3628a466d4c9;5cb5169237;-;-;Fri Jul 24 15:50:37 2009 +0000;1248450637;-;-;Fri Jul 24 15:50:37 2009 +0000;1248450637
c7b019cd5c5285d81f0aea967be8af021eac8b07;c7b019cd5c;-;-;Fri Jul 24 13:29:28 2009 +0000;1248442168;-;-;Fri Jul 24 13:29:28 2009 +0000;1248442168
840ac88b295a1d8ceabb04a5848c4ed73799dcef;840ac88b29;-;-;Thu Jul 23 14:03:20 2009 +0000;1248357800;-;-;Thu Jul 23 14:03:20 2009 +0000;1248357800
a74422ed65f6f518584c03ee4b73205f33ec0df2;a74422ed65;-;-;Thu Jul 23 13:55:39 2009 +0000;1248357339;-;-;Thu Jul 23 13:55:39 2009 +0000;1248357339
14018541e2ebd7ed5340447bf1e5135b4ecb2968;14018541e2;-;-;Thu Jul 23 13:43:23 2009 +0000;1248356603;-;-;Thu Jul 23 13:43:23 2009 +0000;1248356603
55a7ba83576c811a5312c6dad2ee740c0c3f4977;55a7ba8357;-;-;Thu Jul 23 13:39:33 2009 +0000;1248356373;-;-;Thu Jul 23 13:39:33 2009 +0000;1248356373
29768cb0682eb9dd0d8a39090ae5bad27f7b799d;29768cb068;-;-;Thu Jul 23 13:31:06 2009 +0000;1248355866;-;-;Thu Jul 23 13:31:06 2009 +0000;1248355866
a3b57e2a84b2c8c49081ceb2fbbbc46f76c8eb65;a3b57e2a84;-;-;Wed Jul 22 20:02:35 2009 +0000;1248292955;-;-;Wed Jul 22 20:02:35 2009 +0000;1248292955
d5e6d91cc4cf62712942e9009b4d83641c0067fa;d5e6d91cc4;-;-;Wed Jul 22 19:56:24 2009 +0000;1248292584;-;-;Wed Jul 22 19:56:24 2009 +0000;1248292584
ab7e985d721128ab700bad230f2ba0ecd20e14d6;ab7e985d72;-;-;Wed Jul 22 19:55:35 2009 +0000;1248292535;-;-;Wed Jul 22 19:55:35 2009 +0000;1248292535
6e05d3bd6ea3a08663bb866551915a18114a4067;6e05d3bd6e;-;-;Wed Jul 22 19:37:26 2009 +0000;1248291446;-;-;Wed Jul 22 19:37:26 2009 +0000;1248291446
6c5fb23e793112b8f5875c53f67e76470dfac5ea;6c5fb23e79;-;-;Wed Jul 22 19:37:06 2009 +0000;1248291426;-;-;Wed Jul 22 19:37:06 2009 +0000;1248291426
f519406c37b23eef816704baeb3a496f7430bb89;f519406c37;-;-;Wed Jul 22 15:23:22 2009 +0000;1248276202;-;-;Wed Jul 22 15:23:22 2009 +0000;1248276202
a4bbd9abda62e82db6187fe29f676dcff25028d7;a4bbd9abda;-;-;Wed Jul 22 14:06:44 2009 +0000;1248271604;-;-;Wed Jul 22 14:06:44 2009 +0000;1248271604
4deef3796e728fa2fc7e4d3c688befdcbf000f29;4deef3796e;-;-;Wed Jul 22 12:52:47 2009 +0000;1248267167;-;-;Wed Jul 22 12:52:47 2009 +0000;1248267167
9696c665178f4c29ae4603465af22b3905edcd1f;9696c66517;-;-;Wed Jul 22 04:53:58 2009 +0000;1248238438;-;-;Wed Jul 22 04:53:58 2009 +0000;1248238438
5f99d022921c8aadc046a38d28d7463f1726b993;5f99d02292;-;-;Tue Jul 21 23:27:24 2009 +0000;1248218844;-;-;Tue Jul 21 23:27:24 2009 +0000;1248218844
4e50c51139f5877ea8e5345a37baea79409858ec;4e50c51139;-;-;Tue Jul 21 22:54:52 2009 +0000;1248216892;-;-;Tue Jul 21 22:54:52 2009 +0000;1248216892
14dd30c5a5d1405ff394dc2d18c4ed12e785568a;14dd30c5a5;-;-;Tue Jul 21 22:32:06 2009 +0000;1248215526;-;-;Tue Jul 21 22:32:06 2009 +0000;1248215526
f739c3fde1cc97e10dc160bf7fb0b39899b27a1f;f739c3fde1;-;-;Tue Jul 21 15:22:58 2009 +0000;1248189778;-;-;Tue Jul 21 15:22:58 2009 +0000;1248189778
3462b43bb151487d5ad76d238180852125f6e4b1;3462b43bb1;-;-;Tue Jul 21 14:44:07 2009 +0000;1248187447;-;-;Tue Jul 21 14:44:07 2009 +0000;1248187447
dbdd6eca60acfbf7cee4f3ee18caf58231e3402c;dbdd6eca60;-;-;Tue Jul 21 14:35:42 2009 +0000;1248186942;-;-;Tue Jul 21 14:35:42 2009 +0000;1248186942
ec1f0e6211172f43e842aabef8d4c66d946d99f2;ec1f0e6211;-;-;Tue Jul 21 14:23:25 2009 +0000;1248186205;-;-;Tue Jul 21 14:23:25 2009 +0000;1248186205
54285ea57cfb195cd58a7f40ad1f838174bf762f;54285ea57c;-;-;Tue Jul 21 14:19:18 2009 +0000;1248185958;-;-;Tue Jul 21 14:19:18 2009 +0000;1248185958
3f6e4282d62e34d597002ddbdeefa535c63a36df;3f6e4282d6;-;-;Tue Jul 21 14:18:53 2009 +0000;1248185933;-;-;Tue Jul 21 14:18:53 2009 +0000;1248185933
ea8f628c9cab75d50aaa352aa77cd2e77d7d41fa;ea8f628c9c;-;-;Tue Jul 21 14:14:53 2009 +0000;1248185693;-;-;Tue Jul 21 14:14:53 2009 +0000;1248185693
364641e9bcc43275a9fff3495cbf7a7604e7cd9b;364641e9bc;-;-;Tue Jul 21 14:12:16 2009 +0000;1248185536;-;-;Tue Jul 21 14:12:16 2009 +0000;1248185536
b2f9786ee880180a181930510fdeaf4bc5e621b2;b2f9786ee8;-;-;Tue Jul 21 13:08:59 2009 +0000;1248181739;-;-;Tue Jul 21 13:08:59 2009 +0000;1248181739
8c7aec3c9775b409d39919da4ee21088890195bf;8c7aec3c97;-;-;Tue Jul 21 13:00:00 2009 +0000;1248181200;-;-;Tue Jul 21 13:00:00 2009 +0000;1248181200
da7aa37aa682320bf7c3e77ca0aff08bad5c46d3;da7aa37aa6;-;-;Tue Jul 21 12:44:23 2009 +0000;1248180263;-;-;Tue Jul 21 12:44:23 2009 +0000;1248180263
d64bc93e3625b36c31df3e4ca2eea0e33aec7790;d64bc93e36;-;-;Tue Jul 21 12:31:03 2009 +0000;1248179463;-;-;Tue Jul 21 12:31:03 2009 +0000;1248179463
05903d640b057488a940ff1a84fcaf75fb000fde;05903d640b;-;-;Tue Jul 21 12:22:09 2009 +0000;1248178929;-;-;Tue Jul 21 12:22:09 2009 +0000;1248178929
b3f370528665d89e8b5aeda26e33c606029ca170;b3f3705286;-;-;Tue Jul 21 12:12:42 2009 +0000;1248178362;-;-;Tue Jul 21 12:12:42 2009 +0000;1248178362
ee1938eb74f656225dab8604ea60cfd02191bb17;ee1938eb74;-;-;Tue Jul 21 11:03:59 2009 +0000;1248174239;-;-;Tue Jul 21 11:03:59 2009 +0000;1248174239
ec2833cd632f14f612e4c0384521d51728dcae70;ec2833cd63;-;-;Mon Jul 20 22:29:14 2009 +0000;1248128954;-;-;Mon Jul 20 22:29:14 2009 +0000;1248128954
dc5faec18948fcff76a8a5c3f9f74481d2aa1fd7;dc5faec189;-;-;Mon Jul 20 22:05:28 2009 +0000;1248127528;-;-;Mon Jul 20 22:05:28 2009 +0000;1248127528
603ffe80c8885cf37071ee19f9809a667a875d47;603ffe80c8;-;-;Mon Jul 20 20:34:02 2009 +0000;1248122042;-;-;Mon Jul 20 20:34:02 2009 +0000;1248122042
2da1bb860732aea7c597961f821d6e70c8537d46;2da1bb8607;-;-;Mon Jul 20 19:07:32 2009 +0000;1248116852;-;-;Mon Jul 20 19:07:32 2009 +0000;1248116852
f39f91701d6de1eda2852c9993f56cdff9324bf2;f39f91701d;-;-;Mon Jul 20 16:10:06 2009 +0000;1248106206;-;-;Mon Jul 20 16:10:06 2009 +0000;1248106206
3cd3cddbe0bce123959c2529ac326f8bccb950ea;3cd3cddbe0;-;-;Mon Jul 20 14:26:29 2009 +0000;1248099989;-;-;Mon Jul 20 14:26:29 2009 +0000;1248099989
b2c723a76ea740264084754d535ca7f44223ee29;b2c723a76e;-;-;Mon Jul 20 12:14:56 2009 +0000;1248092096;-;-;Mon Jul 20 12:14:56 2009 +0000;1248092096
fc79d98b6a229a61be6793103cc919c4683a9393;fc79d98b6a;-;-;Mon Jul 20 09:35:33 2009 +0000;1248082533;-;-;Mon Jul 20 09:35:33 2009 +0000;1248082533
7f3c4cec25ce619bef9143390095372962f30e9d;7f3c4cec25;-;-;Mon Jul 20 08:46:19 2009 +0000;1248079579;-;-;Mon Jul 20 08:46:19 2009 +0000;1248079579
8ceb64fe0c4ee5b0523f16a9c1ca25bbd2758c34;8ceb64fe0c;-;-;Mon Jul 20 06:22:11 2009 +0000;1248070931;-;-;Mon Jul 20 06:22:11 2009 +0000;1248070931
8147281c749749b41ab73f5c41131b6fae2467a7;8147281c74;-;-;Mon Jul 20 03:48:57 2009 +0000;1248061737;-;-;Mon Jul 20 03:48:57 2009 +0000;1248061737
9c78616e11370b7b7046baf02bc62bdc453938e5;9c78616e11;-;-;Mon Jul 20 03:48:32 2009 +0000;1248061712;-;-;Mon Jul 20 03:48:32 2009 +0000;1248061712
263d502f5135314f1a07c955d06d6c6597770562;263d502f51;-;-;Sun Jul 19 06:42:33 2009 +0000;1247985753;-;-;Sun Jul 19 06:42:33 2009 +0000;1247985753
0993e9cfb921e17897aaf72486a7252b1ae23a39;0993e9cfb9;-;-;Sun Jul 19 06:33:43 2009 +0000;1247985223;-;-;Sun Jul 19 06:33:43 2009 +0000;1247985223
09c5d0eb977d0eb4cd85b77091b03997255fdf85;09c5d0eb97;-;-;Sun Jul 19 06:26:48 2009 +0000;1247984808;-;-;Sun Jul 19 06:26:48 2009 +0000;1247984808
8d3fbc5df846bd9ef3bed4cac56d1b3d22b40fe8;8d3fbc5df8;-;-;Sat Jul 18 16:18:22 2009 +0000;1247933902;-;-;Sat Jul 18 16:18:22 2009 +0000;1247933902
8e2797153bf3d4eb7fbc679907dc06700c0595f4;8e2797153b;-;-;Thu Jul 16 17:22:03 2009 +0000;1247764923;-;-;Thu Jul 16 17:22:03 2009 +0000;1247764923
7eabd2da563a4e95928e89f72f7a207804eef0ab;7eabd2da56;-;-;Thu Jul 16 15:52:27 2009 +0000;1247759547;-;-;Thu Jul 16 15:52:27 2009 +0000;1247759547
ba27c29dc4a2a676bb31f6a0252fd55b9d67ef23;ba27c29dc4;-;-;Thu Jul 16 13:50:54 2009 +0000;1247752254;-;-;Thu Jul 16 13:50:54 2009 +0000;1247752254
a9254b34d19237f5fde7ceedec2126b08cf48e4d;a9254b34d1;-;-;Thu Jul 16 13:27:47 2009 +0000;1247750867;-;-;Thu Jul 16 13:27:47 2009 +0000;1247750867
f4a83c5c74713be3f4ba72977073305d2e445c49;f4a83c5c74;-;-;Thu Jul 16 11:35:25 2009 +0000;1247744125;-;-;Thu Jul 16 11:35:25 2009 +0000;1247744125
cf29d1c367683fcb5159e2ea2721b81eb7925a00;cf29d1c367;-;-;Thu Jul 16 11:25:52 2009 +0000;1247743552;-;-;Thu Jul 16 11:25:52 2009 +0000;1247743552
35b2a7e6126304ed2734da8c75eb427f162f0914;35b2a7e612;-;-;Thu Jul 16 06:41:52 2009 +0000;1247726512;-;-;Thu Jul 16 06:41:52 2009 +0000;1247726512
241280d24df17cb80a2a5751a4100e7fd40f5c07;241280d24d;-;-;Thu Jul 16 03:17:53 2009 +0000;1247714273;-;-;Thu Jul 16 03:17:53 2009 +0000;1247714273
9e0d87c5189cf07f0122b5edfd91321fdf0de013;9e0d87c518;-;-;Wed Jul 15 19:38:47 2009 +0000;1247686727;-;-;Wed Jul 15 19:38:47 2009 +0000;1247686727
977cee4272d96f93b50166461fb9f8a0a5e4319b;977cee4272;-;-;Wed Jul 15 16:13:36 2009 +0000;1247674416;-;-;Wed Jul 15 16:13:36 2009 +0000;1247674416
68363f17a796e174012d2de99070e39a205b3ca7;68363f17a7;-;-;Wed Jul 15 15:07:37 2009 +0000;1247670457;-;-;Wed Jul 15 15:07:37 2009 +0000;1247670457
9163d8043b9d73fc170499a72340e8ab57fe772a;9163d8043b;-;-;Wed Jul 15 07:26:31 2009 +0000;1247642791;-;-;Wed Jul 15 07:26:31 2009 +0000;1247642791
ef6395b949656c213b2526f4f4a809f144b41a47;ef6395b949;-;-;Tue Jul 14 21:29:48 2009 +0000;1247606988;-;-;Tue Jul 14 21:29:48 2009 +0000;1247606988
1a5b5423095e84a2c1daa0e786961f99638f9727;1a5b542309;-;-;Tue Jul 14 20:13:14 2009 +0000;1247602394;-;-;Tue Jul 14 20:13:14 2009 +0000;1247602394
9be56a39b41077fb517b86539e556d0a4f83cf36;9be56a39b4;-;-;Tue Jul 14 13:58:39 2009 +0000;1247579919;-;-;Tue Jul 14 13:58:39 2009 +0000;1247579919
a8e83820340ea2c6ffc443035ec98fbab3fe3bd7;a8e8382034;-;-;Tue Jul 14 09:24:15 2009 +0000;1247563455;-;-;Tue Jul 14 09:24:15 2009 +0000;1247563455
8073efd69f481590a6d22688dc2b9a0e8f6e124e;8073efd69f;-;-;Tue Jul 14 07:08:02 2009 +0000;1247555282;-;-;Tue Jul 14 07:08:02 2009 +0000;1247555282
252bd3942c1a3589fce29cf06a5357cbcdb96fb6;252bd3942c;-;-;Mon Jul 13 21:27:19 2009 +0000;1247520439;-;-;Mon Jul 13 21:27:19 2009 +0000;1247520439
0576fe2654da5f1790c5edec66f10b0cdd015c65;0576fe2654;-;-;Mon Jul 13 21:22:59 2009 +0000;1247520179;-;-;Mon Jul 13 21:22:59 2009 +0000;1247520179
2cf157e09a9a54f8600d30eef16905890961a4db;2cf157e09a;-;-;Mon Jul 13 21:17:54 2009 +0000;1247519874;-;-;Mon Jul 13 21:17:54 2009 +0000;1247519874
abfc479bdb0eb28decc24fb720bb4e6827cbe7e3;abfc479bdb;-;-;Mon Jul 13 15:35:24 2009 +0000;1247499324;-;-;Mon Jul 13 15:35:24 2009 +0000;1247499324
c9f4de3ebf82eac1a8e0bfe59214b2d1531ae023;c9f4de3ebf;-;-;Mon Jul 13 13:05:46 2009 +0000;1247490346;-;-;Mon Jul 13 13:05:46 2009 +0000;1247490346
ff1dac83817d7be5963f61efae1a1aae5e4b1c35;ff1dac8381;-;-;Mon Jul 13 09:44:07 2009 +0000;1247478247;-;-;Mon Jul 13 09:44:07 2009 +0000;1247478247
b1cb69fcb9ee591bb02449ecc2a3e09615a654f0;b1cb69fcb9;-;-;Sun Jul 12 22:46:36 2009 +0000;1247438796;-;-;Sun Jul 12 22:46:36 2009 +0000;1247438796
6206e5f11f4395b62c1fb296f2aab3d7299fc889;6206e5f11f;-;-;Sun Jul 12 18:32:26 2009 +0000;1247423546;-;-;Sun Jul 12 18:32:26 2009 +0000;1247423546
9f8638e5570ead0458e7132905fe3827455e73f2;9f8638e557;-;-;Sun Jul 12 18:29:19 2009 +0000;1247423359;-;-;Sun Jul 12 18:29:19 2009 +0000;1247423359
5904814ec68aa4be07a2d84803a88882561aecfa;5904814ec6;-;-;Sun Jul 12 18:05:13 2009 +0000;1247421913;-;-;Sun Jul 12 18:05:13 2009 +0000;1247421913
eb4a767f6b76466b33d30ebd5006b4e81b64cab5;eb4a767f6b;-;-;Sun Jul 12 18:00:18 2009 +0000;1247421618;-;-;Sun Jul 12 18:00:18 2009 +0000;1247421618
737c66d729d6815a4bba1c7495b241bd92425c48;737c66d729;-;-;Sun Jul 12 17:57:18 2009 +0000;1247421438;-;-;Sun Jul 12 17:57:18 2009 +0000;1247421438
89a8e4073bf214bb6bae37b304a80dbc4a5c16ce;89a8e4073b;-;-;Sun Jul 12 17:49:13 2009 +0000;1247420953;-;-;Sun Jul 12 17:49:13 2009 +0000;1247420953
1344a6d4d014bda3c73e156bb692d87993f9c11f;1344a6d4d0;-;-;Sun Jul 12 17:47:33 2009 +0000;1247420853;-;-;Sun Jul 12 17:47:33 2009 +0000;1247420853
29139dfd1a7160ec07e68259cebdf4e4ff433302;29139dfd1a;-;-;Sun Jul 12 05:58:55 2009 +0000;1247378335;-;-;Sun Jul 12 05:58:55 2009 +0000;1247378335
7199fcc233dd88800564cdf7fa85b7bc45fa3f08;7199fcc233;-;-;Sun Jul 12 04:47:59 2009 +0000;1247374079;-;-;Sun Jul 12 04:47:59 2009 +0000;1247374079
29327798c11c6631009ab91d1e49d263fd8c7553;29327798c1;-;-;Sat Jul 11 16:45:48 2009 +0000;1247330748;-;-;Sat Jul 11 16:45:48 2009 +0000;1247330748
c519f2bd3aa5e924dfc9dde8c54ecca4db2eb7e3;c519f2bd3a;-;-;Fri Jul 10 23:42:39 2009 +0000;1247269359;-;-;Fri Jul 10 23:42:39 2009 +0000;1247269359
f53e627bb584e3c78959d985bb22adfac7da436b;f53e627bb5;-;-;Fri Jul 10 23:27:27 2009 +0000;1247268447;-;-;Fri Jul 10 23:27:27 2009 +0000;1247268447
e4c868b837bab00b702c30b9b53a4909a3066cfa;e4c868b837;-;-;Fri Jul 10 21:32:24 2009 +0000;1247261544;-;-;Fri Jul 10 21:32:24 2009 +0000;1247261544
84bdd1ab8e319ea678bcfd7e42c2f71b8fe8c8df;84bdd1ab8e;-;-;Fri Jul 10 19:44:40 2009 +0000;1247255080;-;-;Fri Jul 10 19:44:40 2009 +0000;1247255080
3788a84b8ec7fd6cc63f4b60098302481a39d8ad;3788a84b8e;-;-;Fri Jul 10 19:43:50 2009 +0000;1247255030;-;-;Fri Jul 10 19:43:50 2009 +0000;1247255030
e3e34b04d46306fd39751e74ff4d0ac84ff3f11d;e3e34b04d4;-;-;Fri Jul 10 19:43:37 2009 +0000;1247255017;-;-;Fri Jul 10 19:43:37 2009 +0000;1247255017
85eda27cd48ba79fb8d3d92f32119c49c865a894;85eda27cd4;-;-;Fri Jul 10 19:43:32 2009 +0000;1247255012;-;-;Fri Jul 10 19:43:32 2009 +0000;1247255012
e85a6740d8d30f0c21f51eab64de87e4311fadfe;e85a6740d8;-;-;Fri Jul 10 18:49:38 2009 +0000;1247251778;-;-;Fri Jul 10 18:49:38 2009 +0000;1247251778
6598fd736d4b2ec3802e1edc5fdd79d67b75ea7d;6598fd736d;-;-;Fri Jul 10 14:25:39 2009 +0000;1247235939;-;-;Fri Jul 10 14:25:39 2009 +0000;1247235939
cab7a9250dd1ca5b482c0f14dbe7c2d6edbce892;cab7a9250d;-;-;Fri Jul 10 12:25:34 2009 +0000;1247228734;-;-;Fri Jul 10 12:25:34 2009 +0000;1247228734
5054802eb90fb15533788889c371f61b3c3edc9e;5054802eb9;-;-;Fri Jul 10 12:15:58 2009 +0000;1247228158;-;-;Fri Jul 10 12:15:58 2009 +0000;1247228158
696d78c14436bc09d96f3fb271ced7b1c590b96a;696d78c144;-;-;Fri Jul 10 11:45:31 2009 +0000;1247226331;-;-;Fri Jul 10 11:45:31 2009 +0000;1247226331
0d98baa5c1b83d99cdf45f9d3c2a55902630f678;0d98baa5c1;-;-;Fri Jul 10 04:02:08 2009 +0000;1247198528;-;-;Fri Jul 10 04:02:08 2009 +0000;1247198528
69422e771fa403a135ae55d6bc0c0c2327909bb3;69422e771f;-;-;Fri Jul 10 03:30:12 2009 +0000;1247196612;-;-;Fri Jul 10 03:30:12 2009 +0000;1247196612
8c9346718bf3c6c53f41b8a4916810867e7e1a81;8c9346718b;-;-;Fri Jul 10 02:12:50 2009 +0000;1247191970;-;-;Fri Jul 10 02:12:50 2009 +0000;1247191970
0c16554e237cddc9561c52ab13a7a51f36e116fe;0c16554e23;-;-;Thu Jul 9 19:38:07 2009 +0000;1247168287;-;-;Thu Jul 9 19:38:07 2009 +0000;1247168287
c9a87de1410fd5026cf6b9031b3d363fe89713ee;c9a87de141;-;-;Thu Jul 9 15:37:41 2009 +0000;1247153861;-;-;Thu Jul 9 15:37:41 2009 +0000;1247153861
5cb03fa29007594aea655d585a62ea741dbf0822;5cb03fa290;-;-;Thu Jul 9 15:36:31 2009 +0000;1247153791;-;-;Thu Jul 9 15:36:31 2009 +0000;1247153791
a8fa8f49428274d7bed42a1a2c716424d916e415;a8fa8f4942;-;-;Thu Jul 9 10:27:02 2009 +0000;1247135222;-;-;Thu Jul 9 10:27:02 2009 +0000;1247135222
542b88fb048e34ac4e7d0757ea2fb8ed9d55e27b;542b88fb04;-;-;Thu Jul 9 10:03:17 2009 +0000;1247133797;-;-;Thu Jul 9 10:03:17 2009 +0000;1247133797
2db239031f30dec859b4338493a927b8715b21b3;2db239031f;-;-;Thu Jul 9 05:51:49 2009 +0000;1247118709;-;-;Thu Jul 9 05:51:49 2009 +0000;1247118709
80760ed7a4f8467c229951f6bbb3d37e56d54642;80760ed7a4;-;-;Thu Jul 9 05:22:51 2009 +0000;1247116971;-;-;Thu Jul 9 05:22:51 2009 +0000;1247116971
0c1c5fffbafda98f490217f677ef6e4855ac03d0;0c1c5fffba;-;-;Thu Jul 9 05:18:15 2009 +0000;1247116695;-;-;Thu Jul 9 05:18:15 2009 +0000;1247116695
2be6ce0407786280365d6181b855f0b287c67155;2be6ce0407;-;-;Thu Jul 9 04:37:28 2009 +0000;1247114248;-;-;Thu Jul 9 04:37:28 2009 +0000;1247114248
2aef75b9072bd57b865d3c323372b2e71e315dd4;2aef75b907;-;-;Thu Jul 9 03:30:19 2009 +0000;1247110219;-;-;Thu Jul 9 03:30:19 2009 +0000;1247110219
cbe669527347d2373a50f7422ef865c93c88e60c;cbe6695273;-;-;Wed Jul 8 23:21:09 2009 +0000;1247095269;-;-;Wed Jul 8 23:21:09 2009 +0000;1247095269
90bafe35cbc02b25e28ff28d15c39abab48d1671;90bafe35cb;-;-;Wed Jul 8 22:46:29 2009 +0000;1247093189;-;-;Wed Jul 8 22:46:29 2009 +0000;1247093189
2bbf827d5779c6a08ddbf25e9b8ad28c9f727654;2bbf827d57;-;-;Wed Jul 8 21:43:35 2009 +0000;1247089415;-;-;Wed Jul 8 21:43:35 2009 +0000;1247089415
5ff6191d72489c728d4fa6fbc99af4d0d03643b9;5ff6191d72;-;-;Wed Jul 8 15:11:15 2009 +0000;1247065875;-;-;Wed Jul 8 15:11:15 2009 +0000;1247065875
68e07239c76d337038062d6d36463349298732f2;68e07239c7;-;-;Wed Jul 8 13:37:27 2009 +0000;1247060247;-;-;Wed Jul 8 13:37:27 2009 +0000;1247060247
2b13afd8917603577218576315f68a8cc2132772;2b13afd891;-;-;Wed Jul 8 13:29:39 2009 +0000;1247059779;-;-;Wed Jul 8 13:29:39 2009 +0000;1247059779
928855e47affff6097d3c824d79e8dbe31cf3594;928855e47a;-;-;Wed Jul 8 10:15:58 2009 +0000;1247048158;-;-;Wed Jul 8 10:15:58 2009 +0000;1247048158
d3c54d979ec211595e379607a3556e4d79119691;d3c54d979e;-;-;Tue Jul 7 20:13:21 2009 +0000;1246997601;-;-;Tue Jul 7 20:13:21 2009 +0000;1246997601
dcb52dbbc17fc9eda8d180eede222247322aa96b;dcb52dbbc1;-;-;Tue Jul 7 20:13:18 2009 +0000;1246997598;-;-;Tue Jul 7 20:13:18 2009 +0000;1246997598
a2bce8c2a88d5427bdc47d96134ab6942c869dec;a2bce8c2a8;-;-;Tue Jul 7 17:24:58 2009 +0000;1246987498;-;-;Tue Jul 7 17:24:58 2009 +0000;1246987498
dbdac9fa31edc773642f7d8651c4de14e5d49599;dbdac9fa31;-;-;Tue Jul 7 16:32:56 2009 +0000;1246984376;-;-;Tue Jul 7 16:32:56 2009 +0000;1246984376
a4b7ce168c16c499642fdebf09044bdec74c766d;a4b7ce168c;-;-;Tue Jul 7 16:08:10 2009 +0000;1246982890;-;-;Tue Jul 7 16:08:10 2009 +0000;1246982890
2b869d57f2dd0203ef0097da86dd2ea8a7d35372;2b869d57f2;-;-;Mon Jul 6 22:36:47 2009 +0000;1246919807;-;-;Mon Jul 6 22:36:47 2009 +0000;1246919807
e31d947eb976c3a1715b8dc70185a65a08f930b2;e31d947eb9;-;-;Mon Jul 6 22:23:55 2009 +0000;1246919035;-;-;Mon Jul 6 22:23:55 2009 +0000;1246919035
eef6fd3f09543187dd94db7cb0b5ea41d4758c1e;eef6fd3f09;-;-;Mon Jul 6 19:24:34 2009 +0000;1246908274;-;-;Mon Jul 6 19:24:34 2009 +0000;1246908274
eb69e7574b4cc8b9c49170aedc5e0bbe51c840e2;eb69e7574b;-;-;Mon Jul 6 19:21:26 2009 +0000;1246908086;-;-;Mon Jul 6 19:21:26 2009 +0000;1246908086
c254f389c068eeff239320f073294d0b7d3492e9;c254f389c0;-;-;Mon Jul 6 19:17:16 2009 +0000;1246907836;-;-;Mon Jul 6 19:17:16 2009 +0000;1246907836
ea2580af689c6facfef9631ec52b202762334483;ea2580af68;-;-;Mon Jul 6 18:53:48 2009 +0000;1246906428;-;-;Mon Jul 6 18:53:48 2009 +0000;1246906428
e77e070e7a697752ab9181e74ead1beed5e4e6d3;e77e070e7a;-;-;Mon Jul 6 18:04:37 2009 +0000;1246903477;-;-;Mon Jul 6 18:04:37 2009 +0000;1246903477
1f087b412d2fccd589633dd002e64cf7b8aa881e;1f087b412d;-;-;Mon Jul 6 15:08:06 2009 +0000;1246892886;-;-;Mon Jul 6 15:08:06 2009 +0000;1246892886
0483cb5a3d0a7ecb8aa491a24bc522637c4aa5d9;0483cb5a3d;-;-;Mon Jul 6 14:48:27 2009 +0000;1246891707;-;-;Mon Jul 6 14:48:27 2009 +0000;1246891707
51b8b99dfc4d3cfcd0b8d73cb476f5c74af600be;51b8b99dfc;-;-;Mon Jul 6 13:41:01 2009 +0000;1246887661;-;-;Mon Jul 6 13:41:01 2009 +0000;1246887661
8dec6af03885a2486a249f208674eae1556886b7;8dec6af038;-;-;Mon Jul 6 12:58:56 2009 +0000;1246885136;-;-;Mon Jul 6 12:58:56 2009 +0000;1246885136
0222a4a56c395887094c4e7807a9b6256b3d74a7;0222a4a56c;-;-;Sun Jul 5 21:29:28 2009 +0000;1246829368;-;-;Sun Jul 5 21:29:28 2009 +0000;1246829368
f26e2e3d7bbd6f6a9798e553235bc17979327861;f26e2e3d7b;-;-;Sun Jul 5 11:50:19 2009 +0000;1246794619;-;-;Sun Jul 5 11:50:19 2009 +0000;1246794619
dc935dcd6d414a87399e37b6a068740171df27d5;dc935dcd6d;-;-;Fri Jul 3 15:14:23 2009 +0000;1246634063;-;-;Fri Jul 3 15:14:23 2009 +0000;1246634063
2bc76bcd6874fa7dee9c353095b542b11bf06f8e;2bc76bcd68;-;-;Fri Jul 3 15:13:47 2009 +0000;1246634027;-;-;Fri Jul 3 15:13:47 2009 +0000;1246634027
70ee067400ff3c3f58d97710eeb23ac70fc23460;70ee067400;-;-;Fri Jul 3 11:27:13 2009 +0000;1246620433;-;-;Fri Jul 3 11:27:13 2009 +0000;1246620433
ba746a8e51924fca522d445ad508a393e45b9784;ba746a8e51;-;-;Fri Jul 3 11:21:39 2009 +0000;1246620099;-;-;Fri Jul 3 11:21:39 2009 +0000;1246620099
ceffa783d4026ff2672d297eb1281e16bf171ec9;ceffa783d4;-;-;Fri Jul 3 10:49:17 2009 +0000;1246618157;-;-;Fri Jul 3 10:49:17 2009 +0000;1246618157
91c9f544b1d8127b308f5cf884d91f0c39c0c483;91c9f544b1;-;-;Fri Jul 3 09:57:19 2009 +0000;1246615039;-;-;Fri Jul 3 09:57:19 2009 +0000;1246615039
620c9b1f96104f391159fb88715c0c901002f20c;620c9b1f96;-;-;Fri Jul 3 09:32:15 2009 +0000;1246613535;-;-;Fri Jul 3 09:32:15 2009 +0000;1246613535
8bfb56c75b6534c6671d7b21f144b5f1b7b72144;8bfb56c75b;-;-;Thu Jul 2 18:07:55 2009 +0000;1246558075;-;-;Thu Jul 2 18:07:55 2009 +0000;1246558075
4da16bb1f991ad69cd8e943e15cef1a127c6a47e;4da16bb1f9;-;-;Thu Jul 2 18:06:20 2009 +0000;1246557980;-;-;Thu Jul 2 18:06:20 2009 +0000;1246557980
0bbca8624f24dd26d22dc70e27f6bf3029defbc7;0bbca8624f;-;-;Thu Jul 2 18:02:58 2009 +0000;1246557778;-;-;Thu Jul 2 18:02:58 2009 +0000;1246557778
0c2fa5208de102dfd2c45d689458ae9e665f8aed;0c2fa5208d;-;-;Thu Jul 2 16:03:31 2009 +0000;1246550611;-;-;Thu Jul 2 16:03:31 2009 +0000;1246550611
58db51324d8cb1ca78d5db135873d703827a7daa;58db51324d;-;-;Thu Jul 2 16:02:24 2009 +0000;1246550544;-;-;Thu Jul 2 16:02:24 2009 +0000;1246550544
0f22e22ff36010d9b9b9281c439726dd9061bdda;0f22e22ff3;-;-;Thu Jul 2 11:31:44 2009 +0000;1246534304;-;-;Thu Jul 2 11:31:44 2009 +0000;1246534304
474ffaac63bad9d5942b7096cae6faf986f7c5c1;474ffaac63;-;-;Wed Jul 1 15:24:04 2009 +0000;1246461844;-;-;Wed Jul 1 15:24:04 2009 +0000;1246461844
e1b9c18536489bb0d8525325bc5b939fc86e866c;e1b9c18536;-;-;Wed Jul 1 10:01:19 2009 +0000;1246442479;-;-;Wed Jul 1 10:01:19 2009 +0000;1246442479
ef67fc245f4fae4df483a0e1be462261a3d66b65;ef67fc245f;-;-;Wed Jul 1 09:40:11 2009 +0000;1246441211;-;-;Wed Jul 1 09:40:11 2009 +0000;1246441211
7e05c928dd2669008efdaa4af9d6d1b039c2b2bb;7e05c928dd;-;-;Tue Jun 30 19:19:07 2009 +0000;1246389547;-;-;Tue Jun 30 19:19:07 2009 +0000;1246389547
a32448da02a742be3a12e848e619c56a94978c9f;a32448da02;-;-;Tue Jun 30 18:40:33 2009 +0000;1246387233;-;-;Tue Jun 30 18:40:33 2009 +0000;1246387233
ca97981d526e22d9a8b1ed7c4cac3c101ae26e45;ca97981d52;-;-;Tue Jun 30 09:05:56 2009 +0000;1246352756;-;-;Tue Jun 30 09:05:56 2009 +0000;1246352756
f289b0ff15f8d55569fd7f87dd108bbf8648702f;f289b0ff15;-;-;Mon Jun 29 16:59:22 2009 +0000;1246294762;-;-;Mon Jun 29 16:59:22 2009 +0000;1246294762
98320fb8540ccf24ddc8e150186ee6d56b759ccd;98320fb854;-;-;Mon Jun 29 11:14:39 2009 +0000;1246274079;-;-;Mon Jun 29 11:14:39 2009 +0000;1246274079
3c76303416e9c185c411a765e1de4833a3a9876e;3c76303416;-;-;Fri Jun 26 16:09:18 2009 +0000;1246032558;-;-;Fri Jun 26 16:09:18 2009 +0000;1246032558
e4d091489b5596627b385845ec8151b1ca59423d;e4d091489b;-;-;Fri Jun 26 15:35:28 2009 +0000;1246030528;-;-;Fri Jun 26 15:35:28 2009 +0000;1246030528
7e3c1bf09acd4a1fd72303e402a9fb4eef9a9c1d;7e3c1bf09a;-;-;Fri Jun 26 15:33:35 2009 +0000;1246030415;-;-;Fri Jun 26 15:33:35 2009 +0000;1246030415
0edc3d94bdf36b190995cfe1bcd0f57c9a04aed1;0edc3d94bd;-;-;Fri Jun 26 15:19:03 2009 +0000;1246029543;-;-;Fri Jun 26 15:19:03 2009 +0000;1246029543
b0129111c5dbdc0140ed5809cdf8473fe942463b;b0129111c5;-;-;Fri Jun 26 15:11:00 2009 +0000;1246029060;-;-;Fri Jun 26 15:11:00 2009 +0000;1246029060
60c2b38c0392956f19f52ebcfdd55c123d10ffbc;60c2b38c03;-;-;Fri Jun 26 15:09:56 2009 +0000;1246028996;-;-;Fri Jun 26 15:09:56 2009 +0000;1246028996
3b68cde32b7811b0d7b07ebd7873fd5a95a100c6;3b68cde32b;-;-;Fri Jun 26 14:47:18 2009 +0000;1246027638;-;-;Fri Jun 26 14:47:18 2009 +0000;1246027638
18412ae29578418200dbb6b5fc4b15b087e37013;18412ae295;-;-;Fri Jun 26 12:47:52 2009 +0000;1246020472;-;-;Fri Jun 26 12:47:52 2009 +0000;1246020472
604e4b6db3e134d83607c64f74d884774c05347b;604e4b6db3;-;-;Fri Jun 26 05:28:25 2009 +0000;1245994105;-;-;Fri Jun 26 05:28:25 2009 +0000;1245994105
03c125ebd0cf13152285a040b2135515a3135492;03c125ebd0;-;-;Fri Jun 26 05:16:59 2009 +0000;1245993419;-;-;Fri Jun 26 05:16:59 2009 +0000;1245993419
9c5a538ae7998c0337d53e7280f6b0667342813d;9c5a538ae7;-;-;Fri Jun 26 05:02:00 2009 +0000;1245992520;-;-;Fri Jun 26 05:02:00 2009 +0000;1245992520
023d05e37fac194d6ef059e8d1f8a38a1a022e65;023d05e37f;-;-;Fri Jun 26 04:52:50 2009 +0000;1245991970;-;-;Fri Jun 26 04:52:50 2009 +0000;1245991970
6bb5bdd0c6681845a7c7acb1b9a225e27e74a397;6bb5bdd0c6;-;-;Fri Jun 26 03:45:48 2009 +0000;1245987948;-;-;Fri Jun 26 03:45:48 2009 +0000;1245987948
9eacd1061595b082a907628f9214b23b5b512cd5;9eacd10615;-;-;Fri Jun 26 03:37:18 2009 +0000;1245987438;-;-;Fri Jun 26 03:37:18 2009 +0000;1245987438
a24eccb3906a5e4783592dad9c24907e5cba5687;a24eccb390;-;-;Thu Jun 25 22:02:18 2009 +0000;1245967338;-;-;Thu Jun 25 22:02:18 2009 +0000;1245967338
a0a5fcb4d974a9039585a22523ed62799adb7a40;a0a5fcb4d9;-;-;Thu Jun 25 20:28:53 2009 +0000;1245961733;-;-;Thu Jun 25 20:28:53 2009 +0000;1245961733
00702e4e1c67a8b19199b7c7d782f64117e0e6bb;00702e4e1c;-;-;Thu Jun 25 20:27:39 2009 +0000;1245961659;-;-;Thu Jun 25 20:27:39 2009 +0000;1245961659
5828010baead086f197d5b5789832b094edc8d35;5828010bae;-;-;Thu Jun 25 20:26:22 2009 +0000;1245961582;-;-;Thu Jun 25 20:26:22 2009 +0000;1245961582
9b7e9942dbcddb448980e93a43bf309069f80990;9b7e9942db;-;-;Thu Jun 25 19:18:02 2009 +0000;1245957482;-;-;Thu Jun 25 19:18:02 2009 +0000;1245957482
6ce119483d5f2d964a53ff6e03c95968af61dc73;6ce119483d;-;-;Thu Jun 25 18:26:07 2009 +0000;1245954367;-;-;Thu Jun 25 18:26:07 2009 +0000;1245954367
3f5c43aaf5e3a7342d7738561044845f2dc81729;3f5c43aaf5;-;-;Thu Jun 25 18:23:07 2009 +0000;1245954187;-;-;Thu Jun 25 18:23:07 2009 +0000;1245954187
05e3c00a98e4a1d1626575d20cd6a4b8329ff075;05e3c00a98;-;-;Thu Jun 25 16:54:42 2009 +0000;1245948882;-;-;Thu Jun 25 16:54:42 2009 +0000;1245948882
abc47e56bd0cbce6e0b7e564efed04b1899a2065;abc47e56bd;-;-;Thu Jun 25 14:51:37 2009 +0000;1245941497;-;-;Thu Jun 25 14:51:37 2009 +0000;1245941497
efb63fb5245f03298f1590690a6564327a4e57f0;efb63fb524;-;-;Thu Jun 25 12:42:14 2009 +0000;1245933734;-;-;Thu Jun 25 12:42:14 2009 +0000;1245933734
49dd707b8a23154dab3ffc32f83ee3d816958a27;49dd707b8a;-;-;Thu Jun 25 11:50:00 2009 +0000;1245930600;-;-;Thu Jun 25 11:50:00 2009 +0000;1245930600
c1a1becd2905145e2e8a0a2974bc36c1558a46db;c1a1becd29;-;-;Thu Jun 25 10:59:33 2009 +0000;1245927573;-;-;Thu Jun 25 10:59:33 2009 +0000;1245927573
a0520501d3fa363abd39e0cee82c7f9f60abae5b;a0520501d3;-;-;Thu Jun 25 03:17:04 2009 +0000;1245899824;-;-;Thu Jun 25 03:17:04 2009 +0000;1245899824
8eb8602125f92134a257f6f3ca9b3777762e4421;8eb8602125;-;-;Wed Jun 24 22:26:17 2009 +0000;1245882377;-;-;Wed Jun 24 22:26:17 2009 +0000;1245882377
111705081542014980b75485593b2d39a189f790;1117050815;-;-;Wed Jun 24 22:24:15 2009 +0000;1245882255;-;-;Wed Jun 24 22:24:15 2009 +0000;1245882255
511701ebf42e7a9bc472122cb8ad3e680c6843f4;511701ebf4;-;-;Wed Jun 24 22:09:46 2009 +0000;1245881386;-;-;Wed Jun 24 22:09:46 2009 +0000;1245881386
11bf19a3b3543a747f99fb327242d0493495cf74;11bf19a3b3;-;-;Wed Jun 24 16:41:06 2009 +0000;1245861666;-;-;Wed Jun 24 16:41:06 2009 +0000;1245861666
5ae919af1ce664424f5de2d43e8ba4e2849e1060;5ae919af1c;-;-;Wed Jun 24 14:03:10 2009 +0000;1245852190;-;-;Wed Jun 24 14:03:10 2009 +0000;1245852190
398729cda1da9ddea58eb1a506c4bad8f77e63c3;398729cda1;-;-;Wed Jun 24 13:55:36 2009 +0000;1245851736;-;-;Wed Jun 24 13:55:36 2009 +0000;1245851736
56b0606584b6d3176efb3f41627c579c24726d25;56b0606584;-;-;Wed Jun 24 13:26:01 2009 +0000;1245849961;-;-;Wed Jun 24 13:26:01 2009 +0000;1245849961
951c664cc475673cd5269f1d7e3c8e42cadac283;951c664cc4;-;-;Wed Jun 24 12:36:49 2009 +0000;1245847009;-;-;Wed Jun 24 12:36:49 2009 +0000;1245847009
f1b936515f1c35e218787ae6a605b9a9a8d11ff6;f1b936515f;-;-;Tue Jun 23 17:53:16 2009 +0000;1245779596;-;-;Tue Jun 23 17:53:16 2009 +0000;1245779596
13c3c577eb930898de85937cee56b16397229f36;13c3c577eb;-;-;Tue Jun 23 09:57:44 2009 +0000;1245751064;-;-;Tue Jun 23 09:57:44 2009 +0000;1245751064
42590de1973c29c1578360e928081d9986d06fbb;42590de197;-;-;Tue Jun 23 07:25:20 2009 +0000;1245741920;-;-;Tue Jun 23 07:25:20 2009 +0000;1245741920
4b335dd7e2533495b0f5cd975a5c30a3c76bfb36;4b335dd7e2;-;-;Mon Jun 22 20:02:40 2009 +0000;1245700960;-;-;Mon Jun 22 20:02:40 2009 +0000;1245700960
87314b950e7c7be23a3931aa5c3a7d13c50b8712;87314b950e;-;-;Mon Jun 22 17:52:12 2009 +0000;1245693132;-;-;Mon Jun 22 17:52:12 2009 +0000;1245693132
6ee8fbe533a373fcead7873fdfa5b4199a65c200;6ee8fbe533;-;-;Mon Jun 22 17:36:49 2009 +0000;1245692209;-;-;Mon Jun 22 17:36:49 2009 +0000;1245692209
c996f7ea7b29dc03f3b1fe3f0601fc11bd73c0f4;c996f7ea7b;-;-;Sun Jun 21 12:54:04 2009 +0000;1245588844;-;-;Sun Jun 21 12:54:04 2009 +0000;1245588844
3169d428ecc530d3f9c5b41ec4f0851d5288ebcf;3169d428ec;-;-;Fri Jun 19 13:57:03 2009 +0000;1245419823;-;-;Fri Jun 19 13:57:03 2009 +0000;1245419823
c2e65baa702c38fdd0a45eb27f6fd354b1b006b1;c2e65baa70;-;-;Fri Jun 19 13:51:59 2009 +0000;1245419519;-;-;Fri Jun 19 13:51:59 2009 +0000;1245419519
bb3c9c189886a1a251cfb3dc977ce0828ac17a29;bb3c9c1898;-;-;Fri Jun 19 13:43:33 2009 +0000;1245419013;-;-;Fri Jun 19 13:43:33 2009 +0000;1245419013
54ffedce0dc0d8afd6f4da99d08bed16bb183416;54ffedce0d;-;-;Fri Jun 19 12:30:57 2009 +0000;1245414657;-;-;Fri Jun 19 12:30:57 2009 +0000;1245414657
e3ce3306fed978b89785a53027cc2dbc2e8cc169;e3ce3306fe;-;-;Fri Jun 19 12:22:18 2009 +0000;1245414138;-;-;Fri Jun 19 12:22:18 2009 +0000;1245414138
bf08c3ffbf5e32e1f2d28e6244cd0e6e716c232e;bf08c3ffbf;-;-;Fri Jun 19 11:58:00 2009 +0000;1245412680;-;-;Fri Jun 19 11:58:00 2009 +0000;1245412680
ea2ece4516e40ab188f3e475586d8d2933415835;ea2ece4516;-;-;Fri Jun 19 10:26:14 2009 +0000;1245407174;-;-;Fri Jun 19 10:26:14 2009 +0000;1245407174
ddcd9f49053b9913ca67911dda60929d3bcfa9ee;ddcd9f4905;-;-;Fri Jun 19 07:50:06 2009 +0000;1245397806;-;-;Fri Jun 19 07:50:06 2009 +0000;1245397806
4ea373b7dd0470972d9f9e5478060eab75712931;4ea373b7dd;-;-;Thu Jun 18 18:09:01 2009 +0000;1245348541;-;-;Thu Jun 18 18:09:01 2009 +0000;1245348541
f749eacbc2d0b8632014313ac272bcf99bb4d4bf;f749eacbc2;-;-;Thu Jun 18 12:14:46 2009 +0000;1245327286;-;-;Thu Jun 18 12:14:46 2009 +0000;1245327286
10829f8b20ae067b4de6c8458bdfdb39f1ea6f01;10829f8b20;-;-;Thu Jun 18 11:36:04 2009 +0000;1245324964;-;-;Thu Jun 18 11:36:04 2009 +0000;1245324964
b2d73b9824b1f59706cc98c34750d1c2527e9a12;b2d73b9824;-;-;Wed Jun 17 19:39:51 2009 +0000;1245267591;-;-;Wed Jun 17 19:39:51 2009 +0000;1245267591
9368e76ffc0c5a265e4a241dcc72a5139220c451;9368e76ffc;-;-;Wed Jun 17 15:56:07 2009 +0000;1245254167;-;-;Wed Jun 17 15:56:07 2009 +0000;1245254167
62eae6d06a426ff4295cf4363e982c7ef18e773a;62eae6d06a;-;-;Wed Jun 17 03:12:44 2009 +0000;1245208364;-;-;Wed Jun 17 03:12:44 2009 +0000;1245208364
a4419c98bf99df007b4ffd6873df25d806d1c1cf;a4419c98bf;-;-;Tue Jun 16 15:06:46 2009 +0000;1245164806;-;-;Tue Jun 16 15:06:46 2009 +0000;1245164806
1f13148458e1c7121099cad31f652741a640456b;1f13148458;-;-;Tue Jun 16 14:37:57 2009 +0000;1245163077;-;-;Tue Jun 16 14:37:57 2009 +0000;1245163077
e9ac4bc0ad3b723a268fa2a63aadea2a53ade6ba;e9ac4bc0ad;-;-;Tue Jun 16 14:31:42 2009 +0000;1245162702;-;-;Tue Jun 16 14:31:42 2009 +0000;1245162702
06777c81236b67660b568870f0be46866ed13017;06777c8123;-;-;Tue Jun 16 14:16:38 2009 +0000;1245161798;-;-;Tue Jun 16 14:16:38 2009 +0000;1245161798
b57085909ceff649a268826f71ed59aa83f670f8;b57085909c;-;-;Tue Jun 16 14:11:35 2009 +0000;1245161495;-;-;Tue Jun 16 14:11:35 2009 +0000;1245161495
7b1ff5859e19197527159939c73b0d0a464a65b0;7b1ff5859e;-;-;Tue Jun 16 02:37:19 2009 +0000;1245119839;-;-;Tue Jun 16 02:37:19 2009 +0000;1245119839
444378c426128d72870971564131014d3cdff77c;444378c426;-;-;Mon Jun 15 10:58:45 2009 +0000;1245063525;-;-;Mon Jun 15 10:58:45 2009 +0000;1245063525
c254924b4c65edf575f367f89ffc0afd447fdc9e;c254924b4c;-;-;Mon Jun 15 09:30:46 2009 +0000;1245058246;-;-;Mon Jun 15 09:30:46 2009 +0000;1245058246
3504ba3374268757af0d77efca551e337b253c1d;3504ba3374;-;-;Sat Jun 13 18:38:04 2009 +0000;1244918284;-;-;Sat Jun 13 18:38:04 2009 +0000;1244918284
7ef1dace6e157205d3391e54062db6c112e2e00e;7ef1dace6e;-;-;Sat Jun 13 18:31:32 2009 +0000;1244917892;-;-;Sat Jun 13 18:31:32 2009 +0000;1244917892
6d59dad4b27de5493acbbf97d85207683da669cc;6d59dad4b2;-;-;Sat Jun 13 18:26:48 2009 +0000;1244917608;-;-;Sat Jun 13 18:26:48 2009 +0000;1244917608
42cdeb43024d275082a287541436eda959954304;42cdeb4302;-;-;Sat Jun 13 18:25:59 2009 +0000;1244917559;-;-;Sat Jun 13 18:25:59 2009 +0000;1244917559
079b856a6c9ca5abbf788c9eb94535139e301cda;079b856a6c;-;-;Sat Jun 13 18:02:40 2009 +0000;1244916160;-;-;Sat Jun 13 18:02:40 2009 +0000;1244916160
aba0b6d7e02064422a275a0cf56dcfc3bfc8ae3d;aba0b6d7e0;-;-;Sat Jun 13 17:23:40 2009 +0000;1244913820;-;-;Sat Jun 13 17:23:40 2009 +0000;1244913820
dea3f3433bf8129aa912f840189f8cb209073891;dea3f3433b;-;-;Sat Jun 13 17:20:49 2009 +0000;1244913649;-;-;Sat Jun 13 17:20:49 2009 +0000;1244913649
d0079c60583fdf3f6dfa4d82a238fbc8545cf188;d0079c6058;-;-;Sat Jun 13 17:18:12 2009 +0000;1244913492;-;-;Sat Jun 13 17:18:12 2009 +0000;1244913492
97e7dfb398bd0249bef263a473fe90bf338532f5;97e7dfb398;-;-;Sat Jun 13 12:45:25 2009 +0000;1244897125;-;-;Sat Jun 13 12:45:25 2009 +0000;1244897125
f05df17037443a5d603342fe426ba45c07edd960;f05df17037;-;-;Fri Jun 12 21:01:05 2009 +0000;1244840465;-;-;Fri Jun 12 21:01:05 2009 +0000;1244840465
2eeeb1b9195ffea393a48e95e4b6f95c315ebb2c;2eeeb1b919;-;-;Fri Jun 12 15:51:20 2009 +0000;1244821880;-;-;Fri Jun 12 15:51:20 2009 +0000;1244821880
d6d72b225c5e74d0fa84c2e1b5d527e68ec12316;d6d72b225c;-;-;Fri Jun 12 15:09:23 2009 +0000;1244819363;-;-;Fri Jun 12 15:09:23 2009 +0000;1244819363
7038e1fa3d0dd672d0d9c4170f8e4936ae3737d6;7038e1fa3d;-;-;Fri Jun 12 14:29:29 2009 +0000;1244816969;-;-;Fri Jun 12 14:29:29 2009 +0000;1244816969
3caecbd1ef0fba726d845feac709b2d3231746ed;3caecbd1ef;-;-;Fri Jun 12 14:26:37 2009 +0000;1244816797;-;-;Fri Jun 12 14:26:37 2009 +0000;1244816797
ed98bf06683cdc3e855b8e029bf07c77392a9d20;ed98bf0668;-;-;Fri Jun 12 12:58:27 2009 +0000;1244811507;-;-;Fri Jun 12 12:58:27 2009 +0000;1244811507
0096930a72583b2d6d458c3b1d20431ca0405600;0096930a72;-;-;Fri Jun 12 12:18:34 2009 +0000;1244809114;-;-;Fri Jun 12 12:18:34 2009 +0000;1244809114
9a84ef468672f01a6679b55e8c2a20bc29493717;9a84ef4686;-;-;Fri Jun 12 11:26:13 2009 +0000;1244805973;-;-;Fri Jun 12 11:26:13 2009 +0000;1244805973
d26df490b51e832d6a813a349f5a1788721fffc3;d26df490b5;-;-;Fri Jun 12 09:56:39 2009 +0000;1244800599;-;-;Fri Jun 12 09:56:39 2009 +0000;1244800599
20195eb66b0fc0bbc47f8b87f357a35a770da2ab;20195eb66b;-;-;Fri Jun 12 09:29:24 2009 +0000;1244798964;-;-;Fri Jun 12 09:29:24 2009 +0000;1244798964
3ca8c9be17556c211e328d014fe7c5a22ea529ba;3ca8c9be17;-;-;Fri Jun 12 07:53:53 2009 +0000;1244793233;-;-;Fri Jun 12 07:53:53 2009 +0000;1244793233
1242400789e43b31dbc2b56d260dde717f667d93;1242400789;-;-;Thu Jun 11 21:59:07 2009 +0000;1244757547;-;-;Thu Jun 11 21:59:07 2009 +0000;1244757547
04fa16b6992e705bf7e1e31eec3393c252be43e6;04fa16b699;-;-;Thu Jun 11 21:00:19 2009 +0000;1244754019;-;-;Thu Jun 11 21:00:19 2009 +0000;1244754019
75c7a7aeeb7fe1311cd2e94bf6d09aa1e701e2d8;75c7a7aeeb;-;-;Thu Jun 11 20:56:47 2009 +0000;1244753807;-;-;Thu Jun 11 20:56:47 2009 +0000;1244753807
f70d14e2c2ccc5215f2c0e3571064e2a2362a156;f70d14e2c2;-;-;Thu Jun 11 20:54:09 2009 +0000;1244753649;-;-;Thu Jun 11 20:54:09 2009 +0000;1244753649
1d6a3e5360a813e14bb79a79f4d962193566206f;1d6a3e5360;-;-;Thu Jun 11 20:29:01 2009 +0000;1244752141;-;-;Thu Jun 11 20:29:01 2009 +0000;1244752141
8998228facd1eb3580d6aeda0f1fcf05b0752f96;8998228fac;-;-;Thu Jun 11 19:03:43 2009 +0000;1244747023;-;-;Thu Jun 11 19:03:43 2009 +0000;1244747023
d89c8e5ea4d7ff5523f229360689fec56537263a;d89c8e5ea4;-;-;Thu Jun 11 18:15:55 2009 +0000;1244744155;-;-;Thu Jun 11 18:15:55 2009 +0000;1244744155
6875df28d93ae1e35f5f945a1ed2aac21e7ced9f;6875df28d9;-;-;Thu Jun 11 16:18:13 2009 +0000;1244737093;-;-;Thu Jun 11 16:18:13 2009 +0000;1244737093
69e48828cc58692a29d957a89890f2f14e6fbdf0;69e48828cc;-;-;Thu Jun 11 16:17:44 2009 +0000;1244737064;-;-;Thu Jun 11 16:17:44 2009 +0000;1244737064
b9b893f868886371f15208cc7cbb701b56cbc2dd;b9b893f868;-;-;Thu Jun 11 14:21:19 2009 +0000;1244730079;-;-;Thu Jun 11 14:21:19 2009 +0000;1244730079
dcb3448748ed88f161e172f49aa1b629bf3d5d36;dcb3448748;-;-;Thu Jun 11 14:15:52 2009 +0000;1244729752;-;-;Thu Jun 11 14:15:52 2009 +0000;1244729752
f7bf6138f830cb7468ccecd9ed1ccce3084268c2;f7bf6138f8;-;-;Thu Jun 11 09:51:45 2009 +0000;1244713905;-;-;Thu Jun 11 09:51:45 2009 +0000;1244713905
59e41a270d8effb5d879d83ee4849d98a4ba9f78;59e41a270d;-;-;Thu Jun 11 09:35:56 2009 +0000;1244712956;-;-;Thu Jun 11 09:35:56 2009 +0000;1244712956
58d3e704bff9a5aa28e364608f2341b61fca74c7;58d3e704bf;-;-;Thu Jun 11 09:20:29 2009 +0000;1244712029;-;-;Thu Jun 11 09:20:29 2009 +0000;1244712029
1dc346a32c86f9ee19dfdaf06f7234d5ba806e8d;1dc346a32c;-;-;Thu Jun 11 08:53:56 2009 +0000;1244710436;-;-;Thu Jun 11 08:53:56 2009 +0000;1244710436
6403107c08dfc18e98c360e364e1e0477c551284;6403107c08;-;-;Wed Jun 10 20:44:35 2009 +0000;1244666675;-;-;Wed Jun 10 20:44:35 2009 +0000;1244666675
72e89510dae091286277e5cb252b6e33390e1cf8;72e89510da;-;-;Wed Jun 10 20:36:43 2009 +0000;1244666203;-;-;Wed Jun 10 20:36:43 2009 +0000;1244666203
7c433712d1149ddb11c31e4a9f31ba362ed6dbb5;7c433712d1;-;-;Wed Jun 10 14:42:42 2009 +0000;1244644962;-;-;Wed Jun 10 14:42:42 2009 +0000;1244644962
be75a43c62fe3abdb13a108617884a9e80ce3e06;be75a43c62;-;-;Wed Jun 10 14:38:59 2009 +0000;1244644739;-;-;Wed Jun 10 14:38:59 2009 +0000;1244644739
37eb0feb2b0c7e3365d867050ed01a1d1740e30b;37eb0feb2b;-;-;Wed Jun 10 13:43:22 2009 +0000;1244641402;-;-;Wed Jun 10 13:43:22 2009 +0000;1244641402
991f618a7d5752b0f3d09dcdd8cb884c4f623511;991f618a7d;-;-;Wed Jun 10 13:38:24 2009 +0000;1244641104;-;-;Wed Jun 10 13:38:24 2009 +0000;1244641104
332d2287da035f52c0a75e9865f527b25771adf0;332d2287da;-;-;Wed Jun 10 11:09:39 2009 +0000;1244632179;-;-;Wed Jun 10 11:09:39 2009 +0000;1244632179
0ab21795fbd809a72eb3265e8705defab2518d08;0ab21795fb;-;-;Wed Jun 10 10:36:06 2009 +0000;1244630166;-;-;Wed Jun 10 10:36:06 2009 +0000;1244630166
268f04aac824df309c4c168f484ee2ce5f6c0015;268f04aac8;-;-;Tue Jun 9 23:39:37 2009 +0000;1244590777;-;-;Tue Jun 9 23:39:37 2009 +0000;1244590777
c9bcc771dcd4557d629b92db2e5ac0e2681265a9;c9bcc771dc;-;-;Tue Jun 9 23:30:36 2009 +0000;1244590236;-;-;Tue Jun 9 23:30:36 2009 +0000;1244590236
48e7c44c35a405cead74cd2193848f6f3f4af794;48e7c44c35;-;-;Tue Jun 9 23:28:54 2009 +0000;1244590134;-;-;Tue Jun 9 23:28:54 2009 +0000;1244590134
278488d11edb034c5b0a4e3d9e25e0321f14696d;278488d11e;-;-;Tue Jun 9 21:29:53 2009 +0000;1244582993;-;-;Tue Jun 9 21:29:53 2009 +0000;1244582993
503f69b960f12a359f8730479b2823a3dea219d4;503f69b960;-;-;Tue Jun 9 20:14:17 2009 +0000;1244578457;-;-;Tue Jun 9 20:14:17 2009 +0000;1244578457
71cbd982e30c7efc21855dd4df57445bd4451725;71cbd982e3;-;-;Tue Jun 9 19:27:13 2009 +0000;1244575633;-;-;Tue Jun 9 19:27:13 2009 +0000;1244575633
58e60fb844843df09638319179d6a1cc921d8657;58e60fb844;-;-;Tue Jun 9 19:02:44 2009 +0000;1244574164;-;-;Tue Jun 9 19:02:44 2009 +0000;1244574164
78b4254d39d9da7c2865be24e91c9b99b8c95088;78b4254d39;-;-;Tue Jun 9 18:59:44 2009 +0000;1244573984;-;-;Tue Jun 9 18:59:44 2009 +0000;1244573984
04115a4ff42bcc61ce30edf85b65b8263692cfa6;04115a4ff4;-;-;Tue Jun 9 15:30:40 2009 +0000;1244561440;-;-;Tue Jun 9 15:30:40 2009 +0000;1244561440
a437fdfc7d687f204544be362e9fce509cd29265;a437fdfc7d;-;-;Tue Jun 9 15:21:34 2009 +0000;1244560894;-;-;Tue Jun 9 15:21:34 2009 +0000;1244560894
a1f1717d03f390d35537816f7d9a7734b3045aee;a1f1717d03;-;-;Tue Jun 9 14:16:18 2009 +0000;1244556978;-;-;Tue Jun 9 14:16:18 2009 +0000;1244556978
9a5c4cab7204cf0e8de4714ca2ac15dea6aaa1da;9a5c4cab72;-;-;Mon Jun 8 20:42:09 2009 +0000;1244493729;-;-;Mon Jun 8 20:42:09 2009 +0000;1244493729
7158742f2a76a3bf8ce135fb9fdc03e482b8241d;7158742f2a;-;-;Mon Jun 8 17:39:43 2009 +0000;1244482783;-;-;Mon Jun 8 17:39:43 2009 +0000;1244482783
2e0f663092c3e3f92e1dd28ebbec6553e3bfc645;2e0f663092;-;-;Mon Jun 8 15:54:00 2009 +0000;1244476440;-;-;Mon Jun 8 15:54:00 2009 +0000;1244476440
95a7ec6587aa1eee78de4f92b17d17c8d5fb280a;95a7ec6587;-;-;Mon Jun 8 15:38:55 2009 +0000;1244475535;-;-;Mon Jun 8 15:38:55 2009 +0000;1244475535
0cb28f5b4119ffbefae4c67f7afffce9f3b5a14b;0cb28f5b41;-;-;Mon Jun 8 05:06:37 2009 +0000;1244437597;-;-;Mon Jun 8 05:06:37 2009 +0000;1244437597
5bef156258fd5f68280ef92e206380f566d8d075;5bef156258;-;-;Mon Jun 8 04:28:36 2009 +0000;1244435316;-;-;Mon Jun 8 04:28:36 2009 +0000;1244435316
065102bca981ca431ad313a412afc9648df56cec;065102bca9;-;-;Mon Jun 8 04:22:10 2009 +0000;1244434930;-;-;Mon Jun 8 04:22:10 2009 +0000;1244434930
b8b84f4f39a6c738f29c6d72e1103f768b35aa6a;b8b84f4f39;-;-;Mon Jun 8 04:09:31 2009 +0000;1244434171;-;-;Mon Jun 8 04:09:31 2009 +0000;1244434171
68631eb80dd90e1188b9d968f9138a3de0d35cbe;68631eb80d;-;-;Sun Jun 7 21:24:33 2009 +0000;1244409873;-;-;Sun Jun 7 21:24:33 2009 +0000;1244409873
65c90c56c0f54be5f7652687038d2e484caa2c61;65c90c56c0;-;-;Sun Jun 7 21:22:37 2009 +0000;1244409757;-;-;Sun Jun 7 21:22:37 2009 +0000;1244409757
534871e6f693ea770b6a6c9e91b0cbd25b4a90d2;534871e6f6;-;-;Sat Jun 6 19:13:27 2009 +0000;1244315607;-;-;Sat Jun 6 19:13:27 2009 +0000;1244315607
8c65ed9e0bf84cdaa4a12843d52e929a8146fb31;8c65ed9e0b;-;-;Sat Jun 6 07:59:26 2009 +0000;1244275166;-;-;Sat Jun 6 07:59:26 2009 +0000;1244275166
df6ba69bc5661b79a0b438e339ae72f9251c86d9;df6ba69bc5;-;-;Sat Jun 6 02:11:39 2009 +0000;1244254299;-;-;Sat Jun 6 02:11:39 2009 +0000;1244254299
c218b6c6c74a4da816dc218881fd02d8e4be638a;c218b6c6c7;-;-;Sat Jun 6 02:02:18 2009 +0000;1244253738;-;-;Sat Jun 6 02:02:18 2009 +0000;1244253738
2c7463262c42845754deed8d3617d0fa6f14efc4;2c7463262c;-;-;Sat Jun 6 01:57:45 2009 +0000;1244253465;-;-;Sat Jun 6 01:57:45 2009 +0000;1244253465
6dd2ce940f3fe12d298052b0ec764a59e7a275a9;6dd2ce940f;-;-;Sat Jun 6 01:37:15 2009 +0000;1244252235;-;-;Sat Jun 6 01:37:15 2009 +0000;1244252235
044cc965c448d9f0b3f0ca76b367c73d1346885a;044cc965c4;-;-;Sat Jun 6 01:25:10 2009 +0000;1244251510;-;-;Sat Jun 6 01:25:10 2009 +0000;1244251510
ec6cea54bc216c26558e6d9eff7a5fff95e3fe2f;ec6cea54bc;-;-;Sat Jun 6 01:15:05 2009 +0000;1244250905;-;-;Sat Jun 6 01:15:05 2009 +0000;1244250905
6c98e444fe880c853691453e1baef3ca7f4c8cea;6c98e444fe;-;-;Sat Jun 6 01:07:18 2009 +0000;1244250438;-;-;Sat Jun 6 01:07:18 2009 +0000;1244250438
59eaf978864b66344fb1312b771777b7b44a6c1c;59eaf97886;-;-;Fri Jun 5 01:18:53 2009 +0000;1244164733;-;-;Fri Jun 5 01:18:53 2009 +0000;1244164733
f4e75deb0a01996003d384d5e44078231cee9e0d;f4e75deb0a;-;-;Wed Jun 3 20:06:04 2009 +0000;1244059564;-;-;Wed Jun 3 20:06:04 2009 +0000;1244059564
0d5c9c1b7514403f04fbae7b567c03daf4365e53;0d5c9c1b75;-;-;Wed Jun 3 19:26:24 2009 +0000;1244057184;-;-;Wed Jun 3 19:26:24 2009 +0000;1244057184
81a8b8fd191a2a9336dbf1d5ef79fd1e9cfbcce5;81a8b8fd19;-;-;Wed Jun 3 13:16:01 2009 +0000;1244034961;-;-;Wed Jun 3 13:16:01 2009 +0000;1244034961
3426ad3781efed593cd49d4647657814222dcea7;3426ad3781;-;-;Wed Jun 3 10:29:17 2009 +0000;1244024957;-;-;Wed Jun 3 10:29:17 2009 +0000;1244024957
53333c3ed06e465a55592a0f351ffab40110e5b3;53333c3ed0;-;-;Wed Jun 3 10:21:57 2009 +0000;1244024517;-;-;Wed Jun 3 10:21:57 2009 +0000;1244024517
0a0b10b2ff9be5be9b1bbeee2fec5592b9bd03d3;0a0b10b2ff;-;-;Tue Jun 2 23:00:26 2009 +0000;1243983626;-;-;Tue Jun 2 23:00:26 2009 +0000;1243983626
a696d78bd18f53d614f98783d97b6824ade47d36;a696d78bd1;-;-;Tue Jun 2 22:29:27 2009 +0000;1243981767;-;-;Tue Jun 2 22:29:27 2009 +0000;1243981767
80792627053fcd75f649b6085245ceadf6449985;8079262705;-;-;Tue Jun 2 20:58:44 2009 +0000;1243976324;-;-;Tue Jun 2 20:58:44 2009 +0000;1243976324
3192b926ea4c3f2edb3eb00ae38ac81ecaaa51a9;3192b926ea;-;-;Tue Jun 2 16:58:43 2009 +0000;1243961923;-;-;Tue Jun 2 16:58:43 2009 +0000;1243961923
12923f196a20c2101e13582602988a5873cde6da;12923f196a;-;-;Tue Jun 2 16:42:43 2009 +0000;1243960963;-;-;Tue Jun 2 16:42:43 2009 +0000;1243960963
e013ed06856ac3d5ef3ed02db61813685f988372;e013ed0685;-;-;Tue Jun 2 08:56:39 2009 +0000;1243932999;-;-;Tue Jun 2 08:56:39 2009 +0000;1243932999
374afccadc310346197f51edb46367e9c15a1cdd;374afccadc;-;-;Tue Jun 2 08:56:07 2009 +0000;1243932967;-;-;Tue Jun 2 08:56:07 2009 +0000;1243932967
ca65dbae39dd33e1d5afcfccfcb99aaf79f198a1;ca65dbae39;-;-;Tue Jun 2 05:02:10 2009 +0000;1243918930;-;-;Tue Jun 2 05:02:10 2009 +0000;1243918930
1fc8abade74f87a4809d513abe5aea17b17465ec;1fc8abade7;-;-;Tue Jun 2 00:25:59 2009 +0000;1243902359;-;-;Tue Jun 2 00:25:59 2009 +0000;1243902359
1e0207cf0418e6d6ac01f632681eecf7682c21c5;1e0207cf04;-;-;Tue Jun 2 00:25:20 2009 +0000;1243902320;-;-;Tue Jun 2 00:25:20 2009 +0000;1243902320
ac9e42fa29bef74377cf0936848e7cbdfa82d431;ac9e42fa29;-;-;Tue Jun 2 00:24:43 2009 +0000;1243902283;-;-;Tue Jun 2 00:24:43 2009 +0000;1243902283
28848f3132e9b5a9b733fc5641fb2ae8481603c1;28848f3132;-;-;Mon Jun 1 23:23:13 2009 +0000;1243898593;-;-;Mon Jun 1 23:23:13 2009 +0000;1243898593
6ea55e9bdaf02d0e510cdc745b75b76898c90b8d;6ea55e9bda;-;-;Mon Jun 1 23:03:19 2009 +0000;1243897399;-;-;Mon Jun 1 23:03:19 2009 +0000;1243897399
3b42200cda397485f71874e1d0070dd74d7892d0;3b42200cda;-;-;Mon Jun 1 22:23:40 2009 +0000;1243895020;-;-;Mon Jun 1 22:23:40 2009 +0000;1243895020
e67aa6cbb237711e0f6763957e462bdc8af91ba4;e67aa6cbb2;-;-;Mon Jun 1 21:40:45 2009 +0000;1243892445;-;-;Mon Jun 1 21:40:45 2009 +0000;1243892445
b9a3065c0c3594994720fba6f1f68e2b0ebad2f5;b9a3065c0c;-;-;Mon Jun 1 21:16:11 2009 +0000;1243890971;-;-;Mon Jun 1 21:16:11 2009 +0000;1243890971
01ae825334b31928464d2c382c510e6753afb382;01ae825334;-;-;Mon Jun 1 20:52:09 2009 +0000;1243889529;-;-;Mon Jun 1 20:52:09 2009 +0000;1243889529
fbd0be2d65d2014e66ec533967f265d8bb00d527;fbd0be2d65;-;-;Mon Jun 1 20:43:39 2009 +0000;1243889019;-;-;Mon Jun 1 20:43:39 2009 +0000;1243889019
7c053127ddc4cbfdf0aef8778029d087cd11d808;7c053127dd;-;-;Mon Jun 1 20:40:08 2009 +0000;1243888808;-;-;Mon Jun 1 20:40:08 2009 +0000;1243888808
b9682d7823dd5c5afad990a516b58e44dadee5de;b9682d7823;-;-;Mon Jun 1 18:49:00 2009 +0000;1243882140;-;-;Mon Jun 1 18:49:00 2009 +0000;1243882140
b0d11e8c1518f0f15e42a6822efd97ffc459339d;b0d11e8c15;-;-;Mon Jun 1 18:47:52 2009 +0000;1243882072;-;-;Mon Jun 1 18:47:52 2009 +0000;1243882072
16ad6a3617b4b954bf10602f0393cf7601bec1e1;16ad6a3617;-;-;Mon Jun 1 18:34:22 2009 +0000;1243881262;-;-;Mon Jun 1 18:34:22 2009 +0000;1243881262
8f3ea6d9e6725cd1da6c9078df9a2f2f146fe926;8f3ea6d9e6;-;-;Mon Jun 1 08:07:14 2009 +0000;1243843634;-;-;Mon Jun 1 08:07:14 2009 +0000;1243843634
a9696c7282a55a8116b88b337b3cded64979b5ba;a9696c7282;-;-;Mon Jun 1 04:14:22 2009 +0000;1243829662;-;-;Mon Jun 1 04:14:22 2009 +0000;1243829662
f3e6242568730593bb860080283ea6200fad2e5a;f3e6242568;-;-;Fri May 29 14:06:01 2009 +0000;1243605961;-;-;Fri May 29 14:06:01 2009 +0000;1243605961
60af7aba16c46e8d9b85f8ba9bb0a4d38922ba1b;60af7aba16;-;-;Fri May 29 11:34:54 2009 +0000;1243596894;-;-;Fri May 29 11:34:54 2009 +0000;1243596894
b1c6ae99c4380433f06bfebcccfce72b5f15d3b4;b1c6ae99c4;-;-;Thu May 28 23:25:25 2009 +0000;1243553125;-;-;Thu May 28 23:25:25 2009 +0000;1243553125
1a790688f4bd2475a74b981a9c28ea0af8028e84;1a790688f4;-;-;Thu May 28 17:11:48 2009 +0000;1243530708;-;-;Thu May 28 17:11:48 2009 +0000;1243530708
a5c324f93484c572ef2dd63333b8dfa48e8a977f;a5c324f934;-;-;Thu May 28 11:25:39 2009 +0000;1243509939;-;-;Thu May 28 11:25:39 2009 +0000;1243509939
a26a2275c3d4ffce1dd12dd9e7bc8323d9aff2c9;a26a2275c3;-;-;Thu May 28 11:16:42 2009 +0000;1243509402;-;-;Thu May 28 11:16:42 2009 +0000;1243509402
15e51c5fb372bcca62b5bb70d5427715ea5064d9;15e51c5fb3;-;-;Thu May 28 11:13:38 2009 +0000;1243509218;-;-;Thu May 28 11:13:38 2009 +0000;1243509218
3e4b552b6dff5d7af01bca8bcbfcf5716748e54e;3e4b552b6d;-;-;Thu May 28 08:14:12 2009 +0000;1243498452;-;-;Thu May 28 08:14:12 2009 +0000;1243498452
4105957596d557cf4225e814a79f036a525a9f64;4105957596;-;-;Thu May 28 03:15:47 2009 +0000;1243480547;-;-;Thu May 28 03:15:47 2009 +0000;1243480547
88e32a3cfe5935f18adfe3dcb0d659f1be3245fb;88e32a3cfe;-;-;Wed May 27 19:59:32 2009 +0000;1243454372;-;-;Wed May 27 19:59:32 2009 +0000;1243454372
233c84e0b923b69aac5879ffde46941ae6a2be78;233c84e0b9;-;-;Wed May 27 19:37:17 2009 +0000;1243453037;-;-;Wed May 27 19:37:17 2009 +0000;1243453037
1746cc76d1c5c1388cd516351d51d83b10f27291;1746cc76d1;-;-;Wed May 27 19:22:53 2009 +0000;1243452173;-;-;Wed May 27 19:22:53 2009 +0000;1243452173
e5fea54aea4d9b874242c993d8fd3210c02d69dc;e5fea54aea;-;-;Wed May 27 19:16:45 2009 +0000;1243451805;-;-;Wed May 27 19:16:45 2009 +0000;1243451805
1a7ec7daf29e15a45c9bf5382ca4c080c53b5af8;1a7ec7daf2;-;-;Wed May 27 15:53:35 2009 +0000;1243439615;-;-;Wed May 27 15:53:35 2009 +0000;1243439615
1c5e1e04e0ec826d761c9d394b064900edc28d40;1c5e1e04e0;-;-;Wed May 27 15:20:25 2009 +0000;1243437625;-;-;Wed May 27 15:20:25 2009 +0000;1243437625
4311c6cab68bda7e66f83c979c4694ecbb452dcf;4311c6cab6;-;-;Wed May 27 13:41:19 2009 +0000;1243431679;-;-;Wed May 27 13:41:19 2009 +0000;1243431679
aaa9fc73ae5a13e8dc91a07858428def68a05fd3;aaa9fc73ae;-;-;Wed May 27 12:54:19 2009 +0000;1243428859;-;-;Wed May 27 12:54:19 2009 +0000;1243428859
0a2f936b80389eac540e3ed81c3f2771b5a5482f;0a2f936b80;-;-;Wed May 27 04:38:36 2009 +0000;1243399116;-;-;Wed May 27 04:38:36 2009 +0000;1243399116
5ea898bdb476ec6e2d34acb58ed49d31a86f3b23;5ea898bdb4;-;-;Wed May 27 04:37:45 2009 +0000;1243399065;-;-;Wed May 27 04:37:45 2009 +0000;1243399065
d372a9ac5d6ed6dc2be64fb184ee4b0b33edaed3;d372a9ac5d;-;-;Wed May 27 04:33:21 2009 +0000;1243398801;-;-;Wed May 27 04:33:21 2009 +0000;1243398801
886739f1d83bd82e3e68074c45b8b6514f36bcdc;886739f1d8;-;-;Wed May 27 04:20:18 2009 +0000;1243398018;-;-;Wed May 27 04:20:18 2009 +0000;1243398018
e5b553c16a0182362519b29b50d232a0cada21c1;e5b553c16a;-;-;Tue May 26 21:25:35 2009 +0000;1243373135;-;-;Tue May 26 21:25:35 2009 +0000;1243373135
b23071280f5cf0312ebe76fee364ef9a104a2676;b23071280f;-;-;Tue May 26 20:01:36 2009 +0000;1243368096;-;-;Tue May 26 20:01:36 2009 +0000;1243368096
cc5747ad14147328855043234567abc7b5fcfd01;cc5747ad14;-;-;Tue May 26 20:01:17 2009 +0000;1243368077;-;-;Tue May 26 20:01:17 2009 +0000;1243368077
ca9526de6cce0cd24ca0ce99fb3198d69fdf9d7a;ca9526de6c;-;-;Tue May 26 20:00:51 2009 +0000;1243368051;-;-;Tue May 26 20:00:51 2009 +0000;1243368051
2fa2e54c72d59153becff9741057e8666d5c5341;2fa2e54c72;-;-;Tue May 26 16:22:09 2009 +0000;1243354929;-;-;Tue May 26 16:22:09 2009 +0000;1243354929
07f19f7441cdd4df219703aa059a4a72735081b9;07f19f7441;-;-;Tue May 26 16:18:42 2009 +0000;1243354722;-;-;Tue May 26 16:18:42 2009 +0000;1243354722
9f4480a1b8b7d39cbfb4c9c90c340edf4bf161fb;9f4480a1b8;-;-;Tue May 26 12:25:22 2009 +0000;1243340722;-;-;Tue May 26 12:25:22 2009 +0000;1243340722
6cc33fc6099903ee2e2de4bb9c5725de5b88d01c;6cc33fc609;-;-;Tue May 26 11:58:09 2009 +0000;1243339089;-;-;Tue May 26 11:58:09 2009 +0000;1243339089
e5f37c8230777201a8fc078c2fb4edb998f60475;e5f37c8230;-;-;Mon May 25 15:41:09 2009 +0000;1243266069;-;-;Mon May 25 15:41:09 2009 +0000;1243266069
ce47e86b1c1417f8154290e6ec01358d70df3d31;ce47e86b1c;-;-;Mon May 25 12:45:51 2009 +0000;1243255551;-;-;Mon May 25 12:45:51 2009 +0000;1243255551
0d66d2680ba2b4675a9b2905c51bbe57fc8fbbc9;0d66d2680b;-;-;Mon May 25 12:00:53 2009 +0000;1243252853;-;-;Mon May 25 12:00:53 2009 +0000;1243252853
3a1c88f059886d6e7a46d12acccc1f304e82e0b3;3a1c88f059;-;-;Mon May 25 11:52:43 2009 +0000;1243252363;-;-;Mon May 25 11:52:43 2009 +0000;1243252363
51f0fc07faa9f608c2d419fe99e93407acbc93d0;51f0fc07fa;-;-;Mon May 25 11:48:46 2009 +0000;1243252126;-;-;Mon May 25 11:48:46 2009 +0000;1243252126
6cb7f2cfc8332da7823c3781604ae7e028e0af61;6cb7f2cfc8;-;-;Mon May 25 10:28:36 2009 +0000;1243247316;-;-;Mon May 25 10:28:36 2009 +0000;1243247316
af56f6497ccb709b13c0fabd0db25b47cc94b204;af56f6497c;-;-;Mon May 25 09:04:05 2009 +0000;1243242245;-;-;Mon May 25 09:04:05 2009 +0000;1243242245
5f473b9f26fbe0dfdf85b0277c565337cc08b67e;5f473b9f26;-;-;Mon May 25 08:59:01 2009 +0000;1243241941;-;-;Mon May 25 08:59:01 2009 +0000;1243241941
18039162b9d8a40f76b7f1a3c71c4550d2d87eda;18039162b9;-;-;Mon May 25 08:58:27 2009 +0000;1243241907;-;-;Mon May 25 08:58:27 2009 +0000;1243241907
be7bbcd228650748ef61cb5481e523566f234406;be7bbcd228;-;-;Sun May 24 16:30:13 2009 +0000;1243182613;-;-;Sun May 24 16:30:13 2009 +0000;1243182613
f4bc0ab0612bfa03212778d2c4cf03fbbf363eb0;f4bc0ab061;-;-;Sat May 23 21:27:44 2009 +0000;1243114064;-;-;Sat May 23 21:27:44 2009 +0000;1243114064
b093094c5027dac1015e48b4a731482e7b829a2c;b093094c50;-;-;Sat May 23 21:23:10 2009 +0000;1243113790;-;-;Sat May 23 21:23:10 2009 +0000;1243113790
b9aa82a0c432fed755050991d4446b0cc458ad13;b9aa82a0c4;-;-;Sat May 23 19:54:36 2009 +0000;1243108476;-;-;Sat May 23 19:54:36 2009 +0000;1243108476
54c768de5d469a320ca0d07302bbfdbf3b8eed8f;54c768de5d;-;-;Sat May 23 05:19:59 2009 +0000;1243055999;-;-;Sat May 23 05:19:59 2009 +0000;1243055999
660cd3d00abe1b7006715bdc0b967e78ded09149;660cd3d00a;-;-;Fri May 22 19:01:32 2009 +0000;1243018892;-;-;Fri May 22 19:01:32 2009 +0000;1243018892
62406474e0e4569d427cdd4eb1d5225b6d6c1e50;62406474e0;-;-;Fri May 22 16:16:12 2009 +0000;1243008972;-;-;Fri May 22 16:16:12 2009 +0000;1243008972
4cedea6531a9c94cff12e9adac4f9e1c1acee5a8;4cedea6531;-;-;Fri May 22 14:48:52 2009 +0000;1243003732;-;-;Fri May 22 14:48:52 2009 +0000;1243003732
a07b890934968c2ff3adc33efdeca46233a86909;a07b890934;-;-;Fri May 22 14:41:27 2009 +0000;1243003287;-;-;Fri May 22 14:41:27 2009 +0000;1243003287
1b79fffaee2741ddf939ae4f7c7a8f9d13f97d8f;1b79fffaee;-;-;Fri May 22 14:40:27 2009 +0000;1243003227;-;-;Fri May 22 14:40:27 2009 +0000;1243003227
44b7ef43d37481949490ae8fee3376a6e742e116;44b7ef43d3;-;-;Fri May 22 13:40:27 2009 +0000;1242999627;-;-;Fri May 22 13:40:27 2009 +0000;1242999627
9944b57de305ebad4abb6d289cfa338571b85521;9944b57de3;-;-;Fri May 22 10:52:10 2009 +0000;1242989530;-;-;Fri May 22 10:52:10 2009 +0000;1242989530
d7d1ae89f366475e28589bfe8a39f840a1175773;d7d1ae89f3;-;-;Fri May 22 10:45:52 2009 +0000;1242989152;-;-;Fri May 22 10:45:52 2009 +0000;1242989152
0007643af9963deb79657488747b75e54f9d7426;0007643af9;-;-;Fri May 22 03:12:43 2009 +0000;1242961963;-;-;Fri May 22 03:12:43 2009 +0000;1242961963
7b815b5e05347cb6be39a12f13b4dabb54637e37;7b815b5e05;-;-;Thu May 21 20:41:57 2009 +0000;1242938517;-;-;Thu May 21 20:41:57 2009 +0000;1242938517
8364b611f6d888c136199b64ca212264b8dd1171;8364b611f6;-;-;Thu May 21 20:25:18 2009 +0000;1242937518;-;-;Thu May 21 20:25:18 2009 +0000;1242937518
1b302b70d0559a3ad98c9f5701d9ffda9e918828;1b302b70d0;-;-;Thu May 21 18:41:13 2009 +0000;1242931273;-;-;Thu May 21 18:41:13 2009 +0000;1242931273
e70d2ce14c04f59a730b0fb2e3839a56c9ba75c7;e70d2ce14c;-;-;Wed May 20 00:31:00 2009 +0000;1242779460;-;-;Wed May 20 00:31:00 2009 +0000;1242779460
a3af9e73301f8f559134f7ac35d876ec20ad7d77;a3af9e7330;-;-;Wed May 20 00:12:19 2009 +0000;1242778339;-;-;Wed May 20 00:12:19 2009 +0000;1242778339
da4f1d0eb707fe033db77a44a5f6f404b0a8a4a1;da4f1d0eb7;-;-;Tue May 19 23:48:44 2009 +0000;1242776924;-;-;Tue May 19 23:48:44 2009 +0000;1242776924
762f1c632b437b636c8d0356cba2bdff0d0c0e10;762f1c632b;-;-;Tue May 19 23:45:19 2009 +0000;1242776719;-;-;Tue May 19 23:45:19 2009 +0000;1242776719
63589ef05f7c4594aa3399d77a7ce731649e4fc2;63589ef05f;-;-;Tue May 19 22:46:22 2009 +0000;1242773182;-;-;Tue May 19 22:46:22 2009 +0000;1242773182
69646339093dfc36ec2dc84a211d3b695bff6cbd;6964633909;-;-;Tue May 19 22:42:03 2009 +0000;1242772923;-;-;Tue May 19 22:42:03 2009 +0000;1242772923
7dc9ec53a14bddefad17102bfb1918bd29518e94;7dc9ec53a1;-;-;Tue May 19 22:39:58 2009 +0000;1242772798;-;-;Tue May 19 22:39:58 2009 +0000;1242772798
e7eb68430438b858b7b51866d6be26058b59e27b;e7eb684304;-;-;Tue May 19 22:39:20 2009 +0000;1242772760;-;-;Tue May 19 22:39:20 2009 +0000;1242772760
e137b10978ee183f861467353c4c92c00ca3702b;e137b10978;-;-;Tue May 19 22:33:30 2009 +0000;1242772410;-;-;Tue May 19 22:33:30 2009 +0000;1242772410
fc1df58e2b5ce165f10f5fa1c07fa50b31d0b8f7;fc1df58e2b;-;-;Tue May 19 22:31:31 2009 +0000;1242772291;-;-;Tue May 19 22:31:31 2009 +0000;1242772291
41c8352e1635b139246053b9409a19beefb61eee;41c8352e16;-;-;Tue May 19 22:09:06 2009 +0000;1242770946;-;-;Tue May 19 22:09:06 2009 +0000;1242770946
822ed03826f7136ed48fefffd8a6a1f16432338f;822ed03826;-;-;Tue May 19 21:02:43 2009 +0000;1242766963;-;-;Tue May 19 21:02:43 2009 +0000;1242766963
8f359ece3f2eabafa7c03c8ef96236f0f55c7985;8f359ece3f;-;-;Tue May 19 19:02:22 2009 +0000;1242759742;-;-;Tue May 19 19:02:22 2009 +0000;1242759742
b47c81ea2cc5e23409739564a2e672c44be0634a;b47c81ea2c;-;-;Tue May 19 15:33:45 2009 +0000;1242747225;-;-;Tue May 19 15:33:45 2009 +0000;1242747225
50bcecac951b3755d14fd6d44f006281f064ceac;50bcecac95;-;-;Mon May 18 13:14:55 2009 +0000;1242652495;-;-;Mon May 18 13:14:55 2009 +0000;1242652495
8cbab5acb631541aa8bdf6e77c7e2990edcf7f71;8cbab5acb6;-;-;Mon May 18 13:13:34 2009 +0000;1242652414;-;-;Mon May 18 13:13:34 2009 +0000;1242652414
0cc3542aed8b9a4b1cc0cb2476dafac084173612;0cc3542aed;-;-;Sun May 17 15:39:17 2009 +0000;1242574757;-;-;Sun May 17 15:39:17 2009 +0000;1242574757
72c330fffbddaa6e427813a9cc4e891288f36811;72c330fffb;-;-;Sun May 17 10:22:40 2009 +0000;1242555760;-;-;Sun May 17 10:22:40 2009 +0000;1242555760
76aa8b21190dc465338ef974dc9418929e0eeb3e;76aa8b2119;-;-;Sun May 17 10:22:03 2009 +0000;1242555723;-;-;Sun May 17 10:22:03 2009 +0000;1242555723
d13567bc8fbd9748d27b5df5fb3b2e98b37742cd;d13567bc8f;-;-;Sun May 17 03:09:59 2009 +0000;1242529799;-;-;Sun May 17 03:09:59 2009 +0000;1242529799
18be2ffadce4367fcfc45693d1392bc73a168e51;18be2ffadc;-;-;Sun May 17 02:22:02 2009 +0000;1242526922;-;-;Sun May 17 02:22:02 2009 +0000;1242526922
c5cc75693d46c4fdf884939f3c407fe6a6cac62b;c5cc75693d;-;-;Sat May 16 22:58:18 2009 +0000;1242514698;-;-;Sat May 16 22:58:18 2009 +0000;1242514698
e54519d02e3d0af831fce2f60c99781a70363c5c;e54519d02e;-;-;Sat May 16 22:14:22 2009 +0000;1242512062;-;-;Sat May 16 22:14:22 2009 +0000;1242512062
c6c0dd555b003e5309efed2f503a1371770171b7;c6c0dd555b;-;-;Sat May 16 22:13:21 2009 +0000;1242512001;-;-;Sat May 16 22:13:21 2009 +0000;1242512001
f3ae7bd96153db83c2264f4555f79bc6a8547096;f3ae7bd961;-;-;Sat May 16 22:11:18 2009 +0000;1242511878;-;-;Sat May 16 22:11:18 2009 +0000;1242511878
0c85f3df55d72fecf35a6a23334958eef6cd9d75;0c85f3df55;-;-;Sat May 16 18:46:56 2009 +0000;1242499616;-;-;Sat May 16 18:46:56 2009 +0000;1242499616
3c0cbac2fcd5f55ba8c1ed4ed9ad25ddfbfdde54;3c0cbac2fc;-;-;Sat May 16 15:49:49 2009 +0000;1242488989;-;-;Sat May 16 15:49:49 2009 +0000;1242488989
a12ffa5c4c70d7799e45dce07b6bccdc03706dce;a12ffa5c4c;-;-;Sat May 16 15:34:47 2009 +0000;1242488087;-;-;Sat May 16 15:34:47 2009 +0000;1242488087
eee52f88049cf4e51f213bd26fe90127ef207138;eee52f8804;-;-;Sat May 16 15:05:28 2009 +0000;1242486328;-;-;Sat May 16 15:05:28 2009 +0000;1242486328
662dbaaed80a9b90b64eaacd7805414fb2cb7fea;662dbaaed8;-;-;Sat May 16 01:48:23 2009 +0000;1242438503;-;-;Sat May 16 01:48:23 2009 +0000;1242438503
94d6fa8cb1283ae650872bd6f7c8b6defc002c9b;94d6fa8cb1;-;-;Fri May 15 21:52:23 2009 +0000;1242424343;-;-;Fri May 15 21:52:23 2009 +0000;1242424343
4394dad372d7c3c706c411aa37f3aace9409fbae;4394dad372;-;-;Fri May 15 21:34:11 2009 +0000;1242423251;-;-;Fri May 15 21:34:11 2009 +0000;1242423251
b33be88c9da6182aa2141b0ba773d5a2b4cd59bf;b33be88c9d;-;-;Fri May 15 21:31:57 2009 +0000;1242423117;-;-;Fri May 15 21:31:57 2009 +0000;1242423117
46c9a003eb1e0230aef78f2433203b75bc9934bb;46c9a003eb;-;-;Fri May 15 20:32:23 2009 +0000;1242419543;-;-;Fri May 15 20:32:23 2009 +0000;1242419543
2ede4d273120bf69cc509a83c8c0ce4cea0cddc8;2ede4d2731;-;-;Fri May 15 20:15:18 2009 +0000;1242418518;-;-;Fri May 15 20:15:18 2009 +0000;1242418518
cf2453e8eb4a9f14555bcd2333e952d1e7c41c75;cf2453e8eb;-;-;Fri May 15 17:30:03 2009 +0000;1242408603;-;-;Fri May 15 17:30:03 2009 +0000;1242408603
6f74369cb34910de299a84ad7272e4fe3f527d4e;6f74369cb3;-;-;Fri May 15 17:28:55 2009 +0000;1242408535;-;-;Fri May 15 17:28:55 2009 +0000;1242408535
acf17381b9d37de98619f54ea1e150e76d6e15aa;acf17381b9;-;-;Fri May 15 17:01:37 2009 +0000;1242406897;-;-;Fri May 15 17:01:37 2009 +0000;1242406897
b2526f337a870f4ace85b7bb50a214fdf345ea2e;b2526f337a;-;-;Fri May 15 15:25:43 2009 +0000;1242401143;-;-;Fri May 15 15:25:43 2009 +0000;1242401143
814a80744637a0ddefae61ec06488d760f30f514;814a807446;-;-;Fri May 15 15:04:11 2009 +0000;1242399851;-;-;Fri May 15 15:04:11 2009 +0000;1242399851
33de330b0e1faeb1373ca74dcba63775b0657d98;33de330b0e;-;-;Fri May 15 13:42:24 2009 +0000;1242394944;-;-;Fri May 15 13:42:24 2009 +0000;1242394944
d80005a95528391eda616169ef8386ef4c55c6c0;d80005a955;-;-;Fri May 15 13:24:59 2009 +0000;1242393899;-;-;Fri May 15 13:24:59 2009 +0000;1242393899
48c97342feb143a98aa697182e95306a31daf696;48c97342fe;-;-;Fri May 15 13:24:28 2009 +0000;1242393868;-;-;Fri May 15 13:24:28 2009 +0000;1242393868
fba5e5f0dbbdcad6afc76d3b6313b865ef6c0b4f;fba5e5f0db;-;-;Fri May 15 13:22:30 2009 +0000;1242393750;-;-;Fri May 15 13:22:30 2009 +0000;1242393750
dffec3cdcd009b1957e0d1c0a74fe0e9cec76575;dffec3cdcd;-;-;Fri May 15 11:35:41 2009 +0000;1242387341;-;-;Fri May 15 11:35:41 2009 +0000;1242387341
eb3ece4208d5b62cf9fca4de277f48b2b5ee29b8;eb3ece4208;-;-;Fri May 15 11:03:37 2009 +0000;1242385417;-;-;Fri May 15 11:03:37 2009 +0000;1242385417
9a261470ade2f556b4c36c7feca69c50216ebfed;9a261470ad;-;-;Thu May 14 21:36:49 2009 +0000;1242337009;-;-;Thu May 14 21:36:49 2009 +0000;1242337009
a1793457b212bae29cf521661d26cc3155e30d94;a1793457b2;-;-;Wed May 13 20:52:40 2009 +0000;1242247960;-;-;Wed May 13 20:52:40 2009 +0000;1242247960
30851e36a35b0b3e18645cf09107ebd233ab579e;30851e36a3;-;-;Wed May 13 20:52:06 2009 +0000;1242247926;-;-;Wed May 13 20:52:06 2009 +0000;1242247926
14732c5dc2700dbd15a4148bb7244938099b9c89;14732c5dc2;-;-;Wed May 13 20:49:45 2009 +0000;1242247785;-;-;Wed May 13 20:49:45 2009 +0000;1242247785
1ded650a6ccc877905aaac25e32782dca72e3cd1;1ded650a6c;-;-;Wed May 13 18:45:24 2009 +0000;1242240324;-;-;Wed May 13 18:45:24 2009 +0000;1242240324
585627319d70275da330fcb943c2c86f3fa30098;585627319d;-;-;Wed May 13 18:44:39 2009 +0000;1242240279;-;-;Wed May 13 18:44:39 2009 +0000;1242240279
433d52b72849054ed64e1543b1111075da18f9db;433d52b728;-;-;Wed May 13 16:19:56 2009 +0000;1242231596;-;-;Wed May 13 16:19:56 2009 +0000;1242231596
0a8a80ede3d01f1782a4b8ff842057703dfcb664;0a8a80ede3;-;-;Wed May 13 14:26:56 2009 +0000;1242224816;-;-;Wed May 13 14:26:56 2009 +0000;1242224816
47992ea07cdc0833ddac2519b3f3698332d32bac;47992ea07c;-;-;Wed May 13 14:22:03 2009 +0000;1242224523;-;-;Wed May 13 14:22:03 2009 +0000;1242224523
b0ed6d5685ec0cabb911d0f3d2dbfc976da2ee2c;b0ed6d5685;-;-;Tue May 12 23:53:45 2009 +0000;1242172425;-;-;Tue May 12 23:53:45 2009 +0000;1242172425
0471d5d3ea7b6812730a0fd039ad6a38137851a8;0471d5d3ea;-;-;Tue May 12 23:50:35 2009 +0000;1242172235;-;-;Tue May 12 23:50:35 2009 +0000;1242172235
ad5d090c86e80ee597be7a903fa7004ee33ce65a;ad5d090c86;-;-;Tue May 12 23:40:45 2009 +0000;1242171645;-;-;Tue May 12 23:40:45 2009 +0000;1242171645
f1c852b14ca86860b7b692c8caeaaa8282eded86;f1c852b14c;-;-;Tue May 12 23:39:56 2009 +0000;1242171596;-;-;Tue May 12 23:39:56 2009 +0000;1242171596
59101c096fbd2d91c8508475a6a64c046053d12d;59101c096f;-;-;Tue May 12 23:37:43 2009 +0000;1242171463;-;-;Tue May 12 23:37:43 2009 +0000;1242171463
da71f266aed8c3dbea7c995ab4e2f3dae51cca45;da71f266ae;-;-;Tue May 12 23:12:51 2009 +0000;1242169971;-;-;Tue May 12 23:12:51 2009 +0000;1242169971
cce6e2f4cdfed4233805a32fb82626fa5e901cc0;cce6e2f4cd;-;-;Tue May 12 22:27:37 2009 +0000;1242167257;-;-;Tue May 12 22:27:37 2009 +0000;1242167257
df8219d56e82023e0d6d4e924e588eee960ae0b6;df8219d56e;-;-;Tue May 12 20:21:05 2009 +0000;1242159665;-;-;Tue May 12 20:21:05 2009 +0000;1242159665
95213d488cb058dc82ea78b875b7ee66c7185041;95213d488c;-;-;Tue May 12 18:18:29 2009 +0000;1242152309;-;-;Tue May 12 18:18:29 2009 +0000;1242152309
c55569b51e3ffc91c17073d2f1969b54c2901476;c55569b51e;-;-;Tue May 12 18:18:05 2009 +0000;1242152285;-;-;Tue May 12 18:18:05 2009 +0000;1242152285
b1e464fc605fe9f869aed6ce3d7e9b952aecf3bc;b1e464fc60;-;-;Tue May 12 16:56:34 2009 +0000;1242147394;-;-;Tue May 12 16:56:34 2009 +0000;1242147394
bbd69da37f8cfe07dcf07ac4c824f9370a2e818a;bbd69da37f;-;-;Tue May 12 16:43:15 2009 +0000;1242146595;-;-;Tue May 12 16:43:15 2009 +0000;1242146595
20f12e61587f9c66cd97106fbea6511963308efc;20f12e6158;-;-;Tue May 12 16:14:09 2009 +0000;1242144849;-;-;Tue May 12 16:14:09 2009 +0000;1242144849
12d6aa232ab6066e885093e4a70a8386fdf9902d;12d6aa232a;-;-;Tue May 12 16:13:36 2009 +0000;1242144816;-;-;Tue May 12 16:13:36 2009 +0000;1242144816
51f539b0ad4d1e7af9c9c3a4ace5ba1756e4fe2e;51f539b0ad;-;-;Tue May 12 08:47:36 2009 +0000;1242118056;-;-;Tue May 12 08:47:36 2009 +0000;1242118056
d8071acd5575c60a09c366b171df5611b7b2b9dc;d8071acd55;-;-;Tue May 12 08:46:14 2009 +0000;1242117974;-;-;Tue May 12 08:46:14 2009 +0000;1242117974
9cbc1d502d0c0ead391ffd65bf1cbd812ed53654;9cbc1d502d;-;-;Tue May 12 08:41:09 2009 +0000;1242117669;-;-;Tue May 12 08:41:09 2009 +0000;1242117669
eca1cad7e1e78714d22681554474f887d9046632;eca1cad7e1;-;-;Tue May 12 08:26:33 2009 +0000;1242116793;-;-;Tue May 12 08:26:33 2009 +0000;1242116793
e78c6fc31716489ff46ea43b9a2358f06bf4fba8;e78c6fc317;-;-;Mon May 11 22:49:07 2009 +0000;1242082147;-;-;Mon May 11 22:49:07 2009 +0000;1242082147
68deb43d8e50314aaa7db01417c9aa2e5a94908a;68deb43d8e;-;-;Mon May 11 22:47:50 2009 +0000;1242082070;-;-;Mon May 11 22:47:50 2009 +0000;1242082070
0297116542a3ce33d19a6a81b8240097081376c5;0297116542;-;-;Mon May 11 22:44:33 2009 +0000;1242081873;-;-;Mon May 11 22:44:33 2009 +0000;1242081873
b72af54f53047c65c7e4a5094c9f2a15df1f57ef;b72af54f53;-;-;Mon May 11 22:22:11 2009 +0000;1242080531;-;-;Mon May 11 22:22:11 2009 +0000;1242080531
796a457d9fdf396c6fe242dc3cc7e88841b2d6a6;796a457d9f;-;-;Mon May 11 21:40:55 2009 +0000;1242078055;-;-;Mon May 11 21:40:55 2009 +0000;1242078055
50985d5aa929c517bcf53060a18943ff9d61be0b;50985d5aa9;-;-;Mon May 11 21:25:33 2009 +0000;1242077133;-;-;Mon May 11 21:25:33 2009 +0000;1242077133
c3f54b4cb430ffdc85bcaec10b63dbea39d822dc;c3f54b4cb4;-;-;Mon May 11 21:24:07 2009 +0000;1242077047;-;-;Mon May 11 21:24:07 2009 +0000;1242077047
d7c90cff145edc3193a63b1b7751aee203d5c4d6;d7c90cff14;-;-;Mon May 11 21:23:18 2009 +0000;1242076998;-;-;Mon May 11 21:23:18 2009 +0000;1242076998
bf7a947559d8f9918cc738780bf04caf8ea46962;bf7a947559;-;-;Mon May 11 14:52:14 2009 +0000;1242053534;-;-;Mon May 11 14:52:14 2009 +0000;1242053534
800af734d9717f5908b38c13ba355b3e4eea5fb6;800af734d9;-;-;Mon May 11 14:37:42 2009 +0000;1242052662;-;-;Mon May 11 14:37:42 2009 +0000;1242052662
0a6cac5a84f11d2170c5de292eb8bd1e49b9a6f0;0a6cac5a84;-;-;Mon May 11 13:32:28 2009 +0000;1242048748;-;-;Mon May 11 13:32:28 2009 +0000;1242048748
752832a8da48287a04722e33d3578298e669ed6b;752832a8da;-;-;Mon May 11 10:34:56 2009 +0000;1242038096;-;-;Mon May 11 10:34:56 2009 +0000;1242038096
fbd921f25af548067abbaee399168ef3c64541e3;fbd921f25a;-;-;Sat May 9 23:52:13 2009 +0000;1241913133;-;-;Sat May 9 23:52:13 2009 +0000;1241913133
be725ca4c69752195b6c395cd271e89955c70190;be725ca4c6;-;-;Sat May 9 22:30:34 2009 +0000;1241908234;-;-;Sat May 9 22:30:34 2009 +0000;1241908234
aca047d5dff1ae5c16ca369a47c5858339f4f049;aca047d5df;-;-;Sat May 9 22:28:59 2009 +0000;1241908139;-;-;Sat May 9 22:28:59 2009 +0000;1241908139
96629c7dc51b24d2e0fcbbfa4946e52425cd4a6c;96629c7dc5;-;-;Sat May 9 22:27:05 2009 +0000;1241908025;-;-;Sat May 9 22:27:05 2009 +0000;1241908025
93cf346fb10bb1426e970c0008015c21e662537d;93cf346fb1;-;-;Sat May 9 02:40:54 2009 +0000;1241836854;-;-;Sat May 9 02:40:54 2009 +0000;1241836854
d34953e933212ccd26891ae161bfd7d5a60f9379;d34953e933;-;-;Fri May 8 23:16:53 2009 +0000;1241824613;-;-;Fri May 8 23:16:53 2009 +0000;1241824613
d34c4a2cf0684804cdd2fa03659f9187d470e949;d34c4a2cf0;-;-;Fri May 8 23:13:43 2009 +0000;1241824423;-;-;Fri May 8 23:13:43 2009 +0000;1241824423
dc83107d662f812a9e3463db00b5ea0167647db1;dc83107d66;-;-;Fri May 8 20:33:32 2009 +0000;1241814812;-;-;Fri May 8 20:33:32 2009 +0000;1241814812
ff36a31874df101f081a65b099de030d7406db0e;ff36a31874;-;-;Fri May 8 20:32:11 2009 +0000;1241814731;-;-;Fri May 8 20:32:11 2009 +0000;1241814731
c6b23a8277769ebf4f4ddd41283eebc3906d7b91;c6b23a8277;-;-;Fri May 8 19:09:20 2009 +0000;1241809760;-;-;Fri May 8 19:09:20 2009 +0000;1241809760
6cec37ac7f65080830eb582f431ccdb3d7841a24;6cec37ac7f;-;-;Fri May 8 19:06:58 2009 +0000;1241809618;-;-;Fri May 8 19:06:58 2009 +0000;1241809618
3e9b9a8a2a17b3f4173e42113913caeaa4cb064c;3e9b9a8a2a;-;-;Fri May 8 18:32:07 2009 +0000;1241807527;-;-;Fri May 8 18:32:07 2009 +0000;1241807527
4025df1ef892bccf154553ff50306d83a3b67eba;4025df1ef8;-;-;Fri May 8 10:02:17 2009 +0000;1241776937;-;-;Fri May 8 10:02:17 2009 +0000;1241776937
266a65982d5651e735ed3e968f820a2fdffa50c1;266a65982d;-;-;Thu May 7 22:29:55 2009 +0000;1241735395;-;-;Thu May 7 22:29:55 2009 +0000;1241735395
4ccb352aacd29e909f645985df3aa3cc589bf763;4ccb352aac;-;-;Thu May 7 09:24:34 2009 +0000;1241688274;-;-;Thu May 7 09:24:34 2009 +0000;1241688274
7d4da0085c627aec0d95b06be85650206246f118;7d4da0085c;-;-;Wed May 6 22:52:27 2009 +0000;1241650347;-;-;Wed May 6 22:52:27 2009 +0000;1241650347
7a0f82029a1fa76f87768aef7243b1d47be74cc4;7a0f82029a;-;-;Wed May 6 22:43:41 2009 +0000;1241649821;-;-;Wed May 6 22:43:41 2009 +0000;1241649821
bc85b54a87388de460c7d340efdbeab4578e5a4d;bc85b54a87;-;-;Wed May 6 10:16:17 2009 +0000;1241604977;-;-;Wed May 6 10:16:17 2009 +0000;1241604977
843ef7e33d34741b558a78ab11d9a7dd4af47077;843ef7e33d;-;-;Wed May 6 09:57:29 2009 +0000;1241603849;-;-;Wed May 6 09:57:29 2009 +0000;1241603849
08a4004a517437eb4d4f4dc14ad446208b3c9dc6;08a4004a51;-;-;Wed May 6 09:28:10 2009 +0000;1241602090;-;-;Wed May 6 09:28:10 2009 +0000;1241602090
4bfcd161303df9f1d4027fb01d25892cf340f631;4bfcd16130;-;-;Wed May 6 09:14:25 2009 +0000;1241601265;-;-;Wed May 6 09:14:25 2009 +0000;1241601265
032044531699a0236512ed86e909a91582b239c4;0320445316;-;-;Wed May 6 08:47:18 2009 +0000;1241599638;-;-;Wed May 6 08:47:18 2009 +0000;1241599638
6771a229886825911e8b63bb6a1275cdc409f3a0;6771a22988;-;-;Wed May 6 08:38:47 2009 +0000;1241599127;-;-;Wed May 6 08:38:47 2009 +0000;1241599127
c25760f5db26028b36c10301bb89f252878031f6;c25760f5db;-;-;Wed May 6 08:19:21 2009 +0000;1241597961;-;-;Wed May 6 08:19:21 2009 +0000;1241597961
f64dcd379e26df6fce6cd41516f5f91cc57ccac2;f64dcd379e;-;-;Wed May 6 08:17:29 2009 +0000;1241597849;-;-;Wed May 6 08:17:29 2009 +0000;1241597849
567dd1eefb5e7efcec305786e14437d2378b0aa7;567dd1eefb;-;-;Wed May 6 08:04:29 2009 +0000;1241597069;-;-;Wed May 6 08:04:29 2009 +0000;1241597069
442e7343d6c3110570295a4ef11dc3c64cc9a6a5;442e7343d6;-;-;Wed May 6 07:56:52 2009 +0000;1241596612;-;-;Wed May 6 07:56:52 2009 +0000;1241596612
d159195b79ab02c25217e0503e804e53dff28b43;d159195b79;-;-;Wed May 6 07:37:25 2009 +0000;1241595445;-;-;Wed May 6 07:37:25 2009 +0000;1241595445
bc9ad5685d039d068280cfc3de91b7e51697fddd;bc9ad5685d;-;-;Wed May 6 07:36:24 2009 +0000;1241595384;-;-;Wed May 6 07:36:24 2009 +0000;1241595384
c0c9501005750f06f4cac355ef576a3730665b2c;c0c9501005;-;-;Wed May 6 06:25:03 2009 +0000;1241591103;-;-;Wed May 6 06:25:03 2009 +0000;1241591103
94ceacf8434a2d34264ddcebd5bfa79679b0239f;94ceacf843;-;-;Wed May 6 05:03:20 2009 +0000;1241586200;-;-;Wed May 6 05:03:20 2009 +0000;1241586200
1ec455bab394eaf02f354fd46b768781ae49d0a8;1ec455bab3;-;-;Wed May 6 05:01:05 2009 +0000;1241586065;-;-;Wed May 6 05:01:05 2009 +0000;1241586065
b2319fa38b94efe3e0bbe2ed52733990b1804a39;b2319fa38b;-;-;Tue May 5 21:49:23 2009 +0000;1241560163;-;-;Tue May 5 21:49:23 2009 +0000;1241560163
c356d99621b4805276302025c961d94bbe2b6c69;c356d99621;-;-;Tue May 5 21:42:33 2009 +0000;1241559753;-;-;Tue May 5 21:42:33 2009 +0000;1241559753
1b5a433f2264420975cbac3c42f4c8de3f3859eb;1b5a433f22;-;-;Tue May 5 18:40:43 2009 +0000;1241548843;-;-;Tue May 5 18:40:43 2009 +0000;1241548843
47fc8be59f5cc1db153db57901f4ed2c93fe4082;47fc8be59f;-;-;Tue May 5 18:37:43 2009 +0000;1241548663;-;-;Tue May 5 18:37:43 2009 +0000;1241548663
c7f8d1be62abe51e0f7c767b15c02f3b8f91d34a;c7f8d1be62;-;-;Tue May 5 18:34:35 2009 +0000;1241548475;-;-;Tue May 5 18:34:35 2009 +0000;1241548475
636d1db36da2ab7d17f26cc95937013da83d7fed;636d1db36d;-;-;Tue May 5 18:33:20 2009 +0000;1241548400;-;-;Tue May 5 18:33:20 2009 +0000;1241548400
b88edd1dfccfec3304579346549ade65ad1893ad;b88edd1dfc;-;-;Tue May 5 18:28:21 2009 +0000;1241548101;-;-;Tue May 5 18:28:21 2009 +0000;1241548101
e57543a8f3a8b97018b788539e6c2033f7e0e4e6;e57543a8f3;-;-;Tue May 5 18:27:22 2009 +0000;1241548042;-;-;Tue May 5 18:27:22 2009 +0000;1241548042
250ef281a42ea9ce736984fee603ad712848db37;250ef281a4;-;-;Tue May 5 14:53:01 2009 +0000;1241535181;-;-;Tue May 5 14:53:01 2009 +0000;1241535181
9fe2b5d2118849ec5c104b3db81da7a55b530c2a;9fe2b5d211;-;-;Tue May 5 13:41:03 2009 +0000;1241530863;-;-;Tue May 5 13:41:03 2009 +0000;1241530863
cef7a2b965f507b9b96384206c94bef1fd628706;cef7a2b965;-;-;Tue May 5 12:37:18 2009 +0000;1241527038;-;-;Tue May 5 12:37:18 2009 +0000;1241527038
9d8c99fa1bd01bd06fba82d6541cb004bae9c184;9d8c99fa1b;-;-;Tue May 5 12:35:33 2009 +0000;1241526933;-;-;Tue May 5 12:35:33 2009 +0000;1241526933
d446afad33c5771dc5c0881f32e7e6f3a6a3550a;d446afad33;-;-;Tue May 5 12:26:11 2009 +0000;1241526371;-;-;Tue May 5 12:26:11 2009 +0000;1241526371
b15e77d5d007991b0a5182115953b38a81ab140f;b15e77d5d0;-;-;Tue May 5 12:12:01 2009 +0000;1241525521;-;-;Tue May 5 12:12:01 2009 +0000;1241525521
0a0938fdd644405939af06d74c9c97fb5b65cf77;0a0938fdd6;-;-;Tue May 5 11:40:36 2009 +0000;1241523636;-;-;Tue May 5 11:40:36 2009 +0000;1241523636
a6124793fc44779b569fbbba6fd4ec8804b56558;a6124793fc;-;-;Tue May 5 09:36:53 2009 +0000;1241516213;-;-;Tue May 5 09:36:53 2009 +0000;1241516213
6930859e825fbd135e4de736b508dd4768578260;6930859e82;-;-;Tue May 5 09:32:55 2009 +0000;1241515975;-;-;Tue May 5 09:32:55 2009 +0000;1241515975
9b4f9106c50d53271a3ebcb32fafb163d70daa5d;9b4f9106c5;-;-;Tue May 5 09:26:04 2009 +0000;1241515564;-;-;Tue May 5 09:26:04 2009 +0000;1241515564
9daae23e17c4294af5fdbf9dc10a0ce959534a24;9daae23e17;-;-;Tue May 5 08:02:22 2009 +0000;1241510542;-;-;Tue May 5 08:02:22 2009 +0000;1241510542
781da89d921b42d03cf8c7d39df4d5b9f19e1b9d;781da89d92;-;-;Tue May 5 07:37:14 2009 +0000;1241509034;-;-;Tue May 5 07:37:14 2009 +0000;1241509034
a6a8b29d19deb90362ecc0b9b014ed3f7dfb6188;a6a8b29d19;-;-;Mon May 4 06:02:59 2009 +0000;1241416979;-;-;Mon May 4 06:02:59 2009 +0000;1241416979
a637912762d5fec976f0eaa50596c1e135cc87d7;a637912762;-;-;Sat May 2 23:24:48 2009 +0000;1241306688;-;-;Sat May 2 23:24:48 2009 +0000;1241306688
0383f705ae7845f0cfeaa33b0aa0ab0398a1f195;0383f705ae;-;-;Fri May 1 20:14:23 2009 +0000;1241208863;-;-;Fri May 1 20:14:23 2009 +0000;1241208863
05f1d08028344303d85fb70f854b664b7a45bbe1;05f1d08028;-;-;Fri May 1 19:48:08 2009 +0000;1241207288;-;-;Fri May 1 19:48:08 2009 +0000;1241207288
b1577c28e2ae43135bff56e8a8710b1375a353b6;b1577c28e2;-;-;Thu Apr 30 04:35:30 2009 +0000;1241066130;-;-;Thu Apr 30 04:35:30 2009 +0000;1241066130
9aaea34262a303554271796eed4ee654d1a42abf;9aaea34262;-;-;Thu Apr 30 04:16:07 2009 +0000;1241064967;-;-;Thu Apr 30 04:16:07 2009 +0000;1241064967
62c991f9d6ebaa404d71ac1fad84c8128fd47ca0;62c991f9d6;-;-;Thu Apr 30 01:04:39 2009 +0000;1241053479;-;-;Thu Apr 30 01:04:39 2009 +0000;1241053479
17858915ab1743a695c2777e2d16c382296d7d7e;17858915ab;-;-;Thu Apr 30 01:03:44 2009 +0000;1241053424;-;-;Thu Apr 30 01:03:44 2009 +0000;1241053424
db486e147b971b52028d0d0a39011e1c96de1093;db486e147b;-;-;Thu Apr 30 00:59:09 2009 +0000;1241053149;-;-;Thu Apr 30 00:59:09 2009 +0000;1241053149
d3af831334c8d7b2c345a0a95e5a0a04583ab11c;d3af831334;-;-;Thu Apr 30 00:58:08 2009 +0000;1241053088;-;-;Thu Apr 30 00:58:08 2009 +0000;1241053088
6327b3484b2fe34bacc85b4e70641a6baec5274e;6327b3484b;-;-;Wed Apr 29 21:29:53 2009 +0000;1241040593;-;-;Wed Apr 29 21:29:53 2009 +0000;1241040593
41423a9ab9d012b3a3c71759b827ea2ece7094d9;41423a9ab9;-;-;Wed Apr 29 21:14:01 2009 +0000;1241039641;-;-;Wed Apr 29 21:14:01 2009 +0000;1241039641
15b33684a791fef55e1c6fbbbd85613fc8734838;15b33684a7;-;-;Wed Apr 29 21:12:45 2009 +0000;1241039565;-;-;Wed Apr 29 21:12:45 2009 +0000;1241039565
0fbafc0274ac3768fbc89491fbe1dbb3c0531765;0fbafc0274;-;-;Wed Apr 29 19:01:39 2009 +0000;1241031699;-;-;Wed Apr 29 19:01:39 2009 +0000;1241031699
751e0f0eb77f5330169cf0fd6c046e5bbfb23af4;751e0f0eb7;-;-;Wed Apr 29 08:21:23 2009 +0000;1240993283;-;-;Wed Apr 29 08:21:23 2009 +0000;1240993283
b36f95bcee51d9c1fc774c3a63d354ab0b6cc486;b36f95bcee;-;-;Tue Apr 28 21:45:14 2009 +0000;1240955114;-;-;Tue Apr 28 21:45:14 2009 +0000;1240955114
e5d2570c8d9a005a7f9e0dd5b667528895ef4321;e5d2570c8d;-;-;Tue Apr 28 07:29:24 2009 +0000;1240903764;-;-;Tue Apr 28 07:29:24 2009 +0000;1240903764
85830261515918a244339cba18336a6011520132;8583026151;-;-;Mon Apr 27 22:54:39 2009 +0000;1240872879;-;-;Mon Apr 27 22:54:39 2009 +0000;1240872879
a2fdb68a0b3fbbcd9d4aca012739ad53ec02585e;a2fdb68a0b;-;-;Mon Apr 27 22:53:40 2009 +0000;1240872820;-;-;Mon Apr 27 22:53:40 2009 +0000;1240872820
2796e72de1cc255db7c9a53d44c9edac2694ec0a;2796e72de1;-;-;Mon Apr 27 22:49:34 2009 +0000;1240872574;-;-;Mon Apr 27 22:49:34 2009 +0000;1240872574
30967d3b2060ace468a4bc1a6e2153fea26d7405;30967d3b20;-;-;Mon Apr 27 05:40:11 2009 +0000;1240810811;-;-;Mon Apr 27 05:40:11 2009 +0000;1240810811
c2f4f97fa5b6f2a5d4b9214151151f52ed163afe;c2f4f97fa5;-;-;Mon Apr 27 05:37:45 2009 +0000;1240810665;-;-;Mon Apr 27 05:37:45 2009 +0000;1240810665
cea8f7f69e8939d4d20073862890f0b1c1824499;cea8f7f69e;-;-;Sun Apr 26 11:41:06 2009 +0000;1240746066;-;-;Sun Apr 26 11:41:06 2009 +0000;1240746066
ac16101f98ccb682b656b5d6c60052682d64264d;ac16101f98;-;-;Sun Apr 26 11:39:00 2009 +0000;1240745940;-;-;Sun Apr 26 11:39:00 2009 +0000;1240745940
423809543a2d0bad10b0ba7bc9b04c214c700a99;423809543a;-;-;Fri Apr 24 11:25:27 2009 +0000;1240572327;-;-;Fri Apr 24 11:25:27 2009 +0000;1240572327
77112ba80e5cb8fe2c69ae89d30882c27e2c359d;77112ba80e;-;-;Fri Apr 24 11:24:47 2009 +0000;1240572287;-;-;Fri Apr 24 11:24:47 2009 +0000;1240572287
b5d21108da24f8344be3bc708c7afdfca9a1d089;b5d21108da;-;-;Fri Apr 24 11:16:46 2009 +0000;1240571806;-;-;Fri Apr 24 11:16:46 2009 +0000;1240571806
37e1333a41adb6b36952e475cf84b1a24d7a8ed9;37e1333a41;-;-;Thu Apr 23 19:01:41 2009 +0000;1240513301;-;-;Thu Apr 23 19:01:41 2009 +0000;1240513301
3a457dcec955fb97670ebb4b73fe752e4a4c8272;3a457dcec9;-;-;Thu Apr 23 18:56:26 2009 +0000;1240512986;-;-;Thu Apr 23 18:56:26 2009 +0000;1240512986
f6e869163f8a10f23295de703091f631d631fc06;f6e869163f;-;-;Thu Apr 23 14:13:03 2009 +0000;1240495983;-;-;Thu Apr 23 14:13:03 2009 +0000;1240495983
eb4d1bf20ed8995371fd6407f0a53db8eb0db2c1;eb4d1bf20e;-;-;Wed Apr 22 21:29:47 2009 +0000;1240435787;-;-;Wed Apr 22 21:29:47 2009 +0000;1240435787
d896a53ca88c7a97a6cd885cdc54b6c128cad90d;d896a53ca8;-;-;Wed Apr 22 21:16:22 2009 +0000;1240434982;-;-;Wed Apr 22 21:16:22 2009 +0000;1240434982
adcbe27852245f992d550ed7a9a1780faaf8bf14;adcbe27852;-;-;Wed Apr 22 21:14:06 2009 +0000;1240434846;-;-;Wed Apr 22 21:14:06 2009 +0000;1240434846
e783211f88c0c19fe6629d7b7ae9634c8fa67b46;e783211f88;-;-;Wed Apr 22 19:41:27 2009 +0000;1240429287;-;-;Wed Apr 22 19:41:27 2009 +0000;1240429287
ec463a32ba825d678a230c7ab5f3eb2e1e0c2e42;ec463a32ba;-;-;Wed Apr 22 19:31:46 2009 +0000;1240428706;-;-;Wed Apr 22 19:31:46 2009 +0000;1240428706
d34a2c5d02d7c15534d14d5f1f5649a9bcba0031;d34a2c5d02;-;-;Wed Apr 22 17:57:24 2009 +0000;1240423044;-;-;Wed Apr 22 17:57:24 2009 +0000;1240423044
b1000cd5c62da6d537f281688b338955f0f5e748;b1000cd5c6;-;-;Wed Apr 22 17:47:44 2009 +0000;1240422464;-;-;Wed Apr 22 17:47:44 2009 +0000;1240422464
2e45a19be3258d6f41312be96d7422ebe5389fe0;2e45a19be3;-;-;Wed Apr 22 17:07:20 2009 +0000;1240420040;-;-;Wed Apr 22 17:07:20 2009 +0000;1240420040
6fbd1984208be1810b9e3a8388431a0296ef6391;6fbd198420;-;-;Wed Apr 22 12:57:30 2009 +0000;1240405050;-;-;Wed Apr 22 12:57:30 2009 +0000;1240405050
c1667687d5f3ca2a34f59bb0f3c3c7957fc5c3e7;c1667687d5;-;-;Wed Apr 22 12:08:57 2009 +0000;1240402137;-;-;Wed Apr 22 12:08:57 2009 +0000;1240402137
de18d64b5cbd93e545a56c9a783eff1ebbf62fb2;de18d64b5c;-;-;Wed Apr 22 11:44:59 2009 +0000;1240400699;-;-;Wed Apr 22 11:44:59 2009 +0000;1240400699
ea9d8925a27e80d31d924826cf54f70b2bbcc638;ea9d8925a2;-;-;Wed Apr 22 10:46:24 2009 +0000;1240397184;-;-;Wed Apr 22 10:46:24 2009 +0000;1240397184
4c42597cbcd7b2f0a225a368554198f54224b1c3;4c42597cbc;-;-;Wed Apr 22 00:10:47 2009 +0000;1240359047;-;-;Wed Apr 22 00:10:47 2009 +0000;1240359047
dfa4b3e397fbb3b565267eaa3ac5b2f51dbb7295;dfa4b3e397;-;-;Tue Apr 21 22:16:32 2009 +0000;1240352192;-;-;Tue Apr 21 22:16:32 2009 +0000;1240352192
afa461892fa69851b4253ad18f88c21209e2eb81;afa461892f;-;-;Tue Apr 21 22:03:51 2009 +0000;1240351431;-;-;Tue Apr 21 22:03:51 2009 +0000;1240351431
b8b74db01ac92783788db03e9736def6f36c5b6b;b8b74db01a;-;-;Tue Apr 21 21:31:16 2009 +0000;1240349476;-;-;Tue Apr 21 21:31:16 2009 +0000;1240349476
4d509cebdbc73a01412f5ad1247dd0ee4648880f;4d509cebdb;-;-;Tue Apr 21 18:14:08 2009 +0000;1240337648;-;-;Tue Apr 21 18:14:08 2009 +0000;1240337648
7ba4c563a6db8262028c19772ee17e200530389a;7ba4c563a6;-;-;Tue Apr 21 17:20:39 2009 +0000;1240334439;-;-;Tue Apr 21 17:20:39 2009 +0000;1240334439
7d10d05b27277d9a37cf7c3016e2de6345c81494;7d10d05b27;-;-;Tue Apr 21 16:24:54 2009 +0000;1240331094;-;-;Tue Apr 21 16:24:54 2009 +0000;1240331094
dc903192793e6efaa8358e28c04261381e9d6a53;dc90319279;-;-;Tue Apr 21 13:41:15 2009 +0000;1240321275;-;-;Tue Apr 21 13:41:15 2009 +0000;1240321275
6be62f30f1bc7c40995d963fc1f655b27303ce6e;6be62f30f1;-;-;Mon Apr 20 12:16:50 2009 +0000;1240229810;-;-;Mon Apr 20 12:16:50 2009 +0000;1240229810
10d8abea3ba2f58c4171c0944614cff08189ce5e;10d8abea3b;-;-;Mon Apr 20 12:07:00 2009 +0000;1240229220;-;-;Mon Apr 20 12:07:00 2009 +0000;1240229220
e54a44b57735a94f20057906ef52d64d5a353e2b;e54a44b577;-;-;Mon Apr 20 11:20:01 2009 +0000;1240226401;-;-;Mon Apr 20 11:20:01 2009 +0000;1240226401
9306d6dbaabe21f50000406a3db982756297bce5;9306d6dbaa;-;-;Mon Apr 20 11:14:28 2009 +0000;1240226068;-;-;Mon Apr 20 11:14:28 2009 +0000;1240226068
14bd47551900ced88eeacf2a5f63c187ff72028c;14bd475519;-;-;Sun Apr 19 23:45:31 2009 +0000;1240184731;-;-;Sun Apr 19 23:45:31 2009 +0000;1240184731
736169aa2a46f489cd8e75cf4d61cef997fc456f;736169aa2a;-;-;Sun Apr 19 22:28:31 2009 +0000;1240180111;-;-;Sun Apr 19 22:28:31 2009 +0000;1240180111
4cf573ba9870553e9086defc7bd1b6f2d43ac61e;4cf573ba98;-;-;Sun Apr 19 22:22:56 2009 +0000;1240179776;-;-;Sun Apr 19 22:22:56 2009 +0000;1240179776
58a458986fa7e81e88187bdcc9473d02fba6825b;58a458986f;-;-;Sun Apr 19 20:36:33 2009 +0000;1240173393;-;-;Sun Apr 19 20:36:33 2009 +0000;1240173393
64321755b6e92c6b0563e037ace42ac2085ceac6;64321755b6;-;-;Sun Apr 19 20:35:32 2009 +0000;1240173332;-;-;Sun Apr 19 20:35:32 2009 +0000;1240173332
c230c188be4e6b03271617501f7c5fffa4adcf2b;c230c188be;-;-;Sun Apr 19 19:51:25 2009 +0000;1240170685;-;-;Sun Apr 19 19:51:25 2009 +0000;1240170685
bc9b256179f39f0a0defafe2e27a42ffeb5b9505;bc9b256179;-;-;Sun Apr 19 19:36:26 2009 +0000;1240169786;-;-;Sun Apr 19 19:36:26 2009 +0000;1240169786
1b9b513820b62e0bee9c3048bd4fd03e4c885745;1b9b513820;-;-;Sun Apr 19 19:33:23 2009 +0000;1240169603;-;-;Sun Apr 19 19:33:23 2009 +0000;1240169603
6495bdd8c879508892047bbbff65f89987ce64e5;6495bdd8c8;-;-;Sat Apr 18 09:06:04 2009 +0000;1240045564;-;-;Sat Apr 18 09:06:04 2009 +0000;1240045564
c78f9d14fa92645534972a14ea54067c8e76bf2a;c78f9d14fa;-;-;Sat Apr 18 00:22:03 2009 +0000;1240014123;-;-;Sat Apr 18 00:22:03 2009 +0000;1240014123
8aface8e5deee51d73721596b182fd13356b6d95;8aface8e5d;-;-;Fri Apr 17 19:43:11 2009 +0000;1239997391;-;-;Fri Apr 17 19:43:11 2009 +0000;1239997391
3e63951a57c10f1de4d736531b4cdcc1c184e980;3e63951a57;-;-;Fri Apr 17 17:32:29 2009 +0000;1239989549;-;-;Fri Apr 17 17:32:29 2009 +0000;1239989549
56a48272e61ecc506741fe8bbbcafeb0d199dda9;56a48272e6;-;-;Fri Apr 17 17:28:31 2009 +0000;1239989311;-;-;Fri Apr 17 17:28:31 2009 +0000;1239989311
70486892699dcf8ec857cc37d080d0ddbbcef4b4;7048689269;-;-;Fri Apr 17 17:23:50 2009 +0000;1239989030;-;-;Fri Apr 17 17:23:50 2009 +0000;1239989030
8ee03637767e41c15af1772c4eed733940359327;8ee0363776;-;-;Fri Apr 17 12:21:57 2009 +0000;1239970917;-;-;Fri Apr 17 12:21:57 2009 +0000;1239970917
c225b44f3440d8799f1be96de7e27131ad9086c3;c225b44f34;-;-;Fri Apr 17 09:41:04 2009 +0000;1239961264;-;-;Fri Apr 17 09:41:04 2009 +0000;1239961264
acc84925d3e446c26cf969f93e904e7668a4d85a;acc84925d3;-;-;Fri Apr 17 09:28:08 2009 +0000;1239960488;-;-;Fri Apr 17 09:28:08 2009 +0000;1239960488
02e96e01af3ef359617c807efcd24ff5e74e6299;02e96e01af;-;-;Fri Apr 17 08:26:18 2009 +0000;1239956778;-;-;Fri Apr 17 08:26:18 2009 +0000;1239956778
b98c7e48ef1454d4c8887957f719f3df44e4b0f7;b98c7e48ef;-;-;Fri Apr 17 05:14:07 2009 +0000;1239945247;-;-;Fri Apr 17 05:14:07 2009 +0000;1239945247
9d6ae6c5327acb81d9ebce8439b145e21a0f4852;9d6ae6c532;-;-;Fri Apr 17 05:02:05 2009 +0000;1239944525;-;-;Fri Apr 17 05:02:05 2009 +0000;1239944525
d1194110982124d6c04f14a69b22d77f25598e83;d119411098;-;-;Thu Apr 16 19:21:50 2009 +0000;1239909710;-;-;Thu Apr 16 19:21:50 2009 +0000;1239909710
1c26d027a7318613c305259e731897bd3a6254a6;1c26d027a7;-;-;Thu Apr 16 13:25:46 2009 +0000;1239888346;-;-;Thu Apr 16 13:25:46 2009 +0000;1239888346
6121da988b23a4b5c5755e555b439fadecab6773;6121da988b;-;-;Thu Apr 16 13:23:24 2009 +0000;1239888204;-;-;Thu Apr 16 13:23:24 2009 +0000;1239888204
4fb901c657353a87f6366d9b2ab6fcc34f285156;4fb901c657;-;-;Thu Apr 16 13:23:17 2009 +0000;1239888197;-;-;Thu Apr 16 13:23:17 2009 +0000;1239888197
ead837938aa5239376bb8db99a76c8aeba8d0f49;ead837938a;-;-;Thu Apr 16 13:20:33 2009 +0000;1239888033;-;-;Thu Apr 16 13:20:33 2009 +0000;1239888033
19e5b7d6685afa2e2e3f931bb640d0db10a41fec;19e5b7d668;-;-;Thu Apr 16 12:53:36 2009 +0000;1239886416;-;-;Thu Apr 16 12:53:36 2009 +0000;1239886416
2f27bd5da7d6f690d4a03c56b0b238bdd935b148;2f27bd5da7;-;-;Wed Apr 15 23:54:52 2009 +0000;1239839692;-;-;Wed Apr 15 23:54:52 2009 +0000;1239839692
d27cbee69cfca0c43a37d37326c708b160a4805f;d27cbee69c;-;-;Wed Apr 15 23:18:57 2009 +0000;1239837537;-;-;Wed Apr 15 23:18:57 2009 +0000;1239837537
310a3a2d71e49fff0998b1a37b349078083e8cc1;310a3a2d71;-;-;Wed Apr 15 22:33:56 2009 +0000;1239834836;-;-;Wed Apr 15 22:33:56 2009 +0000;1239834836
2798a8500c6e84b3f5ee3a7be13bced76aaca136;2798a8500c;-;-;Wed Apr 15 22:30:24 2009 +0000;1239834624;-;-;Wed Apr 15 22:30:24 2009 +0000;1239834624
1b5812da204ef89623b354a543e02896ce44a546;1b5812da20;-;-;Wed Apr 15 22:27:32 2009 +0000;1239834452;-;-;Wed Apr 15 22:27:32 2009 +0000;1239834452
5a561bcd07bc5d2f57bd59040422837a56d6395a;5a561bcd07;-;-;Wed Apr 15 10:11:52 2009 +0000;1239790312;-;-;Wed Apr 15 10:11:52 2009 +0000;1239790312
1facd45c5eecd089726d0e925704e9535049197d;1facd45c5e;-;-;Tue Apr 14 21:37:40 2009 +0000;1239745060;-;-;Tue Apr 14 21:37:40 2009 +0000;1239745060
338a7ee2de4c507888035dae9d16d0ecf0e7bbeb;338a7ee2de;-;-;Tue Apr 14 21:26:56 2009 +0000;1239744416;-;-;Tue Apr 14 21:26:56 2009 +0000;1239744416
298a5c4a8b4bb01d2feca119ce050dfbbc59741e;298a5c4a8b;-;-;Tue Apr 14 17:24:56 2009 +0000;1239729896;-;-;Tue Apr 14 17:24:56 2009 +0000;1239729896
ab52fdf07befae4c2cbb0cc81afbfd874253a5f0;ab52fdf07b;-;-;Tue Apr 14 14:12:28 2009 +0000;1239718348;-;-;Tue Apr 14 14:12:28 2009 +0000;1239718348
6fc16d1e3352b05578e696a8a8da54f827ef82f8;6fc16d1e33;-;-;Tue Apr 14 13:18:35 2009 +0000;1239715115;-;-;Tue Apr 14 13:18:35 2009 +0000;1239715115
af2e117244f00431d9cb53af962981b197672b7d;af2e117244;-;-;Tue Apr 14 08:23:48 2009 +0000;1239697428;-;-;Tue Apr 14 08:23:48 2009 +0000;1239697428
823cc6e691375541e6db0bba812cc0e8611d86c7;823cc6e691;-;-;Tue Apr 14 07:07:01 2009 +0000;1239692821;-;-;Tue Apr 14 07:07:01 2009 +0000;1239692821
aa36118e1ca2b27844662a1cd97863258d3fafd1;aa36118e1c;-;-;Tue Apr 14 06:59:22 2009 +0000;1239692362;-;-;Tue Apr 14 06:59:22 2009 +0000;1239692362
0c5ab54dcec66b2b6582d13481e447fab4c58599;0c5ab54dce;-;-;Tue Apr 14 04:43:15 2009 +0000;1239684195;-;-;Tue Apr 14 04:43:15 2009 +0000;1239684195
a4b1adbc60ece228b0aaf77320a6cfbac827cf0f;a4b1adbc60;-;-;Tue Apr 14 04:35:40 2009 +0000;1239683740;-;-;Tue Apr 14 04:35:40 2009 +0000;1239683740
0e770548544903bdde99ba6d850c58d453351f65;0e77054854;-;-;Tue Apr 14 04:02:10 2009 +0000;1239681730;-;-;Tue Apr 14 04:02:10 2009 +0000;1239681730
7f06639be2adad527969478b56e36909a6e2ef19;7f06639be2;-;-;Mon Apr 13 22:11:15 2009 +0000;1239660675;-;-;Mon Apr 13 22:11:15 2009 +0000;1239660675
2f5ba834162da9993c3da101c7adfcb3df970508;2f5ba83416;-;-;Mon Apr 13 20:51:52 2009 +0000;1239655912;-;-;Mon Apr 13 20:51:52 2009 +0000;1239655912
19ec3654df45f23fb2bc148d5bcb2f7e086d4a31;19ec3654df;-;-;Mon Apr 13 17:46:21 2009 +0000;1239644781;-;-;Mon Apr 13 17:46:21 2009 +0000;1239644781
38e5deefdad58bec37c8a95705b49bb96a769f1a;38e5deefda;-;-;Mon Apr 13 15:04:07 2009 +0000;1239635047;-;-;Mon Apr 13 15:04:07 2009 +0000;1239635047
077d7f4bcec253a48a70ae2bc7fbe905f1b9d891;077d7f4bce;-;-;Mon Apr 13 14:27:47 2009 +0000;1239632867;-;-;Mon Apr 13 14:27:47 2009 +0000;1239632867
f4b4f28fc2cf2637426b0af458ffcdef914e36da;f4b4f28fc2;-;-;Mon Apr 13 13:12:38 2009 +0000;1239628358;-;-;Mon Apr 13 13:12:38 2009 +0000;1239628358
b7ab939d55a394e77b84de7d091215689667ec8f;b7ab939d55;-;-;Mon Apr 13 05:25:57 2009 +0000;1239600357;-;-;Mon Apr 13 05:25:57 2009 +0000;1239600357
dc592837be6fad4c671f970c3713e9c9e8ad9d66;dc592837be;-;-;Mon Apr 13 05:23:44 2009 +0000;1239600224;-;-;Mon Apr 13 05:23:44 2009 +0000;1239600224
31f61628ff25094f079856205d049dc8709d3309;31f61628ff;-;-;Mon Apr 13 05:03:55 2009 +0000;1239599035;-;-;Mon Apr 13 05:03:55 2009 +0000;1239599035
ee5e76c48c70b48161745c73f5314041c8687f07;ee5e76c48c;-;-;Sun Apr 12 21:16:12 2009 +0000;1239570972;-;-;Sun Apr 12 21:16:12 2009 +0000;1239570972
9baf9cdc2f6d2f2a38893f1e685099b0c570570f;9baf9cdc2f;-;-;Sun Apr 12 20:59:52 2009 +0000;1239569992;-;-;Sun Apr 12 20:59:52 2009 +0000;1239569992
af6457a67d0c1ee3176c67e9003e1e8113c13d48;af6457a67d;-;-;Sun Apr 12 16:45:00 2009 +0000;1239554700;-;-;Sun Apr 12 16:45:00 2009 +0000;1239554700
f6ecffdba7a97d42c36519b15314eb6dd81459b9;f6ecffdba7;-;-;Sat Apr 11 20:57:09 2009 +0000;1239483429;-;-;Sat Apr 11 20:57:09 2009 +0000;1239483429
d16d8984a8dada0270a7ebf831a39e6b56b3688a;d16d8984a8;-;-;Sat Apr 11 05:59:12 2009 +0000;1239429552;-;-;Sat Apr 11 05:59:12 2009 +0000;1239429552
4fc77944ad34f37dddc45672a373e88886609ebe;4fc77944ad;-;-;Sat Apr 11 04:49:11 2009 +0000;1239425351;-;-;Sat Apr 11 04:49:11 2009 +0000;1239425351
5a87334168ef98bcc38e2a37c20727262f448acd;5a87334168;-;-;Fri Apr 10 20:52:16 2009 +0000;1239396736;-;-;Fri Apr 10 20:52:16 2009 +0000;1239396736
1d22b9fb88c46ebd8f1e9a4ab0c79703a49e6bb4;1d22b9fb88;-;-;Fri Apr 10 20:47:04 2009 +0000;1239396424;-;-;Fri Apr 10 20:47:04 2009 +0000;1239396424
8b52b7eeef8b098490178c4e1fec275e099e45de;8b52b7eeef;-;-;Fri Apr 10 19:19:53 2009 +0000;1239391193;-;-;Fri Apr 10 19:19:53 2009 +0000;1239391193
ebb203a25155f822e0eec8719b7f2327fcd664c0;ebb203a251;-;-;Fri Apr 10 15:57:18 2009 +0000;1239379038;-;-;Fri Apr 10 15:57:18 2009 +0000;1239379038
b988f1a539aba6a814da900cdd95160310000eb0;b988f1a539;-;-;Fri Apr 10 15:21:16 2009 +0000;1239376876;-;-;Fri Apr 10 15:21:16 2009 +0000;1239376876
76f63f8b64b0ac64d95fae7d30903f1fd580abc4;76f63f8b64;-;-;Fri Apr 10 15:07:23 2009 +0000;1239376043;-;-;Fri Apr 10 15:07:23 2009 +0000;1239376043
5649f2f31d1b0a3717f349f61f420b8521604d36;5649f2f31d;-;-;Fri Apr 10 13:44:23 2009 +0000;1239371063;-;-;Fri Apr 10 13:44:23 2009 +0000;1239371063
20fc42add04d4cf3a66b11ee963212aecc79f1e1;20fc42add0;-;-;Fri Apr 10 10:51:45 2009 +0000;1239360705;-;-;Fri Apr 10 10:51:45 2009 +0000;1239360705
38c7f566e584f4dd65e53918dcf827ca4e870839;38c7f566e5;-;-;Fri Apr 10 03:20:09 2009 +0000;1239333609;-;-;Fri Apr 10 03:20:09 2009 +0000;1239333609
f36b9eb088f4a70f2b00b40a6945b2fceb1a1f57;f36b9eb088;-;-;Fri Apr 10 02:21:25 2009 +0000;1239330085;-;-;Fri Apr 10 02:21:25 2009 +0000;1239330085
46c5340f577dfe2e4837d387236bcc99c12f9bd3;46c5340f57;-;-;Fri Apr 10 00:03:53 2009 +0000;1239321833;-;-;Fri Apr 10 00:03:53 2009 +0000;1239321833
ba613f2e35901107d1a9009d129b6796a9553a7c;ba613f2e35;-;-;Thu Apr 9 22:04:08 2009 +0000;1239314648;-;-;Thu Apr 9 22:04:08 2009 +0000;1239314648
00cecd0dd0a3e2a659a8e3b0ecd138582cc10905;00cecd0dd0;-;-;Thu Apr 9 22:03:38 2009 +0000;1239314618;-;-;Thu Apr 9 22:03:38 2009 +0000;1239314618
a9f4eeeabfd86d879fd12b32b2b0e3f331ec461d;a9f4eeeabf;-;-;Thu Apr 9 18:24:07 2009 +0000;1239301447;-;-;Thu Apr 9 18:24:07 2009 +0000;1239301447
73dd6c28a31dc831a4a5fd6b401d723a537f4941;73dd6c28a3;-;-;Thu Apr 9 18:18:54 2009 +0000;1239301134;-;-;Thu Apr 9 18:18:54 2009 +0000;1239301134
707d2ed72a67bad783ef0a456cf800a777166602;707d2ed72a;-;-;Thu Apr 9 16:00:53 2009 +0000;1239292853;-;-;Thu Apr 9 16:00:53 2009 +0000;1239292853
362629d03b8582bf25b87787918732c8f68074ae;362629d03b;-;-;Thu Apr 9 14:38:35 2009 +0000;1239287915;-;-;Thu Apr 9 14:38:35 2009 +0000;1239287915
3e4810f6707e127f5bb3fd71acbee78a97324be8;3e4810f670;-;-;Thu Apr 9 14:09:10 2009 +0000;1239286150;-;-;Thu Apr 9 14:09:10 2009 +0000;1239286150
a0cab10ccc70df848c4b9493bb3c861924aea650;a0cab10ccc;-;-;Thu Apr 9 14:01:40 2009 +0000;1239285700;-;-;Thu Apr 9 14:01:40 2009 +0000;1239285700
7e3e79ca2230efbda1b2dda9578cb7627b37fd01;7e3e79ca22;-;-;Thu Apr 9 11:03:35 2009 +0000;1239275015;-;-;Thu Apr 9 11:03:35 2009 +0000;1239275015
859497b171aefb3cf6c8688f96214905aff7f053;859497b171;-;-;Thu Apr 9 09:14:06 2009 +0000;1239268446;-;-;Thu Apr 9 09:14:06 2009 +0000;1239268446
3cac9267e9c8bea82ea11ffbf4870c6db317c25c;3cac9267e9;-;-;Thu Apr 9 05:44:35 2009 +0000;1239255875;-;-;Thu Apr 9 05:44:35 2009 +0000;1239255875
f20dcf275f7f606d398db9f571c5695f6c156d3e;f20dcf275f;-;-;Thu Apr 9 01:56:34 2009 +0000;1239242194;-;-;Thu Apr 9 01:56:34 2009 +0000;1239242194
9a8bb5f7097914e19550c1df13712de0edda113b;9a8bb5f709;-;-;Thu Apr 9 01:43:07 2009 +0000;1239241387;-;-;Thu Apr 9 01:43:07 2009 +0000;1239241387
9ce71f67ffe94aa46542c8d32e04efbaae96eb87;9ce71f67ff;-;-;Wed Apr 8 22:10:26 2009 +0000;1239228626;-;-;Wed Apr 8 22:10:26 2009 +0000;1239228626
d966965a4c2b785f547adbfe7e16d3e004cbe074;d966965a4c;-;-;Wed Apr 8 19:58:19 2009 +0000;1239220699;-;-;Wed Apr 8 19:58:19 2009 +0000;1239220699
5e46fab34de8909431b86d89c9d54760344ad681;5e46fab34d;-;-;Wed Apr 8 19:29:02 2009 +0000;1239218942;-;-;Wed Apr 8 19:29:02 2009 +0000;1239218942
b132e964beb78e69ca5a459fdc481374cbe974e1;b132e964be;-;-;Wed Apr 8 14:06:01 2009 +0000;1239199561;-;-;Wed Apr 8 14:06:01 2009 +0000;1239199561
a3cbb05ed522ab27cb063b6be8170c160dd4163f;a3cbb05ed5;-;-;Wed Apr 8 13:38:36 2009 +0000;1239197916;-;-;Wed Apr 8 13:38:36 2009 +0000;1239197916
cfc65b0cc76061224324a6215624d042c130d9b0;cfc65b0cc7;-;-;Wed Apr 8 04:50:43 2009 +0000;1239166243;-;-;Wed Apr 8 04:50:43 2009 +0000;1239166243
30bed7b54a11349bd831024b30cc0cf7e4250baf;30bed7b54a;-;-;Wed Apr 8 04:49:47 2009 +0000;1239166187;-;-;Wed Apr 8 04:49:47 2009 +0000;1239166187
4a7f7bb24aaf641296c5f1c4cb79b611280bbca7;4a7f7bb24a;-;-;Wed Apr 8 04:48:35 2009 +0000;1239166115;-;-;Wed Apr 8 04:48:35 2009 +0000;1239166115
76fcc81bc61342ed85f7a8a0c325e58162ff24e8;76fcc81bc6;-;-;Wed Apr 8 04:47:54 2009 +0000;1239166074;-;-;Wed Apr 8 04:47:54 2009 +0000;1239166074
f917ba89d6b77f3b152f7aa40aec5fee2f523a5a;f917ba89d6;-;-;Wed Apr 8 03:37:28 2009 +0000;1239161848;-;-;Wed Apr 8 03:37:28 2009 +0000;1239161848
fc899e5881c74bd640fcbc402c0a1ec2c73e40f1;fc899e5881;-;-;Tue Apr 7 22:12:31 2009 +0000;1239142351;-;-;Tue Apr 7 22:12:31 2009 +0000;1239142351
51526d6541938d8fc6fc586576aad893d6bf2aa5;51526d6541;-;-;Tue Apr 7 17:30:44 2009 +0000;1239125444;-;-;Tue Apr 7 17:30:44 2009 +0000;1239125444
fb8ec6ed97ed0e6b0bf9539209b728f105f11266;fb8ec6ed97;-;-;Tue Apr 7 16:54:36 2009 +0000;1239123276;-;-;Tue Apr 7 16:54:36 2009 +0000;1239123276
5f5bee102265d8e972824228ce4273e6e6dbbfce;5f5bee1022;-;-;Tue Apr 7 04:45:05 2009 +0000;1239079505;-;-;Tue Apr 7 04:45:05 2009 +0000;1239079505
1f00e639e02fc84133cfdd67b03d312adae295e4;1f00e639e0;-;-;Tue Apr 7 04:42:51 2009 +0000;1239079371;-;-;Tue Apr 7 04:42:51 2009 +0000;1239079371
d08d73f2741a31596c035bf273f958563d12f44d;d08d73f274;-;-;Mon Apr 6 21:29:30 2009 +0000;1239053370;-;-;Mon Apr 6 21:29:30 2009 +0000;1239053370
254bf7e4038609f5d5c928fd07572184a58b0318;254bf7e403;-;-;Mon Apr 6 21:23:37 2009 +0000;1239053017;-;-;Mon Apr 6 21:23:37 2009 +0000;1239053017
b14d760c9b31cc00d88ec725c330e44c6fcd7579;b14d760c9b;-;-;Mon Apr 6 20:10:04 2009 +0000;1239048604;-;-;Mon Apr 6 20:10:04 2009 +0000;1239048604
e500348ca7d35ebe9241a43cbe3b206282b3eb7f;e500348ca7;-;-;Mon Apr 6 19:43:41 2009 +0000;1239047021;-;-;Mon Apr 6 19:43:41 2009 +0000;1239047021
eb90bbeadc854ebdf06859ef49bdc0b9052195c0;eb90bbeadc;-;-;Mon Apr 6 19:43:18 2009 +0000;1239046998;-;-;Mon Apr 6 19:43:18 2009 +0000;1239046998
a9f30fe37700c6d6178553c888d056134936b2f8;a9f30fe377;-;-;Mon Apr 6 19:04:04 2009 +0000;1239044644;-;-;Mon Apr 6 19:04:04 2009 +0000;1239044644
55bdd07580e972e52533fc693f3ccab9172047dc;55bdd07580;-;-;Mon Apr 6 16:12:50 2009 +0000;1239034370;-;-;Mon Apr 6 16:12:50 2009 +0000;1239034370
f64bedb9e1ef1d19cbd6f52762328ed4af74f021;f64bedb9e1;-;-;Sun Apr 5 16:25:26 2009 +0000;1238948726;-;-;Sun Apr 5 16:25:26 2009 +0000;1238948726
51f741ccec218e355903e2d61406cfc1ed23b055;51f741ccec;-;-;Sun Apr 5 09:38:19 2009 +0000;1238924299;-;-;Sun Apr 5 09:38:19 2009 +0000;1238924299
c695d00dbefaf06162097179f7d53ea799ed79a8;c695d00dbe;-;-;Sat Apr 4 01:04:31 2009 +0000;1238807071;-;-;Sat Apr 4 01:04:31 2009 +0000;1238807071
c4de2ba0069d5e1d714aa9fefed08377cfce5454;c4de2ba006;-;-;Sat Apr 4 00:06:01 2009 +0000;1238803561;-;-;Sat Apr 4 00:06:01 2009 +0000;1238803561
4c5854d01746a1a4dcd08c9ffc107647fb7467b0;4c5854d017;-;-;Fri Apr 3 23:39:14 2009 +0000;1238801954;-;-;Fri Apr 3 23:39:14 2009 +0000;1238801954
f6c1144e8d3a85a572870db0665e33410a48e7da;f6c1144e8d;-;-;Fri Apr 3 23:38:31 2009 +0000;1238801911;-;-;Fri Apr 3 23:38:31 2009 +0000;1238801911
bdecf6720ed75a076721ff2338c14e1b04797098;bdecf6720e;-;-;Fri Apr 3 23:38:18 2009 +0000;1238801898;-;-;Fri Apr 3 23:38:18 2009 +0000;1238801898
5a0522e203f05275cbfd6e4e409ba26c4c6e63c0;5a0522e203;-;-;Fri Apr 3 23:37:59 2009 +0000;1238801879;-;-;Fri Apr 3 23:37:59 2009 +0000;1238801879
aced98bf2397da700d57a79471a52919138f5c6e;aced98bf23;-;-;Fri Apr 3 15:59:02 2009 +0000;1238774342;-;-;Fri Apr 3 15:59:02 2009 +0000;1238774342
8fba89c63441f484a98faf13a872d376b207d86c;8fba89c634;-;-;Fri Apr 3 14:31:25 2009 +0000;1238769085;-;-;Fri Apr 3 14:31:25 2009 +0000;1238769085
8f76197485ae0352b005905f5615af1c23b5c75f;8f76197485;-;-;Fri Apr 3 14:03:48 2009 +0000;1238767428;-;-;Fri Apr 3 14:03:48 2009 +0000;1238767428
07e6d9d966ebd9d7cf0eb2ad528128eb8173f413;07e6d9d966;-;-;Fri Apr 3 11:35:18 2009 +0000;1238758518;-;-;Fri Apr 3 11:35:18 2009 +0000;1238758518
5dbae2c9795568c256669365f619bbb81c584f06;5dbae2c979;-;-;Fri Apr 3 11:14:37 2009 +0000;1238757277;-;-;Fri Apr 3 11:14:37 2009 +0000;1238757277
56ddc767129d4240b16a3d409d98343b8288673d;56ddc76712;-;-;Fri Apr 3 10:44:57 2009 +0000;1238755497;-;-;Fri Apr 3 10:44:57 2009 +0000;1238755497
6e7e1076219d24155f5b018de03eea14c4c6143a;6e7e107621;-;-;Fri Apr 3 04:08:08 2009 +0000;1238731688;-;-;Fri Apr 3 04:08:08 2009 +0000;1238731688
959cc95c3f43197f2ecbd7a86d773d5ff90baba2;959cc95c3f;-;-;Wed Apr 1 23:27:49 2009 +0000;1238628469;-;-;Wed Apr 1 23:27:49 2009 +0000;1238628469
00018e511d71c3402939cfe22e4b7ab636cee01a;00018e511d;-;-;Wed Apr 1 21:58:24 2009 +0000;1238623104;-;-;Wed Apr 1 21:58:24 2009 +0000;1238623104
1289f1069cc59d516b9013d8fe178bdba6a084aa;1289f1069c;-;-;Wed Apr 1 21:47:35 2009 +0000;1238622455;-;-;Wed Apr 1 21:47:35 2009 +0000;1238622455
54865c0c1f03a486b04731049db620fb28af3f51;54865c0c1f;-;-;Wed Apr 1 21:38:51 2009 +0000;1238621931;-;-;Wed Apr 1 21:38:51 2009 +0000;1238621931
65afc80821502d96b07245c2c9160941618af6d3;65afc80821;-;-;Wed Apr 1 21:07:46 2009 +0000;1238620066;-;-;Wed Apr 1 21:07:46 2009 +0000;1238620066
accf9747275bcf59b71f546b7b42950b21592544;accf974727;-;-;Wed Apr 1 16:52:12 2009 +0000;1238604732;-;-;Wed Apr 1 16:52:12 2009 +0000;1238604732
cd164a5d9b7002d57713ce27d96684c0c1c2293d;cd164a5d9b;-;-;Wed Apr 1 13:31:51 2009 +0000;1238592711;-;-;Wed Apr 1 13:31:51 2009 +0000;1238592711
ed5647a2705ff7ba2f2a13de6c98d9af0beaa0fa;ed5647a270;-;-;Wed Apr 1 08:58:23 2009 +0000;1238576303;-;-;Wed Apr 1 08:58:23 2009 +0000;1238576303
8a6e51922ad394014f98594a9b76f5502cb59c9c;8a6e51922a;-;-;Wed Apr 1 03:35:39 2009 +0000;1238556939;-;-;Wed Apr 1 03:35:39 2009 +0000;1238556939
4ebd08515cf45cd12959a071e39c25c7ee10b4ca;4ebd08515c;-;-;Tue Mar 31 20:43:28 2009 +0000;1238532208;-;-;Tue Mar 31 20:43:28 2009 +0000;1238532208
0f35fe9d3c6444093b94ec561f9685414358ef44;0f35fe9d3c;-;-;Tue Mar 31 20:39:39 2009 +0000;1238531979;-;-;Tue Mar 31 20:39:39 2009 +0000;1238531979
9dd70ca9fe3775f7459e66695d6e21e112ff9611;9dd70ca9fe;-;-;Tue Mar 31 20:34:57 2009 +0000;1238531697;-;-;Tue Mar 31 20:34:57 2009 +0000;1238531697
72cc060eafe1629ace086701bd9f58237de8439d;72cc060eaf;-;-;Tue Mar 31 20:34:42 2009 +0000;1238531682;-;-;Tue Mar 31 20:34:42 2009 +0000;1238531682
50f49ffca4a5b9233d081f1a75cd7e53918a4e72;50f49ffca4;-;-;Tue Mar 31 20:32:50 2009 +0000;1238531570;-;-;Tue Mar 31 20:32:50 2009 +0000;1238531570
b5ca53eedff32d48e9f13cd229fac83acf0d782e;b5ca53eedf;-;-;Tue Mar 31 20:31:45 2009 +0000;1238531505;-;-;Tue Mar 31 20:31:45 2009 +0000;1238531505
b85d45725d40b24e760bef8d64c62ad17d2f497d;b85d45725d;-;-;Tue Mar 31 20:27:42 2009 +0000;1238531262;-;-;Tue Mar 31 20:27:42 2009 +0000;1238531262
2524ca33d5c5784a4caa6b0edef1035d077c6217;2524ca33d5;-;-;Tue Mar 31 20:16:35 2009 +0000;1238530595;-;-;Tue Mar 31 20:16:35 2009 +0000;1238530595
e93bf49268cf808354d328dc99d87520356a8821;e93bf49268;-;-;Tue Mar 31 17:57:52 2009 +0000;1238522272;-;-;Tue Mar 31 17:57:52 2009 +0000;1238522272
1b1eb82adc69571d9bb496c5a0e65eb300cc8369;1b1eb82adc;-;-;Tue Mar 31 17:56:08 2009 +0000;1238522168;-;-;Tue Mar 31 17:56:08 2009 +0000;1238522168
10a1d5042ab287b8397b8fdbeec0245ffda83348;10a1d5042a;-;-;Tue Mar 31 17:52:58 2009 +0000;1238521978;-;-;Tue Mar 31 17:52:58 2009 +0000;1238521978
b9caa6c60f34f1299624c01338bad11c0c5184c4;b9caa6c60f;-;-;Tue Mar 31 17:52:16 2009 +0000;1238521936;-;-;Tue Mar 31 17:52:16 2009 +0000;1238521936
ce8718ebf2d114c65cbccf0b124bce4b236aa475;ce8718ebf2;-;-;Tue Mar 31 17:50:26 2009 +0000;1238521826;-;-;Tue Mar 31 17:50:26 2009 +0000;1238521826
199c9bb9c5810509db3c2a1f023b021e35b4c1f6;199c9bb9c5;-;-;Tue Mar 31 16:51:09 2009 +0000;1238518269;-;-;Tue Mar 31 16:51:09 2009 +0000;1238518269
d38c0d301cd5f3b091d5921a10ef1c00fd93c7a6;d38c0d301c;-;-;Tue Mar 31 15:55:42 2009 +0000;1238514942;-;-;Tue Mar 31 15:55:42 2009 +0000;1238514942
7f6fc4e82edd17c32aa7a17587da471ab64a23d6;7f6fc4e82e;-;-;Tue Mar 31 15:44:25 2009 +0000;1238514265;-;-;Tue Mar 31 15:44:25 2009 +0000;1238514265
ea9df82d2adb82fbb337b328e965a6e439541695;ea9df82d2a;-;-;Tue Mar 31 15:12:33 2009 +0000;1238512353;-;-;Tue Mar 31 15:12:33 2009 +0000;1238512353
518f98d4c35d21243747fc159ccc94a3265b42c5;518f98d4c3;-;-;Tue Mar 31 15:06:22 2009 +0000;1238511982;-;-;Tue Mar 31 15:06:22 2009 +0000;1238511982
eabad33aa287fb0a45f7bc88ce32e636307ab094;eabad33aa2;-;-;Tue Mar 31 14:36:46 2009 +0000;1238510206;-;-;Tue Mar 31 14:36:46 2009 +0000;1238510206
aa8bd6313bd36d531d88011ad9bb9f7c83c4a971;aa8bd6313b;-;-;Tue Mar 31 14:28:14 2009 +0000;1238509694;-;-;Tue Mar 31 14:28:14 2009 +0000;1238509694
5885c703f2ecc3b183026bed892c2cd33f1ff2e8;5885c703f2;-;-;Tue Mar 31 03:05:28 2009 +0000;1238468728;-;-;Tue Mar 31 03:05:28 2009 +0000;1238468728
7ad5dd1bd6ce6d9d65a0ff9c8046412cc0dd9f03;7ad5dd1bd6;-;-;Tue Mar 31 01:51:01 2009 +0000;1238464261;-;-;Tue Mar 31 01:51:01 2009 +0000;1238464261
6f64ce8147033eb26277525a63dc2030fb804a9d;6f64ce8147;-;-;Tue Mar 31 00:50:52 2009 +0000;1238460652;-;-;Tue Mar 31 00:50:52 2009 +0000;1238460652
3df99a17f5f00fdf038d4c1b18dacb93e2dcf3ae;3df99a17f5;-;-;Mon Mar 30 23:25:15 2009 +0000;1238455515;-;-;Mon Mar 30 23:25:15 2009 +0000;1238455515
3ebb5ccdaf76bb9bf4c3ff580d71cefd5fa82967;3ebb5ccdaf;-;-;Mon Mar 30 22:56:16 2009 +0000;1238453776;-;-;Mon Mar 30 22:56:16 2009 +0000;1238453776
ae4f80cf6018185f9e695d766fa980eeaf6056f0;ae4f80cf60;-;-;Mon Mar 30 22:39:16 2009 +0000;1238452756;-;-;Mon Mar 30 22:39:16 2009 +0000;1238452756
c057638bd092709f4a9e2e583eae402ffd9fc54b;c057638bd0;-;-;Mon Mar 30 19:40:20 2009 +0000;1238442020;-;-;Mon Mar 30 19:40:20 2009 +0000;1238442020
401b7f66c432ad296d58ecc705db3ffb6f1dcb68;401b7f66c4;-;-;Mon Mar 30 19:40:09 2009 +0000;1238442009;-;-;Mon Mar 30 19:40:09 2009 +0000;1238442009
fa68b4b9a7ac2944584d0cc76aeccf7b35a414f0;fa68b4b9a7;-;-;Mon Mar 30 17:45:13 2009 +0000;1238435113;-;-;Mon Mar 30 17:45:13 2009 +0000;1238435113
a80cb4f6e9b5a3465947a9c8437f156a2ab93ae9;a80cb4f6e9;-;-;Mon Mar 30 17:41:26 2009 +0000;1238434886;-;-;Mon Mar 30 17:41:26 2009 +0000;1238434886
f09f4e8dd2f167030204caecfa4a1ae720d8ecfe;f09f4e8dd2;-;-;Mon Mar 30 17:20:55 2009 +0000;1238433655;-;-;Mon Mar 30 17:20:55 2009 +0000;1238433655
1b13d8fadfb96ba9349b296fa32b919f0abdeecc;1b13d8fadf;-;-;Mon Mar 30 17:17:44 2009 +0000;1238433464;-;-;Mon Mar 30 17:17:44 2009 +0000;1238433464
ea37cdc006eea40f30f4e12633a5f7518ba3ad58;ea37cdc006;-;-;Mon Mar 30 16:46:01 2009 +0000;1238431561;-;-;Mon Mar 30 16:46:01 2009 +0000;1238431561
cebc85067a5232e599a02bbfead11767d6004dcc;cebc85067a;-;-;Mon Mar 30 16:02:04 2009 +0000;1238428924;-;-;Mon Mar 30 16:02:04 2009 +0000;1238428924
cc713ad5241a90bc66b96364b91e5439f1ae6cb6;cc713ad524;-;-;Mon Mar 30 15:26:21 2009 +0000;1238426781;-;-;Mon Mar 30 15:26:21 2009 +0000;1238426781
24e8dccd44182a8f043511a9109608f4c4d02f61;24e8dccd44;-;-;Mon Mar 30 14:45:31 2009 +0000;1238424331;-;-;Mon Mar 30 14:45:31 2009 +0000;1238424331
4c7c30985fcb52bf7e4d1fbda0a3da706f0d2b47;4c7c30985f;-;-;Mon Mar 30 14:42:34 2009 +0000;1238424154;-;-;Mon Mar 30 14:42:34 2009 +0000;1238424154
351fba1a040c7e9e28878b9012310cc957bdc4c9;351fba1a04;-;-;Sun Mar 29 09:56:38 2009 +0000;1238320598;-;-;Sun Mar 29 09:56:38 2009 +0000;1238320598
68051ec72b2e37dd0376fc84b2e0bced95237a5e;68051ec72b;-;-;Sat Mar 28 22:29:28 2009 +0000;1238279368;-;-;Sat Mar 28 22:29:28 2009 +0000;1238279368
69a762e86ac075035bfcdc899aadf2b36abaf167;69a762e86a;-;-;Sat Mar 28 22:21:50 2009 +0000;1238278910;-;-;Sat Mar 28 22:21:50 2009 +0000;1238278910
5bcdf816567e8aeeb6262a3960bc9f665b0b8f5b;5bcdf81656;-;-;Sat Mar 28 21:20:18 2009 +0000;1238275218;-;-;Sat Mar 28 21:20:18 2009 +0000;1238275218
04b3edca3388be346d657a5d88e296940a96da53;04b3edca33;-;-;Sat Mar 28 11:19:45 2009 +0000;1238239185;-;-;Sat Mar 28 11:19:45 2009 +0000;1238239185
3ade31bb51d5a85bfbe4ea8a27bfe6d589f3b0df;3ade31bb51;-;-;Sat Mar 28 11:07:18 2009 +0000;1238238438;-;-;Sat Mar 28 11:07:18 2009 +0000;1238238438
a9c8ba407c6c05e9cfe521bcb45bbcbcb3468eb9;a9c8ba407c;-;-;Sat Mar 28 01:41:11 2009 +0000;1238204471;-;-;Sat Mar 28 01:41:11 2009 +0000;1238204471
5f21cbd9dabdb7587a2cd8cdbd157a6750136caa;5f21cbd9da;-;-;Fri Mar 27 21:28:51 2009 +0000;1238189331;-;-;Fri Mar 27 21:28:51 2009 +0000;1238189331
161c9260542aead8826db802b524a75cb6fb8932;161c926054;-;-;Fri Mar 27 19:53:42 2009 +0000;1238183622;-;-;Fri Mar 27 19:53:42 2009 +0000;1238183622
f92b7f101148e1789eea661e9d62e330d9471024;f92b7f1011;-;-;Fri Mar 27 17:57:41 2009 +0000;1238176661;-;-;Fri Mar 27 17:57:41 2009 +0000;1238176661
bcf6f23225845df01be5a75e052fc58cf6209889;bcf6f23225;-;-;Fri Mar 27 17:45:53 2009 +0000;1238175953;-;-;Fri Mar 27 17:45:53 2009 +0000;1238175953
d14cc0d7a20326fb5643dd966af71d2691a376da;d14cc0d7a2;-;-;Fri Mar 27 17:43:29 2009 +0000;1238175809;-;-;Fri Mar 27 17:43:29 2009 +0000;1238175809
82fd94771203109419dceaa449c5645c50aa7d04;82fd947712;-;-;Fri Mar 27 17:41:03 2009 +0000;1238175663;-;-;Fri Mar 27 17:41:03 2009 +0000;1238175663
fbfbb880322bf99040b35951ac058bec1f9f2f3f;fbfbb88032;-;-;Fri Mar 27 17:40:25 2009 +0000;1238175625;-;-;Fri Mar 27 17:40:25 2009 +0000;1238175625
565c1c13200c924f85d7a608e222aa53e0a44f89;565c1c1320;-;-;Fri Mar 27 17:33:50 2009 +0000;1238175230;-;-;Fri Mar 27 17:33:50 2009 +0000;1238175230
2e378a8049d950a57a3bb1b823468ae27b578329;2e378a8049;-;-;Fri Mar 27 17:31:15 2009 +0000;1238175075;-;-;Fri Mar 27 17:31:15 2009 +0000;1238175075
225eb6bcd9beaefb35abdd0a48a2780852be3bfb;225eb6bcd9;-;-;Fri Mar 27 17:29:48 2009 +0000;1238174988;-;-;Fri Mar 27 17:29:48 2009 +0000;1238174988
7e4a230793553950cdcae4b02674e21437f732c4;7e4a230793;-;-;Fri Mar 27 17:28:25 2009 +0000;1238174905;-;-;Fri Mar 27 17:28:25 2009 +0000;1238174905
ee0a294fe8fe8210ddab9a7a822e1f5c5bf37740;ee0a294fe8;-;-;Fri Mar 27 16:44:19 2009 +0000;1238172259;-;-;Fri Mar 27 16:44:19 2009 +0000;1238172259
61b76b2adc81f5df322e0cd12acdb217ecce000d;61b76b2adc;-;-;Fri Mar 27 16:26:31 2009 +0000;1238171191;-;-;Fri Mar 27 16:26:31 2009 +0000;1238171191
74326a93d27271f846ba5d59036b0fe2ff9d30ce;74326a93d2;-;-;Fri Mar 27 16:05:38 2009 +0000;1238169938;-;-;Fri Mar 27 16:05:38 2009 +0000;1238169938
f9541d1e2859715b2fb4e1c155603ac9de96f784;f9541d1e28;-;-;Fri Mar 27 15:41:03 2009 +0000;1238168463;-;-;Fri Mar 27 15:41:03 2009 +0000;1238168463
2a35aee2c96695d1e82f87a77400491eb8dc15a9;2a35aee2c9;-;-;Fri Mar 27 15:07:33 2009 +0000;1238166453;-;-;Fri Mar 27 15:07:33 2009 +0000;1238166453
c488f3768c0bd947e5c91424fd3790ab6b5f6558;c488f3768c;-;-;Fri Mar 27 14:21:04 2009 +0000;1238163664;-;-;Fri Mar 27 14:21:04 2009 +0000;1238163664
337323a114bb8bc2a172379ddf258b81bd492d04;337323a114;-;-;Fri Mar 27 10:29:18 2009 +0000;1238149758;-;-;Fri Mar 27 10:29:18 2009 +0000;1238149758
aee7f1ce530b60dd61d3840d3a54409620655748;aee7f1ce53;-;-;Fri Mar 27 05:36:29 2009 +0000;1238132189;-;-;Fri Mar 27 05:36:29 2009 +0000;1238132189
1697932c57af5389fe07971e91866980e966403f;1697932c57;-;-;Fri Mar 27 04:57:13 2009 +0000;1238129833;-;-;Fri Mar 27 04:57:13 2009 +0000;1238129833
2c0c523d7099ed1ad77864242f25d30e218b2a95;2c0c523d70;-;-;Fri Mar 27 03:10:41 2009 +0000;1238123441;-;-;Fri Mar 27 03:10:41 2009 +0000;1238123441
af058e599d4144347458fd02b448186bcf043a8c;af058e599d;-;-;Fri Mar 27 02:10:41 2009 +0000;1238119841;-;-;Fri Mar 27 02:10:41 2009 +0000;1238119841
160e04c15a76996b13bce84942572c7f3520502f;160e04c15a;-;-;Fri Mar 27 00:10:31 2009 +0000;1238112631;-;-;Fri Mar 27 00:10:31 2009 +0000;1238112631
89d1c992777652d37c5e1e4cf22ff8a4acb5e03e;89d1c99277;-;-;Fri Mar 27 00:08:38 2009 +0000;1238112518;-;-;Fri Mar 27 00:08:38 2009 +0000;1238112518
62785abc72ef284e58da83ae6c293bd6b2538ddb;62785abc72;-;-;Fri Mar 27 00:07:25 2009 +0000;1238112445;-;-;Fri Mar 27 00:07:25 2009 +0000;1238112445
341ec4ed415933349d25a2f640a6eed5b7a061ee;341ec4ed41;-;-;Fri Mar 27 00:02:20 2009 +0000;1238112140;-;-;Fri Mar 27 00:02:20 2009 +0000;1238112140
ef41a12fea97384de709c7e40ae4af6374367db8;ef41a12fea;-;-;Fri Mar 27 00:01:41 2009 +0000;1238112101;-;-;Fri Mar 27 00:01:41 2009 +0000;1238112101
07fba932ac1bf8ff0b523d85e8f9f2e6a1c322cc;07fba932ac;-;-;Fri Mar 27 00:00:31 2009 +0000;1238112031;-;-;Fri Mar 27 00:00:31 2009 +0000;1238112031
81e683b3ee8bcad4df97f04b59397dcdc9942e14;81e683b3ee;-;-;Thu Mar 26 23:15:23 2009 +0000;1238109323;-;-;Thu Mar 26 23:15:23 2009 +0000;1238109323
6698ed8420e02a1ca829f098621e5f6b92cd10a6;6698ed8420;-;-;Thu Mar 26 19:52:50 2009 +0000;1238097170;-;-;Thu Mar 26 19:52:50 2009 +0000;1238097170
826c733c9ed72a566e9fbe08edee5699b5ad5fa1;826c733c9e;-;-;Thu Mar 26 14:07:53 2009 +0000;1238076473;-;-;Thu Mar 26 14:07:53 2009 +0000;1238076473
ce2486820942ad44b27ddb40ea415abd65add16b;ce24868209;-;-;Thu Mar 26 13:57:50 2009 +0000;1238075870;-;-;Thu Mar 26 13:57:50 2009 +0000;1238075870
77b2c4e199f1c7c57aff91f3f59f0158c9a9dbc5;77b2c4e199;-;-;Thu Mar 26 13:56:14 2009 +0000;1238075774;-;-;Thu Mar 26 13:56:14 2009 +0000;1238075774
88e336cf5639e530e959b18edd0e17f952617754;88e336cf56;-;-;Thu Mar 26 13:52:28 2009 +0000;1238075548;-;-;Thu Mar 26 13:52:28 2009 +0000;1238075548
40b06b5f19228782e57a5e91beecd0edade428cd;40b06b5f19;-;-;Thu Mar 26 13:49:21 2009 +0000;1238075361;-;-;Thu Mar 26 13:49:21 2009 +0000;1238075361
fe99003b45596f232ce0aeb5f5e3e4a4fb518132;fe99003b45;-;-;Thu Mar 26 09:53:14 2009 +0000;1238061194;-;-;Thu Mar 26 09:53:14 2009 +0000;1238061194
99fa91d56e221fdcd8b55243d10e6905aef06ac4;99fa91d56e;-;-;Thu Mar 26 04:37:26 2009 +0000;1238042246;-;-;Thu Mar 26 04:37:26 2009 +0000;1238042246
0dfba993e814610ca4cccc4908deb2d4836a1c87;0dfba993e8;-;-;Thu Mar 26 04:30:37 2009 +0000;1238041837;-;-;Thu Mar 26 04:30:37 2009 +0000;1238041837
035eea01e880a8661dc71b821f5cef6808b197e4;035eea01e8;-;-;Wed Mar 25 16:33:27 2009 +0000;1237998807;-;-;Wed Mar 25 16:33:27 2009 +0000;1237998807
93c56f19dfd39bd2f2cb6ffd94377a57c52a9ab6;93c56f19df;-;-;Wed Mar 25 15:26:39 2009 +0000;1237994799;-;-;Wed Mar 25 15:26:39 2009 +0000;1237994799
476a0ed76e817fe9dc098f4eed05d7c315a07087;476a0ed76e;-;-;Wed Mar 25 12:15:11 2009 +0000;1237983311;-;-;Wed Mar 25 12:15:11 2009 +0000;1237983311
4dc4ce32758d916a51a5953563be56a21531c9f2;4dc4ce3275;-;-;Wed Mar 25 12:14:55 2009 +0000;1237983295;-;-;Wed Mar 25 12:14:55 2009 +0000;1237983295
360434d0d1a4cddb2571a1fd91b52cb167ee461d;360434d0d1;-;-;Wed Mar 25 12:12:42 2009 +0000;1237983162;-;-;Wed Mar 25 12:12:42 2009 +0000;1237983162
665b284443980cd5450047cb27cb03659a90a59c;665b284443;-;-;Wed Mar 25 11:26:39 2009 +0000;1237980399;-;-;Wed Mar 25 11:26:39 2009 +0000;1237980399
d75291714a89a986da1ebfe1608d91beada49af5;d75291714a;-;-;Wed Mar 25 09:57:59 2009 +0000;1237975079;-;-;Wed Mar 25 09:57:59 2009 +0000;1237975079
0152d8d21d5c5fec2ce4572ddd0e83f71ea64680;0152d8d21d;-;-;Wed Mar 25 08:06:34 2009 +0000;1237968394;-;-;Wed Mar 25 08:06:34 2009 +0000;1237968394
e5f4b4937cc414cbc3d42aa5aedec700557927a5;e5f4b4937c;-;-;Wed Mar 25 06:01:17 2009 +0000;1237960877;-;-;Wed Mar 25 06:01:17 2009 +0000;1237960877
2db0f122c1830a2463d78a5e137d98c155c197a0;2db0f122c1;-;-;Wed Mar 25 03:14:35 2009 +0000;1237950875;-;-;Wed Mar 25 03:14:35 2009 +0000;1237950875
8d63a346522a82a474a5b9b9197cec861ed00e86;8d63a34652;-;-;Tue Mar 24 19:55:39 2009 +0000;1237924539;-;-;Tue Mar 24 19:55:39 2009 +0000;1237924539
c178888efd6db95ac62a4044bdfeac1b36be2d5b;c178888efd;-;-;Tue Mar 24 17:36:18 2009 +0000;1237916178;-;-;Tue Mar 24 17:36:18 2009 +0000;1237916178
0b463c0838fff09955a3d04a5d40ad5cbf44c8ac;0b463c0838;-;-;Tue Mar 24 05:56:56 2009 +0000;1237874216;-;-;Tue Mar 24 05:56:56 2009 +0000;1237874216
6ca253e3e697fd12b7c9720aeff0ab27eb75c61b;6ca253e3e6;-;-;Tue Mar 24 00:05:21 2009 +0000;1237853121;-;-;Tue Mar 24 00:05:21 2009 +0000;1237853121
be61846331883c6ebe9f9201a0a3d22bfcd4f628;be61846331;-;-;Mon Mar 23 21:33:15 2009 +0000;1237843995;-;-;Mon Mar 23 21:33:15 2009 +0000;1237843995
c546ca68d81aa33991d45030b10fe2ad6f835780;c546ca68d8;-;-;Mon Mar 23 19:27:00 2009 +0000;1237836420;-;-;Mon Mar 23 19:27:00 2009 +0000;1237836420
cbcb88399c176e2c60fa01aa4c2aba1a4e9b0c4d;cbcb88399c;-;-;Mon Mar 23 19:26:01 2009 +0000;1237836361;-;-;Mon Mar 23 19:26:01 2009 +0000;1237836361
dc0a82bb93af56060f575941c0b2f6ec73331793;dc0a82bb93;-;-;Mon Mar 23 16:37:58 2009 +0000;1237826278;-;-;Mon Mar 23 16:37:58 2009 +0000;1237826278
423c4113eebbe776a4aabc0297d130ef02006db4;423c4113ee;-;-;Mon Mar 23 16:06:24 2009 +0000;1237824384;-;-;Mon Mar 23 16:06:24 2009 +0000;1237824384
a004ed1c51064c5b2d1e24b19b51fb669f556a61;a004ed1c51;-;-;Mon Mar 23 14:54:48 2009 +0000;1237820088;-;-;Mon Mar 23 14:54:48 2009 +0000;1237820088
dab23a71f94f1f4e6df8085286825ce1177cfe6f;dab23a71f9;-;-;Mon Mar 23 14:39:25 2009 +0000;1237819165;-;-;Mon Mar 23 14:39:25 2009 +0000;1237819165
df99929e21baa93fca2f2fb9e9a6a77e89c405fe;df99929e21;-;-;Mon Mar 23 14:38:55 2009 +0000;1237819135;-;-;Mon Mar 23 14:38:55 2009 +0000;1237819135
26f0671250590fd49ab24e408ce7bc755d6d0478;26f0671250;-;-;Mon Mar 23 14:35:16 2009 +0000;1237818916;-;-;Mon Mar 23 14:35:16 2009 +0000;1237818916
d42e24a752c3df6a5e114073b24b7fd27756c097;d42e24a752;-;-;Mon Mar 23 14:15:47 2009 +0000;1237817747;-;-;Mon Mar 23 14:15:47 2009 +0000;1237817747
4344832a479831e7e67de1a9e81d52d023cd59ac;4344832a47;-;-;Mon Mar 23 14:13:41 2009 +0000;1237817621;-;-;Mon Mar 23 14:13:41 2009 +0000;1237817621
4708446d4a5578f68457b871ab28da176d833a7a;4708446d4a;-;-;Mon Mar 23 11:34:51 2009 +0000;1237808091;-;-;Mon Mar 23 11:34:51 2009 +0000;1237808091
84cc32525fc086f2be0ef0eb248a47fa3455b543;84cc32525f;-;-;Mon Mar 23 11:32:03 2009 +0000;1237807923;-;-;Mon Mar 23 11:32:03 2009 +0000;1237807923
38182f302a3fd443059622e4e0aa4d3d80dbeb55;38182f302a;-;-;Mon Mar 23 11:30:00 2009 +0000;1237807800;-;-;Mon Mar 23 11:30:00 2009 +0000;1237807800
7fb59f3226eec55f1bc7473b0569b45cba54b918;7fb59f3226;-;-;Mon Mar 23 11:29:29 2009 +0000;1237807769;-;-;Mon Mar 23 11:29:29 2009 +0000;1237807769
f19fdde61b93428f5bfd664e53f8784d102ce317;f19fdde61b;-;-;Mon Mar 23 11:28:49 2009 +0000;1237807729;-;-;Mon Mar 23 11:28:49 2009 +0000;1237807729
6d7bf17394e9a00df4f765c68cead5362e5bfdd4;6d7bf17394;-;-;Mon Mar 23 11:20:18 2009 +0000;1237807218;-;-;Mon Mar 23 11:20:18 2009 +0000;1237807218
c82a66b59c1c77415b4c850c64607596b34d0826;c82a66b59c;-;-;Mon Mar 23 11:19:25 2009 +0000;1237807165;-;-;Mon Mar 23 11:19:25 2009 +0000;1237807165
147709fa9eb315edd146af7e4733a005a0c11816;147709fa9e;-;-;Mon Mar 23 07:36:44 2009 +0000;1237793804;-;-;Mon Mar 23 07:36:44 2009 +0000;1237793804
22b25e0d7b3f0adcb62d30a515e3b5062e4c2a49;22b25e0d7b;-;-;Mon Mar 23 07:01:01 2009 +0000;1237791661;-;-;Mon Mar 23 07:01:01 2009 +0000;1237791661
7f96f57375d3b33d08bf3be6d5206066f3142cfe;7f96f57375;-;-;Mon Mar 23 06:23:01 2009 +0000;1237789381;-;-;Mon Mar 23 06:23:01 2009 +0000;1237789381
1284bd585f8abcd663454bfd6fff3f2203ee06b0;1284bd585f;-;-;Mon Mar 23 05:28:58 2009 +0000;1237786138;-;-;Mon Mar 23 05:28:58 2009 +0000;1237786138
bafe6b3ff9560468db893c43af2d3240b6edfddb;bafe6b3ff9;-;-;Mon Mar 23 04:52:47 2009 +0000;1237783967;-;-;Mon Mar 23 04:52:47 2009 +0000;1237783967
cd50e456457ecac48f61e2da991b6fd5dc0c6ee7;cd50e45645;-;-;Mon Mar 23 04:48:04 2009 +0000;1237783684;-;-;Mon Mar 23 04:48:04 2009 +0000;1237783684
63b5c48461f69cc611f4378d52f46197998334db;63b5c48461;-;-;Mon Mar 23 04:25:20 2009 +0000;1237782320;-;-;Mon Mar 23 04:25:20 2009 +0000;1237782320
e3b93c3b793bd897565ab31ba1c6d3340a85036c;e3b93c3b79;-;-;Mon Mar 23 04:24:35 2009 +0000;1237782275;-;-;Mon Mar 23 04:24:35 2009 +0000;1237782275
ef02c61e581dcd1f3cf110608da72ed133777d62;ef02c61e58;-;-;Mon Mar 23 04:23:25 2009 +0000;1237782205;-;-;Mon Mar 23 04:23:25 2009 +0000;1237782205
3f196517f99b7a7148e68531d1fa1b475ff81939;3f196517f9;-;-;Mon Mar 23 04:14:20 2009 +0000;1237781660;-;-;Mon Mar 23 04:14:20 2009 +0000;1237781660
b8f712621d56b2d862338a34d52839583dc1a80a;b8f712621d;-;-;Mon Mar 23 03:59:07 2009 +0000;1237780747;-;-;Mon Mar 23 03:59:07 2009 +0000;1237780747
c9ab18e7e797e6f9c8e17a74125391672b3412b5;c9ab18e7e7;-;-;Sun Mar 22 22:59:10 2009 +0000;1237762750;-;-;Sun Mar 22 22:59:10 2009 +0000;1237762750
8a5c2a6a56e7b88b44af7111edb2bfc8b1781f48;8a5c2a6a56;-;-;Sun Mar 22 22:39:04 2009 +0000;1237761544;-;-;Sun Mar 22 22:39:04 2009 +0000;1237761544
2bbc4e48adfc697903ccc5c61504be3fd2ac1c0c;2bbc4e48ad;-;-;Sun Mar 22 02:38:44 2009 +0000;1237689524;-;-;Sun Mar 22 02:38:44 2009 +0000;1237689524
72fae2ea1930c5c0d004220895bf890abcfecde4;72fae2ea19;-;-;Sun Mar 22 01:43:31 2009 +0000;1237686211;-;-;Sun Mar 22 01:43:31 2009 +0000;1237686211
8b4ad4575c2a44c3ee40f2af14f3ccc78cfbdb8b;8b4ad4575c;-;-;Sat Mar 21 21:43:44 2009 +0000;1237671824;-;-;Sat Mar 21 21:43:44 2009 +0000;1237671824
3ae3de19a91d65b81c02bad302843e4803fc2959;3ae3de19a9;-;-;Sat Mar 21 19:00:57 2009 +0000;1237662057;-;-;Sat Mar 21 19:00:57 2009 +0000;1237662057
9182cab52f51ddb8f53997de5915c1e165ba5357;9182cab52f;-;-;Fri Mar 20 12:15:06 2009 +0000;1237551306;-;-;Fri Mar 20 12:15:06 2009 +0000;1237551306
abbdc1144a73555b8d8fba36c59229a0c24a813d;abbdc1144a;-;-;Wed Mar 18 20:00:49 2009 +0000;1237406449;-;-;Wed Mar 18 20:00:49 2009 +0000;1237406449
d4ba002b0068b5e290e719bacfd688f28bb105d6;d4ba002b00;-;-;Sun Mar 15 03:07:05 2009 +0000;1237086425;-;-;Sun Mar 15 03:07:05 2009 +0000;1237086425
13dfa11def3fec960e86c19fb194c3e47fe0fc34;13dfa11def;-;-;Fri Mar 13 18:14:40 2009 +0000;1236968080;-;-;Fri Mar 13 18:14:40 2009 +0000;1236968080
bf31766ff847fb1352459b09b69e7e7afd124454;bf31766ff8;-;-;Fri Mar 13 05:39:32 2009 +0000;1236922772;-;-;Fri Mar 13 05:39:32 2009 +0000;1236922772
5b4fc2de36a737e48b4e8167926a086d0f318931;5b4fc2de36;-;-;Fri Mar 13 04:16:58 2009 +0000;1236917818;-;-;Fri Mar 13 04:16:58 2009 +0000;1236917818
9b1edea8a0b2be4244d03c8a7846475054af970b;9b1edea8a0;-;-;Thu Mar 12 21:32:40 2009 +0000;1236893560;-;-;Thu Mar 12 21:32:40 2009 +0000;1236893560
a3942c5c1bb914ddbeca9b3ef50a1cb2e984872e;a3942c5c1b;-;-;Thu Mar 12 21:30:42 2009 +0000;1236893442;-;-;Thu Mar 12 21:30:42 2009 +0000;1236893442
49549d66aee3ee27d271196d8a667fab2c7e6e65;49549d66ae;-;-;Thu Mar 12 17:22:02 2009 +0000;1236878522;-;-;Thu Mar 12 17:22:02 2009 +0000;1236878522
943e359c4adfd9e996601d8b8a81b43cfad6115e;943e359c4a;-;-;Thu Mar 12 06:29:33 2009 +0000;1236839373;-;-;Thu Mar 12 06:29:33 2009 +0000;1236839373
7ccb0b6e66ec3591209bd10c54d26f44a27bd0d8;7ccb0b6e66;-;-;Thu Mar 12 04:38:56 2009 +0000;1236832736;-;-;Thu Mar 12 04:38:56 2009 +0000;1236832736
4145c299ef5d04cc703c35bdb0eb85896ce6c575;4145c299ef;-;-;Thu Mar 12 04:35:45 2009 +0000;1236832545;-;-;Thu Mar 12 04:35:45 2009 +0000;1236832545
2855e5c086d83aa45b97b138a497f04c5a43c430;2855e5c086;-;-;Thu Mar 12 02:17:49 2009 +0000;1236824269;-;-;Thu Mar 12 02:17:49 2009 +0000;1236824269
8fdc57ecbd4dc08744f18b0edea3f7c0c2720c24;8fdc57ecbd;-;-;Wed Mar 11 23:01:22 2009 +0000;1236812482;-;-;Wed Mar 11 23:01:22 2009 +0000;1236812482
a0139abf1e4088e60ae6cd56bbc4779dd522cfde;a0139abf1e;-;-;Mon Mar 9 23:26:54 2009 +0000;1236641214;-;-;Mon Mar 9 23:26:54 2009 +0000;1236641214
d9f5a7a6c86123f8cfc3b02c4b3b44d73c79b3f4;d9f5a7a6c8;-;-;Mon Mar 9 02:28:22 2009 +0000;1236565702;-;-;Mon Mar 9 02:28:22 2009 +0000;1236565702
0ef0ff60f0b08b521ddc8fc093b38d7c9eb98326;0ef0ff60f0;-;-;Sun Mar 8 08:47:10 2009 +0000;1236502030;-;-;Sun Mar 8 08:47:10 2009 +0000;1236502030
b04009357a32d7b35b95ab2019489188794013c9;b04009357a;-;-;Sat Mar 7 21:51:41 2009 +0000;1236462701;-;-;Sat Mar 7 21:51:41 2009 +0000;1236462701
4f8b812e2971d697479e5ae065f3eef7d259ba0f;4f8b812e29;-;-;Sat Mar 7 21:50:53 2009 +0000;1236462653;-;-;Sat Mar 7 21:50:53 2009 +0000;1236462653
049432026699f06e01d76d566f3413975f436bd9;0494320266;-;-;Sat Mar 7 21:47:48 2009 +0000;1236462468;-;-;Sat Mar 7 21:47:48 2009 +0000;1236462468
dc191bec2dfceb7ee052ac238c84eb564d27e1ee;dc191bec2d;-;-;Sat Mar 7 21:41:45 2009 +0000;1236462105;-;-;Sat Mar 7 21:41:45 2009 +0000;1236462105
a2c87ae67a4a84ffe91003f177488688346d3c6e;a2c87ae67a;-;-;Sat Mar 7 07:48:53 2009 +0000;1236412133;-;-;Sat Mar 7 07:48:53 2009 +0000;1236412133
fc9c3009fe7fd570ba3f7446553b1181be1ff3bd;fc9c3009fe;-;-;Sat Mar 7 07:42:25 2009 +0000;1236411745;-;-;Sat Mar 7 07:42:25 2009 +0000;1236411745
6281948cf98889df1229c5708f9eac0d1051fcf4;6281948cf9;-;-;Sat Mar 7 06:37:19 2009 +0000;1236407839;-;-;Sat Mar 7 06:37:19 2009 +0000;1236407839
f953fd5b220d8f712d8688a5598822e28ff4c2aa;f953fd5b22;-;-;Sat Mar 7 06:36:18 2009 +0000;1236407778;-;-;Sat Mar 7 06:36:18 2009 +0000;1236407778
3130351233bc4d1aaec8227e4c9bb8f8c90fab8e;3130351233;-;-;Sat Mar 7 06:17:12 2009 +0000;1236406632;-;-;Sat Mar 7 06:17:12 2009 +0000;1236406632
5de6e2c3953ab594fd04c4f2e59a102633a0a64f;5de6e2c395;-;-;Sat Mar 7 06:14:46 2009 +0000;1236406486;-;-;Sat Mar 7 06:14:46 2009 +0000;1236406486
faffd98621611cea8fd58ca813452a80689f0970;faffd98621;-;-;Sat Mar 7 05:49:12 2009 +0000;1236404952;-;-;Sat Mar 7 05:49:12 2009 +0000;1236404952
3231f458c8c2612825f65ffb9f078792af37acc5;3231f458c8;-;-;Sat Mar 7 04:54:31 2009 +0000;1236401671;-;-;Sat Mar 7 04:54:31 2009 +0000;1236401671
9735c8024cc7adf856fc6ba0dd01a197b11fa603;9735c8024c;-;-;Sat Mar 7 03:37:10 2009 +0000;1236397030;-;-;Sat Mar 7 03:37:10 2009 +0000;1236397030
100ba6599fdf5855a75ca88c74a4197420ec320d;100ba6599f;-;-;Sat Mar 7 03:22:22 2009 +0000;1236396142;-;-;Sat Mar 7 03:22:22 2009 +0000;1236396142
c41c64389f5b50bd6780fd85fdcf2a0ee8d36c2d;c41c64389f;-;-;Sat Mar 7 00:08:49 2009 +0000;1236384529;-;-;Sat Mar 7 00:08:49 2009 +0000;1236384529
3a7b4bf1b0d671a1d00f3dee3df301d621e7ad98;3a7b4bf1b0;-;-;Fri Mar 6 23:48:17 2009 +0000;1236383297;-;-;Fri Mar 6 23:48:17 2009 +0000;1236383297
c1f3ec0c5bee9d8f577a599fcfa4f3f9937f7646;c1f3ec0c5b;-;-;Fri Mar 6 20:33:43 2009 +0000;1236371623;-;-;Fri Mar 6 20:33:43 2009 +0000;1236371623
b04134cffbe51b3ba551860c304f76aad793eced;b04134cffb;-;-;Fri Mar 6 20:25:34 2009 +0000;1236371134;-;-;Fri Mar 6 20:25:34 2009 +0000;1236371134
622357291cc5fd42c06db3b5655312d54bdd4fda;622357291c;-;-;Fri Mar 6 20:22:05 2009 +0000;1236370925;-;-;Fri Mar 6 20:22:05 2009 +0000;1236370925
11657b54e05e32bc83088946fb033874663bad0e;11657b54e0;-;-;Fri Mar 6 20:20:40 2009 +0000;1236370840;-;-;Fri Mar 6 20:20:40 2009 +0000;1236370840
3d318ea38780d1ad5880bcda0a895e1f9cd887e2;3d318ea387;-;-;Fri Mar 6 20:20:34 2009 +0000;1236370834;-;-;Fri Mar 6 20:20:34 2009 +0000;1236370834
9216b3e8e1a5efdc2f4498c89374b375743e5ff9;9216b3e8e1;-;-;Fri Mar 6 20:17:17 2009 +0000;1236370637;-;-;Fri Mar 6 20:17:17 2009 +0000;1236370637
c278e1e94360c773c617e8e30945de42ca0999ef;c278e1e943;-;-;Fri Mar 6 20:08:33 2009 +0000;1236370113;-;-;Fri Mar 6 20:08:33 2009 +0000;1236370113
f83019afedf41a6c4d040064a952b748f8edcbc3;f83019afed;-;-;Fri Mar 6 19:33:53 2009 +0000;1236368033;-;-;Fri Mar 6 19:33:53 2009 +0000;1236368033
048b7f638fbfc1de0c0df9925c36ec8d1a4e90a1;048b7f638f;-;-;Fri Mar 6 07:18:42 2009 +0000;1236323922;-;-;Fri Mar 6 07:18:42 2009 +0000;1236323922
00ecbde244b58ddce88af55e375e3849d34eeaa4;00ecbde244;-;-;Fri Mar 6 07:11:01 2009 +0000;1236323461;-;-;Fri Mar 6 07:11:01 2009 +0000;1236323461
dfab514568a30fab90d6c2b50cee424aa677c7bf;dfab514568;-;-;Fri Mar 6 07:05:38 2009 +0000;1236323138;-;-;Fri Mar 6 07:05:38 2009 +0000;1236323138
2e7e98248724f5f4fc054617765053e7d7b978cd;2e7e982487;-;-;Fri Mar 6 06:55:53 2009 +0000;1236322553;-;-;Fri Mar 6 06:55:53 2009 +0000;1236322553
8610c0bce8842d4467249e66d2bbaf928d6db2ad;8610c0bce8;-;-;Fri Mar 6 03:27:12 2009 +0000;1236310032;-;-;Fri Mar 6 03:27:12 2009 +0000;1236310032
b985011b24cb40671ad6d2b8cc34fbea763ed7a4;b985011b24;-;-;Fri Mar 6 03:12:53 2009 +0000;1236309173;-;-;Fri Mar 6 03:12:53 2009 +0000;1236309173
43b2a40343be4d4a2ad12cf4dbdc0a76ddeaedbf;43b2a40343;-;-;Fri Mar 6 00:38:30 2009 +0000;1236299910;-;-;Fri Mar 6 00:38:30 2009 +0000;1236299910
93b558b1ce273add7115655d9b1ff9101d8b49e1;93b558b1ce;-;-;Thu Mar 5 20:22:06 2009 +0000;1236284526;-;-;Thu Mar 5 20:22:06 2009 +0000;1236284526
04314a62e660636e0bef368ae626ec9d76fad6e9;04314a62e6;-;-;Thu Mar 5 20:18:08 2009 +0000;1236284288;-;-;Thu Mar 5 20:18:08 2009 +0000;1236284288
eaf3a7cec49e3a6e8ed828dbb69b9a9b007b0b39;eaf3a7cec4;-;-;Thu Mar 5 20:08:15 2009 +0000;1236283695;-;-;Thu Mar 5 20:08:15 2009 +0000;1236283695
61a1c4d0c6124e75af95250a15a2d74187485bb1;61a1c4d0c6;-;-;Tue Mar 3 11:38:38 2009 +0000;1236080318;-;-;Tue Mar 3 11:38:38 2009 +0000;1236080318
ca01cb4df61c1b41afe0ae5ad178181c4cabdf20;ca01cb4df6;-;-;Tue Mar 3 11:34:41 2009 +0000;1236080081;-;-;Tue Mar 3 11:34:41 2009 +0000;1236080081
2a790ad25bb10499d69d8a0a1b93ad63625e2682;2a790ad25b;-;-;Tue Mar 3 10:42:43 2009 +0000;1236076963;-;-;Tue Mar 3 10:42:43 2009 +0000;1236076963
cbd5ddbb0d0a3b31172b2ece18b62a4eeb9e461f;cbd5ddbb0d;-;-;Tue Mar 3 09:32:48 2009 +0000;1236072768;-;-;Tue Mar 3 09:32:48 2009 +0000;1236072768
b08ad44230269a2a8717c3c8a25a9b5539a55a22;b08ad44230;-;-;Tue Mar 3 09:32:05 2009 +0000;1236072725;-;-;Tue Mar 3 09:32:05 2009 +0000;1236072725
663109287070c04bd8c69f63deb60dee536cfa61;6631092870;-;-;Tue Mar 3 02:31:45 2009 +0000;1236047505;-;-;Tue Mar 3 02:31:45 2009 +0000;1236047505
e834711bc0996f872bdf07484c1bfc083285f120;e834711bc0;-;-;Tue Mar 3 00:02:18 2009 +0000;1236038538;-;-;Tue Mar 3 00:02:18 2009 +0000;1236038538
6b6b8e50a3df0adf098a340f46ae089993210d74;6b6b8e50a3;-;-;Tue Mar 3 00:01:15 2009 +0000;1236038475;-;-;Tue Mar 3 00:01:15 2009 +0000;1236038475
b96b72fbaf86f72bc17dfbe440d9eed7caa450ea;b96b72fbaf;-;-;Mon Mar 2 20:22:55 2009 +0000;1236025375;-;-;Mon Mar 2 20:22:55 2009 +0000;1236025375
03f3bf09d63c1ee9cfbce54bb20696d06fed49b0;03f3bf09d6;-;-;Mon Mar 2 11:19:26 2009 +0000;1235992766;-;-;Mon Mar 2 11:19:26 2009 +0000;1235992766
ff83255acec9a051e4bf6d5499f7cd9d4d5d0465;ff83255ace;-;-;Sun Mar 1 21:04:30 2009 +0000;1235941470;-;-;Sun Mar 1 21:04:30 2009 +0000;1235941470
e3153f705ffd70157deffb2935e3db5b2a2a38a1;e3153f705f;-;-;Sat Feb 28 06:57:52 2009 +0000;1235804272;-;-;Sat Feb 28 06:57:52 2009 +0000;1235804272
f9918f9b2e9e97a8d3bebf66670b0463f11b274b;f9918f9b2e;-;-;Sat Feb 28 06:18:46 2009 +0000;1235801926;-;-;Sat Feb 28 06:18:46 2009 +0000;1235801926
f8270428dfedf97b4730d704ae496e3ab544c903;f8270428df;-;-;Sat Feb 28 06:10:17 2009 +0000;1235801417;-;-;Sat Feb 28 06:10:17 2009 +0000;1235801417
3dac5d82b1f15cae9ebe390128ffab94aa06cc2c;3dac5d82b1;-;-;Sat Feb 28 04:56:26 2009 +0000;1235796986;-;-;Sat Feb 28 04:56:26 2009 +0000;1235796986
c0c8117d5185778d2d1fe9db90168ca0ef38b4ec;c0c8117d51;-;-;Sat Feb 28 04:55:04 2009 +0000;1235796904;-;-;Sat Feb 28 04:55:04 2009 +0000;1235796904
f43e1110e9705043bd6cfeacded795012a588a44;f43e1110e9;-;-;Sat Feb 28 03:44:48 2009 +0000;1235792688;-;-;Sat Feb 28 03:44:48 2009 +0000;1235792688
c593f063970df90d7de7b85c6da5733aadcafde6;c593f06397;-;-;Sat Feb 28 03:43:35 2009 +0000;1235792615;-;-;Sat Feb 28 03:43:35 2009 +0000;1235792615
6deb1acab435d18f024e07a564ac77147729e0ec;6deb1acab4;-;-;Sat Feb 28 03:08:06 2009 +0000;1235790486;-;-;Sat Feb 28 03:08:06 2009 +0000;1235790486
d4fdad2202a16e2df11aefa2632b781ecef020ea;d4fdad2202;-;-;Sat Feb 28 01:35:04 2009 +0000;1235784904;-;-;Sat Feb 28 01:35:04 2009 +0000;1235784904
2689751c2b9f66d06552581941fcba3b60197c4a;2689751c2b;-;-;Fri Feb 27 22:54:35 2009 +0000;1235775275;-;-;Fri Feb 27 22:54:35 2009 +0000;1235775275
191b829a6c2a934b199da14a404152abd9a31a91;191b829a6c;-;-;Fri Feb 27 03:35:09 2009 +0000;1235705709;-;-;Fri Feb 27 03:35:09 2009 +0000;1235705709
e48fe0d89271113bcac4e7c41e86cb1d8230594e;e48fe0d892;-;-;Fri Feb 27 01:35:44 2009 +0000;1235698544;-;-;Fri Feb 27 01:35:44 2009 +0000;1235698544
e8b353e703c2c8a19bed6d8990615ca0d72545f0;e8b353e703;-;-;Wed Feb 25 19:12:12 2009 +0000;1235589132;-;-;Wed Feb 25 19:12:12 2009 +0000;1235589132
719a25a006650054c9c8000e9690840dd0c69b27;719a25a006;-;-;Wed Feb 25 15:44:38 2009 +0000;1235576678;-;-;Wed Feb 25 15:44:38 2009 +0000;1235576678
c1ea5a3ab8b8d748952b90abade2fa5a13e52057;c1ea5a3ab8;-;-;Wed Feb 25 14:32:51 2009 +0000;1235572371;-;-;Wed Feb 25 14:32:51 2009 +0000;1235572371
a1ea7f18205dbb5b1523daa0bf15fb0977b9d374;a1ea7f1820;-;-;Wed Feb 25 13:57:58 2009 +0000;1235570278;-;-;Wed Feb 25 13:57:58 2009 +0000;1235570278
e10c843809a91b71718abe1078fd3768ae14d75c;e10c843809;-;-;Wed Feb 25 13:55:30 2009 +0000;1235570130;-;-;Wed Feb 25 13:55:30 2009 +0000;1235570130
e989292e2a573e2b5a57bf3748b5ca20969cb057;e989292e2a;-;-;Wed Feb 25 13:42:45 2009 +0000;1235569365;-;-;Wed Feb 25 13:42:45 2009 +0000;1235569365
96e00d65946b1517dfd7bcaf65b7c50a7e912975;96e00d6594;-;-;Wed Feb 25 13:41:57 2009 +0000;1235569317;-;-;Wed Feb 25 13:41:57 2009 +0000;1235569317
5367ec0ff7f8b5287a19a31cb57d5c9fc615793c;5367ec0ff7;-;-;Wed Feb 25 12:12:14 2009 +0000;1235563934;-;-;Wed Feb 25 12:12:14 2009 +0000;1235563934
d83b601de02218c157dc65ff390bbc48728a9175;d83b601de0;-;-;Wed Feb 25 11:18:20 2009 +0000;1235560700;-;-;Wed Feb 25 11:18:20 2009 +0000;1235560700
516cc02d230322065dc4525f880e1d7ec169c597;516cc02d23;-;-;Wed Feb 25 10:08:50 2009 +0000;1235556530;-;-;Wed Feb 25 10:08:50 2009 +0000;1235556530
6d66e43402f71bc3669cd3ca4d67914583dd1f76;6d66e43402;-;-;Wed Feb 25 10:08:23 2009 +0000;1235556503;-;-;Wed Feb 25 10:08:23 2009 +0000;1235556503
092de0107cd876d7f8207da7a9fc9ba163cfadfe;092de0107c;-;-;Wed Feb 25 10:07:57 2009 +0000;1235556477;-;-;Wed Feb 25 10:07:57 2009 +0000;1235556477
b80362f8d1fbc5f47f339ddd3323c8cf67f1490d;b80362f8d1;-;-;Wed Feb 25 09:39:00 2009 +0000;1235554740;-;-;Wed Feb 25 09:39:00 2009 +0000;1235554740
160249c0124a759447fcfb92746ba4ff9d236d51;160249c012;-;-;Wed Feb 25 00:34:22 2009 +0000;1235522062;-;-;Wed Feb 25 00:34:22 2009 +0000;1235522062
555fa3b4c8155d088fee5b3bddeccc679746d9a2;555fa3b4c8;-;-;Wed Feb 25 00:28:15 2009 +0000;1235521695;-;-;Wed Feb 25 00:28:15 2009 +0000;1235521695
866ee1150e9fec572592b4f645f9e69a87e03af6;866ee1150e;-;-;Tue Feb 24 16:21:07 2009 +0000;1235492467;-;-;Tue Feb 24 16:21:07 2009 +0000;1235492467
778a00a595bb26ef7a8277d41ecbf1a14b168ff4;778a00a595;-;-;Tue Feb 24 16:20:26 2009 +0000;1235492426;-;-;Tue Feb 24 16:20:26 2009 +0000;1235492426
2fde8ef4d9deb333f22cb10005e7187d1a0b0888;2fde8ef4d9;-;-;Tue Feb 24 15:12:54 2009 +0000;1235488374;-;-;Tue Feb 24 15:12:54 2009 +0000;1235488374
eb47a4b5bee348f1401ffda2e1d88330aaa8e89c;eb47a4b5be;-;-;Tue Feb 24 15:01:01 2009 +0000;1235487661;-;-;Tue Feb 24 15:01:01 2009 +0000;1235487661
4c0edc2b9ddbc8c65cf2aab7cc05b71593b6daf4;4c0edc2b9d;-;-;Tue Feb 24 14:01:07 2009 +0000;1235484067;-;-;Tue Feb 24 14:01:07 2009 +0000;1235484067
2d0705467ad80911b099758af74cf9d0cf528bf6;2d0705467a;-;-;Tue Feb 24 12:59:59 2009 +0000;1235480399;-;-;Tue Feb 24 12:59:59 2009 +0000;1235480399
e35201fc78cb07461132041c7612e151fe30bb28;e35201fc78;-;-;Tue Feb 24 12:36:22 2009 +0000;1235478982;-;-;Tue Feb 24 12:36:22 2009 +0000;1235478982
c46b0ae27101243f4260e94192d9032533b1eb6b;c46b0ae271;-;-;Tue Feb 24 12:20:41 2009 +0000;1235478041;-;-;Tue Feb 24 12:20:41 2009 +0000;1235478041
760cab8fea4710dc6bf207a3d7d38244518894cf;760cab8fea;-;-;Tue Feb 24 11:46:00 2009 +0000;1235475960;-;-;Tue Feb 24 11:46:00 2009 +0000;1235475960
882c195221f3f702cda8a09103e5b174ed5bceea;882c195221;-;-;Tue Feb 24 00:27:36 2009 +0000;1235435256;-;-;Tue Feb 24 00:27:36 2009 +0000;1235435256
0b4e7cc5ed9fd856cef0681f54f166251b7d8fc8;0b4e7cc5ed;-;-;Tue Feb 24 00:26:37 2009 +0000;1235435197;-;-;Tue Feb 24 00:26:37 2009 +0000;1235435197
11e7ad21b05d51608e09285ec0b1efe717970fa3;11e7ad21b0;-;-;Mon Feb 23 23:44:49 2009 +0000;1235432689;-;-;Mon Feb 23 23:44:49 2009 +0000;1235432689
332607ad6ccac766e9bb1f420d4e79e245fabe3d;332607ad6c;-;-;Mon Feb 23 22:02:10 2009 +0000;1235426530;-;-;Mon Feb 23 22:02:10 2009 +0000;1235426530
bc8941084aeb8561f2cc1be06730ae6039361baf;bc8941084a;-;-;Mon Feb 23 17:15:00 2009 +0000;1235409300;-;-;Mon Feb 23 17:15:00 2009 +0000;1235409300
e22f267dba00604c35a6f397db4a991438915824;e22f267dba;-;-;Mon Feb 23 11:49:09 2009 +0000;1235389749;-;-;Mon Feb 23 11:49:09 2009 +0000;1235389749
b2fdd7f1fe6f91dead3f86277d3762c45d8087d3;b2fdd7f1fe;-;-;Sun Feb 22 14:54:09 2009 +0000;1235314449;-;-;Sun Feb 22 14:54:09 2009 +0000;1235314449
ca535bb1d06ab6527a333e8d87698beea7adb2d6;ca535bb1d0;-;-;Sun Feb 22 14:51:00 2009 +0000;1235314260;-;-;Sun Feb 22 14:51:00 2009 +0000;1235314260
cdd37d7e8bf371452957d67bb678eb3ea41212c0;cdd37d7e8b;-;-;Sun Feb 22 14:46:12 2009 +0000;1235313972;-;-;Sun Feb 22 14:46:12 2009 +0000;1235313972
e9d548e62f51896e12f6a6976dbba2f61c830c75;e9d548e62f;-;-;Sun Feb 22 14:35:28 2009 +0000;1235313328;-;-;Sun Feb 22 14:35:28 2009 +0000;1235313328
0db40dd676295c7edb2a368bdaf9b428fc9801c7;0db40dd676;-;-;Sun Feb 22 10:15:32 2009 +0000;1235297732;-;-;Sun Feb 22 10:15:32 2009 +0000;1235297732
1bc5188953dca46707e3f50f5f9e524d20f6b41d;1bc5188953;-;-;Sun Feb 22 10:03:40 2009 +0000;1235297020;-;-;Sun Feb 22 10:03:40 2009 +0000;1235297020
dc1edccc56b70f989661ee8f4887328bdb6fb5da;dc1edccc56;-;-;Sat Feb 21 18:04:08 2009 +0000;1235239448;-;-;Sat Feb 21 18:04:08 2009 +0000;1235239448
2de9e2a38db4338fd70af69d50e6153397755196;2de9e2a38d;-;-;Sat Feb 21 13:34:55 2009 +0000;1235223295;-;-;Sat Feb 21 13:34:55 2009 +0000;1235223295
4a02cd96eafdc92aff8bf53e18e94e799e53b785;4a02cd96ea;-;-;Sat Feb 21 11:52:38 2009 +0000;1235217158;-;-;Sat Feb 21 11:52:38 2009 +0000;1235217158
5fed34bdb44ee044a14918b74e26b42c7a071104;5fed34bdb4;-;-;Fri Feb 20 17:12:29 2009 +0000;1235149949;-;-;Fri Feb 20 17:12:29 2009 +0000;1235149949
171b855d1070a026ef06662a020994df7449f698;171b855d10;-;-;Fri Feb 20 14:58:19 2009 +0000;1235141899;-;-;Fri Feb 20 14:58:19 2009 +0000;1235141899
84ea67669a12807bbc00c6ec6f30b6e754fff00f;84ea67669a;-;-;Fri Feb 20 11:48:26 2009 +0000;1235130506;-;-;Fri Feb 20 11:48:26 2009 +0000;1235130506
eb1631f458a822fa4da7b51ea44388344bc55d6c;eb1631f458;-;-;Thu Feb 19 16:17:35 2009 +0000;1235060255;-;-;Thu Feb 19 16:17:35 2009 +0000;1235060255
ff8e7a1289fa8fb52c66555648fab2417111fbd9;ff8e7a1289;-;-;Thu Feb 19 00:29:21 2009 +0000;1235003361;-;-;Thu Feb 19 00:29:21 2009 +0000;1235003361
4cc42bf16fba8555062649535684d06feb663fd6;4cc42bf16f;-;-;Thu Feb 19 00:24:05 2009 +0000;1235003045;-;-;Thu Feb 19 00:24:05 2009 +0000;1235003045
dd7d299aa4c169d6d8e9700aef19dbf64d849faa;dd7d299aa4;-;-;Thu Feb 19 00:16:20 2009 +0000;1235002580;-;-;Thu Feb 19 00:16:20 2009 +0000;1235002580
56bd995d9cb0eb6fbfeac88d16bbc7c6ae1df850;56bd995d9c;-;-;Wed Feb 18 23:55:32 2009 +0000;1235001332;-;-;Wed Feb 18 23:55:32 2009 +0000;1235001332
d3d011143972c3d2e639855836f135e3c869a680;d3d0111439;-;-;Wed Feb 18 23:51:03 2009 +0000;1235001063;-;-;Wed Feb 18 23:51:03 2009 +0000;1235001063
85bc98ea4b5ede2da6c2ef770d39d0b9ecead521;85bc98ea4b;-;-;Wed Feb 18 23:45:14 2009 +0000;1235000714;-;-;Wed Feb 18 23:45:14 2009 +0000;1235000714
02164ab6a70ed6aa2bab62b5d46d6728ed10ab8c;02164ab6a7;-;-;Tue Feb 17 19:10:35 2009 +0000;1234897835;-;-;Tue Feb 17 19:10:35 2009 +0000;1234897835
43caa57296c49a9b72c5a95755a96686edae1bc3;43caa57296;-;-;Tue Feb 17 18:19:57 2009 +0000;1234894797;-;-;Tue Feb 17 18:19:57 2009 +0000;1234894797
9871e94cadcd7e4898e073f74b95d7cbf2d96748;9871e94cad;-;-;Tue Feb 17 18:18:33 2009 +0000;1234894713;-;-;Tue Feb 17 18:18:33 2009 +0000;1234894713
35c36dda4bb49e34e4e6f3d92a14a2bc937422f2;35c36dda4b;-;-;Tue Feb 17 17:50:14 2009 +0000;1234893014;-;-;Tue Feb 17 17:50:14 2009 +0000;1234893014
57874a6050d7291a9a7c74ef476f50ae7270dca5;57874a6050;-;-;Tue Feb 17 17:46:14 2009 +0000;1234892774;-;-;Tue Feb 17 17:46:14 2009 +0000;1234892774
aff17ca9e5213487fe69723f36c07fd6982d16ce;aff17ca9e5;-;-;Mon Feb 16 13:42:05 2009 +0000;1234791725;-;-;Mon Feb 16 13:42:05 2009 +0000;1234791725
35040a6572595121abfb40614c02234ae888caf5;35040a6572;-;-;Mon Feb 16 01:51:18 2009 +0000;1234749078;-;-;Mon Feb 16 01:51:18 2009 +0000;1234749078
5a09a2d642aaf61f6beb0b57f945c1ff724d6cd0;5a09a2d642;-;-;Mon Feb 16 01:43:49 2009 +0000;1234748629;-;-;Mon Feb 16 01:43:49 2009 +0000;1234748629
d56419dad9bc3522f8d25d344a7f385924dcb037;d56419dad9;-;-;Mon Feb 16 01:43:24 2009 +0000;1234748604;-;-;Mon Feb 16 01:43:24 2009 +0000;1234748604
46cbaa9729903647b844c14de664efc7538f1d2c;46cbaa9729;-;-;Mon Feb 16 01:36:13 2009 +0000;1234748173;-;-;Mon Feb 16 01:36:13 2009 +0000;1234748173
15bbd575a9236f1bcdee38e39326d544f1591def;15bbd575a9;-;-;Mon Feb 16 01:35:35 2009 +0000;1234748135;-;-;Mon Feb 16 01:35:35 2009 +0000;1234748135
213b528ffe5b3624139d3f92e00acef01f35d8a5;213b528ffe;-;-;Sun Feb 15 21:50:01 2009 +0000;1234734601;-;-;Sun Feb 15 21:50:01 2009 +0000;1234734601
90b5c3a8dd8902e1ab418083001a3d16138447ad;90b5c3a8dd;-;-;Sun Feb 15 21:31:20 2009 +0000;1234733480;-;-;Sun Feb 15 21:31:20 2009 +0000;1234733480
a25e24f37ee46595ce30045c6fb9efdb692b7386;a25e24f37e;-;-;Sun Feb 15 19:48:18 2009 +0000;1234727298;-;-;Sun Feb 15 19:48:18 2009 +0000;1234727298
d0b03604c824ad3ee9c2f7f2b3bef7140254dfb9;d0b03604c8;-;-;Sat Feb 14 21:50:51 2009 +0000;1234648251;-;-;Sat Feb 14 21:50:51 2009 +0000;1234648251
3ddd08942c432dfb590067317e146a4d5c6b16ec;3ddd08942c;-;-;Sat Feb 14 09:11:14 2009 +0000;1234602674;-;-;Sat Feb 14 09:11:14 2009 +0000;1234602674
da2175c0b779ca8be6f36944e552d0149f016d5a;da2175c0b7;-;-;Sat Feb 14 03:09:59 2009 +0000;1234580999;-;-;Sat Feb 14 03:09:59 2009 +0000;1234580999
fe462916b1f5c18221d1bb4656afd6374ee9c55d;fe462916b1;-;-;Fri Feb 13 12:17:48 2009 +0000;1234527468;-;-;Fri Feb 13 12:17:48 2009 +0000;1234527468
d8651a88ecac9d6e9f2cda6100032666705fb96b;d8651a88ec;-;-;Fri Feb 13 12:16:11 2009 +0000;1234527371;-;-;Fri Feb 13 12:16:11 2009 +0000;1234527371
c8080be4e5c6832afacd80b9927c6bca9b106d15;c8080be4e5;-;-;Fri Feb 13 11:51:53 2009 +0000;1234525913;-;-;Fri Feb 13 11:51:53 2009 +0000;1234525913
6b2d4a81a07c21d37acd35cdd6252e1bdb60b9e7;6b2d4a81a0;-;-;Fri Feb 13 11:46:55 2009 +0000;1234525615;-;-;Fri Feb 13 11:46:55 2009 +0000;1234525615
721f2ca63ec0867eaaac7a63c3f071f3ef0cf91f;721f2ca63e;-;-;Fri Feb 13 10:32:22 2009 +0000;1234521142;-;-;Fri Feb 13 10:32:22 2009 +0000;1234521142
4252d40708d61a0fccb0b321189a9082356ec41f;4252d40708;-;-;Fri Feb 13 10:30:33 2009 +0000;1234521033;-;-;Fri Feb 13 10:30:33 2009 +0000;1234521033
2674b13b06802e0d9f0894ac14c9623a7e157d81;2674b13b06;-;-;Fri Feb 13 09:15:43 2009 +0000;1234516543;-;-;Fri Feb 13 09:15:43 2009 +0000;1234516543
796392db1ae5c8902880c7e28b61ff987ea4aeef;796392db1a;-;-;Fri Feb 13 09:14:08 2009 +0000;1234516448;-;-;Fri Feb 13 09:14:08 2009 +0000;1234516448
ffb9625abf1081f44b4fdf07c8de841920995a61;ffb9625abf;-;-;Fri Feb 13 09:11:03 2009 +0000;1234516263;-;-;Fri Feb 13 09:11:03 2009 +0000;1234516263
e58d036c739f5dfec5a3170ed5dfdd4c367ac2d8;e58d036c73;-;-;Fri Feb 13 09:09:56 2009 +0000;1234516196;-;-;Fri Feb 13 09:09:56 2009 +0000;1234516196
483104f0faf0d39922a664c75e89f95769176acc;483104f0fa;-;-;Fri Feb 13 08:56:49 2009 +0000;1234515409;-;-;Fri Feb 13 08:56:49 2009 +0000;1234515409
647495edd366bac67727a5be8e651fcca030e0aa;647495edd3;-;-;Thu Feb 12 23:46:17 2009 +0000;1234482377;-;-;Thu Feb 12 23:46:17 2009 +0000;1234482377
d6ed6fcd3f9844dc49f6d408de67fe8586d3c836;d6ed6fcd3f;-;-;Thu Feb 12 23:36:56 2009 +0000;1234481816;-;-;Thu Feb 12 23:36:56 2009 +0000;1234481816
ad266a347ebbafc4fe22b1dcc7f2e21b88ddf57b;ad266a347e;-;-;Thu Feb 12 23:30:28 2009 +0000;1234481428;-;-;Thu Feb 12 23:30:28 2009 +0000;1234481428
08dd18df58f2623fb6f3f3b25586ec3c8f23fc67;08dd18df58;-;-;Thu Feb 12 23:03:58 2009 +0000;1234479838;-;-;Thu Feb 12 23:03:58 2009 +0000;1234479838
2bdb62f4c2b99975f5dad2ea4472d406bb7ccd76;2bdb62f4c2;-;-;Thu Feb 12 22:12:27 2009 +0000;1234476747;-;-;Thu Feb 12 22:12:27 2009 +0000;1234476747
f4b466dfdd9a2008a879a9e9726f22249811fe01;f4b466dfdd;-;-;Thu Feb 12 18:05:37 2009 +0000;1234461937;-;-;Thu Feb 12 18:05:37 2009 +0000;1234461937
ac104d4da0eb71846e16c247125c14d3a5c94ce4;ac104d4da0;-;-;Thu Feb 12 17:41:46 2009 +0000;1234460506;-;-;Thu Feb 12 17:41:46 2009 +0000;1234460506
fb057bb5f6b694c07534696029de36ee7d23e5d5;fb057bb5f6;-;-;Thu Feb 12 17:40:51 2009 +0000;1234460451;-;-;Thu Feb 12 17:40:51 2009 +0000;1234460451
8669b3293c3e8527ecd1a7dc7ad84daa18a56e8f;8669b3293c;-;-;Thu Feb 12 17:33:57 2009 +0000;1234460037;-;-;Thu Feb 12 17:33:57 2009 +0000;1234460037
777a104d48eb048967e6f37f02e6c73acd995267;777a104d48;-;-;Tue Feb 10 11:24:05 2009 +0000;1234265045;-;-;Tue Feb 10 11:24:05 2009 +0000;1234265045
21a442b253caff9126e31a8cc8689ecb27a83b5a;21a442b253;-;-;Mon Feb 9 22:10:47 2009 +0000;1234217447;-;-;Mon Feb 9 22:10:47 2009 +0000;1234217447
5a04ed502b80e7340b71967d01b6034c131bd9b4;5a04ed502b;-;-;Mon Feb 9 22:06:07 2009 +0000;1234217167;-;-;Mon Feb 9 22:06:07 2009 +0000;1234217167
6086bb37e7d1abba3d3e944cb88e2a9dc12ad717;6086bb37e7;-;-;Mon Feb 9 21:40:53 2009 +0000;1234215653;-;-;Mon Feb 9 21:40:53 2009 +0000;1234215653
0794756fba0e5dcb87d01f8c9a0c6230be38132c;0794756fba;-;-;Mon Feb 9 18:32:21 2009 +0000;1234204341;-;-;Mon Feb 9 18:32:21 2009 +0000;1234204341
fc6d7358ef388f4b3d18a2516d032d49673af311;fc6d7358ef;-;-;Mon Feb 9 18:28:04 2009 +0000;1234204084;-;-;Mon Feb 9 18:28:04 2009 +0000;1234204084
60392d6e7416ea2e4c594c7f93b07bfa30e79501;60392d6e74;-;-;Mon Feb 9 18:26:30 2009 +0000;1234203990;-;-;Mon Feb 9 18:26:30 2009 +0000;1234203990
6609386e4100608251a5764ac7cd14da9ee4ccb9;6609386e41;-;-;Mon Feb 9 15:38:17 2009 +0000;1234193897;-;-;Mon Feb 9 15:38:17 2009 +0000;1234193897
205df56ee435fe46cfbdea17a67afd3cc587b358;205df56ee4;-;-;Mon Feb 9 15:36:20 2009 +0000;1234193780;-;-;Mon Feb 9 15:36:20 2009 +0000;1234193780
f5e5fc1662c613a12b503c2f7d185b3d7acd8c5c;f5e5fc1662;-;-;Fri Feb 6 16:12:13 2009 +0000;1233936733;-;-;Fri Feb 6 16:12:13 2009 +0000;1233936733
fae0110536ab1741d153bd99aee0c8e17fc35274;fae0110536;-;-;Fri Feb 6 15:54:57 2009 +0000;1233935697;-;-;Fri Feb 6 15:54:57 2009 +0000;1233935697
df563dfcd6dcad6c8b4eb6579ce98661f936597b;df563dfcd6;-;-;Fri Feb 6 14:38:30 2009 +0000;1233931110;-;-;Fri Feb 6 14:38:30 2009 +0000;1233931110
b96a7a7a8c11d417d2f2dbab098b9be9021ce44a;b96a7a7a8c;-;-;Fri Feb 6 09:12:08 2009 +0000;1233911528;-;-;Fri Feb 6 09:12:08 2009 +0000;1233911528
ce83ebf0de315efb5fc28f72fedd114b5fa2aacb;ce83ebf0de;-;-;Fri Feb 6 08:18:37 2009 +0000;1233908317;-;-;Fri Feb 6 08:18:37 2009 +0000;1233908317
7e4fb09369a3b3eefa69b655c3d9f1da1c6bfd76;7e4fb09369;-;-;Thu Feb 5 22:45:35 2009 +0000;1233873935;-;-;Thu Feb 5 22:45:35 2009 +0000;1233873935
6cdc25d66a152fca363774ee5a5cd8dec915ca65;6cdc25d66a;-;-;Thu Feb 5 21:18:10 2009 +0000;1233868690;-;-;Thu Feb 5 21:18:10 2009 +0000;1233868690
ea54c6391e2cfa24bee00a5b45c4661e2a6cf560;ea54c6391e;-;-;Thu Feb 5 21:07:53 2009 +0000;1233868073;-;-;Thu Feb 5 21:07:53 2009 +0000;1233868073
92588cddc63b194c4a13860253fc4120ee56ecda;92588cddc6;-;-;Thu Feb 5 21:04:13 2009 +0000;1233867853;-;-;Thu Feb 5 21:04:13 2009 +0000;1233867853
460977263de87b9e85fe7639fdcfbba96a81adc9;460977263d;-;-;Thu Feb 5 15:45:25 2009 +0000;1233848725;-;-;Thu Feb 5 15:45:25 2009 +0000;1233848725
b0180fdf32429963faa28acef442becb51c83cdb;b0180fdf32;-;-;Thu Feb 5 15:44:16 2009 +0000;1233848656;-;-;Thu Feb 5 15:44:16 2009 +0000;1233848656
747ee860790d94c6888c424d261ba4a5c06f31b0;747ee86079;-;-;Thu Feb 5 15:33:44 2009 +0000;1233848024;-;-;Thu Feb 5 15:33:44 2009 +0000;1233848024
5786f6c359a6200a5d3cd8484490041a7b687e6d;5786f6c359;-;-;Tue Feb 3 11:24:10 2009 +0000;1233660250;-;-;Tue Feb 3 11:24:10 2009 +0000;1233660250
c8d6c15a05556747318efa7a134d06309bd63208;c8d6c15a05;-;-;Tue Jan 27 22:58:28 2009 +0000;1233097108;-;-;Tue Jan 27 22:58:28 2009 +0000;1233097108
27460e323a1eb1aa7c44be8e666ad2eb14f98195;27460e323a;-;-;Mon Jan 26 16:03:05 2009 +0000;1232985785;-;-;Mon Jan 26 16:03:05 2009 +0000;1232985785
dd2f1b467b3d6d6c050415358dcecc9f1bc095d8;dd2f1b467b;-;-;Mon Jan 26 15:49:55 2009 +0000;1232984995;-;-;Mon Jan 26 15:49:55 2009 +0000;1232984995
178e1161d720b524244db97f052dca32d04aeeff;178e1161d7;-;-;Mon Jan 26 15:42:13 2009 +0000;1232984533;-;-;Mon Jan 26 15:42:13 2009 +0000;1232984533
0a48996f1474a4b4ad8eeb644f12823c2385d72d;0a48996f14;-;-;Mon Jan 26 15:35:17 2009 +0000;1232984117;-;-;Mon Jan 26 15:35:17 2009 +0000;1232984117
e7c5a28586f9206be0446c8c660195ffcf2f8ec3;e7c5a28586;-;-;Sun Jan 25 23:29:45 2009 +0000;1232926185;-;-;Sun Jan 25 23:29:45 2009 +0000;1232926185
eef60863258eb7fe53f3f8fb533082a5d50be7f7;eef6086325;-;-;Sun Jan 25 23:28:01 2009 +0000;1232926081;-;-;Sun Jan 25 23:28:01 2009 +0000;1232926081
e7465dcb9967d90ee84656f5602dfe71ef1e28f5;e7465dcb99;-;-;Sun Jan 25 23:20:41 2009 +0000;1232925641;-;-;Sun Jan 25 23:20:41 2009 +0000;1232925641
612ed8c66004e39e3d819af53693c3069f59de51;612ed8c660;-;-;Sat Jan 24 17:04:29 2009 +0000;1232816669;-;-;Sat Jan 24 17:04:29 2009 +0000;1232816669
6c96c48bf5e87ac7fb339af9e83a68c34dfe4fdb;6c96c48bf5;-;-;Sat Jan 24 12:16:45 2009 +0000;1232799405;-;-;Sat Jan 24 12:16:45 2009 +0000;1232799405
7dcb3b5841ee5dec13b64cfd038c2134174a6a49;7dcb3b5841;-;-;Fri Jan 23 22:32:26 2009 +0000;1232749946;-;-;Fri Jan 23 22:32:26 2009 +0000;1232749946
300e4d72842dbd4fffc3abb2685a06f7701e2936;300e4d7284;-;-;Fri Jan 23 20:52:20 2009 +0000;1232743940;-;-;Fri Jan 23 20:52:20 2009 +0000;1232743940
16c939106973ea4ce688494bfce250e78e9b323b;16c9391069;-;-;Fri Jan 23 20:33:17 2009 +0000;1232742797;-;-;Fri Jan 23 20:33:17 2009 +0000;1232742797
93352336182d3d393506b02f64e5e47550a8df98;9335233618;-;-;Fri Jan 23 15:18:25 2009 +0000;1232723905;-;-;Fri Jan 23 15:18:25 2009 +0000;1232723905
16843b3a0738f5e95fa23d3f736a26d29db9ef66;16843b3a07;-;-;Fri Jan 23 11:57:58 2009 +0000;1232711878;-;-;Fri Jan 23 11:57:58 2009 +0000;1232711878
61b54282110bf37827c4b1bb74d677c44dfe9455;61b5428211;-;-;Fri Jan 23 00:03:33 2009 +0000;1232669013;-;-;Fri Jan 23 00:03:33 2009 +0000;1232669013
8e261e5833e24a31564fc386cf1def2166e8a4d7;8e261e5833;-;-;Thu Jan 22 20:36:36 2009 +0000;1232656596;-;-;Thu Jan 22 20:36:36 2009 +0000;1232656596
ad2cc34b79ce0422a4d893c4687519436b46864b;ad2cc34b79;-;-;Thu Jan 22 15:41:29 2009 +0000;1232638889;-;-;Thu Jan 22 15:41:29 2009 +0000;1232638889
bf9ffe2d67ba1748c113b5e66d4c7faa5e63b981;bf9ffe2d67;-;-;Thu Jan 22 12:02:30 2009 +0000;1232625750;-;-;Thu Jan 22 12:02:30 2009 +0000;1232625750
becea6115e2667b68d9533bbb16e1574f50e2499;becea6115e;-;-;Thu Jan 22 12:01:25 2009 +0000;1232625685;-;-;Thu Jan 22 12:01:25 2009 +0000;1232625685
1b6c4929ad2e3d60fd9eea90d9e156d3dc838e71;1b6c4929ad;-;-;Thu Jan 22 11:41:14 2009 +0000;1232624474;-;-;Thu Jan 22 11:41:14 2009 +0000;1232624474
52d34402668d8adc9ad6f329717816f29f040d23;52d3440266;-;-;Wed Jan 21 23:13:00 2009 +0000;1232579580;-;-;Wed Jan 21 23:13:00 2009 +0000;1232579580
1f770574b008d5a530834f854ae124b0f5ed755a;1f770574b0;-;-;Wed Jan 21 23:02:43 2009 +0000;1232578963;-;-;Wed Jan 21 23:02:43 2009 +0000;1232578963
3bef38e8f87c752c66567e0504a4f5370a6babf0;3bef38e8f8;-;-;Wed Jan 21 22:48:19 2009 +0000;1232578099;-;-;Wed Jan 21 22:48:19 2009 +0000;1232578099
7f7ff4ea9ba4c1c1ad544cfc25d40ed340ca5ffb;7f7ff4ea9b;-;-;Wed Jan 21 22:26:48 2009 +0000;1232576808;-;-;Wed Jan 21 22:26:48 2009 +0000;1232576808
fe31de529beb69da60ce8dcf110423132865e069;fe31de529b;-;-;Wed Jan 21 22:13:00 2009 +0000;1232575980;-;-;Wed Jan 21 22:13:00 2009 +0000;1232575980
f09db3a1067c94ef538552672f9b215619aca038;f09db3a106;-;-;Wed Jan 21 21:31:05 2009 +0000;1232573465;-;-;Wed Jan 21 21:31:05 2009 +0000;1232573465
60ce3eb12f2ed04d281c0548e55291743863b19a;60ce3eb12f;-;-;Wed Jan 21 21:04:15 2009 +0000;1232571855;-;-;Wed Jan 21 21:04:15 2009 +0000;1232571855
c7d1d3ccb87cb46f718424a2d71c28d5fa4b004c;c7d1d3ccb8;-;-;Wed Jan 21 17:45:42 2009 +0000;1232559942;-;-;Wed Jan 21 17:45:42 2009 +0000;1232559942
5d5e41269bb38b50d6519722ad82d7ddbd2fc461;5d5e41269b;-;-;Wed Jan 21 17:06:37 2009 +0000;1232557597;-;-;Wed Jan 21 17:06:37 2009 +0000;1232557597
61c9397c01c065392d10a3d0e8a239088dbd1104;61c9397c01;-;-;Tue Jan 20 18:49:13 2009 +0000;1232477353;-;-;Tue Jan 20 18:49:13 2009 +0000;1232477353
49ba677b64a92a2678461791738e20decd98a6c4;49ba677b64;-;-;Tue Jan 20 18:32:24 2009 +0000;1232476344;-;-;Tue Jan 20 18:32:24 2009 +0000;1232476344
9dec670be4532299925f067e676a7ee680a073fc;9dec670be4;-;-;Tue Jan 20 18:08:14 2009 +0000;1232474894;-;-;Tue Jan 20 18:08:14 2009 +0000;1232474894
8dbbb533f36e7e339939ffbe7c607e686985b691;8dbbb533f3;-;-;Tue Jan 20 18:01:51 2009 +0000;1232474511;-;-;Tue Jan 20 18:01:51 2009 +0000;1232474511
f0415306d58f105285f35a07f5506021ed965123;f0415306d5;-;-;Tue Jan 20 18:01:40 2009 +0000;1232474500;-;-;Tue Jan 20 18:01:40 2009 +0000;1232474500
76a6527c4c1556005ef1e318c8081b5cb96ca988;76a6527c4c;-;-;Tue Jan 20 18:01:26 2009 +0000;1232474486;-;-;Tue Jan 20 18:01:26 2009 +0000;1232474486
5585526ad1739c3bb22d1fe6a6f20cfc1a3ed51b;5585526ad1;-;-;Tue Jan 20 11:06:48 2009 +0000;1232449608;-;-;Tue Jan 20 11:06:48 2009 +0000;1232449608
8af66c83adb7055afb07cd19fc4268e697c2294a;8af66c83ad;-;-;Mon Jan 19 23:35:42 2009 +0000;1232408142;-;-;Mon Jan 19 23:35:42 2009 +0000;1232408142
d950b56999fced11d13aa0c638db156a6274e605;d950b56999;-;-;Mon Jan 19 23:34:41 2009 +0000;1232408081;-;-;Mon Jan 19 23:34:41 2009 +0000;1232408081
464c7eedf291dba5abfad2387cf3eeb2a05cbde3;464c7eedf2;-;-;Mon Jan 19 23:32:32 2009 +0000;1232407952;-;-;Mon Jan 19 23:32:32 2009 +0000;1232407952
76888e243fe8c3ca2741b9c5ceb21eb49dd273a1;76888e243f;-;-;Mon Jan 19 22:07:25 2009 +0000;1232402845;-;-;Mon Jan 19 22:07:25 2009 +0000;1232402845
5948d05ee039e92ae0e7e6c3e19f58733c13fad1;5948d05ee0;-;-;Fri Jan 16 09:28:54 2009 +0000;1232098134;-;-;Fri Jan 16 09:28:54 2009 +0000;1232098134
6479966ac72dce9633545fea1600e788ba9e41b6;6479966ac7;-;-;Thu Jan 15 14:45:15 2009 +0000;1232030715;-;-;Thu Jan 15 14:45:15 2009 +0000;1232030715
00734954bda534cf04bee06646eca91b665b27f5;00734954bd;-;-;Thu Jan 15 11:26:21 2009 +0000;1232018781;-;-;Thu Jan 15 11:26:21 2009 +0000;1232018781
6d5e07f46a6c766496cbc1996509b7800bde3f11;6d5e07f46a;-;-;Thu Jan 15 11:12:55 2009 +0000;1232017975;-;-;Thu Jan 15 11:12:55 2009 +0000;1232017975
7ec86ebd9ea77f58cf64048e3b84789afe40294e;7ec86ebd9e;-;-;Thu Jan 15 10:26:00 2009 +0000;1232015160;-;-;Thu Jan 15 10:26:00 2009 +0000;1232015160
4206b69b60514e7e259aed9aec55b4013976699e;4206b69b60;-;-;Thu Jan 15 10:18:31 2009 +0000;1232014711;-;-;Thu Jan 15 10:18:31 2009 +0000;1232014711
c3fcab05f0c14ab82a88f1d7de6c8aad3fe339d1;c3fcab05f0;-;-;Thu Jan 15 09:48:29 2009 +0000;1232012909;-;-;Thu Jan 15 09:48:29 2009 +0000;1232012909
17fe9c9712e62b59b427cf6ae3e5689d52ac8fa5;17fe9c9712;-;-;Wed Jan 14 16:45:03 2009 +0000;1231951503;-;-;Wed Jan 14 16:45:03 2009 +0000;1231951503
b1d474193d13732cdfe8906c3d8a8f6a5c3d6e42;b1d474193d;-;-;Wed Jan 14 16:29:33 2009 +0000;1231950573;-;-;Wed Jan 14 16:29:33 2009 +0000;1231950573
7b738309872ccc4b6afbc2e5ce534662e6c0de1b;7b73830987;-;-;Wed Jan 14 11:04:28 2009 +0000;1231931068;-;-;Wed Jan 14 11:04:28 2009 +0000;1231931068
1dec645383385e5728e47db9ae836b104701a66b;1dec645383;-;-;Wed Jan 14 10:03:28 2009 +0000;1231927408;-;-;Wed Jan 14 10:03:28 2009 +0000;1231927408
7cdc195331638bdb030e67ef9065bf0ff9732572;7cdc195331;-;-;Wed Jan 14 09:34:07 2009 +0000;1231925647;-;-;Wed Jan 14 09:34:07 2009 +0000;1231925647
46f99640ee4fd098642b9fcb2c9d2619d3adb0d2;46f99640ee;-;-;Wed Jan 14 09:29:30 2009 +0000;1231925370;-;-;Wed Jan 14 09:29:30 2009 +0000;1231925370
ce2c59ec848a4744639b3272c1fd2e4e2bdd69ce;ce2c59ec84;-;-;Wed Jan 14 09:27:51 2009 +0000;1231925271;-;-;Wed Jan 14 09:27:51 2009 +0000;1231925271
b05d800205eef655eef7d7b85d29f881a2f70965;b05d800205;-;-;Wed Jan 14 09:23:52 2009 +0000;1231925032;-;-;Wed Jan 14 09:23:52 2009 +0000;1231925032
e863f9a3715cd2a6cc20c764c3ded1ad4f8bffc9;e863f9a371;-;-;Tue Jan 13 10:41:26 2009 +0000;1231843286;-;-;Tue Jan 13 10:41:26 2009 +0000;1231843286
e966fd96059b32af5541355704e291138a492096;e966fd9605;-;-;Mon Jan 12 16:43:52 2009 +0000;1231778632;-;-;Mon Jan 12 16:43:52 2009 +0000;1231778632
56bdfae39afb694642879288cb953f5cedfe3e5e;56bdfae39a;-;-;Fri Jan 9 13:34:00 2009 +0000;1231508040;-;-;Fri Jan 9 13:34:00 2009 +0000;1231508040
c04dec1b15f5e9f82b19d91b40095a45a8bef9bd;c04dec1b15;-;-;Fri Jan 9 13:33:41 2009 +0000;1231508021;-;-;Fri Jan 9 13:33:41 2009 +0000;1231508021
fc06f9ba72514dca3ab1741a66775f88afa6f09d;fc06f9ba72;-;-;Fri Jan 9 12:48:19 2009 +0000;1231505299;-;-;Fri Jan 9 12:48:19 2009 +0000;1231505299
f2329cf426d950f3b9e1ff1ce1354cb5de28b498;f2329cf426;-;-;Fri Jan 9 12:37:41 2009 +0000;1231504661;-;-;Fri Jan 9 12:37:41 2009 +0000;1231504661
8ce1f203ffbcaf5622c03b77aa333f0f2c05043b;8ce1f203ff;-;-;Thu Jan 8 11:12:28 2009 +0000;1231413148;-;-;Thu Jan 8 11:12:28 2009 +0000;1231413148
ccd59ca088a90ca2a471cc211999b0bc63a6c95e;ccd59ca088;-;-;Wed Jan 7 16:20:40 2009 +0000;1231345240;-;-;Wed Jan 7 16:20:40 2009 +0000;1231345240
74f3ed3f191cff93390a0ea91d35913f1a6265cb;74f3ed3f19;-;-;Wed Jan 7 12:20:58 2009 +0000;1231330858;-;-;Wed Jan 7 12:20:58 2009 +0000;1231330858
76de5b0e1073201b9630307eceba338476f76e2c;76de5b0e10;-;-;Wed Jan 7 12:20:42 2009 +0000;1231330842;-;-;Wed Jan 7 12:20:42 2009 +0000;1231330842
e03a27ef465c0a4c6aefa34058d9555221b7edb7;e03a27ef46;-;-;Wed Jan 7 12:00:39 2009 +0000;1231329639;-;-;Wed Jan 7 12:00:39 2009 +0000;1231329639
688593074adb79f5b956b994086b901370a7769c;688593074a;-;-;Wed Jan 7 11:38:18 2009 +0000;1231328298;-;-;Wed Jan 7 11:38:18 2009 +0000;1231328298
22e78c90e026d58146594c9705c436e3bb6122a0;22e78c90e0;-;-;Wed Jan 7 11:37:09 2009 +0000;1231328229;-;-;Wed Jan 7 11:37:09 2009 +0000;1231328229
6be49ad8c55934cbecab1c28d9c2dea8aa6c8caa;6be49ad8c5;-;-;Wed Jan 7 11:36:33 2009 +0000;1231328193;-;-;Wed Jan 7 11:36:33 2009 +0000;1231328193
e0fe3f35aa408b713938c36845e2029a09f2865c;e0fe3f35aa;-;-;Wed Jan 7 11:24:50 2009 +0000;1231327490;-;-;Wed Jan 7 11:24:50 2009 +0000;1231327490
7bf6d90f2093853f0d1a1d092dcabdff5fc6a661;7bf6d90f20;-;-;Wed Jan 7 11:24:01 2009 +0000;1231327441;-;-;Wed Jan 7 11:24:01 2009 +0000;1231327441
0637dbad5e7693431912c56d8ece83cab7f6dd94;0637dbad5e;-;-;Wed Jan 7 11:20:08 2009 +0000;1231327208;-;-;Wed Jan 7 11:20:08 2009 +0000;1231327208
2945253d20c07a540bb16273e4005d1698abe8b8;2945253d20;-;-;Tue Jan 6 17:07:59 2009 +0000;1231261679;-;-;Tue Jan 6 17:07:59 2009 +0000;1231261679
8152b266b14724c2c48d415b83bc3f3c5a42785a;8152b266b1;-;-;Tue Jan 6 16:43:49 2009 +0000;1231260229;-;-;Tue Jan 6 16:43:49 2009 +0000;1231260229
5f8d4427085cb40cdc0ceb373ddcfc4e1974f12f;5f8d442708;-;-;Tue Jan 6 16:40:37 2009 +0000;1231260037;-;-;Tue Jan 6 16:40:37 2009 +0000;1231260037
86cf17e5e975f60b241cfd6e21e818833e45f6c7;86cf17e5e9;-;-;Tue Jan 6 16:32:59 2009 +0000;1231259579;-;-;Tue Jan 6 16:32:59 2009 +0000;1231259579
5dfe6775d4693ed63070f3ee7a5aed75a71e84a5;5dfe6775d4;-;-;Tue Jan 6 16:24:42 2009 +0000;1231259082;-;-;Tue Jan 6 16:24:42 2009 +0000;1231259082
2eca3aee0652ec90baa0f118b9c4844b50c3e518;2eca3aee06;-;-;Tue Jan 6 12:33:41 2009 +0000;1231245221;-;-;Tue Jan 6 12:33:41 2009 +0000;1231245221
6ba9ad8116b90780f1537cfaecb26aa93cd777b7;6ba9ad8116;-;-;Tue Jan 6 11:19:19 2009 +0000;1231240759;-;-;Tue Jan 6 11:19:19 2009 +0000;1231240759
03582973d74b30eba4b00be50189258b2d843bad;03582973d7;-;-;Tue Jan 6 11:18:27 2009 +0000;1231240707;-;-;Tue Jan 6 11:18:27 2009 +0000;1231240707
d116c8733a121855b703b989a2867251bdc633a1;d116c8733a;-;-;Wed Dec 24 22:02:08 2008 +0000;1230156128;-;-;Wed Dec 24 22:02:08 2008 +0000;1230156128
46722fa946247193c75a0a7ac2454bd5d120026d;46722fa946;-;-;Wed Dec 24 21:52:44 2008 +0000;1230155564;-;-;Wed Dec 24 21:52:44 2008 +0000;1230155564
62db6af87954c6fa2799f5fb352bb7813dcec5b3;62db6af879;-;-;Wed Dec 24 21:52:19 2008 +0000;1230155539;-;-;Wed Dec 24 21:52:19 2008 +0000;1230155539
a0bf1b4adea6b4b3ea3cc9bfaaca8c5b4fa9a1ae;a0bf1b4ade;-;-;Wed Dec 24 20:29:14 2008 +0000;1230150554;-;-;Wed Dec 24 20:29:14 2008 +0000;1230150554
915ad0a8d9843ae7c27dc2f269402899951fa449;915ad0a8d9;-;-;Wed Dec 24 20:17:43 2008 +0000;1230149863;-;-;Wed Dec 24 20:17:43 2008 +0000;1230149863
751daf95a198670325df795a36f799ecb7a9083e;751daf95a1;-;-;Wed Dec 24 19:34:04 2008 +0000;1230147244;-;-;Wed Dec 24 19:34:04 2008 +0000;1230147244
670bfd5ee254e39c0ea563d3dd5409c5d7a80a7c;670bfd5ee2;-;-;Wed Dec 24 19:14:15 2008 +0000;1230146055;-;-;Wed Dec 24 19:14:15 2008 +0000;1230146055
3d634f1eb7e2961d8c99a3397b619aafc3aeaf92;3d634f1eb7;-;-;Wed Dec 24 18:16:53 2008 +0000;1230142613;-;-;Wed Dec 24 18:16:53 2008 +0000;1230142613
6966099d85a6d03b7391dc2c4a42a2730525f06e;6966099d85;-;-;Sun Dec 21 00:12:12 2008 +0000;1229818332;-;-;Sun Dec 21 00:12:12 2008 +0000;1229818332
4671fd71416065e1381ef2683c15bdb0895c5121;4671fd7141;-;-;Sat Dec 20 23:34:49 2008 +0000;1229816089;-;-;Sat Dec 20 23:34:49 2008 +0000;1229816089
9211357e940a71977d9ede7e5daec2397aea1a28;9211357e94;-;-;Sat Dec 20 23:28:22 2008 +0000;1229815702;-;-;Sat Dec 20 23:28:22 2008 +0000;1229815702
5dd4e5220a9003a18aca04f1b63dcf86994c0bed;5dd4e5220a;-;-;Sat Dec 20 23:01:02 2008 +0000;1229814062;-;-;Sat Dec 20 23:01:02 2008 +0000;1229814062
0f4ab0a987b9168a9083406bec3340c25c2a5616;0f4ab0a987;-;-;Sat Dec 20 22:30:29 2008 +0000;1229812229;-;-;Sat Dec 20 22:30:29 2008 +0000;1229812229
beea69d83b3ff5d03ffcff7600b173415d0fea4e;beea69d83b;-;-;Sat Dec 20 21:06:19 2008 +0000;1229807179;-;-;Sat Dec 20 21:06:19 2008 +0000;1229807179
56e868b2d7f920c3505af7fb97961e67ccc34a1f;56e868b2d7;-;-;Sat Dec 20 20:06:11 2008 +0000;1229803571;-;-;Sat Dec 20 20:06:11 2008 +0000;1229803571
7abde41d5bfd1e25ee4667a9093e05bd3048872b;7abde41d5b;-;-;Sat Dec 20 19:29:15 2008 +0000;1229801355;-;-;Sat Dec 20 19:29:15 2008 +0000;1229801355
ac9f9c1348a04b9d0251674daf2852b22f216a7f;ac9f9c1348;-;-;Sat Dec 20 09:40:21 2008 +0000;1229766021;-;-;Sat Dec 20 09:40:21 2008 +0000;1229766021
07c15ce74628fbd4ae369c877f592a588a85598c;07c15ce746;-;-;Sat Dec 20 09:36:46 2008 +0000;1229765806;-;-;Sat Dec 20 09:36:46 2008 +0000;1229765806
a73e4fc26637d6abc3b7eab8d226c23c4a99a9d7;a73e4fc266;-;-;Sat Dec 20 09:14:08 2008 +0000;1229764448;-;-;Sat Dec 20 09:14:08 2008 +0000;1229764448
c3a68dfdda5d0d4337beb5371e86336db27a802b;c3a68dfdda;-;-;Sat Dec 20 09:12:11 2008 +0000;1229764331;-;-;Sat Dec 20 09:12:11 2008 +0000;1229764331
6a31155c62da597ca2a5e2f36b557e2272987686;6a31155c62;-;-;Sat Dec 20 09:09:31 2008 +0000;1229764171;-;-;Sat Dec 20 09:09:31 2008 +0000;1229764171
3da373eeaf89ed5b47337effefba4b23d280dcbe;3da373eeaf;-;-;Sat Dec 20 08:19:32 2008 +0000;1229761172;-;-;Sat Dec 20 08:19:32 2008 +0000;1229761172
d083432478290c60e90751109044f496029752de;d083432478;-;-;Sat Dec 20 07:22:07 2008 +0000;1229757727;-;-;Sat Dec 20 07:22:07 2008 +0000;1229757727
78c692b0cbb4458e8633d00f4a62ae4db5b3355a;78c692b0cb;-;-;Sat Dec 20 00:18:15 2008 +0000;1229732295;-;-;Sat Dec 20 00:18:15 2008 +0000;1229732295
7a0d9c7533ebfcbc7dbefd37e49bfa9c1402deca;7a0d9c7533;-;-;Fri Dec 19 22:33:26 2008 +0000;1229726006;-;-;Fri Dec 19 22:33:26 2008 +0000;1229726006
be53a80657a7e613f148c9f3a7fbacc74eb0fc77;be53a80657;-;-;Fri Dec 19 21:58:42 2008 +0000;1229723922;-;-;Fri Dec 19 21:58:42 2008 +0000;1229723922
2d37eb722b85da0809382f68905e473e8146afc6;2d37eb722b;-;-;Fri Dec 19 15:45:06 2008 +0000;1229701506;-;-;Fri Dec 19 15:45:06 2008 +0000;1229701506
4a77699d38518de3c031c5a41cfa81ea3568007c;4a77699d38;-;-;Fri Dec 19 14:57:35 2008 +0000;1229698655;-;-;Fri Dec 19 14:57:35 2008 +0000;1229698655
d7a9d7c8e69b4a99913f498928c989df36d1cfc8;d7a9d7c8e6;-;-;Fri Dec 19 14:56:09 2008 +0000;1229698569;-;-;Fri Dec 19 14:56:09 2008 +0000;1229698569
5b9da399c62ac520295550887c7fa28c9909f80b;5b9da399c6;-;-;Fri Dec 19 03:45:30 2008 +0000;1229658330;-;-;Fri Dec 19 03:45:30 2008 +0000;1229658330
b6906ecfb76e666fac6a1194e953b453f33fadf7;b6906ecfb7;-;-;Fri Dec 19 03:10:43 2008 +0000;1229656243;-;-;Fri Dec 19 03:10:43 2008 +0000;1229656243
81efa4d23c80056789667d2abaa1e6641659e10e;81efa4d23c;-;-;Fri Dec 19 02:59:46 2008 +0000;1229655586;-;-;Fri Dec 19 02:59:46 2008 +0000;1229655586
6f91ffac62e176d7b38c22c86348cc28ae0e6011;6f91ffac62;-;-;Fri Dec 19 02:57:21 2008 +0000;1229655441;-;-;Fri Dec 19 02:57:21 2008 +0000;1229655441
eabec18151e074d418e6bc85e28838b611fe0f8c;eabec18151;-;-;Fri Dec 19 02:29:04 2008 +0000;1229653744;-;-;Fri Dec 19 02:29:04 2008 +0000;1229653744
aee972c5b151696884bbba70c86f0b3a1e1328c7;aee972c5b1;-;-;Thu Dec 18 22:30:35 2008 +0000;1229639435;-;-;Thu Dec 18 22:30:35 2008 +0000;1229639435
9845f56ba0edf019d5d96df15ae695bd48fd9695;9845f56ba0;-;-;Thu Dec 18 22:16:16 2008 +0000;1229638576;-;-;Thu Dec 18 22:16:16 2008 +0000;1229638576
ea68d343fad13c961eda66dff0343631104aa368;ea68d343fa;-;-;Thu Dec 18 21:27:18 2008 +0000;1229635638;-;-;Thu Dec 18 21:27:18 2008 +0000;1229635638
c442a5818d48c6424ebd2ada9ffee0349d5ee23e;c442a5818d;-;-;Thu Dec 18 19:16:54 2008 +0000;1229627814;-;-;Thu Dec 18 19:16:54 2008 +0000;1229627814
1cc845af6d0ff146c4edf28d92dc4a669837f39a;1cc845af6d;-;-;Thu Dec 18 19:14:49 2008 +0000;1229627689;-;-;Thu Dec 18 19:14:49 2008 +0000;1229627689
bbe4da4f1907a276523da1cdd43c9a16b5b21f4a;bbe4da4f19;-;-;Thu Dec 18 19:13:35 2008 +0000;1229627615;-;-;Thu Dec 18 19:13:35 2008 +0000;1229627615
f0dbfeb791b0b154c387d6bcf3373aded2001e42;f0dbfeb791;-;-;Thu Dec 18 18:58:26 2008 +0000;1229626706;-;-;Thu Dec 18 18:58:26 2008 +0000;1229626706
ac8f37439bf82384515e9a8ec1d6b0357c4d77ec;ac8f37439b;-;-;Thu Dec 18 18:44:45 2008 +0000;1229625885;-;-;Thu Dec 18 18:44:45 2008 +0000;1229625885
685f2fbc1c6aaf54e33a4585b122c71a1f2f0416;685f2fbc1c;-;-;Thu Dec 18 18:32:05 2008 +0000;1229625125;-;-;Thu Dec 18 18:32:05 2008 +0000;1229625125
986bb1995d255e33e8c08e68eba6d697e6319e5e;986bb1995d;-;-;Thu Dec 18 14:52:45 2008 +0000;1229611965;-;-;Thu Dec 18 14:52:45 2008 +0000;1229611965
579280d7bfcc8614fb2748b771422c133405bbf4;579280d7bf;-;-;Thu Dec 18 14:50:25 2008 +0000;1229611825;-;-;Thu Dec 18 14:50:25 2008 +0000;1229611825
0f521c3bfb43ab0d2afc172035a41f668dbd1f9f;0f521c3bfb;-;-;Thu Dec 18 00:07:30 2008 +0000;1229558850;-;-;Thu Dec 18 00:07:30 2008 +0000;1229558850
75738f345d9576a7ae343374c892f384c0c0237a;75738f345d;-;-;Wed Dec 17 23:55:40 2008 +0000;1229558140;-;-;Wed Dec 17 23:55:40 2008 +0000;1229558140
de7ec2288eb6ee0526dfc801166e198843eb9836;de7ec2288e;-;-;Wed Dec 17 23:52:20 2008 +0000;1229557940;-;-;Wed Dec 17 23:52:20 2008 +0000;1229557940
08eeb52e57e46824c03d068b9e81bb7110136cb9;08eeb52e57;-;-;Wed Dec 17 23:36:40 2008 +0000;1229557000;-;-;Wed Dec 17 23:36:40 2008 +0000;1229557000
2be8114c636e14611047e20e837ea7beec6052e4;2be8114c63;-;-;Wed Dec 17 23:20:57 2008 +0000;1229556057;-;-;Wed Dec 17 23:20:57 2008 +0000;1229556057
92b1b73f3288ede62f63486fa25e5d7b24d32a8f;92b1b73f32;-;-;Wed Dec 17 20:16:27 2008 +0000;1229544987;-;-;Wed Dec 17 20:16:27 2008 +0000;1229544987
c5f8b4f7c6b53d85ba20ffb2242076081f4b1327;c5f8b4f7c6;-;-;Wed Dec 17 20:10:34 2008 +0000;1229544634;-;-;Wed Dec 17 20:10:34 2008 +0000;1229544634
cac2c52e600577c10e38282c3d3e9b96fdb8517d;cac2c52e60;-;-;Wed Dec 17 19:46:35 2008 +0000;1229543195;-;-;Wed Dec 17 19:46:35 2008 +0000;1229543195
efcc9b64486eec44ebe1ffc0e00e1b8e2ce51470;efcc9b6448;-;-;Wed Dec 17 18:47:48 2008 +0000;1229539668;-;-;Wed Dec 17 18:47:48 2008 +0000;1229539668
93e30a4fc569210236dab94e55c12e454962f459;93e30a4fc5;-;-;Wed Dec 17 18:45:41 2008 +0000;1229539541;-;-;Wed Dec 17 18:45:41 2008 +0000;1229539541
285be534dffbaeca11b3b933eff03b072c8e8476;285be534df;-;-;Wed Dec 17 16:30:56 2008 +0000;1229531456;-;-;Wed Dec 17 16:30:56 2008 +0000;1229531456
750bcf36a6030f8ef3ae3c4c6661aa5d08110ebc;750bcf36a6;-;-;Wed Dec 17 16:28:56 2008 +0000;1229531336;-;-;Wed Dec 17 16:28:56 2008 +0000;1229531336
78e1ebe1a8bb90e6f12a9b7193406f148018173b;78e1ebe1a8;-;-;Wed Dec 17 15:47:14 2008 +0000;1229528834;-;-;Wed Dec 17 15:47:14 2008 +0000;1229528834
68444367b79e8fdb4863aa0375734e78d03d3210;68444367b7;-;-;Wed Dec 17 07:32:58 2008 +0000;1229499178;-;-;Wed Dec 17 07:32:58 2008 +0000;1229499178
3e8c013df38d3fa54e54ab80ff241a929e566336;3e8c013df3;-;-;Wed Dec 17 06:48:52 2008 +0000;1229496532;-;-;Wed Dec 17 06:48:52 2008 +0000;1229496532
31f5961dce677e48d145452c9dbb09d979cf0bbd;31f5961dce;-;-;Wed Dec 17 06:13:28 2008 +0000;1229494408;-;-;Wed Dec 17 06:13:28 2008 +0000;1229494408
f5b1cae78c298b781c644f4db0b2a154c5f4a719;f5b1cae78c;-;-;Wed Dec 17 05:46:13 2008 +0000;1229492773;-;-;Wed Dec 17 05:46:13 2008 +0000;1229492773
f4d8b6912613b44289a481dc26c6a1d936fa4489;f4d8b69126;-;-;Wed Dec 17 05:33:45 2008 +0000;1229492025;-;-;Wed Dec 17 05:33:45 2008 +0000;1229492025
10be5f08a56d46ff13d9d2a234626bf1eafda4a1;10be5f08a5;-;-;Wed Dec 17 02:20:01 2008 +0000;1229480401;-;-;Wed Dec 17 02:20:01 2008 +0000;1229480401
b326565ce521e4d5168012c94d2b5f9179e5859e;b326565ce5;-;-;Wed Dec 17 00:42:33 2008 +0000;1229474553;-;-;Wed Dec 17 00:42:33 2008 +0000;1229474553
72854849d98ca5530e8d35ddb37f54d91737dc55;72854849d9;-;-;Wed Dec 17 00:39:28 2008 +0000;1229474368;-;-;Wed Dec 17 00:39:28 2008 +0000;1229474368
b4b830337567bb720aa600ad60115dccadb6a39a;b4b8303375;-;-;Wed Dec 17 00:20:21 2008 +0000;1229473221;-;-;Wed Dec 17 00:20:21 2008 +0000;1229473221
5e0c5a42ad13e5be78dcd0c861d76ceacdaf9dd7;5e0c5a42ad;-;-;Wed Dec 17 00:19:07 2008 +0000;1229473147;-;-;Wed Dec 17 00:19:07 2008 +0000;1229473147
15860b1607980a628e06c80301868fae25d96f00;15860b1607;-;-;Tue Dec 16 23:31:35 2008 +0000;1229470295;-;-;Tue Dec 16 23:31:35 2008 +0000;1229470295
ed27e04a0d31d100173d93558f7f36e31a04ee31;ed27e04a0d;-;-;Tue Dec 16 23:29:28 2008 +0000;1229470168;-;-;Tue Dec 16 23:29:28 2008 +0000;1229470168
f2e9abf699dd0a919502d40b7755267ac9c03667;f2e9abf699;-;-;Tue Dec 16 22:55:07 2008 +0000;1229468107;-;-;Tue Dec 16 22:55:07 2008 +0000;1229468107
6285e61435a69f885747c2f122a37a8012526d86;6285e61435;-;-;Tue Dec 16 22:28:09 2008 +0000;1229466489;-;-;Tue Dec 16 22:28:09 2008 +0000;1229466489
f11bc4712c242b76ceb560454c92ef6304bb83d9;f11bc4712c;-;-;Tue Dec 16 20:07:32 2008 +0000;1229458052;-;-;Tue Dec 16 20:07:32 2008 +0000;1229458052
9ed180a80d24c04356dcab392a488f18b26987f5;9ed180a80d;-;-;Tue Dec 16 20:01:48 2008 +0000;1229457708;-;-;Tue Dec 16 20:01:48 2008 +0000;1229457708
29526096728a17ef8665ba746fd6ebc82ab0fb3d;2952609672;-;-;Tue Dec 16 19:19:41 2008 +0000;1229455181;-;-;Tue Dec 16 19:19:41 2008 +0000;1229455181
0b0c8f1506ea49576b6df4cd9e70caa29aa7e71d;0b0c8f1506;-;-;Tue Dec 16 18:28:19 2008 +0000;1229452099;-;-;Tue Dec 16 18:28:19 2008 +0000;1229452099
d3a46efeb2d63be01a3acfa4ce935b2e5e18822e;d3a46efeb2;-;-;Tue Dec 16 17:04:43 2008 +0000;1229447083;-;-;Tue Dec 16 17:04:43 2008 +0000;1229447083
d72897b6fa9c564506aaa82d5dacf36c9efe10a8;d72897b6fa;-;-;Tue Dec 16 05:35:23 2008 +0000;1229405723;-;-;Tue Dec 16 05:35:23 2008 +0000;1229405723
74ef4cb0f35ee42a064e5876f60878b5c17e00cf;74ef4cb0f3;-;-;Tue Dec 16 01:46:25 2008 +0000;1229391985;-;-;Tue Dec 16 01:46:25 2008 +0000;1229391985
4526501559dcb50401af2d37ee1595dff3080b90;4526501559;-;-;Tue Dec 16 01:08:43 2008 +0000;1229389723;-;-;Tue Dec 16 01:08:43 2008 +0000;1229389723
4a149d00f6efe0d18eb975e12e96a60399e7bf97;4a149d00f6;-;-;Mon Dec 15 22:52:02 2008 +0000;1229381522;-;-;Mon Dec 15 22:52:02 2008 +0000;1229381522
489427c3bed136db9ea1da741b70a47d6413f55e;489427c3be;-;-;Mon Dec 15 22:49:08 2008 +0000;1229381348;-;-;Mon Dec 15 22:49:08 2008 +0000;1229381348
b8a8ceae91f5de2ebecf9c0d9cb42e87edb1429b;b8a8ceae91;-;-;Mon Dec 15 18:49:11 2008 +0000;1229366951;-;-;Mon Dec 15 18:49:11 2008 +0000;1229366951
f7813b48e1294b008dec166293544fadbab2e8b2;f7813b48e1;-;-;Mon Dec 15 18:37:33 2008 +0000;1229366253;-;-;Mon Dec 15 18:37:33 2008 +0000;1229366253
a4c23509e34c90706eaed09fc1851c136ff1fc07;a4c23509e3;-;-;Mon Dec 15 18:18:50 2008 +0000;1229365130;-;-;Mon Dec 15 18:18:50 2008 +0000;1229365130
97e400efd6dee975ef55987bc5d0a5fc17c31833;97e400efd6;-;-;Mon Dec 15 17:48:31 2008 +0000;1229363311;-;-;Mon Dec 15 17:48:31 2008 +0000;1229363311
ef414420c81efe1bb3ffd2c6b1b7e1c7d3569545;ef414420c8;-;-;Mon Dec 15 17:13:48 2008 +0000;1229361228;-;-;Mon Dec 15 17:13:48 2008 +0000;1229361228
2ec861351cafe75c020cc4a56845eed655ceac70;2ec861351c;-;-;Mon Dec 15 09:25:01 2008 +0000;1229333101;-;-;Mon Dec 15 09:25:01 2008 +0000;1229333101
52ac3cea8ce14f8306b01aba8899211492d4c6fc;52ac3cea8c;-;-;Mon Dec 15 08:41:35 2008 +0000;1229330495;-;-;Mon Dec 15 08:41:35 2008 +0000;1229330495
248a7de73f90620f15fe546d5b54bc03160e9f21;248a7de73f;-;-;Mon Dec 15 05:20:25 2008 +0000;1229318425;-;-;Mon Dec 15 05:20:25 2008 +0000;1229318425
b44d647dad7f852c8a6fe31f345a4f890cccfc16;b44d647dad;-;-;Mon Dec 15 04:10:27 2008 +0000;1229314227;-;-;Mon Dec 15 04:10:27 2008 +0000;1229314227
afa4231751fe64186b47af2a81ce801e6521be32;afa4231751;-;-;Mon Dec 15 03:39:13 2008 +0000;1229312353;-;-;Mon Dec 15 03:39:13 2008 +0000;1229312353
6cb71bbb71cf30fac2d1d0a253a5be2cc78f893a;6cb71bbb71;-;-;Mon Dec 15 02:27:35 2008 +0000;1229308055;-;-;Mon Dec 15 02:27:35 2008 +0000;1229308055
8977ad4032a0afe2b1a013d968519e50d7da280a;8977ad4032;-;-;Mon Dec 15 01:14:57 2008 +0000;1229303697;-;-;Mon Dec 15 01:14:57 2008 +0000;1229303697
2359942dd71ee482b1534a74396d28472fb5d0d7;2359942dd7;-;-;Sun Dec 14 21:46:55 2008 +0000;1229291215;-;-;Sun Dec 14 21:46:55 2008 +0000;1229291215
931728ba2fe7f3bbf3f92efe5e435d8f506ac5c6;931728ba2f;-;-;Sun Dec 14 20:43:40 2008 +0000;1229287420;-;-;Sun Dec 14 20:43:40 2008 +0000;1229287420
8b2cf634a3dfd4a3cda1e2f4fe7642909431095c;8b2cf634a3;-;-;Sun Dec 14 20:13:56 2008 +0000;1229285636;-;-;Sun Dec 14 20:13:56 2008 +0000;1229285636
87de85ef19312fb05e242b500933f827bb1b5729;87de85ef19;-;-;Sun Dec 14 19:47:56 2008 +0000;1229284076;-;-;Sun Dec 14 19:47:56 2008 +0000;1229284076
69d80518f3d34a272d75bd52a6259c54e0b8adb4;69d80518f3;-;-;Sun Dec 14 18:40:53 2008 +0000;1229280053;-;-;Sun Dec 14 18:40:53 2008 +0000;1229280053
95950d28de638f89326147a80bc704481405199d;95950d28de;-;-;Sun Dec 14 18:01:20 2008 +0000;1229277680;-;-;Sun Dec 14 18:01:20 2008 +0000;1229277680
0a47beb647fb291eeaaee3da4ee16344c3a2b726;0a47beb647;-;-;Sun Dec 14 17:35:21 2008 +0000;1229276121;-;-;Sun Dec 14 17:35:21 2008 +0000;1229276121
7432202b6a50f5723ba5c0c178fe950b74bf4c9b;7432202b6a;-;-;Sun Dec 14 17:03:18 2008 +0000;1229274198;-;-;Sun Dec 14 17:03:18 2008 +0000;1229274198
b4e61dd9df0af43a38b7d441c653c369baaab365;b4e61dd9df;-;-;Sun Dec 14 08:00:16 2008 +0000;1229241616;-;-;Sun Dec 14 08:00:16 2008 +0000;1229241616
0572d9d1a4689021e91982dfa29532a3fae87129;0572d9d1a4;-;-;Sun Dec 14 07:06:43 2008 +0000;1229238403;-;-;Sun Dec 14 07:06:43 2008 +0000;1229238403
5e5d8b01962c1bcc850f7480b45cb7630596520b;5e5d8b0196;-;-;Sun Dec 14 06:46:37 2008 +0000;1229237197;-;-;Sun Dec 14 06:46:37 2008 +0000;1229237197
e944e2fcc54d35c9172cc701cb7b9b248a536805;e944e2fcc5;-;-;Sun Dec 14 06:32:25 2008 +0000;1229236345;-;-;Sun Dec 14 06:32:25 2008 +0000;1229236345
57eaf424245673492182b6850f65c2e8c9c2cc30;57eaf42424;-;-;Sun Dec 14 03:59:10 2008 +0000;1229227150;-;-;Sun Dec 14 03:59:10 2008 +0000;1229227150
72b306fe0abf68e7a5f6ca6dcb33c523c8270d7f;72b306fe0a;-;-;Sun Dec 14 03:41:39 2008 +0000;1229226099;-;-;Sun Dec 14 03:41:39 2008 +0000;1229226099
64aa2620bc320f58e8fd8cbbd7d27d907e30b5e4;64aa2620bc;-;-;Sun Dec 14 02:50:58 2008 +0000;1229223058;-;-;Sun Dec 14 02:50:58 2008 +0000;1229223058
83870f3fca295af6379755aeb8defa39a06a3961;83870f3fca;-;-;Sat Dec 13 22:07:22 2008 +0000;1229206042;-;-;Sat Dec 13 22:07:22 2008 +0000;1229206042
7f5e60e76ab0659e2e4ffda0df37d305a99b3f46;7f5e60e76a;-;-;Sat Dec 13 01:46:56 2008 +0000;1229132816;-;-;Sat Dec 13 01:46:56 2008 +0000;1229132816
84a4fe6d390a84419c3db97386aeac07c40ccecc;84a4fe6d39;-;-;Sat Dec 13 01:38:21 2008 +0000;1229132301;-;-;Sat Dec 13 01:38:21 2008 +0000;1229132301
6d03f881e9157e43f1aecc7e1383bfa36780aa68;6d03f881e9;-;-;Sat Dec 13 01:36:48 2008 +0000;1229132208;-;-;Sat Dec 13 01:36:48 2008 +0000;1229132208
32bea88eb799b8bbf2add481b87a4d2a4b92b6a3;32bea88eb7;-;-;Sat Dec 13 01:27:27 2008 +0000;1229131647;-;-;Sat Dec 13 01:27:27 2008 +0000;1229131647
e3ec177aab1485399c0623743eeef933e605a9b6;e3ec177aab;-;-;Sat Dec 13 01:07:30 2008 +0000;1229130450;-;-;Sat Dec 13 01:07:30 2008 +0000;1229130450
40016fc902e81a1623a7aed1d85473f99553af2b;40016fc902;-;-;Sat Dec 13 00:35:22 2008 +0000;1229128522;-;-;Sat Dec 13 00:35:22 2008 +0000;1229128522
be3ecf5fe7b085d88e0d00e2f9345fc7d2460e21;be3ecf5fe7;-;-;Sat Dec 13 00:11:12 2008 +0000;1229127072;-;-;Sat Dec 13 00:11:12 2008 +0000;1229127072
5ff4008423fdfaab5e39443f54f80f0288ba3d46;5ff4008423;-;-;Fri Dec 12 23:07:08 2008 +0000;1229123228;-;-;Fri Dec 12 23:07:08 2008 +0000;1229123228
4c88488c5a6dbdfae17d3676388108ce518c4064;4c88488c5a;-;-;Fri Dec 12 20:09:17 2008 +0000;1229112557;-;-;Fri Dec 12 20:09:17 2008 +0000;1229112557
04d3f984b135572a40f2b08c1b52ed34d1fae3da;04d3f984b1;-;-;Fri Dec 12 19:39:14 2008 +0000;1229110754;-;-;Fri Dec 12 19:39:14 2008 +0000;1229110754
b7cc5d2402be1ddc7376ace3be3f54f7955f881a;b7cc5d2402;-;-;Fri Dec 12 19:03:33 2008 +0000;1229108613;-;-;Fri Dec 12 19:03:33 2008 +0000;1229108613
5cb1b1d17c37aeb0768e0b51144abaca1d033b16;5cb1b1d17c;-;-;Fri Dec 12 18:57:46 2008 +0000;1229108266;-;-;Fri Dec 12 18:57:46 2008 +0000;1229108266
56908e32cd4da27bb9c62d30170d43b5df24238d;56908e32cd;-;-;Fri Dec 12 18:22:29 2008 +0000;1229106149;-;-;Fri Dec 12 18:22:29 2008 +0000;1229106149
3c0015c1ec09e858ddc518af5629531399114883;3c0015c1ec;-;-;Fri Dec 12 18:08:15 2008 +0000;1229105295;-;-;Fri Dec 12 18:08:15 2008 +0000;1229105295
c563f97b9024afc6a5199e180762109498cebad9;c563f97b90;-;-;Fri Dec 12 17:30:02 2008 +0000;1229103002;-;-;Fri Dec 12 17:30:02 2008 +0000;1229103002
1546c151879f53d9143ee05578d4ba4745c43b1b;1546c15187;-;-;Fri Dec 12 17:17:32 2008 +0000;1229102252;-;-;Fri Dec 12 17:17:32 2008 +0000;1229102252
003866835e49d3d0e119d0ce3f814d1a4062b78d;003866835e;-;-;Fri Dec 12 04:34:47 2008 +0000;1229056487;-;-;Fri Dec 12 04:34:47 2008 +0000;1229056487
f4a7700216f1078e89a1badecf30dd903c7ebad1;f4a7700216;-;-;Fri Dec 12 03:36:10 2008 +0000;1229052970;-;-;Fri Dec 12 03:36:10 2008 +0000;1229052970
c69bbfe058c14d8a44b116f359c962b74efdd900;c69bbfe058;-;-;Fri Dec 12 01:32:27 2008 +0000;1229045547;-;-;Fri Dec 12 01:32:27 2008 +0000;1229045547
1dade36c5dc3f3c3fa5c198c0c17156a58a5eec7;1dade36c5d;-;-;Fri Dec 12 01:08:48 2008 +0000;1229044128;-;-;Fri Dec 12 01:08:48 2008 +0000;1229044128
2b7bc1ea584bd2b7fb888fa9ad6117da7415f0f5;2b7bc1ea58;-;-;Fri Dec 12 01:02:05 2008 +0000;1229043725;-;-;Fri Dec 12 01:02:05 2008 +0000;1229043725
bd33eb771548dcec677a7d314b7a48058130b580;bd33eb7715;-;-;Fri Dec 12 00:57:14 2008 +0000;1229043434;-;-;Fri Dec 12 00:57:14 2008 +0000;1229043434
1de06a619ca35a2757220e60fb37079051182f66;1de06a619c;-;-;Thu Dec 11 23:48:24 2008 +0000;1229039304;-;-;Thu Dec 11 23:48:24 2008 +0000;1229039304
7bba0b7a690a5e6d5625d3b5cc3c71d0eee4494e;7bba0b7a69;-;-;Thu Dec 11 23:35:15 2008 +0000;1229038515;-;-;Thu Dec 11 23:35:15 2008 +0000;1229038515
c373688c00c674ea9441071df7b386af46f28a76;c373688c00;-;-;Thu Dec 11 23:28:31 2008 +0000;1229038111;-;-;Thu Dec 11 23:28:31 2008 +0000;1229038111
e8cacade0238955cb4cc10e5a71a8e0ee0cb468f;e8cacade02;-;-;Thu Dec 11 23:24:12 2008 +0000;1229037852;-;-;Thu Dec 11 23:24:12 2008 +0000;1229037852
78f8494becef02c4e5a36522449f2f394a1e6388;78f8494bec;-;-;Thu Dec 11 23:17:06 2008 +0000;1229037426;-;-;Thu Dec 11 23:17:06 2008 +0000;1229037426
2ae8ce6fe80b83518d2649905a3a51dcec6cf0d1;2ae8ce6fe8;-;-;Thu Dec 11 22:41:00 2008 +0000;1229035260;-;-;Thu Dec 11 22:41:00 2008 +0000;1229035260
08f1be7f85bc148f83b85a2f18d43f9b4e9b2c95;08f1be7f85;-;-;Thu Dec 11 22:37:31 2008 +0000;1229035051;-;-;Thu Dec 11 22:37:31 2008 +0000;1229035051
4b2a5a238312f0d3f5e335c30e132e416c312ca2;4b2a5a2383;-;-;Thu Dec 11 22:33:33 2008 +0000;1229034813;-;-;Thu Dec 11 22:33:33 2008 +0000;1229034813
0ae3bbb0fcbbb3c0aeefdb0951e86a9d52e2dddb;0ae3bbb0fc;-;-;Thu Dec 11 22:18:50 2008 +0000;1229033930;-;-;Thu Dec 11 22:18:50 2008 +0000;1229033930
57b5bdea2069de5b8e05a6950280bc315d21f2ee;57b5bdea20;-;-;Thu Dec 11 22:08:06 2008 +0000;1229033286;-;-;Thu Dec 11 22:08:06 2008 +0000;1229033286
3412f9b6f934ad1d3116a7ac7dd8f9229eb4ef3d;3412f9b6f9;-;-;Thu Dec 11 21:55:53 2008 +0000;1229032553;-;-;Thu Dec 11 21:55:53 2008 +0000;1229032553
3ca36b39e0aeb3f6ab9cbd66261d1d4f4174e824;3ca36b39e0;-;-;Thu Dec 11 01:05:29 2008 +0000;1228957529;-;-;Thu Dec 11 01:05:29 2008 +0000;1228957529
0e3124179ba390f84f4899ae4bed6541e4c18bb2;0e3124179b;-;-;Wed Dec 10 23:48:42 2008 +0000;1228952922;-;-;Wed Dec 10 23:48:42 2008 +0000;1228952922
f389a9a7b2fb65caf8fc31e097176a753c0b49eb;f389a9a7b2;-;-;Tue Dec 9 03:13:21 2008 +0000;1228792401;-;-;Tue Dec 9 03:13:21 2008 +0000;1228792401
1e628e6af17d1cf1b30188e8263cbffaf49f3d1c;1e628e6af1;-;-;Tue Dec 9 01:57:13 2008 +0000;1228787833;-;-;Tue Dec 9 01:57:13 2008 +0000;1228787833
4093a53e6affa72d0cd1e176d545d7f6abf6a12f;4093a53e6a;-;-;Mon Dec 8 21:43:29 2008 +0000;1228772609;-;-;Mon Dec 8 21:43:29 2008 +0000;1228772609
5c1b4347e7813ae288753a27e365b8e767c5a777;5c1b4347e7;-;-;Sun Dec 7 02:22:45 2008 +0000;1228616565;-;-;Sun Dec 7 02:22:45 2008 +0000;1228616565
b87ab2714040f351067ee8eb94099a3e6a3e8f2e;b87ab27140;-;-;Sun Dec 7 02:03:17 2008 +0000;1228615397;-;-;Sun Dec 7 02:03:17 2008 +0000;1228615397
c04c06f27ee5d8fd9719ba544d32ad616611ad35;c04c06f27e;-;-;Sun Dec 7 01:10:58 2008 +0000;1228612258;-;-;Sun Dec 7 01:10:58 2008 +0000;1228612258
f7dcf261933784e447bd7a1d823c806035f30fbd;f7dcf26193;-;-;Sun Dec 7 01:08:37 2008 +0000;1228612117;-;-;Sun Dec 7 01:08:37 2008 +0000;1228612117
b449f9fe100ae5ef2f4448d57108ecb74155f25d;b449f9fe10;-;-;Fri Dec 5 07:46:51 2008 +0000;1228463211;-;-;Fri Dec 5 07:46:51 2008 +0000;1228463211
df029b7f19086cc7f6afb58457c564f19af7a021;df029b7f19;-;-;Fri Dec 5 07:45:18 2008 +0000;1228463118;-;-;Fri Dec 5 07:45:18 2008 +0000;1228463118
c4401c40584356cafb6296ba2a29860238e4c978;c4401c4058;-;-;Fri Dec 5 07:25:33 2008 +0000;1228461933;-;-;Fri Dec 5 07:25:33 2008 +0000;1228461933
0ed916495cb5cd04bbfac472eded152e876282fa;0ed916495c;-;-;Fri Dec 5 07:17:31 2008 +0000;1228461451;-;-;Fri Dec 5 07:17:31 2008 +0000;1228461451
b3866a974a1e12896503f2d7b52262821bc014f1;b3866a974a;-;-;Fri Dec 5 07:07:06 2008 +0000;1228460826;-;-;Fri Dec 5 07:07:06 2008 +0000;1228460826
70b9dd61085b96e292d8bf59d626130c1ae8ab6c;70b9dd6108;-;-;Fri Dec 5 07:04:19 2008 +0000;1228460659;-;-;Fri Dec 5 07:04:19 2008 +0000;1228460659
62a7457599196ecfeeef3fe872258eb3d0eb19ca;62a7457599;-;-;Sat Nov 29 04:46:36 2008 +0000;1227933996;-;-;Sat Nov 29 04:46:36 2008 +0000;1227933996
71df72d6341015c8b27f574c2d1a2be926e4fadb;71df72d634;-;-;Fri Nov 28 14:05:15 2008 +0000;1227881115;-;-;Fri Nov 28 14:05:15 2008 +0000;1227881115
4f40a6c3137d1159b378772dc7f27882d7988836;4f40a6c313;-;-;Fri Nov 28 13:56:30 2008 +0000;1227880590;-;-;Fri Nov 28 13:56:30 2008 +0000;1227880590
f8c690c54211d30f0d1c0e9612805115e87001a4;f8c690c542;-;-;Fri Nov 28 11:39:36 2008 +0000;1227872376;-;-;Fri Nov 28 11:39:36 2008 +0000;1227872376
fda71008660d208c32703ff1e6d5d08297179d37;fda7100866;-;-;Thu Nov 27 21:49:10 2008 +0000;1227822550;-;-;Thu Nov 27 21:49:10 2008 +0000;1227822550
c8e23290ca0feaf2a8cacd4443dfc2488d9b0306;c8e23290ca;-;-;Thu Nov 27 21:24:42 2008 +0000;1227821082;-;-;Thu Nov 27 21:24:42 2008 +0000;1227821082
e3cc9237c40f916c0c1416e517e19a1a7a8a54d6;e3cc9237c4;-;-;Thu Nov 27 21:23:23 2008 +0000;1227821003;-;-;Thu Nov 27 21:23:23 2008 +0000;1227821003
85661c688218e09dbce629ba7880ee6d9617aa90;85661c6882;-;-;Thu Nov 27 17:35:44 2008 +0000;1227807344;-;-;Thu Nov 27 17:35:44 2008 +0000;1227807344
b0790bf5e7b6091552ccf17a2e707ab438d129d7;b0790bf5e7;-;-;Thu Nov 27 00:27:52 2008 +0000;1227745672;-;-;Thu Nov 27 00:27:52 2008 +0000;1227745672
6bbc966a21a765542d579f32c94b278982f0b5d9;6bbc966a21;-;-;Thu Nov 27 00:26:21 2008 +0000;1227745581;-;-;Thu Nov 27 00:26:21 2008 +0000;1227745581
c38bc4aa7ba07a791a60c10d7a66b6de91b22be7;c38bc4aa7b;-;-;Thu Nov 27 00:25:38 2008 +0000;1227745538;-;-;Thu Nov 27 00:25:38 2008 +0000;1227745538
a449472e069253c88916a5fa5bd3cfc2b08733ab;a449472e06;-;-;Thu Nov 27 00:22:10 2008 +0000;1227745330;-;-;Thu Nov 27 00:22:10 2008 +0000;1227745330
f744808b49348299121a3a31845d4e8c5cf014e9;f744808b49;-;-;Thu Nov 27 00:21:29 2008 +0000;1227745289;-;-;Thu Nov 27 00:21:29 2008 +0000;1227745289
cf1f6606f40be82c3a5cf9be855d99069448c8a9;cf1f6606f4;-;-;Wed Nov 26 10:26:46 2008 +0000;1227695206;-;-;Wed Nov 26 10:26:46 2008 +0000;1227695206
8ba93ae12c4d9bea612c8ba124aa7f88449e48c0;8ba93ae12c;-;-;Wed Nov 26 09:56:50 2008 +0000;1227693410;-;-;Wed Nov 26 09:56:50 2008 +0000;1227693410
dca286d0656639c1869f683f41a8965003367e56;dca286d065;-;-;Tue Nov 25 22:20:53 2008 +0000;1227651653;-;-;Tue Nov 25 22:20:53 2008 +0000;1227651653
20bdc3c2d5c5df23bb30719078197bedabac5bdb;20bdc3c2d5;-;-;Tue Nov 25 14:56:07 2008 +0000;1227624967;-;-;Tue Nov 25 14:56:07 2008 +0000;1227624967
1a2135ec17cc97005e495382dac9341aebb30a17;1a2135ec17;-;-;Tue Nov 25 14:11:54 2008 +0000;1227622314;-;-;Tue Nov 25 14:11:54 2008 +0000;1227622314
29657105da133995b0b2277b82c75d1df2931b64;29657105da;-;-;Tue Nov 25 01:29:54 2008 +0000;1227576594;-;-;Tue Nov 25 01:29:54 2008 +0000;1227576594
1f9e63af490793315abcc5f655d5635fe57c7e0a;1f9e63af49;-;-;Mon Nov 24 22:16:21 2008 +0000;1227564981;-;-;Mon Nov 24 22:16:21 2008 +0000;1227564981
96ba0d8ed6216c9625ec49ce75ce78102a392f06;96ba0d8ed6;-;-;Mon Nov 24 19:58:04 2008 +0000;1227556684;-;-;Mon Nov 24 19:58:04 2008 +0000;1227556684
b70fe3f0a159dca40721ca7fa0b623d0ddd5aa33;b70fe3f0a1;-;-;Mon Nov 24 10:57:32 2008 +0000;1227524252;-;-;Mon Nov 24 10:57:32 2008 +0000;1227524252
14d4630570c47a2f2e07845425edcad8f061b9ed;14d4630570;-;-;Fri Nov 21 15:42:47 2008 +0000;1227282167;-;-;Fri Nov 21 15:42:47 2008 +0000;1227282167
05815d68401b0b5181256e75851aeba19cb1aff3;05815d6840;-;-;Fri Nov 21 14:51:57 2008 +0000;1227279117;-;-;Fri Nov 21 14:51:57 2008 +0000;1227279117
eb89752f2bbed094bff198532421c9d1d1ec23e6;eb89752f2b;-;-;Fri Nov 21 14:51:16 2008 +0000;1227279076;-;-;Fri Nov 21 14:51:16 2008 +0000;1227279076
597e92a1a6f6a713ae4de8eda8dd2c71e46688e1;597e92a1a6;-;-;Fri Nov 21 00:04:10 2008 +0000;1227225850;-;-;Fri Nov 21 00:04:10 2008 +0000;1227225850
9e419dacfcaea00777981544863cfcefd9e7dd98;9e419dacfc;-;-;Thu Nov 20 23:54:00 2008 +0000;1227225240;-;-;Thu Nov 20 23:54:00 2008 +0000;1227225240
f56ee389e7087f62337e8fb9bb303190d1710b30;f56ee389e7;-;-;Thu Nov 20 23:43:59 2008 +0000;1227224639;-;-;Thu Nov 20 23:43:59 2008 +0000;1227224639
1929f67f02b2c736ed4c6e46f93ba495cd6ca18a;1929f67f02;-;-;Thu Nov 20 23:42:20 2008 +0000;1227224540;-;-;Thu Nov 20 23:42:20 2008 +0000;1227224540
e9649b3a341cfa2a01845d22b78d4d27733ffd0d;e9649b3a34;-;-;Thu Nov 20 22:28:00 2008 +0000;1227220080;-;-;Thu Nov 20 22:28:00 2008 +0000;1227220080
582c564fa30117cdc2b2effb156d7baad616daad;582c564fa3;-;-;Thu Nov 20 22:19:24 2008 +0000;1227219564;-;-;Thu Nov 20 22:19:24 2008 +0000;1227219564
3d1a709a5e1b0ddb7f2b0d94e0944acc5ccb870c;3d1a709a5e;-;-;Thu Nov 20 22:18:21 2008 +0000;1227219501;-;-;Thu Nov 20 22:18:21 2008 +0000;1227219501
0038aaa6975567083281d6c376e010ccb37aa870;0038aaa697;-;-;Thu Nov 20 22:12:56 2008 +0000;1227219176;-;-;Thu Nov 20 22:12:56 2008 +0000;1227219176
693ae0c2b02e66c2fc1fcb0c53b905a1dc847038;693ae0c2b0;-;-;Thu Nov 20 22:02:48 2008 +0000;1227218568;-;-;Thu Nov 20 22:02:48 2008 +0000;1227218568
ae34a8cb1b4a418bf4fbe0f049b8910229e4f6d4;ae34a8cb1b;-;-;Thu Nov 20 21:33:08 2008 +0000;1227216788;-;-;Thu Nov 20 21:33:08 2008 +0000;1227216788
22d3272117a384e0bf7429646b5ce7d1b98eab5d;22d3272117;-;-;Thu Nov 20 19:47:57 2008 +0000;1227210477;-;-;Thu Nov 20 19:47:57 2008 +0000;1227210477
51577b2a0736ba9f6a7c8e8478a7e289640a0dd5;51577b2a07;-;-;Thu Nov 20 19:46:28 2008 +0000;1227210388;-;-;Thu Nov 20 19:46:28 2008 +0000;1227210388
05bebb0c056714d97b479cf6c5552ba3c5b06d9c;05bebb0c05;-;-;Thu Nov 20 17:33:46 2008 +0000;1227202426;-;-;Thu Nov 20 17:33:46 2008 +0000;1227202426
998511a375c98f63047c9c7b1bb81028ac3705dc;998511a375;-;-;Thu Nov 20 16:28:38 2008 +0000;1227198518;-;-;Thu Nov 20 16:28:38 2008 +0000;1227198518
29c8f37ccca4828743f1fd2139abf0f0848a0f0e;29c8f37ccc;-;-;Thu Nov 20 15:08:30 2008 +0000;1227193710;-;-;Thu Nov 20 15:08:30 2008 +0000;1227193710
a51268a31c2bb02fd8edaacc662e36ceaa2a80c9;a51268a31c;-;-;Thu Nov 20 15:05:37 2008 +0000;1227193537;-;-;Thu Nov 20 15:05:37 2008 +0000;1227193537
9d3cb3a47e81d2ba7fafdd2fe380531a8aebc021;9d3cb3a47e;-;-;Thu Nov 20 13:50:01 2008 +0000;1227189001;-;-;Thu Nov 20 13:50:01 2008 +0000;1227189001
68dfd9efe804cb56c8e32c38b402230f41d4398e;68dfd9efe8;-;-;Thu Nov 20 12:52:24 2008 +0000;1227185544;-;-;Thu Nov 20 12:52:24 2008 +0000;1227185544
97b1fd0fc40366bce60984ece95e72b979b33be9;97b1fd0fc4;-;-;Thu Nov 20 12:36:59 2008 +0000;1227184619;-;-;Thu Nov 20 12:36:59 2008 +0000;1227184619
347f34c68a7a5bab46cf869e762fb3cee9a1fedc;347f34c68a;-;-;Thu Nov 20 02:10:53 2008 +0000;1227147053;-;-;Thu Nov 20 02:10:53 2008 +0000;1227147053
369821dd66fab964df6193f8f1afe5a334a30dfc;369821dd66;-;-;Wed Nov 19 17:19:15 2008 +0000;1227115155;-;-;Wed Nov 19 17:19:15 2008 +0000;1227115155
efb0ab79f9091f4c4b613676a7625d242be94f3f;efb0ab79f9;-;-;Wed Nov 19 17:12:44 2008 +0000;1227114764;-;-;Wed Nov 19 17:12:44 2008 +0000;1227114764
27ed13f44d2ddb451118a936c9dc7aac6ae84b67;27ed13f44d;-;-;Wed Nov 19 17:08:34 2008 +0000;1227114514;-;-;Wed Nov 19 17:08:34 2008 +0000;1227114514
2b2805058b3650a3f9f099c065c7f2f2bec4f941;2b2805058b;-;-;Wed Nov 19 15:44:21 2008 +0000;1227109461;-;-;Wed Nov 19 15:44:21 2008 +0000;1227109461
cc5d3ec38983ed91e6644bf3e5b82681db7f1aad;cc5d3ec389;-;-;Wed Nov 19 15:42:16 2008 +0000;1227109336;-;-;Wed Nov 19 15:42:16 2008 +0000;1227109336
6379c69c38281b26f80a965c26011b2a7345ace3;6379c69c38;-;-;Wed Nov 19 15:19:40 2008 +0000;1227107980;-;-;Wed Nov 19 15:19:40 2008 +0000;1227107980
4271f6d9e1b10b03ac1cdc60ce65bd01c5abcf85;4271f6d9e1;-;-;Wed Nov 19 15:13:53 2008 +0000;1227107633;-;-;Wed Nov 19 15:13:53 2008 +0000;1227107633
4e65f48f72f5668abda306f58190074e6b3b59ae;4e65f48f72;-;-;Wed Nov 19 14:41:38 2008 +0000;1227105698;-;-;Wed Nov 19 14:41:38 2008 +0000;1227105698
bb5150361bdb74c8ea9dc431d5efdd6047ad16a3;bb5150361b;-;-;Wed Nov 19 11:48:13 2008 +0000;1227095293;-;-;Wed Nov 19 11:48:13 2008 +0000;1227095293
90ef7649c21bba154d877266fa8618e5de1bb641;90ef7649c2;-;-;Tue Nov 18 15:12:28 2008 +0000;1227021148;-;-;Tue Nov 18 15:12:28 2008 +0000;1227021148
b33db73c932cd41bc19b9f5018c94c673dbe23d0;b33db73c93;-;-;Tue Nov 18 12:37:12 2008 +0000;1227011832;-;-;Tue Nov 18 12:37:12 2008 +0000;1227011832
fe72e8a5f74339e2501507a776681ca1044449fc;fe72e8a5f7;-;-;Mon Nov 17 16:00:03 2008 +0000;1226937603;-;-;Mon Nov 17 16:00:03 2008 +0000;1226937603
a1faaad9fa8718611a4c361a9376c8a61fcfbcaf;a1faaad9fa;-;-;Mon Nov 17 15:10:26 2008 +0000;1226934626;-;-;Mon Nov 17 15:10:26 2008 +0000;1226934626
fe29a711f346da4a4fcf9b3c53aa9470fd5d0c9b;fe29a711f3;-;-;Mon Nov 17 15:09:17 2008 +0000;1226934557;-;-;Mon Nov 17 15:09:17 2008 +0000;1226934557
b313de0d1e92acadd19c9a7ad1c4279a8371fff6;b313de0d1e;-;-;Mon Nov 17 13:39:10 2008 +0000;1226929150;-;-;Mon Nov 17 13:39:10 2008 +0000;1226929150
7d1f2bd1da3cff21d07da0f1c24eedbcc6e8e2c7;7d1f2bd1da;-;-;Sun Nov 16 22:03:16 2008 +0000;1226872996;-;-;Sun Nov 16 22:03:16 2008 +0000;1226872996
912c1234cdc6c451b6d029c32715a84bc95a7b03;912c1234cd;-;-;Sun Nov 16 21:04:46 2008 +0000;1226869486;-;-;Sun Nov 16 21:04:46 2008 +0000;1226869486
ecb86b46a44e1ef34f6c8e87d1bf049e07e61f2c;ecb86b46a4;-;-;Fri Nov 14 01:51:48 2008 +0000;1226627508;-;-;Fri Nov 14 01:51:48 2008 +0000;1226627508
24e34c894b253f784b542d94bf7c2ac4bcec49b9;24e34c894b;-;-;Sat Nov 8 10:24:07 2008 +0000;1226139847;-;-;Sat Nov 8 10:24:07 2008 +0000;1226139847
c62d4cb4385b818bfe3f1507bf1a66dbc209551d;c62d4cb438;-;-;Sat Nov 8 10:06:48 2008 +0000;1226138808;-;-;Sat Nov 8 10:06:48 2008 +0000;1226138808
ba425941127296f07d8c90c26771843e9a0f6d34;ba42594112;-;-;Sat Nov 8 09:37:55 2008 +0000;1226137075;-;-;Sat Nov 8 09:37:55 2008 +0000;1226137075
f7a45460cc8bdfeff54f5c9c7da1df96f5fb5fbf;f7a45460cc;-;-;Sat Nov 8 09:31:51 2008 +0000;1226136711;-;-;Sat Nov 8 09:31:51 2008 +0000;1226136711
e9877fa93a0e93807efe600d91f4150e3a40922f;e9877fa93a;-;-;Fri Nov 7 20:21:08 2008 +0000;1226089268;-;-;Fri Nov 7 20:21:08 2008 +0000;1226089268
477543241f3f843ba7ce6ac0c74d4e39bbe5e899;477543241f;-;-;Fri Nov 7 10:22:43 2008 +0000;1226053363;-;-;Fri Nov 7 10:22:43 2008 +0000;1226053363
aeced8b1a9e51a828c5ff3672c0d9e57923cf26e;aeced8b1a9;-;-;Thu Nov 6 12:43:00 2008 +0000;1225975380;-;-;Thu Nov 6 12:43:00 2008 +0000;1225975380
0012c1e2da3069bd0201855e9957da2a90944b73;0012c1e2da;-;-;Tue Nov 4 14:39:53 2008 +0000;1225809593;-;-;Tue Nov 4 14:39:53 2008 +0000;1225809593
a647f1629db2fa9c46ac2c7e97d96c2ac2a6e063;a647f1629d;-;-;Mon Nov 3 18:41:02 2008 +0000;1225737662;-;-;Mon Nov 3 18:41:02 2008 +0000;1225737662
0bcc8fcead8267bb1cd4781df478b6f7354fb6d8;0bcc8fcead;-;-;Mon Nov 3 12:25:46 2008 +0000;1225715146;-;-;Mon Nov 3 12:25:46 2008 +0000;1225715146
91576da3b07199faf7660080ad9a6597a067dc79;91576da3b0;-;-;Mon Nov 3 12:03:40 2008 +0000;1225713820;-;-;Mon Nov 3 12:03:40 2008 +0000;1225713820
3d06246195ffc81015ad0559e64796ce8c15e4e5;3d06246195;-;-;Mon Nov 3 12:03:31 2008 +0000;1225713811;-;-;Mon Nov 3 12:03:31 2008 +0000;1225713811
74733d0d1dcfb80d7c23a6d86f5f64fcff281627;74733d0d1d;-;-;Mon Nov 3 11:51:55 2008 +0000;1225713115;-;-;Mon Nov 3 11:51:55 2008 +0000;1225713115
e31ab5a09bbb749839cbc870346515e9bf3e6f64;e31ab5a09b;-;-;Mon Nov 3 11:51:50 2008 +0000;1225713110;-;-;Mon Nov 3 11:51:50 2008 +0000;1225713110
12f295b6f5807f36c3464fc1ccbae2906c08cae1;12f295b6f5;-;-;Mon Nov 3 11:47:12 2008 +0000;1225712832;-;-;Mon Nov 3 11:47:12 2008 +0000;1225712832
4ed458d9098057ecdc38108f3f8b382e0df2be37;4ed458d909;-;-;Mon Nov 3 11:45:48 2008 +0000;1225712748;-;-;Mon Nov 3 11:45:48 2008 +0000;1225712748
427f0d64b9cb6518e8e3d5aeed8559e0758e0648;427f0d64b9;-;-;Mon Nov 3 11:44:37 2008 +0000;1225712677;-;-;Mon Nov 3 11:44:37 2008 +0000;1225712677
764a2441cc1d39af42743a95096cbbf0acd3db1d;764a2441cc;-;-;Mon Nov 3 11:34:38 2008 +0000;1225712078;-;-;Mon Nov 3 11:34:38 2008 +0000;1225712078
b08d97e2ed8e1575142ba95de746128cb5a10dbb;b08d97e2ed;-;-;Mon Nov 3 11:29:38 2008 +0000;1225711778;-;-;Mon Nov 3 11:29:38 2008 +0000;1225711778
85d82f2244323c20c82447ef1af41e95ac1012a5;85d82f2244;-;-;Mon Nov 3 11:27:39 2008 +0000;1225711659;-;-;Mon Nov 3 11:27:39 2008 +0000;1225711659
327c54839b6a69116145664f3e5e62e00c6941ff;327c54839b;-;-;Mon Nov 3 11:27:18 2008 +0000;1225711638;-;-;Mon Nov 3 11:27:18 2008 +0000;1225711638
f0e0d9b49431abf0a47c7bfe6cb36a6c8caad689;f0e0d9b494;-;-;Mon Nov 3 11:14:16 2008 +0000;1225710856;-;-;Mon Nov 3 11:14:16 2008 +0000;1225710856
e7f5ebf9920d93a3a3b0373548ac6cfe2cc3b977;e7f5ebf992;-;-;Mon Nov 3 11:14:10 2008 +0000;1225710850;-;-;Mon Nov 3 11:14:10 2008 +0000;1225710850
cc057d76ebef4c5fa457a03f979d9e043be3a9e2;cc057d76eb;-;-;Mon Nov 3 11:09:23 2008 +0000;1225710563;-;-;Mon Nov 3 11:09:23 2008 +0000;1225710563
a0adee719f1005919031e10624ced9e19c0a5bfb;a0adee719f;-;-;Mon Nov 3 11:09:18 2008 +0000;1225710558;-;-;Mon Nov 3 11:09:18 2008 +0000;1225710558
827f5687e859aa2b0619a65aaa08b7d10391b4da;827f5687e8;-;-;Mon Nov 3 10:53:41 2008 +0000;1225709621;-;-;Mon Nov 3 10:53:41 2008 +0000;1225709621
24b71650319965f3ca61edd8034fb0e0d1fd30fd;24b7165031;-;-;Mon Nov 3 10:53:34 2008 +0000;1225709614;-;-;Mon Nov 3 10:53:34 2008 +0000;1225709614
8a4a00bd87f7ddffcd3db0ef32409ae146e37cb6;8a4a00bd87;-;-;Mon Nov 3 10:50:10 2008 +0000;1225709410;-;-;Mon Nov 3 10:50:10 2008 +0000;1225709410
6c48de5ad58ed623b067a33fc6aabc6167c2917b;6c48de5ad5;-;-;Mon Nov 3 10:49:21 2008 +0000;1225709361;-;-;Mon Nov 3 10:49:21 2008 +0000;1225709361
25dab068048283c015fac1f082101454dfcb7b56;25dab06804;-;-;Mon Nov 3 10:42:27 2008 +0000;1225708947;-;-;Mon Nov 3 10:42:27 2008 +0000;1225708947
88efc06a233fd5ed6ef8413f4c3bb0011a414b14;88efc06a23;-;-;Mon Nov 3 10:34:10 2008 +0000;1225708450;-;-;Mon Nov 3 10:34:10 2008 +0000;1225708450
7ecdf96db5d723ba45aeb7530e6e4b343ee2afda;7ecdf96db5;-;-;Mon Nov 3 09:56:23 2008 +0000;1225706183;-;-;Mon Nov 3 09:56:23 2008 +0000;1225706183
0a89948f536b25cbc9de36abeb3e8313b97f1c05;0a89948f53;-;-;Mon Nov 3 09:46:34 2008 +0000;1225705594;-;-;Mon Nov 3 09:46:34 2008 +0000;1225705594
baac76e2b140be3b41349b66e99140a09d223be5;baac76e2b1;-;-;Fri Oct 31 17:48:50 2008 +0000;1225475330;-;-;Fri Oct 31 17:48:50 2008 +0000;1225475330
c920c938a1bf9708161541acc2f10c1cceaf9c87;c920c938a1;-;-;Fri Oct 31 17:44:13 2008 +0000;1225475053;-;-;Fri Oct 31 17:44:13 2008 +0000;1225475053
89095e625c5b12dc2ed03b2ab638636eb6f2c1e4;89095e625c;-;-;Fri Oct 31 17:43:22 2008 +0000;1225475002;-;-;Fri Oct 31 17:43:22 2008 +0000;1225475002
6f0342388c2f61845ae852afe5833fcf0f9806a9;6f0342388c;-;-;Fri Oct 31 17:30:55 2008 +0000;1225474255;-;-;Fri Oct 31 17:30:55 2008 +0000;1225474255
97e1cdd5fc9738cbc79e285f59ef889b0ecdde83;97e1cdd5fc;-;-;Fri Oct 31 10:02:48 2008 +0000;1225447368;-;-;Fri Oct 31 10:02:48 2008 +0000;1225447368
d66956b1177df05de05644f53e33509d790b57bf;d66956b117;-;-;Fri Oct 31 10:00:38 2008 +0000;1225447238;-;-;Fri Oct 31 10:00:38 2008 +0000;1225447238
113366fc0cf70f4c555d17a7275be987a9264895;113366fc0c;-;-;Fri Oct 31 09:57:49 2008 +0000;1225447069;-;-;Fri Oct 31 09:57:49 2008 +0000;1225447069
2fd2a0d4d2868b2bfefe43dfeb42f307eff642b7;2fd2a0d4d2;-;-;Fri Oct 31 09:56:27 2008 +0000;1225446987;-;-;Fri Oct 31 09:56:27 2008 +0000;1225446987
c15b580a31bb98b7f7381e41576bbe37cb572e86;c15b580a31;-;-;Fri Oct 31 09:51:37 2008 +0000;1225446697;-;-;Fri Oct 31 09:51:37 2008 +0000;1225446697
39d5e191a6905e761bb411a3aa1a255e85429f60;39d5e191a6;-;-;Fri Oct 31 09:50:03 2008 +0000;1225446603;-;-;Fri Oct 31 09:50:03 2008 +0000;1225446603
753c7351f5eb47c685ef1e480d9b22461d3df925;753c7351f5;-;-;Fri Oct 31 09:47:46 2008 +0000;1225446466;-;-;Fri Oct 31 09:47:46 2008 +0000;1225446466
23a7015cbdb55c475a41370690d5b66216bd49e9;23a7015cbd;-;-;Fri Oct 31 09:46:08 2008 +0000;1225446368;-;-;Fri Oct 31 09:46:08 2008 +0000;1225446368
f1bd19f2f3285b5e56acaa346688520d42f0462f;f1bd19f2f3;-;-;Fri Oct 31 09:39:17 2008 +0000;1225445957;-;-;Fri Oct 31 09:39:17 2008 +0000;1225445957
92b0f55028ddbfc9721a6be32b979f7a8580041d;92b0f55028;-;-;Fri Oct 31 09:35:45 2008 +0000;1225445745;-;-;Fri Oct 31 09:35:45 2008 +0000;1225445745
0392b80ad3e0a7411af0f2cfd7182e9e5ab5f857;0392b80ad3;-;-;Fri Oct 31 09:34:55 2008 +0000;1225445695;-;-;Fri Oct 31 09:34:55 2008 +0000;1225445695
e1536fcabb29db7e909f5052fd3e3c9b60db2a02;e1536fcabb;-;-;Fri Oct 31 09:11:09 2008 +0000;1225444269;-;-;Fri Oct 31 09:11:09 2008 +0000;1225444269
87a2905c6ec73d9bb6743928e7af07f25ad3328f;87a2905c6e;-;-;Fri Oct 31 09:09:05 2008 +0000;1225444145;-;-;Fri Oct 31 09:09:05 2008 +0000;1225444145
b100e21175fbf91a83066dfe6ef940d9aee8a796;b100e21175;-;-;Fri Oct 31 09:05:50 2008 +0000;1225443950;-;-;Fri Oct 31 09:05:50 2008 +0000;1225443950
2cf6dc448028d634b4a58c472c9e114b981297c7;2cf6dc4480;-;-;Fri Oct 31 08:57:10 2008 +0000;1225443430;-;-;Fri Oct 31 08:57:10 2008 +0000;1225443430
19debfb080dd9d291860197f495390c67de2e3a9;19debfb080;-;-;Fri Oct 31 08:37:11 2008 +0000;1225442231;-;-;Fri Oct 31 08:37:11 2008 +0000;1225442231
616739a2bc0e8a55a9c44f7f4d51941b3c291c47;616739a2bc;-;-;Thu Oct 30 23:37:52 2008 +0000;1225409872;-;-;Thu Oct 30 23:37:52 2008 +0000;1225409872
7e195146582e7f2a00888faee412cecd54edb6cf;7e19514658;-;-;Thu Oct 30 22:44:02 2008 +0000;1225406642;-;-;Thu Oct 30 22:44:02 2008 +0000;1225406642
e48323aa56ada6de7ab77f7a2eff074a566d59ea;e48323aa56;-;-;Thu Oct 30 22:19:18 2008 +0000;1225405158;-;-;Thu Oct 30 22:19:18 2008 +0000;1225405158
9ab100ae2e9cb52dfcbaad028925c9fdbd630bf2;9ab100ae2e;-;-;Thu Oct 30 22:12:41 2008 +0000;1225404761;-;-;Thu Oct 30 22:12:41 2008 +0000;1225404761
4c7245d5de030d6241f45adc9b50273baff9aa2d;4c7245d5de;-;-;Thu Oct 30 22:10:08 2008 +0000;1225404608;-;-;Thu Oct 30 22:10:08 2008 +0000;1225404608
a058729c2a96775039c901e850925489dbcff0ee;a058729c2a;-;-;Thu Oct 30 21:57:15 2008 +0000;1225403835;-;-;Thu Oct 30 21:57:15 2008 +0000;1225403835
5bb0e15ce962e693fe9f2e9460def321091c20ea;5bb0e15ce9;-;-;Thu Oct 30 21:56:08 2008 +0000;1225403768;-;-;Thu Oct 30 21:56:08 2008 +0000;1225403768
cd17ea06af975aec2d031eddc7466f80c8b5bdf7;cd17ea06af;-;-;Thu Oct 30 21:55:44 2008 +0000;1225403744;-;-;Thu Oct 30 21:55:44 2008 +0000;1225403744
4ad4aad271db54cdb9263321ccc116709e14df26;4ad4aad271;-;-;Thu Oct 30 21:49:52 2008 +0000;1225403392;-;-;Thu Oct 30 21:49:52 2008 +0000;1225403392
dc2ca51f4e69676b7f2bc6183b2605c0b6d2a52e;dc2ca51f4e;-;-;Thu Oct 30 19:36:10 2008 +0000;1225395370;-;-;Thu Oct 30 19:36:10 2008 +0000;1225395370
8ff43f17a990ea488d04fcec7fc1dcce743c3ea3;8ff43f17a9;-;-;Thu Oct 30 19:27:01 2008 +0000;1225394821;-;-;Thu Oct 30 19:27:01 2008 +0000;1225394821
6c4941bbc5cd63789a65b515e8363b62b08c456c;6c4941bbc5;-;-;Thu Oct 30 17:35:13 2008 +0000;1225388113;-;-;Thu Oct 30 17:35:13 2008 +0000;1225388113
a02ee196b515f352b4bac1ac4a10493db9822aaa;a02ee196b5;-;-;Thu Oct 30 17:24:23 2008 +0000;1225387463;-;-;Thu Oct 30 17:24:23 2008 +0000;1225387463
faa74a395e0cd26afdd319b350761edef908df54;faa74a395e;-;-;Thu Oct 30 17:17:32 2008 +0000;1225387052;-;-;Thu Oct 30 17:17:32 2008 +0000;1225387052
b090bb9bda04a60d47fe4e1b6973c29f495b9904;b090bb9bda;-;-;Thu Oct 30 17:17:12 2008 +0000;1225387032;-;-;Thu Oct 30 17:17:12 2008 +0000;1225387032
7a58c0e76fc47ab0e4894fb708403cf8732c1221;7a58c0e76f;-;-;Thu Oct 30 16:55:52 2008 +0000;1225385752;-;-;Thu Oct 30 16:55:52 2008 +0000;1225385752
fdd12e9a2f35ae77919b9dabea5f5cc46eac4340;fdd12e9a2f;-;-;Thu Oct 30 16:55:08 2008 +0000;1225385708;-;-;Thu Oct 30 16:55:08 2008 +0000;1225385708
5aae2317073f10b3091d3b6aa838e28f5e8be8b4;5aae231707;-;-;Thu Oct 30 16:52:47 2008 +0000;1225385567;-;-;Thu Oct 30 16:52:47 2008 +0000;1225385567
59d3ebebc1167029f19c5b7decab6f0f74466238;59d3ebebc1;-;-;Thu Oct 30 16:51:33 2008 +0000;1225385493;-;-;Thu Oct 30 16:51:33 2008 +0000;1225385493
11a2e40d415ccda32ae06236eed78a442fbf7863;11a2e40d41;-;-;Thu Oct 30 16:51:09 2008 +0000;1225385469;-;-;Thu Oct 30 16:51:09 2008 +0000;1225385469
434c744842e814a0ebf5f93e82de98a3b8af0350;434c744842;-;-;Thu Oct 30 16:48:56 2008 +0000;1225385336;-;-;Thu Oct 30 16:48:56 2008 +0000;1225385336
3620181a105a93ced68ad6c0b6e13914a7630efe;3620181a10;-;-;Thu Oct 30 16:46:52 2008 +0000;1225385212;-;-;Thu Oct 30 16:46:52 2008 +0000;1225385212
b7584189f5329a6cad1b0a62ff4bf155e9af26ba;b7584189f5;-;-;Thu Oct 30 16:42:34 2008 +0000;1225384954;-;-;Thu Oct 30 16:42:34 2008 +0000;1225384954
ff92c1942bdd00f5faeda5cdd53e08c3d4237119;ff92c1942b;-;-;Thu Oct 30 16:34:21 2008 +0000;1225384461;-;-;Thu Oct 30 16:34:21 2008 +0000;1225384461
68db46605ea9a6a2e63f2aec9c7cade277cfaa92;68db46605e;-;-;Thu Oct 30 16:31:54 2008 +0000;1225384314;-;-;Thu Oct 30 16:31:54 2008 +0000;1225384314
100a80e11254c1e4596c9542b0bc71053d8b8fe0;100a80e112;-;-;Thu Oct 30 16:24:14 2008 +0000;1225383854;-;-;Thu Oct 30 16:24:14 2008 +0000;1225383854
a1545e3f066feb51a1e3aa39498dff5c890d0487;a1545e3f06;-;-;Thu Oct 30 15:29:19 2008 +0000;1225380559;-;-;Thu Oct 30 15:29:19 2008 +0000;1225380559
4f9fc753ca234f81f0b15cf6ba985ba1b1bd1d0c;4f9fc753ca;-;-;Thu Oct 30 15:07:49 2008 +0000;1225379269;-;-;Thu Oct 30 15:07:49 2008 +0000;1225379269
988c66c1c3a38c4dec2b949976c4eb2ec4279c22;988c66c1c3;-;-;Thu Oct 30 15:07:00 2008 +0000;1225379220;-;-;Thu Oct 30 15:07:00 2008 +0000;1225379220
2a4f985753d0e231e655163f9148788d2407ab42;2a4f985753;-;-;Wed Oct 29 18:29:36 2008 +0000;1225304976;-;-;Wed Oct 29 18:29:36 2008 +0000;1225304976
a01aea4189c6a0064a85adcc055e2b32bc1f645a;a01aea4189;-;-;Wed Oct 29 18:22:25 2008 +0000;1225304545;-;-;Wed Oct 29 18:22:25 2008 +0000;1225304545
eae72679298734fd979a64916d848e3002ed463e;eae7267929;-;-;Wed Oct 29 18:20:29 2008 +0000;1225304429;-;-;Wed Oct 29 18:20:29 2008 +0000;1225304429
e31ad80a0bf72b3a24c4e10d081375f0ff00a442;e31ad80a0b;-;-;Wed Oct 29 18:14:22 2008 +0000;1225304062;-;-;Wed Oct 29 18:14:22 2008 +0000;1225304062
e788cef85678dfcafbb0e55d8b8677660e5e0860;e788cef856;-;-;Wed Oct 29 18:08:07 2008 +0000;1225303687;-;-;Wed Oct 29 18:08:07 2008 +0000;1225303687
dcaf024e76aec457d38111684d10d2601c830b4f;dcaf024e76;-;-;Wed Oct 29 18:03:15 2008 +0000;1225303395;-;-;Wed Oct 29 18:03:15 2008 +0000;1225303395
7f90f087050aa151972d23bbb3e6b2e96508afa2;7f90f08705;-;-;Wed Oct 29 17:59:31 2008 +0000;1225303171;-;-;Wed Oct 29 17:59:31 2008 +0000;1225303171
a1b810fbdff9576be53222fe1f34a4972ec3f009;a1b810fbdf;-;-;Wed Oct 29 17:55:46 2008 +0000;1225302946;-;-;Wed Oct 29 17:55:46 2008 +0000;1225302946
49447e9bc94301987aabe9ed1de7f501533b01de;49447e9bc9;-;-;Wed Oct 29 17:51:42 2008 +0000;1225302702;-;-;Wed Oct 29 17:51:42 2008 +0000;1225302702
4efc95c825f1d675b28e12be1280aaf03b7cec1e;4efc95c825;-;-;Wed Oct 29 17:45:51 2008 +0000;1225302351;-;-;Wed Oct 29 17:45:51 2008 +0000;1225302351
25031ce86b0089143e4b94459ccd913940c96b1a;25031ce86b;-;-;Wed Oct 29 17:40:43 2008 +0000;1225302043;-;-;Wed Oct 29 17:40:43 2008 +0000;1225302043
bd1e259b4a78174d96043c97d635632347a4c805;bd1e259b4a;-;-;Wed Oct 29 17:32:01 2008 +0000;1225301521;-;-;Wed Oct 29 17:32:01 2008 +0000;1225301521
6b80dbb4a9dbe41ea23f654d53b5ba4362e6b309;6b80dbb4a9;-;-;Wed Oct 29 17:10:09 2008 +0000;1225300209;-;-;Wed Oct 29 17:10:09 2008 +0000;1225300209
6849cbd5ba9dc2e6521eeec33e64b8f3ebde0e8d;6849cbd5ba;-;-;Wed Oct 29 17:08:09 2008 +0000;1225300089;-;-;Wed Oct 29 17:08:09 2008 +0000;1225300089
474e70db87fa2204e7a217074d1fc04a7db0f7cb;474e70db87;-;-;Wed Oct 29 16:41:03 2008 +0000;1225298463;-;-;Wed Oct 29 16:41:03 2008 +0000;1225298463
f91ac5a51906ce2c3666c99b4d9cbde3af90bc2a;f91ac5a519;-;-;Wed Oct 29 15:00:00 2008 +0000;1225292400;-;-;Wed Oct 29 15:00:00 2008 +0000;1225292400
58dbd04cec6a38dfff19dcb63a9c8d8e47c0501a;58dbd04cec;-;-;Wed Oct 29 13:58:15 2008 +0000;1225288695;-;-;Wed Oct 29 13:58:15 2008 +0000;1225288695
10f09e6298a9f0e8a11412c0959ba3887f06b6e3;10f09e6298;-;-;Wed Oct 29 13:52:06 2008 +0000;1225288326;-;-;Wed Oct 29 13:52:06 2008 +0000;1225288326
8a5971c85d0a36bc83e5a3ade529e18104f5d4e4;8a5971c85d;-;-;Wed Oct 29 13:16:12 2008 +0000;1225286172;-;-;Wed Oct 29 13:16:12 2008 +0000;1225286172
75e8a09462613ad5de37f484394a1e25008e1cc4;75e8a09462;-;-;Wed Oct 29 12:58:14 2008 +0000;1225285094;-;-;Wed Oct 29 12:58:14 2008 +0000;1225285094
9151b9caaefe2c0fdf0da8f17f4c50b037b73ad7;9151b9caae;-;-;Wed Oct 29 12:56:06 2008 +0000;1225284966;-;-;Wed Oct 29 12:56:06 2008 +0000;1225284966
77be96aed6b9fe87d7e9b241eb515bbf5468b499;77be96aed6;-;-;Wed Oct 29 12:49:51 2008 +0000;1225284591;-;-;Wed Oct 29 12:49:51 2008 +0000;1225284591
7a49f023d19405f5356c0391a74bfb9cb86699a6;7a49f023d1;-;-;Wed Oct 29 12:43:13 2008 +0000;1225284193;-;-;Wed Oct 29 12:43:13 2008 +0000;1225284193
c9940742fd9babe7b2b3c2913908e59baaee880c;c9940742fd;-;-;Wed Oct 29 12:23:19 2008 +0000;1225282999;-;-;Wed Oct 29 12:23:19 2008 +0000;1225282999
f8b1e4473449ff08b023dbf143d4044093899d81;f8b1e44734;-;-;Wed Oct 29 12:21:47 2008 +0000;1225282907;-;-;Wed Oct 29 12:21:47 2008 +0000;1225282907
4ddebb083edf1ebdee90ff9838f242cd158b53e1;4ddebb083e;-;-;Wed Oct 29 12:17:13 2008 +0000;1225282633;-;-;Wed Oct 29 12:17:13 2008 +0000;1225282633
da8b1c73ab44060f89677160a6bb705e97db3359;da8b1c73ab;-;-;Wed Oct 29 11:54:19 2008 +0000;1225281259;-;-;Wed Oct 29 11:54:19 2008 +0000;1225281259
e2a17f54581bab06ba0f4c67f09ae16d9d75489d;e2a17f5458;-;-;Wed Oct 29 11:32:38 2008 +0000;1225279958;-;-;Wed Oct 29 11:32:38 2008 +0000;1225279958
2ec60699ee8b526dde65f0a57caeefb228bff9a3;2ec60699ee;-;-;Wed Oct 29 11:12:12 2008 +0000;1225278732;-;-;Wed Oct 29 11:12:12 2008 +0000;1225278732
742abde947a6707799238aa80680307ae4009fd9;742abde947;-;-;Wed Oct 29 10:25:31 2008 +0000;1225275931;-;-;Wed Oct 29 10:25:31 2008 +0000;1225275931
8aed1512fb723f9d79420511be3c71b9cce2f313;8aed1512fb;-;-;Wed Oct 29 01:18:26 2008 +0000;1225243106;-;-;Wed Oct 29 01:18:26 2008 +0000;1225243106
2c7d3673a81e9abe839e05e0981612b052d45551;2c7d3673a8;-;-;Wed Oct 29 01:17:37 2008 +0000;1225243057;-;-;Wed Oct 29 01:17:37 2008 +0000;1225243057
6b62bd0876c1d12ca17973658eec406db3c76048;6b62bd0876;-;-;Wed Oct 29 00:44:36 2008 +0000;1225241076;-;-;Wed Oct 29 00:44:36 2008 +0000;1225241076
b0c9435b94765417487a5715071b7929992b7fc5;b0c9435b94;-;-;Tue Oct 28 14:50:18 2008 +0000;1225205418;-;-;Tue Oct 28 14:50:18 2008 +0000;1225205418
f39be46cb1280470c84a113177501b930a900dad;f39be46cb1;-;-;Tue Oct 28 14:15:25 2008 +0000;1225203325;-;-;Tue Oct 28 14:15:25 2008 +0000;1225203325
6fe74a3e5aef248e9eba6e92b62085b608800413;6fe74a3e5a;-;-;Tue Oct 28 14:13:25 2008 +0000;1225203205;-;-;Tue Oct 28 14:13:25 2008 +0000;1225203205
bc5387370769c03fb653372efdefd02c0131c839;bc53873707;-;-;Tue Oct 28 14:06:51 2008 +0000;1225202811;-;-;Tue Oct 28 14:06:51 2008 +0000;1225202811
123a40f166c4d5b28b70e9d8cf533fbc4034461e;123a40f166;-;-;Tue Oct 28 14:02:58 2008 +0000;1225202578;-;-;Tue Oct 28 14:02:58 2008 +0000;1225202578
e6b7d6222af211803adc3d9e6ac181122192f6cb;e6b7d6222a;-;-;Tue Oct 28 13:47:36 2008 +0000;1225201656;-;-;Tue Oct 28 13:47:36 2008 +0000;1225201656
dc20a9478f7ee08c58bb17d4ed6724e64e9ff032;dc20a9478f;-;-;Tue Oct 28 13:29:20 2008 +0000;1225200560;-;-;Tue Oct 28 13:29:20 2008 +0000;1225200560
a6984e2cdc65e9d8fb155e421ffa08e49bd14c7d;a6984e2cdc;-;-;Tue Oct 28 13:09:57 2008 +0000;1225199397;-;-;Tue Oct 28 13:09:57 2008 +0000;1225199397
268cb4a1dfb261b6b05cc78b0a05ee48af65bc50;268cb4a1df;-;-;Tue Oct 28 12:28:35 2008 +0000;1225196915;-;-;Tue Oct 28 12:28:35 2008 +0000;1225196915
7d62aab6ccdc375387df698b59638c3b84b35d52;7d62aab6cc;-;-;Tue Oct 28 11:42:01 2008 +0000;1225194121;-;-;Tue Oct 28 11:42:01 2008 +0000;1225194121
827916b8e9659c6aad48e26ecc75ea811f555ede;827916b8e9;-;-;Tue Oct 28 11:20:47 2008 +0000;1225192847;-;-;Tue Oct 28 11:20:47 2008 +0000;1225192847
b0f24da5caecc0dac48ad5547536d337a2aa2bca;b0f24da5ca;-;-;Tue Oct 28 10:55:11 2008 +0000;1225191311;-;-;Tue Oct 28 10:55:11 2008 +0000;1225191311
6a2daf7bf58a95ceb1b5050cebe248e6160e18f1;6a2daf7bf5;-;-;Tue Oct 28 00:39:17 2008 +0000;1225154357;-;-;Tue Oct 28 00:39:17 2008 +0000;1225154357
3a26f0d8962950a0cf09a24e5888824acc9aabc7;3a26f0d896;-;-;Tue Oct 28 00:34:38 2008 +0000;1225154078;-;-;Tue Oct 28 00:34:38 2008 +0000;1225154078
631e480f7ae28929039ed4f0b9ba0bb40a49d6ab;631e480f7a;-;-;Tue Oct 28 00:18:02 2008 +0000;1225153082;-;-;Tue Oct 28 00:18:02 2008 +0000;1225153082
2ebff15fa3872b76f552b2d303e40a5585a865a3;2ebff15fa3;-;-;Tue Oct 28 00:15:39 2008 +0000;1225152939;-;-;Tue Oct 28 00:15:39 2008 +0000;1225152939
cdb36efb0d081f3d5021eadeefb53bb496086229;cdb36efb0d;-;-;Tue Oct 28 00:01:49 2008 +0000;1225152109;-;-;Tue Oct 28 00:01:49 2008 +0000;1225152109
aa6074615503c11561273916b6e415854846523a;aa60746155;-;-;Mon Oct 27 23:52:03 2008 +0000;1225151523;-;-;Mon Oct 27 23:52:03 2008 +0000;1225151523
77ad22e33803adffeabc645d37ce3cbbb22fb95c;77ad22e338;-;-;Mon Oct 27 23:45:57 2008 +0000;1225151157;-;-;Mon Oct 27 23:45:57 2008 +0000;1225151157
b4b169c937975564560b70154c315646d6294a79;b4b169c937;-;-;Mon Oct 27 23:43:25 2008 +0000;1225151005;-;-;Mon Oct 27 23:43:25 2008 +0000;1225151005
7e397256856e7df3930de60a7f6a5435e43da20b;7e39725685;-;-;Mon Oct 27 23:39:42 2008 +0000;1225150782;-;-;Mon Oct 27 23:39:42 2008 +0000;1225150782
c0db2079488520cbdcfedf404d9dd08c9497e7cd;c0db207948;-;-;Mon Oct 27 23:31:39 2008 +0000;1225150299;-;-;Mon Oct 27 23:31:39 2008 +0000;1225150299
c8e5aa07a543d8213f96194fea59fb9a1cc7e0e3;c8e5aa07a5;-;-;Mon Oct 27 23:30:07 2008 +0000;1225150207;-;-;Mon Oct 27 23:30:07 2008 +0000;1225150207
c07477da9c9a579273f4802b35bc76a7449d2e60;c07477da9c;-;-;Mon Oct 27 23:25:04 2008 +0000;1225149904;-;-;Mon Oct 27 23:25:04 2008 +0000;1225149904
34ab7832c8ee8881ea80b3992423504d8b3aa8ac;34ab7832c8;-;-;Mon Oct 27 23:23:13 2008 +0000;1225149793;-;-;Mon Oct 27 23:23:13 2008 +0000;1225149793
9178e97fb477484b6f5f96ca2aa702c44be5a83b;9178e97fb4;-;-;Mon Oct 27 23:13:58 2008 +0000;1225149238;-;-;Mon Oct 27 23:13:58 2008 +0000;1225149238
ac0c2891496510b6f6f063085ab0b00fdf8d2189;ac0c289149;-;-;Mon Oct 27 22:29:01 2008 +0000;1225146541;-;-;Mon Oct 27 22:29:01 2008 +0000;1225146541
564d4feba4da2886d2ebf8cfe8a0a25b3a7466e8;564d4feba4;-;-;Mon Oct 27 22:26:10 2008 +0000;1225146370;-;-;Mon Oct 27 22:26:10 2008 +0000;1225146370
d549941f5e006ecc6ce1f9278cb2dbd9994dd335;d549941f5e;-;-;Mon Oct 27 22:07:01 2008 +0000;1225145221;-;-;Mon Oct 27 22:07:01 2008 +0000;1225145221
9770262910a91f8b412e5608acc2aab2a726695d;9770262910;-;-;Mon Oct 27 21:54:00 2008 +0000;1225144440;-;-;Mon Oct 27 21:54:00 2008 +0000;1225144440
79a5eefe0404b87016436f2346a0c86390797a15;79a5eefe04;-;-;Mon Oct 27 21:44:09 2008 +0000;1225143849;-;-;Mon Oct 27 21:44:09 2008 +0000;1225143849
87f698cd24929373d03d9dd4c409e1a3e2a4f235;87f698cd24;-;-;Mon Oct 27 16:10:52 2008 +0000;1225123852;-;-;Mon Oct 27 16:10:52 2008 +0000;1225123852
07a5693b23f514f315c3f939b4d10e159a2bede3;07a5693b23;-;-;Mon Oct 27 15:51:29 2008 +0000;1225122689;-;-;Mon Oct 27 15:51:29 2008 +0000;1225122689
51820d82f9b3e943040a1412887d8617d4142a19;51820d82f9;-;-;Mon Oct 27 15:48:40 2008 +0000;1225122520;-;-;Mon Oct 27 15:48:40 2008 +0000;1225122520
43505a6ce76db021436cb030144bcafa02236e8e;43505a6ce7;-;-;Mon Oct 27 13:41:44 2008 +0000;1225114904;-;-;Mon Oct 27 13:41:44 2008 +0000;1225114904
577da8f8910e4ad329643f9345f21a39c0a82e52;577da8f891;-;-;Mon Oct 27 13:41:19 2008 +0000;1225114879;-;-;Mon Oct 27 13:41:19 2008 +0000;1225114879
4ea298a7b0b0e484b6dcf7f36066e8bfbc55c120;4ea298a7b0;-;-;Mon Oct 27 12:01:57 2008 +0000;1225108917;-;-;Mon Oct 27 12:01:57 2008 +0000;1225108917
995a323a6fdcd74832eee92f3b1e455af53bf8f5;995a323a6f;-;-;Mon Oct 27 11:59:27 2008 +0000;1225108767;-;-;Mon Oct 27 11:59:27 2008 +0000;1225108767
af47a8b79b0fa07ff2c038197a07c09b745802ac;af47a8b79b;-;-;Mon Oct 27 09:13:23 2008 +0000;1225098803;-;-;Mon Oct 27 09:13:23 2008 +0000;1225098803
4df7d71c1e72d8a31892f58c77d6b47a14014961;4df7d71c1e;-;-;Sun Oct 26 17:08:38 2008 +0000;1225040918;-;-;Sun Oct 26 17:08:38 2008 +0000;1225040918
da208c282a04847a910e63e274de66d207e55bff;da208c282a;-;-;Sat Oct 25 18:30:33 2008 +0000;1224959433;-;-;Sat Oct 25 18:30:33 2008 +0000;1224959433
731c33f64064a74b7cc8e21a57e32c4702ed1b8f;731c33f640;-;-;Fri Oct 24 21:05:25 2008 +0000;1224882325;-;-;Fri Oct 24 21:05:25 2008 +0000;1224882325
8e85702ff477e54ab6dbfd972db4519d5a1ddfda;8e85702ff4;-;-;Fri Oct 24 10:35:54 2008 +0000;1224844554;-;-;Fri Oct 24 10:35:54 2008 +0000;1224844554
f87fc289fa773f5198a3ff91c37cd4fbc0a463d2;f87fc289fa;-;-;Fri Oct 24 10:34:02 2008 +0000;1224844442;-;-;Fri Oct 24 10:34:02 2008 +0000;1224844442
af62da8c45ae0b8fb2280e1ede7973df4bc25379;af62da8c45;-;-;Fri Oct 24 10:03:04 2008 +0000;1224842584;-;-;Fri Oct 24 10:03:04 2008 +0000;1224842584
d2bcdc655d0b343653eb6fc1c16ec67d79c140f8;d2bcdc655d;-;-;Fri Oct 24 09:44:06 2008 +0000;1224841446;-;-;Fri Oct 24 09:44:06 2008 +0000;1224841446
04eaa47ec10ead550e166c6cdb8bc49f1a8910b3;04eaa47ec1;-;-;Fri Oct 24 09:42:55 2008 +0000;1224841375;-;-;Fri Oct 24 09:42:55 2008 +0000;1224841375
d1061e7e9fb909c01b3e6aba2c39a02c648ddb26;d1061e7e9f;-;-;Fri Oct 24 09:06:30 2008 +0000;1224839190;-;-;Fri Oct 24 09:06:30 2008 +0000;1224839190
c236f9fac7f43fa5a1d3780beaca2bec28eeaba9;c236f9fac7;-;-;Thu Oct 23 14:23:13 2008 +0000;1224771793;-;-;Thu Oct 23 14:23:13 2008 +0000;1224771793
8c87d847286dfedb9400e04704a2880c7cec1424;8c87d84728;-;-;Thu Oct 23 14:10:34 2008 +0000;1224771034;-;-;Thu Oct 23 14:10:34 2008 +0000;1224771034
846b848fd30fd6c42d17b5748612d418338d049d;846b848fd3;-;-;Thu Oct 23 14:09:34 2008 +0000;1224770974;-;-;Thu Oct 23 14:09:34 2008 +0000;1224770974
3b6f092219a8f4edab37b02ed695331b12b918be;3b6f092219;-;-;Thu Oct 23 13:48:19 2008 +0000;1224769699;-;-;Thu Oct 23 13:48:19 2008 +0000;1224769699
1b26e8f9c6112d3343cf0351e0d91fd7ab39fba8;1b26e8f9c6;-;-;Thu Oct 23 10:35:03 2008 +0000;1224758103;-;-;Thu Oct 23 10:35:03 2008 +0000;1224758103
edf0d8ebbe91bd0ffc12a9633dee208e50522152;edf0d8ebbe;-;-;Thu Oct 23 10:19:23 2008 +0000;1224757163;-;-;Thu Oct 23 10:19:23 2008 +0000;1224757163
d151c4033390a073d6ca941eb7559200185d6dcd;d151c40333;-;-;Thu Oct 23 10:17:52 2008 +0000;1224757072;-;-;Thu Oct 23 10:17:52 2008 +0000;1224757072
20bc4f08171d8c513cea0f242f817de56bee5aef;20bc4f0817;-;-;Thu Oct 23 10:17:23 2008 +0000;1224757043;-;-;Thu Oct 23 10:17:23 2008 +0000;1224757043
c26b9cbb75404ead0f9aab1ec837c9a50a2e7e8c;c26b9cbb75;-;-;Thu Oct 23 09:22:13 2008 +0000;1224753733;-;-;Thu Oct 23 09:22:13 2008 +0000;1224753733
c48f8215e67b5547708fb30a0d391637181502fb;c48f8215e6;-;-;Thu Oct 23 09:17:09 2008 +0000;1224753429;-;-;Thu Oct 23 09:17:09 2008 +0000;1224753429
5cd2b80da7d05e5fdc8c2ea9821b83d9f97a434d;5cd2b80da7;-;-;Thu Oct 23 08:38:18 2008 +0000;1224751098;-;-;Thu Oct 23 08:38:18 2008 +0000;1224751098
4973f9387a7b5e5341c912e525c7dae1aeed217c;4973f9387a;-;-;Thu Oct 23 08:36:52 2008 +0000;1224751012;-;-;Thu Oct 23 08:36:52 2008 +0000;1224751012
f11d3436ed21d3908b9e0b569f2d783df161c0a3;f11d3436ed;-;-;Wed Oct 22 16:13:37 2008 +0000;1224692017;-;-;Wed Oct 22 16:13:37 2008 +0000;1224692017
684a4f28c242c7161fb1d8305cf0e3c22def57ab;684a4f28c2;-;-;Wed Oct 22 15:48:39 2008 +0000;1224690519;-;-;Wed Oct 22 15:48:39 2008 +0000;1224690519
4bc407fef8ee46d81398db6c010a04177061f043;4bc407fef8;-;-;Wed Oct 22 15:37:12 2008 +0000;1224689832;-;-;Wed Oct 22 15:37:12 2008 +0000;1224689832
678e5b7cdf0a076064553b24fe4b988fb8d772e1;678e5b7cdf;-;-;Wed Oct 22 13:55:20 2008 +0000;1224683720;-;-;Wed Oct 22 13:55:20 2008 +0000;1224683720
378e3a70fbc3397eef6cdc9535d292b57546382a;378e3a70fb;-;-;Wed Oct 22 09:50:29 2008 +0000;1224669029;-;-;Wed Oct 22 09:50:29 2008 +0000;1224669029
99a441fe312c2bd0c951ea4952fb70d7229f187a;99a441fe31;-;-;Tue Oct 21 08:04:24 2008 +0000;1224576264;-;-;Tue Oct 21 08:04:24 2008 +0000;1224576264
470e086183a3a9f8356af8f70e98de712e3f11c4;470e086183;-;-;Wed Sep 17 16:20:40 2008 +0000;1221668440;-;-;Wed Sep 17 16:20:40 2008 +0000;1221668440
769e706be7d2e8a8deeb819c9215e7cd21d48414;769e706be7;-;-;Wed Sep 17 15:23:15 2008 +0000;1221664995;-;-;Wed Sep 17 15:23:15 2008 +0000;1221664995
afdf54eff8aa5921882c71c57c7a1344551fd0c4;afdf54eff8;-;-;Tue Sep 16 17:20:03 2008 +0000;1221585603;-;-;Tue Sep 16 17:20:03 2008 +0000;1221585603
39c966f41976fb258402ff55149fea0bbaa572df;39c966f419;-;-;Tue Sep 16 17:13:31 2008 +0000;1221585211;-;-;Tue Sep 16 17:13:31 2008 +0000;1221585211
95892dc993957f01431a650a5f2f3408e267dcb4;95892dc993;-;-;Tue Sep 16 17:00:16 2008 +0000;1221584416;-;-;Tue Sep 16 17:00:16 2008 +0000;1221584416
efee3b34346202b5397ecceea5a9e023001101b4;efee3b3434;-;-;Tue Sep 16 16:50:00 2008 +0000;1221583800;-;-;Tue Sep 16 16:50:00 2008 +0000;1221583800
8740b702f931aae59c7b65c481fd7874756de7c9;8740b702f9;-;-;Tue Sep 16 00:00:06 2008 +0000;1221523206;-;-;Tue Sep 16 00:00:06 2008 +0000;1221523206
17c88107d32ed92787648fb989fe6e1a66716de4;17c88107d3;-;-;Mon Sep 15 21:55:11 2008 +0000;1221515711;-;-;Mon Sep 15 21:55:11 2008 +0000;1221515711
4d43768889791ea902a7a15c6b39d0a3e362438f;4d43768889;-;-;Mon Sep 15 21:43:38 2008 +0000;1221515018;-;-;Mon Sep 15 21:43:38 2008 +0000;1221515018
59a4427525531f2c81d5b978c6b5d0a3e74e4eea;59a4427525;-;-;Mon Sep 15 20:14:36 2008 +0000;1221509676;-;-;Mon Sep 15 20:14:36 2008 +0000;1221509676
23db8b58da08531e48ba8fe41def467b5b694a49;23db8b58da;-;-;Mon Aug 18 22:43:17 2008 +0000;1219099397;-;-;Mon Aug 18 22:43:17 2008 +0000;1219099397
f79e2643a373f4ed5eae2168b8e3292fb1697cc3;f79e2643a3;-;-;Mon Aug 18 22:36:25 2008 +0000;1219098985;-;-;Mon Aug 18 22:36:25 2008 +0000;1219098985
2f05d70067aff11c590fa725a1c4b4b3e803b243;2f05d70067;-;-;Mon Aug 18 22:36:00 2008 +0000;1219098960;-;-;Mon Aug 18 22:36:00 2008 +0000;1219098960
2fbb7ad327e9d52e66511bb32bc388662f508ed9;2fbb7ad327;-;-;Mon Aug 18 22:35:21 2008 +0000;1219098921;-;-;Mon Aug 18 22:35:21 2008 +0000;1219098921
ec9cb8565b08a3ff0dd21439701836e1f3b733c7;ec9cb8565b;-;-;Mon Aug 18 22:34:33 2008 +0000;1219098873;-;-;Mon Aug 18 22:34:33 2008 +0000;1219098873
48055c6e2051f2f4073c5b26ff894117ca004f69;48055c6e20;-;-;Mon Aug 18 17:54:01 2008 +0000;1219082041;-;-;Mon Aug 18 17:54:01 2008 +0000;1219082041
776553cfbbfa0e3453622f11eb0694207a047690;776553cfbb;-;-;Mon Aug 18 17:06:24 2008 +0000;1219079184;-;-;Mon Aug 18 17:06:24 2008 +0000;1219079184
daf922456ea7c8c490b9950679c85bf49c1625d5;daf922456e;-;-;Mon Aug 18 00:23:52 2008 +0000;1219019032;-;-;Mon Aug 18 00:23:52 2008 +0000;1219019032
6e2682c78e28b4e434d2de55177a931f83a4c331;6e2682c78e;-;-;Mon Aug 18 00:23:39 2008 +0000;1219019019;-;-;Mon Aug 18 00:23:39 2008 +0000;1219019019
844b5236de5b70d7ca9612a9b588a17bbbe2d9e1;844b5236de;-;-;Mon Aug 18 00:23:13 2008 +0000;1219018993;-;-;Mon Aug 18 00:23:13 2008 +0000;1219018993
e443c836fe322258414c9f8d5a521fc9499342b3;e443c836fe;-;-;Mon Aug 18 00:22:36 2008 +0000;1219018956;-;-;Mon Aug 18 00:22:36 2008 +0000;1219018956
7fa4d9e928440bd4bd2a9d71a3f88188b3d7a3ca;7fa4d9e928;-;-;Mon Aug 18 00:22:09 2008 +0000;1219018929;-;-;Mon Aug 18 00:22:09 2008 +0000;1219018929
7d677b23d32d61ee5b0f91c11ea2910a8a10edf4;7d677b23d3;-;-;Mon Aug 18 00:21:45 2008 +0000;1219018905;-;-;Mon Aug 18 00:21:45 2008 +0000;1219018905
bea94c2371927f0c8dbb09e412085ae643d024a7;bea94c2371;-;-;Mon Aug 18 00:21:21 2008 +0000;1219018881;-;-;Mon Aug 18 00:21:21 2008 +0000;1219018881
90309a57d9de031ea358176fd629201213b5325e;90309a57d9;-;-;Mon Aug 18 00:21:00 2008 +0000;1219018860;-;-;Mon Aug 18 00:21:00 2008 +0000;1219018860
b9aa8552e063a9a75404663b3b9ccc4f9dd85c32;b9aa8552e0;-;-;Mon Aug 18 00:20:38 2008 +0000;1219018838;-;-;Mon Aug 18 00:20:38 2008 +0000;1219018838
bb2ef1fefa3e5b5d52a4539402cdcb6b3804f2ce;bb2ef1fefa;-;-;Mon Aug 18 00:20:16 2008 +0000;1219018816;-;-;Mon Aug 18 00:20:16 2008 +0000;1219018816
077fc1613def92ad3dd6919af2e80f3163a116f3;077fc1613d;-;-;Sun Aug 17 01:42:06 2008 +0000;1218937326;-;-;Sun Aug 17 01:42:06 2008 +0000;1218937326
c24df366895b05a226983d316e6510733c366530;c24df36689;-;-;Sun Aug 17 01:28:37 2008 +0000;1218936517;-;-;Sun Aug 17 01:28:37 2008 +0000;1218936517
c6db7c41a4c578e8783640d832375a30e94fe0c3;c6db7c41a4;-;-;Sun Aug 17 01:28:26 2008 +0000;1218936506;-;-;Sun Aug 17 01:28:26 2008 +0000;1218936506
bb2ade5fdd813238633d65bcef0553124007c16d;bb2ade5fdd;-;-;Sun Aug 17 01:27:59 2008 +0000;1218936479;-;-;Sun Aug 17 01:27:59 2008 +0000;1218936479
29fe8da1adf201e325327e8d7a7728e2bc099493;29fe8da1ad;-;-;Sun Aug 17 01:27:45 2008 +0000;1218936465;-;-;Sun Aug 17 01:27:45 2008 +0000;1218936465
5c0d80ece7dfc694c38eb4d743e11414d082fc9e;5c0d80ece7;-;-;Sun Aug 17 01:27:18 2008 +0000;1218936438;-;-;Sun Aug 17 01:27:18 2008 +0000;1218936438
5d3e56832623db8a22e7de6561b0bd425d3a4586;5d3e568326;-;-;Sun Aug 17 01:26:59 2008 +0000;1218936419;-;-;Sun Aug 17 01:26:59 2008 +0000;1218936419
88c370ad5d1898244b56d096f3de7bd21041de84;88c370ad5d;-;-;Sun Aug 17 01:26:45 2008 +0000;1218936405;-;-;Sun Aug 17 01:26:45 2008 +0000;1218936405
80075f18cef31ba3e6e0c30fc786900328f3f8f1;80075f18ce;-;-;Sun Aug 17 01:26:11 2008 +0000;1218936371;-;-;Sun Aug 17 01:26:11 2008 +0000;1218936371
9e7cb0e1cf6e56c01ddd538f5b0f0367484c224e;9e7cb0e1cf;-;-;Sun Aug 17 01:25:57 2008 +0000;1218936357;-;-;Sun Aug 17 01:25:57 2008 +0000;1218936357
5a68d0ee4e0b5027f4a871379a158d766bae23fb;5a68d0ee4e;-;-;Sun Aug 17 01:25:43 2008 +0000;1218936343;-;-;Sun Aug 17 01:25:43 2008 +0000;1218936343
a23311c4ba66cd9bd4b8865aeda02411b7718c52;a23311c4ba;-;-;Sun Aug 17 01:25:19 2008 +0000;1218936319;-;-;Sun Aug 17 01:25:19 2008 +0000;1218936319
f82561ba5374f84890c4012ae129e8aad45fbffc;f82561ba53;-;-;Sat Aug 16 18:31:31 2008 +0000;1218911491;-;-;Sat Aug 16 18:31:31 2008 +0000;1218911491
1917a50f6fdfcf1e491ba6e2798257707c581a6b;1917a50f6f;-;-;Sat Aug 16 18:21:03 2008 +0000;1218910863;-;-;Sat Aug 16 18:21:03 2008 +0000;1218910863
a54e44265796059d0c235a953dea90048362afc0;a54e442657;-;-;Sat Aug 16 01:57:46 2008 +0000;1218851866;-;-;Sat Aug 16 01:57:46 2008 +0000;1218851866
d69e9ef038871a8579cb79eb0a46959cdc196505;d69e9ef038;-;-;Sat Aug 16 01:57:31 2008 +0000;1218851851;-;-;Sat Aug 16 01:57:31 2008 +0000;1218851851
b26c6df1a13ba4ab28d9099fc31cdfc8d2d0c6e9;b26c6df1a1;-;-;Sat Aug 16 01:57:13 2008 +0000;1218851833;-;-;Sat Aug 16 01:57:13 2008 +0000;1218851833
2e7b0e376780acc27866fce0d7bf25db334dd7e9;2e7b0e3767;-;-;Sat Aug 16 01:56:58 2008 +0000;1218851818;-;-;Sat Aug 16 01:56:58 2008 +0000;1218851818
3d54bd5aa379c413ba6043344e6cca43b42b4766;3d54bd5aa3;-;-;Sat Aug 16 01:56:43 2008 +0000;1218851803;-;-;Sat Aug 16 01:56:43 2008 +0000;1218851803
3ebf29053429b7a29d4d530b041e3ccdb22d2f9d;3ebf290534;-;-;Sat Aug 16 01:56:29 2008 +0000;1218851789;-;-;Sat Aug 16 01:56:29 2008 +0000;1218851789
e9ddd7151eb0fce74a53e2de8784b26b0a819bdb;e9ddd7151e;-;-;Sat Aug 16 01:56:16 2008 +0000;1218851776;-;-;Sat Aug 16 01:56:16 2008 +0000;1218851776
e2ffac9a7c1172e9cffe7cb48407503743c3574a;e2ffac9a7c;-;-;Sat Aug 16 01:45:18 2008 +0000;1218851118;-;-;Sat Aug 16 01:45:18 2008 +0000;1218851118
144325eb06cea40d96dcf19b2dd694f9c8dcb05a;144325eb06;-;-;Sat Aug 16 01:44:42 2008 +0000;1218851082;-;-;Sat Aug 16 01:44:42 2008 +0000;1218851082
5bb6f9c75d5c6077028eee7a5b9e02a1b7a03b67;5bb6f9c75d;-;-;Sat Aug 16 01:44:12 2008 +0000;1218851052;-;-;Sat Aug 16 01:44:12 2008 +0000;1218851052
d2ab889b002ffd8f232b189030039df2cd7e211f;d2ab889b00;-;-;Sat Aug 16 01:43:51 2008 +0000;1218851031;-;-;Sat Aug 16 01:43:51 2008 +0000;1218851031
8d8a82b2787d8e3c166d091b45182a741873193a;8d8a82b278;-;-;Sat Aug 16 01:43:15 2008 +0000;1218850995;-;-;Sat Aug 16 01:43:15 2008 +0000;1218850995
8730cde2702b053324c9f9edf23d49a05d85031b;8730cde270;-;-;Sat Aug 16 01:42:39 2008 +0000;1218850959;-;-;Sat Aug 16 01:42:39 2008 +0000;1218850959
3987316e4ce63360b4b1791a565d3a3517368580;3987316e4c;-;-;Sat Aug 16 01:41:51 2008 +0000;1218850911;-;-;Sat Aug 16 01:41:51 2008 +0000;1218850911
2d732ba39881045511799635d3e0e772205a9f2d;2d732ba398;-;-;Sat Aug 16 01:41:13 2008 +0000;1218850873;-;-;Sat Aug 16 01:41:13 2008 +0000;1218850873
3d4158ea516616d972647b4aa168cacef48b402d;3d4158ea51;-;-;Sat Aug 16 01:40:53 2008 +0000;1218850853;-;-;Sat Aug 16 01:40:53 2008 +0000;1218850853
98c82fe995db8ae5d99c0e6daf70d9362fcb8900;98c82fe995;-;-;Sat Aug 16 01:40:30 2008 +0000;1218850830;-;-;Sat Aug 16 01:40:30 2008 +0000;1218850830
ef8f882036d04c4a822f54799bc2c010aafa6274;ef8f882036;-;-;Sat Aug 16 01:40:11 2008 +0000;1218850811;-;-;Sat Aug 16 01:40:11 2008 +0000;1218850811
1d2e89d79ccb86c920ee17a6d6461a67ac1c0d93;1d2e89d79c;-;-;Sat Aug 16 01:39:35 2008 +0000;1218850775;-;-;Sat Aug 16 01:39:35 2008 +0000;1218850775
9750dfc3c4ae203ee73aace4d0092020c64f5129;9750dfc3c4;-;-;Sat Aug 16 01:39:10 2008 +0000;1218850750;-;-;Sat Aug 16 01:39:10 2008 +0000;1218850750
ef16bff7ef11ce5e4331a2dffa924feb8650d4ad;ef16bff7ef;-;-;Sat Aug 16 00:13:38 2008 +0000;1218845618;-;-;Sat Aug 16 00:13:38 2008 +0000;1218845618
ead98462da877888f0f2c0e6da77e38bd3b163d3;ead98462da;-;-;Sat Aug 16 00:12:36 2008 +0000;1218845556;-;-;Sat Aug 16 00:12:36 2008 +0000;1218845556
a5a2331d419141c3a158b145e822ae378d6dc544;a5a2331d41;-;-;Sat Aug 16 00:11:33 2008 +0000;1218845493;-;-;Sat Aug 16 00:11:33 2008 +0000;1218845493
0adda58016864ec12925aaeb49799ff3170c348b;0adda58016;-;-;Sat Aug 16 00:10:59 2008 +0000;1218845459;-;-;Sat Aug 16 00:10:59 2008 +0000;1218845459
36334ec21ff9038302ecf1418cb76722e3b74945;36334ec21f;-;-;Sat Aug 16 00:10:27 2008 +0000;1218845427;-;-;Sat Aug 16 00:10:27 2008 +0000;1218845427
1a31d25973e7b4bd596742949059d1f031550a57;1a31d25973;-;-;Fri Aug 15 00:26:38 2008 +0000;1218759998;-;-;Fri Aug 15 00:26:38 2008 +0000;1218759998
cf35116af7475e497f4e852764a5a754f90f34f7;cf35116af7;-;-;Fri Aug 15 00:26:11 2008 +0000;1218759971;-;-;Fri Aug 15 00:26:11 2008 +0000;1218759971
e78b9273f8ce59dc655859e04ba7bdb819dbdca0;e78b9273f8;-;-;Fri Aug 15 00:25:46 2008 +0000;1218759946;-;-;Fri Aug 15 00:25:46 2008 +0000;1218759946
84990ad60873706f4abf3780ac3bb00553854216;84990ad608;-;-;Fri Aug 15 00:25:23 2008 +0000;1218759923;-;-;Fri Aug 15 00:25:23 2008 +0000;1218759923
7d114a1a5e96058e4eb017468c50e8f8eafa0391;7d114a1a5e;-;-;Fri Aug 15 00:24:22 2008 +0000;1218759862;-;-;Fri Aug 15 00:24:22 2008 +0000;1218759862
8c85e4a9a236e5de3cfdf7867ef9d106ce659fe1;8c85e4a9a2;-;-;Thu Aug 14 20:28:01 2008 +0000;1218745681;-;-;Thu Aug 14 20:28:01 2008 +0000;1218745681
d83205227e4ff7a428602e84321001de65b59cc0;d83205227e;-;-;Thu Aug 14 20:27:35 2008 +0000;1218745655;-;-;Thu Aug 14 20:27:35 2008 +0000;1218745655
4e33a2d6e4f63843c2e300838656998fe139a1ab;4e33a2d6e4;-;-;Thu Aug 14 20:26:33 2008 +0000;1218745593;-;-;Thu Aug 14 20:26:33 2008 +0000;1218745593
2173a49855c6ad063509a21b339fbf53bfd2a06f;2173a49855;-;-;Thu Aug 14 20:25:20 2008 +0000;1218745520;-;-;Thu Aug 14 20:25:20 2008 +0000;1218745520
a06b5aaa8d414e88e6c539a573b75de0fcc1dc4c;a06b5aaa8d;-;-;Thu Aug 14 20:24:31 2008 +0000;1218745471;-;-;Thu Aug 14 20:24:31 2008 +0000;1218745471
73d6d0095f5381c940cb9ebe47212719209f1abc;73d6d0095f;-;-;Tue Aug 12 22:19:46 2008 +0000;1218579586;-;-;Tue Aug 12 22:19:46 2008 +0000;1218579586
e20cbef13423b68fa05c67a858862d8e54969824;e20cbef134;-;-;Tue Aug 12 22:18:05 2008 +0000;1218579485;-;-;Tue Aug 12 22:18:05 2008 +0000;1218579485
dfc69289574f027d5c2f5fb686299e62e2e796a4;dfc6928957;-;-;Tue Aug 12 22:15:01 2008 +0000;1218579301;-;-;Tue Aug 12 22:15:01 2008 +0000;1218579301
17076674892203328fa2d457e2f3a0b75f74c412;1707667489;-;-;Tue Aug 12 22:14:10 2008 +0000;1218579250;-;-;Tue Aug 12 22:14:10 2008 +0000;1218579250
f9285d54abec360f7e98d0ba3cfa5c78f1bff58c;f9285d54ab;-;-;Tue Aug 12 22:13:50 2008 +0000;1218579230;-;-;Tue Aug 12 22:13:50 2008 +0000;1218579230
a9f2c90f10da6c0e93df8bcf9e19649756d9ad6c;a9f2c90f10;-;-;Tue Aug 12 22:05:06 2008 +0000;1218578706;-;-;Tue Aug 12 22:05:06 2008 +0000;1218578706
246cfa794574445b7fe4c3f27275d1f14593f8e0;246cfa7945;-;-;Tue Aug 12 21:50:59 2008 +0000;1218577859;-;-;Tue Aug 12 21:50:59 2008 +0000;1218577859
fe11c664d23067215dbf18f9d0723c1d9747c47d;fe11c664d2;-;-;Tue Aug 12 21:21:35 2008 +0000;1218576095;-;-;Tue Aug 12 21:21:35 2008 +0000;1218576095
ef59904f00cea7f19dd35c7652233d8801013b2a;ef59904f00;-;-;Tue Aug 12 18:31:51 2008 +0000;1218565911;-;-;Tue Aug 12 18:31:51 2008 +0000;1218565911
40eb38917ea0974d14f86d24067cba1b67b03010;40eb38917e;-;-;Tue Aug 12 18:31:41 2008 +0000;1218565901;-;-;Tue Aug 12 18:31:41 2008 +0000;1218565901
c15760bcd1b21f8c7276cb3896b843ab29c154a4;c15760bcd1;-;-;Tue Aug 12 18:31:31 2008 +0000;1218565891;-;-;Tue Aug 12 18:31:31 2008 +0000;1218565891
106131ab8f98dfeb0a0382e9e541968eb50c735b;106131ab8f;-;-;Tue Aug 12 18:28:18 2008 +0000;1218565698;-;-;Tue Aug 12 18:28:18 2008 +0000;1218565698
b12dc5ba42dcc323580b515d9862cd3ec3280713;b12dc5ba42;-;-;Tue Aug 12 18:27:40 2008 +0000;1218565660;-;-;Tue Aug 12 18:27:40 2008 +0000;1218565660
c09d3971a149b75855138704d5c63cb2ca91a0ad;c09d3971a1;-;-;Tue Aug 12 18:26:54 2008 +0000;1218565614;-;-;Tue Aug 12 18:26:54 2008 +0000;1218565614
9ad3863886015fdce92752df880b6c3515e6f92b;9ad3863886;-;-;Tue Aug 12 18:25:19 2008 +0000;1218565519;-;-;Tue Aug 12 18:25:19 2008 +0000;1218565519
cfdb8e01ebecb92abf87b3b68abd3e4c5dfb4d03;cfdb8e01eb;-;-;Tue Aug 12 18:23:39 2008 +0000;1218565419;-;-;Tue Aug 12 18:23:39 2008 +0000;1218565419
49bef5a39fd05bc7b6d38a828ed5907870a76083;49bef5a39f;-;-;Tue Aug 12 18:23:29 2008 +0000;1218565409;-;-;Tue Aug 12 18:23:29 2008 +0000;1218565409
2e0006f8ac5e0643e2296eca9602e11dda83828f;2e0006f8ac;-;-;Tue Aug 12 18:20:45 2008 +0000;1218565245;-;-;Tue Aug 12 18:20:45 2008 +0000;1218565245
1636f3cd32574f8ba84382ae3a2fbb02b92730a3;1636f3cd32;-;-;Tue Aug 12 18:17:25 2008 +0000;1218565045;-;-;Tue Aug 12 18:17:25 2008 +0000;1218565045
c2f7b6575156a7c3e049e17248acb6b580ba899f;c2f7b65751;-;-;Tue Aug 12 16:36:40 2008 +0000;1218559000;-;-;Tue Aug 12 16:36:40 2008 +0000;1218559000
6a521834149904b665541b98e52654a6de697ad9;6a52183414;-;-;Tue Aug 12 16:27:53 2008 +0000;1218558473;-;-;Tue Aug 12 16:27:53 2008 +0000;1218558473
65049ac8b4ab74aa73e7f2ffa215417bc7f816b9;65049ac8b4;-;-;Tue Aug 12 16:27:20 2008 +0000;1218558440;-;-;Tue Aug 12 16:27:20 2008 +0000;1218558440
a2401ea10f3594ea90ab07070180febe152f061d;a2401ea10f;-;-;Tue Aug 12 16:25:32 2008 +0000;1218558332;-;-;Tue Aug 12 16:25:32 2008 +0000;1218558332
d8743000a050cb8ad10d978624300f3d0686387c;d8743000a0;-;-;Tue Aug 12 16:23:50 2008 +0000;1218558230;-;-;Tue Aug 12 16:23:50 2008 +0000;1218558230
c2624ea05e323605f731707269876e22e7211833;c2624ea05e;-;-;Tue Aug 12 16:14:43 2008 +0000;1218557683;-;-;Tue Aug 12 16:14:43 2008 +0000;1218557683
ca93824d2b9a1dbd5d0595d0c2bc1a5c01ffa16d;ca93824d2b;-;-;Mon Aug 11 18:37:11 2008 +0000;1218479831;-;-;Mon Aug 11 18:37:11 2008 +0000;1218479831
ca010140fbe1e03e902c105d89d5d12ebf01df65;ca010140fb;-;-;Fri Jul 11 06:34:50 2008 +0000;1215758090;-;-;Fri Jul 11 06:34:50 2008 +0000;1215758090
549e526ab0c1f7814624841f62dd90c598fbf5dc;549e526ab0;-;-;Thu Jul 10 22:01:27 2008 +0000;1215727287;-;-;Thu Jul 10 22:01:27 2008 +0000;1215727287
8119659fb1e4ae6fabe8897c42ba7629fda07b21;8119659fb1;-;-;Thu Jul 10 22:00:24 2008 +0000;1215727224;-;-;Thu Jul 10 22:00:24 2008 +0000;1215727224
